66.86366726406801,35.54183763147626,51.141372683963034,57.29083696368905,34.19389159224528,45.49989010975741,53.85371131335539,29.039351759591398,43.009766332776096,9.99999999E8,18.972364567547995,25.733678754158376,77.0,31.445450013167438,31.88346837399525,30.552250326285296,47.51374070261733,23.506500283018646,18.427153876819936,43.42298418528551,45.19464078356587,26.72001466454443,32.09735191569548,41.6839963961657,
18.427153876819936,18.972364567547995,23.506500283018646,25.733678754158376,26.72001466454443,29.039351759591398,30.552250326285296,31.445450013167438,31.88346837399525,32.09735191569548,34.19389159224528,35.54183763147626,48.153400710645556,19.253246479490155,39.85285435197835,85.0,41.6839963961657,31.039329889673844,24.260163963905015,42.80446497997869,35.060265575466225,18.383076456349738,37.393112974974194,28.703464754083065,
18.383076456349738,18.427153876819936,18.972364567547995,19.253246479490155,23.506500283018646,24.260163963905015,25.733678754158376,26.72001466454443,28.703464754083065,29.039351759591398,30.552250326285296,31.039329889673844,18.617660539139102,46.59442026680877,27.316432783216772,41.98250364431471,53.181032541896194,30.955451862313367,42.01487831709144,18.919582904597835,31.41818010032291,19.044532414213613,20.314876688674065,24.904818810824544,
18.383076456349738,18.427153876819936,18.617660539139102,18.919582904597835,18.972364567547995,19.044532414213613,19.253246479490155,20.314876688674065,23.506500283018646,24.260163963905015,24.904818810824544,25.733678754158376,16.870604137096493,26.95830113341714,52.675895815828326,15.947745248542084,26.214923654709015,29.76986560196709,37.432902936083146,20.764392598869826,52.93353552969488,52.939965999233515,16.870604137096493,48.52376279263136,
15.947745248542084,16.870604137096493,16.870604137096493,18.383076456349738,18.427153876819936,18.617660539139102,18.919582904597835,18.972364567547995,19.044532414213613,19.253246479490155,20.314876688674065,20.764392598869826,32.2162829775393,16.870604137096493,15.930634763465708,32.112648944336904,32.65635466490404,43.7978309965231,27.566963924233658,15.539376506868678,18.972364567547995,38.62958578549845,77.59868269214081,30.679345205239013,
15.539376506868678,15.930634763465708,15.947745248542084,16.870604137096493,16.870604137096493,16.870604137096493,18.383076456349738,18.427153876819936,18.617660539139102,18.919582904597835,18.972364567547995,18.972364567547995,18.617660539139102,18.383076456349738,16.870604137096493,48.62326832106437,23.18965286501719,25.65852684781416,18.99835519196333,32.36081306491266,20.79796998640866,31.786712030790405,30.552250326285296,15.947745248542084,
15.539376506868678,15.930634763465708,15.947745248542084,15.947745248542084,16.870604137096493,16.870604137096493,16.870604137096493,16.870604137096493,18.383076456349738,18.383076456349738,18.427153876819936,18.617660539139102,18.48134194261878,29.26654424842294,22.28989695294349,49.5569257408981,41.16497972252088,18.383076456349738,34.22312408624061,22.65915929596683,21.292903867299096,23.506500283018646,30.49407957110509,27.593255608971564,
15.539376506868678,15.930634763465708,15.947745248542084,15.947745248542084,16.870604137096493,16.870604137096493,16.870604137096493,16.870604137096493,18.383076456349738,18.383076456349738,18.383076456349738,18.427153876819936,18.2822318112423,36.98563910492828,42.79310692155922,64.35491865860413,26.234422005433693,23.24316884504313,40.239560412885005,35.51602110459505,15.947745248542084,37.985377303495206,31.486310598449617,30.942527369301946,
15.539376506868678,15.930634763465708,15.947745248542084,15.947745248542084,15.947745248542084,16.870604137096493,16.870604137096493,16.870604137096493,16.870604137096493,18.2822318112423,18.383076456349738,18.383076456349738,14.942889306569942,15.904716281656835,47.03147014152832,29.13569784454954,13.346868130347618,33.12763197090912,17.02233826476257,51.17655713312493,37.262992529383595,29.016159290988185,32.0659043568433,38.01644381054072,
13.346868130347618,14.942889306569942,15.539376506868678,15.904716281656835,15.930634763465708,15.947745248542084,15.947745248542084,15.947745248542084,16.870604137096493,16.870604137096493,16.870604137096493,16.870604137096493,43.7978309965231,30.486718419665966,52.25552602356999,16.870604137096493,38.01644381054072,15.63313985507694,23.693622667334786,18.388821613430764,15.142322834638097,41.2928812365561,27.23394022171599,26.392338955756756,
13.346868130347618,14.942889306569942,15.142322834638097,15.539376506868678,15.63313985507694,15.904716281656835,15.930634763465708,15.947745248542084,15.947745248542084,15.947745248542084,16.870604137096493,16.870604137096493,33.118217441924806,49.60483847368118,16.998823488700623,46.83971801445296,30.942527369301946,49.38258802452541,17.690675509996787,22.477766792989023,41.9430831272836,14.724318509036523,33.00336683161616,38.35935348777401,
13.346868130347618,14.724318509036523,14.942889306569942,15.142322834638097,15.539376506868678,15.63313985507694,15.904716281656835,15.930634763465708,15.947745248542084,15.947745248542084,15.947745248542084,16.870604137096493,32.10042834605171,49.955535784891296,26.742475577253504,39.78240817245733,15.31248582765784,33.0,52.675895815828326,14.983843150392211,28.015868519267592,21.26435608021491,17.0926884953772,25.288459281646762,
13.346868130347618,14.724318509036523,14.942889306569942,14.983843150392211,15.142322834638097,15.31248582765784,15.539376506868678,15.63313985507694,15.904716281656835,15.930634763465708,15.947745248542084,15.947745248542084,22.61498397081015,16.815930250928183,15.31248582765784,52.32055045581994,15.104267241044463,27.07585715755508,32.46825372575495,44.07085204531449,17.93678887264185,24.933380624932415,52.33201696858244,21.10544953323667,
13.346868130347618,14.724318509036523,14.942889306569942,14.983843150392211,15.104267241044463,15.142322834638097,15.31248582765784,15.31248582765784,15.539376506868678,15.63313985507694,15.904716281656835,15.930634763465708,14.77819548281843,15.321879780235845,50.93653514173199,4.714045207910317,15.31248582765784,15.924927183039925,14.979821818980191,18.213412504572787,46.928082189230615,49.38258802452541,47.853517986387054,15.539376506868678,
4.714045207910317,13.346868130347618,14.724318509036523,14.77819548281843,14.942889306569942,14.979821818980191,14.983843150392211,15.104267241044463,15.142322834638097,15.31248582765784,15.31248582765784,15.31248582765784,52.675895815828326,18.06066167115701,58.00206892861668,18.772188517282558,30.93900810016737,47.04843839656695,14.905032707109367,15.31248582765784,31.510139461590594,39.51819201329939,22.477766792989023,14.496896219536097,
4.714045207910317,13.346868130347618,14.496896219536097,14.724318509036523,14.77819548281843,14.905032707109367,14.942889306569942,14.979821818980191,14.983843150392211,15.104267241044463,15.142322834638097,15.31248582765784,17.96155015444428,14.77819548281843,32.441293130823254,30.542041950901254,53.63068151720618,33.0,17.859451279364663,27.828717182076502,14.412785818908445,35.97829206618902,14.88754139839379,16.014750145482203,
4.714045207910317,13.346868130347618,14.412785818908445,14.496896219536097,14.724318509036523,14.77819548281843,14.77819548281843,14.88754139839379,14.905032707109367,14.942889306569942,14.979821818980191,14.983843150392211,21.66535841157586,31.371529122855534,22.477766792989023,33.603901889843414,17.918087265098062,28.181948517131,12.796874618437114,30.153311961080195,15.005332385522156,52.56462688919232,17.582345943840625,15.203946855997623,
4.714045207910317,12.796874618437114,13.346868130347618,14.412785818908445,14.496896219536097,14.724318509036523,14.77819548281843,14.77819548281843,14.88754139839379,14.905032707109367,14.942889306569942,14.979821818980191,15.021281199980544,41.85498775534405,41.04999440701943,15.387007506334689,29.238483012784517,16.54569430395715,42.25722978837769,80.3755076016458,13.482771375609026,13.727253913292346,25.606395685453272,15.0766559805401,
4.714045207910317,12.796874618437114,13.346868130347618,13.482771375609026,13.727253913292346,14.412785818908445,14.496896219536097,14.724318509036523,14.77819548281843,14.77819548281843,14.88754139839379,14.905032707109367,54.88371545569981,46.83844574705698,30.74715848825775,34.0179691078439,15.176645825491107,17.69632730257892,14.77819548281843,57.85706525567988,15.803797012110731,16.76186147180557,15.301920151751494,79.67154796761234,
4.714045207910317,12.796874618437114,13.346868130347618,13.482771375609026,13.727253913292346,14.412785818908445,14.496896219536097,14.724318509036523,14.77819548281843,14.77819548281843,14.77819548281843,14.88754139839379,9.99999999E8,18.919582904597835,13.435490191809707,41.6839963961657,25.25646231935282,14.725471339581613,16.524462207275292,20.338964314530745,13.482771375609026,13.346868130347618,51.14528326248668,32.48233428829164,
4.714045207910317,12.796874618437114,13.346868130347618,13.346868130347618,13.435490191809707,13.482771375609026,13.482771375609026,13.727253913292346,14.412785818908445,14.496896219536097,14.724318509036523,14.725471339581613,12.796874618437114,41.85498775534405,41.72577141288104,14.687695362504234,39.802512483510384,12.575721066029514,12.600615469257113,32.178253526255894,12.52355804764922,18.45581978538524,15.307860023935307,13.449016062814826,
4.714045207910317,12.52355804764922,12.575721066029514,12.600615469257113,12.796874618437114,12.796874618437114,13.346868130347618,13.346868130347618,13.435490191809707,13.449016062814826,13.482771375609026,13.482771375609026,32.47210341200582,46.443944707571944,37.432902936083146,17.071071659485987,18.430232483280157,32.541319887183434,38.66654937819415,52.35112224203031,22.57224341618498,52.53417935020971,23.897741332944552,22.51390754751052,
4.714045207910317,12.52355804764922,12.575721066029514,12.600615469257113,12.796874618437114,12.796874618437114,13.346868130347618,13.346868130347618,13.435490191809707,13.449016062814826,13.482771375609026,13.482771375609026,32.46825372575495,33.55957237449821,12.837661607767808,30.49407957110509,12.769410763213367,15.270478054075452,15.58330857593597,33.97384614997575,15.361215516643215,41.91228936720112,15.852619832556243,52.40457995251942,
4.714045207910317,12.52355804764922,12.575721066029514,12.600615469257113,12.769410763213367,12.796874618437114,12.796874618437114,12.837661607767808,13.346868130347618,13.346868130347618,13.435490191809707,13.449016062814826,35.4432253360529,28.136941909169874,13.346868130347618,30.44256887977754,48.530631792943126,27.41145299144211,42.70175640415743,50.43037003852165,12.811670027318408,13.31180234350905,37.07613787869497,33.623364082805544,
4.714045207910317,12.52355804764922,12.575721066029514,12.600615469257113,12.769410763213367,12.796874618437114,12.796874618437114,12.811670027318408,12.837661607767808,13.31180234350905,13.346868130347618,13.346868130347618,23.080023830143677,12.953189721722682,17.22091751330341,43.034395356196995,12.796874618437114,13.134397462168367,45.38967087589667,30.942527369301946,13.09280289331913,33.25991915537712,41.9434142625514,12.611813955164,
4.714045207910317,12.52355804764922,12.575721066029514,12.600615469257113,12.611813955164,12.769410763213367,12.796874618437114,12.796874618437114,12.796874618437114,12.811670027318408,12.837661607767808,12.953189721722682,12.796874618437114,13.175860722743085,13.175860722743085,33.0,12.52355804764922,22.520213142863458,19.330635514326868,14.953371050874244,12.681813843723772,33.0,47.04843839656695,16.560495161679196,
4.714045207910317,12.52355804764922,12.52355804764922,12.575721066029514,12.600615469257113,12.611813955164,12.681813843723772,12.769410763213367,12.796874618437114,12.796874618437114,12.796874618437114,12.796874618437114,12.945950453176263,13.18935872866719,12.52355804764922,38.01644381054072,15.781689655897488,12.521002763520245,15.031965939290844,53.649324320069496,12.934664879909164,45.52746423863292,15.366811279146006,15.270478054075452,
4.714045207910317,12.521002763520245,12.52355804764922,12.52355804764922,12.52355804764922,12.575721066029514,12.600615469257113,12.611813955164,12.681813843723772,12.769410763213367,12.796874618437114,12.796874618437114,12.253978945632314,53.24509367068482,40.30577570963689,56.304884335197784,12.796874618437114,33.95953474357386,32.071101564423316,12.278436382536663,12.62823115967641,30.49407957110509,33.42813186524189,12.75439360428467,
4.714045207910317,12.253978945632314,12.278436382536663,12.521002763520245,12.52355804764922,12.52355804764922,12.52355804764922,12.575721066029514,12.600615469257113,12.611813955164,12.62823115967641,12.681813843723772,80.3755076016458,12.52355804764922,26.088642815420993,15.011995203836165,15.491036834964346,12.600615469257113,38.01644381054072,12.440257232067191,42.50588194591426,12.52355804764922,22.55570881173988,34.94018211931088,
4.714045207910317,12.253978945632314,12.278436382536663,12.440257232067191,12.521002763520245,12.52355804764922,12.52355804764922,12.52355804764922,12.52355804764922,12.52355804764922,12.575721066029514,12.600615469257113,39.96561021678513,32.09735191569548,45.38967087589667,42.50588194591426,12.63962024745997,38.70347766898305,32.09735191569548,15.09255193686416,79.67154796761234,13.290556379959753,14.6,33.0,
4.714045207910317,12.253978945632314,12.278436382536663,12.440257232067191,12.521002763520245,12.52355804764922,12.52355804764922,12.52355804764922,12.52355804764922,12.52355804764922,12.575721066029514,12.600615469257113,15.484996737711704,47.51374070261733,9.99999999E8,31.36356914300021,12.83766160776781,12.440257232067191,53.90320542932076,30.624173458233937,27.015551077111123,13.343881429240636,4.714045207910317,26.509432283623127,
4.714045207910317,4.714045207910317,12.253978945632314,12.278436382536663,12.440257232067191,12.440257232067191,12.521002763520245,12.52355804764922,12.52355804764922,12.52355804764922,12.52355804764922,12.52355804764922,27.236739893019504,15.6983279364396,22.477766792989023,12.52355804764922,35.27378630087788,45.09157349217257,53.67727638395972,28.323527714997336,11.904973543092332,48.14820868942063,18.75999733475461,30.748008065564182,
4.714045207910317,4.714045207910317,11.904973543092332,12.253978945632314,12.278436382536663,12.440257232067191,12.440257232067191,12.521002763520245,12.52355804764922,12.52355804764922,12.52355804764922,12.52355804764922,32.38543386355372,27.688264662127168,35.4432253360529,82.49579113843053,43.01441618806421,12.681813843723772,18.75999733475461,44.01767321832852,4.714045207910317,43.301732066973955,12.83766160776781,14.647715028479887,
4.714045207910317,4.714045207910317,4.714045207910317,11.904973543092332,12.253978945632314,12.278436382536663,12.440257232067191,12.440257232067191,12.521002763520245,12.52355804764922,12.52355804764922,12.52355804764922,79.67154796761234,33.0,14.647715028479887,48.95548998835575,11.904973543092332,9.99999999E8,32.49112908761028,4.714045207910317,22.477766792989023,31.289614890567126,36.98563910492828,12.473878031153529,
4.714045207910317,4.714045207910317,4.714045207910317,4.714045207910317,11.904973543092332,11.904973543092332,12.253978945632314,12.278436382536663,12.440257232067191,12.440257232067191,12.473878031153529,12.521002763520245,54.46915538989832,79.67154796761234,27.164110309172447,14.724318509036523,4.714045207910317,32.451533720555126,40.79487985301859,33.0,55.51176051572815,4.714045207910317,79.67154796761234,33.0,
4.714045207910317,4.714045207910317,4.714045207910317,4.714045207910317,4.714045207910317,4.714045207910317,11.904973543092332,11.904973543092332,12.253978945632314,12.278436382536663,12.440257232067191,12.440257232067191,17.30767331432956,80.0,44.15377170248942,81.08157757605744,39.2626483512709,52.32055045581994,5.436502143433364,12.663603906681756,4.714045207910317,12.440257232067191,9.99999999E8,79.67154796761234,
4.714045207910317,4.714045207910317,4.714045207910317,4.714045207910317,4.714045207910317,4.714045207910317,4.714045207910317,5.436502143433364,11.904973543092332,11.904973543092332,12.253978945632314,12.278436382536663,33.0,15.219687542419814,5.436502143433364,44.84696199298231,12.278436382536663,40.090176131095035,33.0,4.714045207910317,35.27378630087788,40.99560952102066,4.714045207910317,17.471405209656147,
4.714045207910317,4.714045207910317,4.714045207910317,4.714045207910317,4.714045207910317,4.714045207910317,4.714045207910317,4.714045207910317,4.714045207910317,5.436502143433364,5.436502143433364,11.904973543092332,46.83844574705698,33.0,15.301920151751494,7.0,33.0,33.0,22.0,31.708673892170264,33.416163753489116,4.714045207910317,54.46915538989832,41.60228359116841,
4.714045207910317,4.714045207910317,4.714045207910317,4.714045207910317,4.714045207910317,4.714045207910317,4.714045207910317,4.714045207910317,4.714045207910317,4.714045207910317,5.436502143433364,5.436502143433364,29.18833985812604,4.714045207910317,25.32894698868383,14.411367041332339,31.708673892170264,15.301920151751494,33.0,28.5,4.714045207910317,16.364141406347663,16.006655420526776,4.714045207910317,
4.714045207910317,4.714045207910317,4.714045207910317,4.714045207910317,4.714045207910317,4.714045207910317,4.714045207910317,4.714045207910317,4.714045207910317,4.714045207910317,4.714045207910317,4.714045207910317,14.48279942863053,55.51176051572815,4.714045207910317,20.0,56.331607468631674,4.714045207910317,77.57290477709053,33.0,31.708673892170264,19.077714319945912,12.669348708367563,4.714045207910317,
4.714045207910317,4.714045207910317,4.714045207910317,4.714045207910317,4.714045207910317,4.714045207910317,4.714045207910317,4.714045207910317,4.714045207910317,4.714045207910317,4.714045207910317,4.714045207910317,47.51374070261733,4.714045207910317,4.714045207910317,12.42364434356965,39.2626483512709,38.36991008589934,4.714045207910317,9.99999999E8,40.00546837621077,33.0,33.0,14.236836024903848,
4.714045207910317,4.714045207910317,4.714045207910317,4.714045207910317,4.714045207910317,4.714045207910317,4.714045207910317,4.714045207910317,4.714045207910317,4.714045207910317,4.714045207910317,4.714045207910317,4.714045207910317,45.09157349217257,33.0,33.0,14.584039731022163,79.67154796761234,4.714045207910317,79.67154796761234,31.85514087239295,37.09363152887568,79.67154796761234,4.714045207910317,
4.714045207910317,4.714045207910317,4.714045207910317,4.714045207910317,4.714045207910317,4.714045207910317,4.714045207910317,4.714045207910317,4.714045207910317,4.714045207910317,4.714045207910317,4.714045207910317,33.0,4.714045207910317,4.714045207910317,33.0,15.219687542419814,52.26136240091718,33.0,4.714045207910317,33.0,14.664983068352372,85.0,5.436502143433364,
4.714045207910317,4.714045207910317,4.714045207910317,4.714045207910317,4.714045207910317,4.714045207910317,4.714045207910317,4.714045207910317,4.714045207910317,4.714045207910317,4.714045207910317,4.714045207910317,4.714045207910317,52.40457995251942,27.879018444369372,22.477766792989023,25.606121717037805,4.714045207910317,26.556020451532685,33.0,15.301920151751494,34.23813663153998,4.714045207910317,14.411367041332339,
4.714045207910317,4.714045207910317,4.714045207910317,4.714045207910317,4.714045207910317,4.714045207910317,4.714045207910317,4.714045207910317,4.714045207910317,4.714045207910317,4.714045207910317,4.714045207910317,6.944222218666553,4.714045207910317,12.663603906681756,17.760560238911385,14.97344588371872,31.13233403107165,33.99176370828675,4.714045207910317,15.219687542419814,19.077714319945912,15.254317909235832,37.5085175512028,
4.714045207910317,4.714045207910317,4.714045207910317,4.714045207910317,4.714045207910317,4.714045207910317,4.714045207910317,4.714045207910317,4.714045207910317,4.714045207910317,4.714045207910317,4.714045207910317,20.79796998640866,54.46915538989832,33.0,21.3760964631057,4.714045207910317,17.723963690125547,34.517242068276545,4.714045207910317,52.675895815828326,33.0,70.0,23.49940897601942,
4.714045207910317,4.714045207910317,4.714045207910317,4.714045207910317,4.714045207910317,4.714045207910317,4.714045207910317,4.714045207910317,4.714045207910317,4.714045207910317,4.714045207910317,4.714045207910317,12.519984025548915,33.0,14.584039731022163,33.0,4.714045207910317,33.0,4.714045207910317,47.04843839656695,48.62326832106437,40.927252534222234,33.0,79.67154796761234,
4.714045207910317,4.714045207910317,4.714045207910317,4.714045207910317,4.714045207910317,4.714045207910317,4.714045207910317,4.714045207910317,4.714045207910317,4.714045207910317,4.714045207910317,4.714045207910317,22.477766792989023,47.51374070261733,24.944939366532843,35.4432253360529,41.60228359116841,4.714045207910317,4.714045207910317,33.0,20.886598574205422,4.714045207910317,22.477766792989023,5.436502143433364,
4.714045207910317,4.714045207910317,4.714045207910317,4.714045207910317,4.714045207910317,4.714045207910317,4.714045207910317,4.714045207910317,4.714045207910317,4.714045207910317,4.714045207910317,4.714045207910317,33.31999733226613,33.0,14.838222248846822,9.99999999E8,4.714045207910317,33.0,20.783627779419774,4.714045207910317,32.90349525506371,17.918087265098062,30.44256887977754,4.714045207910317,
4.714045207910317,4.714045207910317,4.714045207910317,4.714045207910317,4.714045207910317,4.714045207910317,4.714045207910317,4.714045207910317,4.714045207910317,4.714045207910317,4.714045207910317,4.714045207910317,21.93028727582017,27.402351886086144,4.714045207910317,14.77819548281843,43.58038549622984,37.059951430081504,4.714045207910317,33.0,15.301920151751494,4.714045207910317,35.4432253360529,4.714045207910317,
4.714045207910317,4.714045207910317,4.714045207910317,4.714045207910317,4.714045207910317,4.714045207910317,4.714045207910317,4.714045207910317,4.714045207910317,4.714045207910317,4.714045207910317,4.714045207910317,4.714045207910317,16.71489620374715,4.714045207910317,12.959906777190545,4.714045207910317,33.0,4.714045207910317,33.0,4.714045207910317,4.714045207910317,30.49407957110509,4.714045207910317,
4.714045207910317,4.714045207910317,4.714045207910317,4.714045207910317,4.714045207910317,4.714045207910317,4.714045207910317,4.714045207910317,4.714045207910317,4.714045207910317,4.714045207910317,4.714045207910317,23.230873194689757,14.411367041332339,28.674417556808756,19.350387593017356,15.106720946369508,4.714045207910317,38.103018253151546,4.714045207910317,47.00108552806335,37.5085175512028,33.0,33.0,
4.714045207910317,4.714045207910317,4.714045207910317,4.714045207910317,4.714045207910317,4.714045207910317,4.714045207910317,4.714045207910317,4.714045207910317,4.714045207910317,4.714045207910317,4.714045207910317,33.0,4.714045207910317,33.0,34.23813663153998,4.714045207910317,4.714045207910317,4.714045207910317,34.39840112563373,19.11151485361639,4.714045207910317,25.401224817363083,4.714045207910317,
4.714045207910317,4.714045207910317,4.714045207910317,4.714045207910317,4.714045207910317,4.714045207910317,4.714045207910317,4.714045207910317,4.714045207910317,4.714045207910317,4.714045207910317,4.714045207910317,33.56244180628102,12.519984025548915,31.91614011750168,4.714045207910317,47.51374070261733,54.96867794986118,27.047283700134393,27.321008400130477,54.46915538989832,33.0,33.0,55.1656596081294,
4.714045207910317,4.714045207910317,4.714045207910317,4.714045207910317,4.714045207910317,4.714045207910317,4.714045207910317,4.714045207910317,4.714045207910317,4.714045207910317,4.714045207910317,4.714045207910317,33.28602084469499,14.163943093313293,12.519984025548915,4.714045207910317,33.0,6.944222218666553,4.714045207910317,30.483146527585074,33.0,22.477766792989023,21.609257275528932,15.106720946369508,
4.714045207910317,4.714045207910317,4.714045207910317,4.714045207910317,4.714045207910317,4.714045207910317,4.714045207910317,4.714045207910317,4.714045207910317,4.714045207910317,4.714045207910317,4.714045207910317,28.674417556808756,4.714045207910317,4.714045207910317,22.477766792989023,4.714045207910317,7.0,53.903205429320764,28.674417556808756,4.714045207910317,26.062425059844298,17.18604084715267,6.944222218666553,
4.714045207910317,4.714045207910317,4.714045207910317,4.714045207910317,4.714045207910317,4.714045207910317,4.714045207910317,4.714045207910317,4.714045207910317,4.714045207910317,4.714045207910317,4.714045207910317,4.714045207910317,54.96867794986118,33.0,15.282669923805853,22.477766792989023,4.714045207910317,55.51176051572815,28.99568933479596,33.0,19.077714319945912,28.99568933479596,29.32984827782101,
4.714045207910317,4.714045207910317,4.714045207910317,4.714045207910317,4.714045207910317,4.714045207910317,4.714045207910317,4.714045207910317,4.714045207910317,4.714045207910317,4.714045207910317,4.714045207910317,27.402351886086144,33.0,17.605041891458253,28.99568933479596,22.477766792989023,4.714045207910317,45.09157349217257,33.24530041975858,4.714045207910317,40.927252534222234,33.0,71.29905718560067,
4.714045207910317,4.714045207910317,4.714045207910317,4.714045207910317,4.714045207910317,4.714045207910317,4.714045207910317,4.714045207910317,4.714045207910317,4.714045207910317,4.714045207910317,4.714045207910317,16.400372624493087,4.714045207910317,65.68675665611752,9.99999999E8,27.986107664736483,55.222781128403476,33.0,18.227726133558185,40.927252534222234,4.714045207910317,33.0,4.714045207910317,
4.714045207910317,4.714045207910317,4.714045207910317,4.714045207910317,4.714045207910317,4.714045207910317,4.714045207910317,4.714045207910317,4.714045207910317,4.714045207910317,4.714045207910317,4.714045207910317,26.394838510587633,4.714045207910317,4.714045207910317,27.402351886086144,52.675895815828326,4.714045207910317,37.19795021234369,34.39840112563373,24.575139877526638,4.714045207910317,4.714045207910317,22.186482371029435,
4.714045207910317,4.714045207910317,4.714045207910317,4.714045207910317,4.714045207910317,4.714045207910317,4.714045207910317,4.714045207910317,4.714045207910317,4.714045207910317,4.714045207910317,4.714045207910317,40.927252534222234,4.714045207910317,40.43126883984721,28.674417556808756,34.840206658399715,36.6584233157947,4.714045207910317,54.96867794986118,33.0,39.33474573735315,6.944222218666553,5.436502143433364,
4.714045207910317,4.714045207910317,4.714045207910317,4.714045207910317,4.714045207910317,4.714045207910317,4.714045207910317,4.714045207910317,4.714045207910317,4.714045207910317,4.714045207910317,4.714045207910317,5.436502143433364,33.0,31.85514087239295,40.927252534222234,56.41143501099755,17.955363035271528,4.714045207910317,43.78228967161139,33.0,14.964979695407228,29.16573331839952,4.714045207910317,
4.714045207910317,4.714045207910317,4.714045207910317,4.714045207910317,4.714045207910317,4.714045207910317,4.714045207910317,4.714045207910317,4.714045207910317,4.714045207910317,4.714045207910317,4.714045207910317,9.99999999E8,22.477766792989023,4.714045207910317,14.83988619303471,17.30767331432956,4.714045207910317,54.46915538989832,24.763884994079586,33.0,53.073062847361655,35.4432253360529,28.99568933479596,
4.714045207910317,4.714045207910317,4.714045207910317,4.714045207910317,4.714045207910317,4.714045207910317,4.714045207910317,4.714045207910317,4.714045207910317,4.714045207910317,4.714045207910317,4.714045207910317,19.46506842754191,4.714045207910317,82.49579113843053,30.315672514394265,20.783627779419774,4.714045207910317,28.323527714997336,27.402351886086144,20.783627779419774,33.0,27.80687365063218,15.197368193210298,
4.714045207910317,4.714045207910317,4.714045207910317,4.714045207910317,4.714045207910317,4.714045207910317,4.714045207910317,4.714045207910317,4.714045207910317,4.714045207910317,4.714045207910317,4.714045207910317,13.626720074911644,4.714045207910317,51.17655713312493,54.96867794986118,6.944222218666553,4.714045207910317,55.1656596081294,20.63857110567373,4.714045207910317,31.708673892170264,23.775700843871753,15.098749028387159,
4.714045207910317,4.714045207910317,4.714045207910317,4.714045207910317,4.714045207910317,4.714045207910317,4.714045207910317,4.714045207910317,4.714045207910317,4.714045207910317,4.714045207910317,4.714045207910317,14.411367041332339,4.714045207910317,17.30767331432956,18.919809292735206,4.714045207910317,4.714045207910317,79.67154796761234,33.0,19.85378652817071,4.714045207910317,6.944222218666553,46.88549882426335,
4.714045207910317,4.714045207910317,4.714045207910317,4.714045207910317,4.714045207910317,4.714045207910317,4.714045207910317,4.714045207910317,4.714045207910317,4.714045207910317,4.714045207910317,4.714045207910317,40.55551750378732,4.714045207910317,39.41877725145721,48.32068800098865,38.69395588747966,26.062425059844298,4.714045207910317,37.5085175512028,4.714045207910317,27.402351886086144,4.714045207910317,4.714045207910317,
4.714045207910317,4.714045207910317,4.714045207910317,4.714045207910317,4.714045207910317,4.714045207910317,4.714045207910317,4.714045207910317,4.714045207910317,4.714045207910317,4.714045207910317,4.714045207910317,29.32984827782101,4.714045207910317,4.714045207910317,4.714045207910317,18.71226229857252,4.714045207910317,30.942527369301946,4.714045207910317,29.32984827782101,25.958428303732102,4.714045207910317,82.49579113843053,
4.714045207910317,4.714045207910317,4.714045207910317,4.714045207910317,4.714045207910317,4.714045207910317,4.714045207910317,4.714045207910317,4.714045207910317,4.714045207910317,4.714045207910317,4.714045207910317,4.714045207910317,6.944222218666553,17.799986128445145,5.436502143433364,4.714045207910317,80.0,66.86740611089981,4.714045207910317,4.714045207910317,4.714045207910317,41.706594202835596,22.878756522153907,
4.714045207910317,4.714045207910317,4.714045207910317,4.714045207910317,4.714045207910317,4.714045207910317,4.714045207910317,4.714045207910317,4.714045207910317,4.714045207910317,4.714045207910317,4.714045207910317,4.714045207910317,54.96867794986118,4.714045207910317,4.714045207910317,40.927252534222234,28.99568933479596,45.09157349217257,17.30767331432956,54.46915538989832,27.402351886086144,37.5085175512028,33.53565266995709,
4.714045207910317,4.714045207910317,4.714045207910317,4.714045207910317,4.714045207910317,4.714045207910317,4.714045207910317,4.714045207910317,4.714045207910317,4.714045207910317,4.714045207910317,4.714045207910317,32.00347203386254,33.0,4.714045207910317,33.0,4.714045207910317,79.67154796761234,33.0,54.46915538989832,47.51374070261733,40.79487985301859,4.714045207910317,17.30767331432956,
4.714045207910317,4.714045207910317,4.714045207910317,4.714045207910317,4.714045207910317,4.714045207910317,4.714045207910317,4.714045207910317,4.714045207910317,4.714045207910317,4.714045207910317,4.714045207910317,4.714045207910317,4.714045207910317,4.714045207910317,30.295874306578447,33.27494886881454,52.26136240091718,45.09157349217257,4.714045207910317,30.10906102082155,38.55839726959615,4.714045207910317,4.714045207910317,
4.714045207910317,4.714045207910317,4.714045207910317,4.714045207910317,4.714045207910317,4.714045207910317,4.714045207910317,4.714045207910317,4.714045207910317,4.714045207910317,4.714045207910317,4.714045207910317,53.67727638395972,33.0,33.69347117766289,30.17863482664516,4.714045207910317,53.90320542932076,28.669965855381832,79.67154796761234,4.714045207910317,33.0,4.714045207910317,79.67154796761234,
4.714045207910317,4.714045207910317,4.714045207910317,4.714045207910317,4.714045207910317,4.714045207910317,4.714045207910317,4.714045207910317,4.714045207910317,4.714045207910317,4.714045207910317,4.714045207910317,19.46506842754191,30.44256887977754,25.163907133476354,49.094297021140854,88.0,28.854038808380977,79.67154796761234,34.39840112563373,66.71611499480467,54.46915538989832,33.0,32.541319887183434,
4.714045207910317,4.714045207910317,4.714045207910317,4.714045207910317,4.714045207910317,4.714045207910317,4.714045207910317,4.714045207910317,4.714045207910317,4.714045207910317,4.714045207910317,4.714045207910317,16.560495161679196,4.714045207910317,54.46915538989832,17.30767331432956,50.91970469799105,52.26136240091718,51.157013204447345,15.301920151751494,17.18253966739165,42.50588194591426,15.301920151751494,4.714045207910317,
4.714045207910317,4.714045207910317,4.714045207910317,4.714045207910317,4.714045207910317,4.714045207910317,4.714045207910317,4.714045207910317,4.714045207910317,4.714045207910317,4.714045207910317,4.714045207910317,37.5085175512028,35.4432253360529,30.41792234851026,40.927252534222234,4.714045207910317,33.0,5.436502143433364,47.04843839656695,4.714045207910317,22.477766792989023,17.65228896730177,4.714045207910317,
4.714045207910317,4.714045207910317,4.714045207910317,4.714045207910317,4.714045207910317,4.714045207910317,4.714045207910317,4.714045207910317,4.714045207910317,4.714045207910317,4.714045207910317,4.714045207910317,17.30767331432956,4.714045207910317,79.67154796761234,16.649991658322904,15.098749028387159,33.0,32.882366094914765,4.714045207910317,43.01441618806421,47.04843839656695,33.0,28.2178117145746,
4.714045207910317,4.714045207910317,4.714045207910317,4.714045207910317,4.714045207910317,4.714045207910317,4.714045207910317,4.714045207910317,4.714045207910317,4.714045207910317,4.714045207910317,4.714045207910317,19.37110398045211,4.714045207910317,39.85285435197835,4.714045207910317,4.714045207910317,4.714045207910317,33.0,22.477766792989023,62.328876846040544,33.0,9.99999999E8,55.51176051572815,
4.714045207910317,4.714045207910317,4.714045207910317,4.714045207910317,4.714045207910317,4.714045207910317,4.714045207910317,4.714045207910317,4.714045207910317,4.714045207910317,4.714045207910317,4.714045207910317,31.81130590958927,57.74272440941994,20.22992832414391,29.73587433088562,29.32984827782101,48.62326832106437,34.19590618772955,54.46915538989832,39.2626483512709,23.4936292914473,29.0325487838889,26.062425059844298,
4.714045207910317,4.714045207910317,4.714045207910317,4.714045207910317,4.714045207910317,4.714045207910317,4.714045207910317,4.714045207910317,4.714045207910317,4.714045207910317,4.714045207910317,4.714045207910317,4.714045207910317,19.077714319945912,19.0836972308827,77.54711829304526,17.30767331432956,31.395437079100443,17.30767331432956,40.927252534222234,4.714045207910317,22.477766792989023,51.157013204447345,4.714045207910317,
4.714045207910317,4.714045207910317,4.714045207910317,4.714045207910317,4.714045207910317,4.714045207910317,4.714045207910317,4.714045207910317,4.714045207910317,4.714045207910317,4.714045207910317,4.714045207910317,9.99999999E8,44.0663136647485,13.626720074911644,4.714045207910317,53.073062847361655,4.714045207910317,4.714045207910317,88.0,4.714045207910317,4.714045207910317,55.51176051572815,44.07085204531449,
4.714045207910317,4.714045207910317,4.714045207910317,4.714045207910317,4.714045207910317,4.714045207910317,4.714045207910317,4.714045207910317,4.714045207910317,4.714045207910317,4.714045207910317,4.714045207910317,33.0,53.67727638395972,17.568153004798198,17.647591903713096,46.59442026680877,17.30767331432956,18.909139471577113,4.714045207910317,16.884964933819866,12.519984025548915,33.0,33.0,
4.714045207910317,4.714045207910317,4.714045207910317,4.714045207910317,4.714045207910317,4.714045207910317,4.714045207910317,4.714045207910317,4.714045207910317,4.714045207910317,4.714045207910317,4.714045207910317,28.871362204709975,6.944222218666553,33.0,4.714045207910317,19.975985582694037,18.084848033507548,33.0,87.0,28.674417556808756,35.4432253360529,26.640728125592375,35.64952859280034,
4.714045207910317,4.714045207910317,4.714045207910317,4.714045207910317,4.714045207910317,4.714045207910317,4.714045207910317,4.714045207910317,4.714045207910317,4.714045207910317,4.714045207910317,4.714045207910317,38.77354452590117,20.56846441509579,31.85514087239295,4.714045207910317,82.49579113843053,54.46915538989832,19.30181338631166,35.4432253360529,4.714045207910317,79.67154796761234,44.0663136647485,4.714045207910317,
4.714045207910317,4.714045207910317,4.714045207910317,4.714045207910317,4.714045207910317,4.714045207910317,4.714045207910317,4.714045207910317,4.714045207910317,4.714045207910317,4.714045207910317,4.714045207910317,33.9512518178638,48.62326832106437,71.29905718560067,4.714045207910317,40.79487985301859,50.23631654490604,4.714045207910317,12.574400803042488,70.5045309812702,4.714045207910317,23.9131762842162,6.944222218666553,
4.714045207910317,4.714045207910317,4.714045207910317,4.714045207910317,4.714045207910317,4.714045207910317,4.714045207910317,4.714045207910317,4.714045207910317,4.714045207910317,4.714045207910317,4.714045207910317,4.714045207910317,4.714045207910317,17.30767331432956,20.015993605114886,52.31290471766981,47.04843839656695,48.62326832106437,33.0,44.715070166555705,18.06543661249293,4.714045207910317,4.714045207910317,
4.714045207910317,4.714045207910317,4.714045207910317,4.714045207910317,4.714045207910317,4.714045207910317,4.714045207910317,4.714045207910317,4.714045207910317,4.714045207910317,4.714045207910317,4.714045207910317,33.0,46.59442026680877,4.714045207910317,16.560495161679196,33.0,17.30767331432956,4.714045207910317,33.0,28.99568933479596,40.927252534222234,51.157013204447345,4.714045207910317,
4.714045207910317,4.714045207910317,4.714045207910317,4.714045207910317,4.714045207910317,4.714045207910317,4.714045207910317,4.714045207910317,4.714045207910317,4.714045207910317,4.714045207910317,4.714045207910317,32.158785735783,4.714045207910317,34.39840112563373,4.714045207910317,38.36991008589934,36.419707051655365,4.714045207910317,4.714045207910317,33.0,4.714045207910317,4.714045207910317,4.714045207910317,
4.714045207910317,4.714045207910317,4.714045207910317,4.714045207910317,4.714045207910317,4.714045207910317,4.714045207910317,4.714045207910317,4.714045207910317,4.714045207910317,4.714045207910317,4.714045207910317,66.71611499480467,33.0,4.714045207910317,48.62326832106437,39.2626483512709,34.39840112563373,42.45279731654912,4.714045207910317,4.714045207910317,22.305953365762146,33.0,33.26018640957985,
4.714045207910317,4.714045207910317,4.714045207910317,4.714045207910317,4.714045207910317,4.714045207910317,4.714045207910317,4.714045207910317,4.714045207910317,4.714045207910317,4.714045207910317,4.714045207910317,30.942527369301946,48.62326832106437,4.714045207910317,16.699581822843683,30.065913983670434,48.62326832106437,54.46915538989832,17.30767331432956,33.0,4.714045207910317,82.49579113843053,4.714045207910317,
4.714045207910317,4.714045207910317,4.714045207910317,4.714045207910317,4.714045207910317,4.714045207910317,4.714045207910317,4.714045207910317,4.714045207910317,4.714045207910317,4.714045207910317,4.714045207910317,62.455984501086846,20.0,4.714045207910317,4.714045207910317,33.0,4.714045207910317,4.714045207910317,48.62326832106437,17.876116903722565,47.04843839656695,4.714045207910317,22.477766792989023,
4.714045207910317,4.714045207910317,4.714045207910317,4.714045207910317,4.714045207910317,4.714045207910317,4.714045207910317,4.714045207910317,4.714045207910317,4.714045207910317,4.714045207910317,4.714045207910317,33.0,57.74272440941994,4.714045207910317,42.47646407129482,22.477766792989023,4.714045207910317,4.714045207910317,33.0,62.455984501086846,22.477766792989023,53.90320542932076,4.714045207910317,
4.714045207910317,4.714045207910317,4.714045207910317,4.714045207910317,4.714045207910317,4.714045207910317,4.714045207910317,4.714045207910317,4.714045207910317,4.714045207910317,4.714045207910317,4.714045207910317,4.714045207910317,31.13233403107165,34.840206658399715,4.714045207910317,33.0,22.932267417089154,71.29905718560067,22.477766792989023,17.92093747547823,74.76797442755822,4.714045207910317,4.714045207910317,
4.714045207910317,4.714045207910317,4.714045207910317,4.714045207910317,4.714045207910317,4.714045207910317,4.714045207910317,4.714045207910317,4.714045207910317,4.714045207910317,4.714045207910317,4.714045207910317,14.236836024903848,33.0,6.944222218666553,47.51374070261733,17.24209792422031,33.0,30.41792234851026,33.0,6.944222218666553,4.714045207910317,52.26136240091718,39.41094038743839,
4.714045207910317,4.714045207910317,4.714045207910317,4.714045207910317,4.714045207910317,4.714045207910317,4.714045207910317,4.714045207910317,4.714045207910317,4.714045207910317,4.714045207910317,4.714045207910317,4.714045207910317,34.23813663153998,37.61404427246042,75.53512795749772,40.40034034510106,36.49505293719806,4.714045207910317,4.714045207910317,14.70818066629577,33.0,22.477766792989023,4.714045207910317,
4.714045207910317,4.714045207910317,4.714045207910317,4.714045207910317,4.714045207910317,4.714045207910317,4.714045207910317,4.714045207910317,4.714045207910317,4.714045207910317,4.714045207910317,4.714045207910317,64.00195309519859,56.66470584842816,5.436502143433364,4.714045207910317,33.0,33.0,22.477766792989023,7.0,37.15087482146282,56.66470584842816,44.611517571138506,21.081686365184357,
4.714045207910317,4.714045207910317,4.714045207910317,4.714045207910317,4.714045207910317,4.714045207910317,4.714045207910317,4.714045207910317,4.714045207910317,4.714045207910317,4.714045207910317,4.714045207910317,32.48673198556667,4.714045207910317,48.62326832106437,52.56462688919232,23.594225988576103,29.32984827782101,47.51374070261733,45.09157349217257,4.714045207910317,23.230873194689757,4.714045207910317,16.73496852693883,
4.714045207910317,4.714045207910317,4.714045207910317,4.714045207910317,4.714045207910317,4.714045207910317,4.714045207910317,4.714045207910317,4.714045207910317,4.714045207910317,4.714045207910317,4.714045207910317,4.714045207910317,40.79487985301859,33.0,77.0,4.714045207910317,25.27240025949322,18.808508712813996,4.714045207910317,25.798449565816934,4.714045207910317,31.85514087239295,19.975985582694037,
4.714045207910317,4.714045207910317,4.714045207910317,4.714045207910317,4.714045207910317,4.714045207910317,4.714045207910317,4.714045207910317,4.714045207910317,4.714045207910317,4.714045207910317,4.714045207910317,9.99999999E8,55.233594849511654,4.714045207910317,33.0,47.51374070261733,33.24214192858216,22.477766792989023,28.674417556808756,54.46915538989832,43.7978309965231,41.4620554340511,31.431473080337803,
4.714045207910317,4.714045207910317,4.714045207910317,4.714045207910317,4.714045207910317,4.714045207910317,4.714045207910317,4.714045207910317,4.714045207910317,4.714045207910317,4.714045207910317,4.714045207910317,18.381754238616313,33.0,27.66202270261522,28.674417556808756,33.653092164686704,79.67154796761234,71.89054179793055,4.714045207910317,33.0,35.4432253360529,55.1656596081294,4.714045207910317,
4.714045207910317,4.714045207910317,4.714045207910317,4.714045207910317,4.714045207910317,4.714045207910317,4.714045207910317,4.714045207910317,4.714045207910317,4.714045207910317,4.714045207910317,4.714045207910317,33.302252176091635,12.519984025548915,4.714045207910317,39.96561021678513,71.29905718560067,70.0,63.86117756509036,4.714045207910317,4.714045207910317,54.46915538989832,33.0,33.0,
4.714045207910317,4.714045207910317,4.714045207910317,4.714045207910317,4.714045207910317,4.714045207910317,4.714045207910317,4.714045207910317,4.714045207910317,4.714045207910317,4.714045207910317,4.714045207910317,48.62326832106437,79.67154796761234,24.038302768706448,32.6640092456514,4.714045207910317,4.714045207910317,47.51374070261733,54.46915538989832,22.477766792989023,4.714045207910317,31.265884851632705,17.71889340995846,
4.714045207910317,4.714045207910317,4.714045207910317,4.714045207910317,4.714045207910317,4.714045207910317,4.714045207910317,4.714045207910317,4.714045207910317,4.714045207910317,4.714045207910317,4.714045207910317,4.714045207910317,39.2626483512709,26.462237244798484,4.714045207910317,35.4432253360529,34.89927196480564,54.46915538989832,36.05859429071275,4.714045207910317,4.714045207910317,23.230873194689757,53.38122849425213,
4.714045207910317,4.714045207910317,4.714045207910317,4.714045207910317,4.714045207910317,4.714045207910317,4.714045207910317,4.714045207910317,4.714045207910317,4.714045207910317,4.714045207910317,4.714045207910317,30.31318011837242,21.891779278989635,37.025516726831626,22.477766792989023,4.714045207910317,34.23813663153998,38.104582187362574,22.477766792989023,28.99568933479596,79.67154796761234,27.950352810335367,17.518244457961217,
4.714045207910317,4.714045207910317,4.714045207910317,4.714045207910317,4.714045207910317,4.714045207910317,4.714045207910317,4.714045207910317,4.714045207910317,4.714045207910317,4.714045207910317,4.714045207910317,74.76797442755822,35.4432253360529,22.477766792989023,26.530904411438538,87.0,12.959906777190545,4.714045207910317,47.04843839656695,47.25268591869262,33.24530041975858,56.66470584842816,26.062425059844298,
4.714045207910317,4.714045207910317,4.714045207910317,4.714045207910317,4.714045207910317,4.714045207910317,4.714045207910317,4.714045207910317,4.714045207910317,4.714045207910317,4.714045207910317,4.714045207910317,26.07586273326255,4.714045207910317,46.59442026680877,4.714045207910317,25.30316185775999,29.32984827782101,35.4432253360529,4.714045207910317,46.94025729693054,63.86117756509036,62.455984501086846,4.714045207910317,
4.714045207910317,4.714045207910317,4.714045207910317,4.714045207910317,4.714045207910317,4.714045207910317,4.714045207910317,4.714045207910317,4.714045207910317,4.714045207910317,4.714045207910317,4.714045207910317,66.86740611089981,4.714045207910317,28.804053002793808,30.760725320158205,47.408391193496065,4.714045207910317,44.37216344611663,85.0,4.714045207910317,31.85514087239295,4.714045207910317,4.714045207910317,
4.714045207910317,4.714045207910317,4.714045207910317,4.714045207910317,4.714045207910317,4.714045207910317,4.714045207910317,4.714045207910317,4.714045207910317,4.714045207910317,4.714045207910317,4.714045207910317,48.02863729068315,38.71979109218207,35.4432253360529,5.436502143433364,41.0102426230326,58.79814811898605,31.5079355083763,33.0,4.714045207910317,53.67727638395972,55.1656596081294,45.09157349217257,
4.714045207910317,4.714045207910317,4.714045207910317,4.714045207910317,4.714045207910317,4.714045207910317,4.714045207910317,4.714045207910317,4.714045207910317,4.714045207910317,4.714045207910317,4.714045207910317,17.92093747547823,54.322084725173134,79.67154796761234,22.477766792989023,33.14949304120485,33.0,36.08169742250063,52.412212317359774,48.62326832106437,35.152147436362334,53.649324320069496,4.714045207910317,
4.714045207910317,4.714045207910317,4.714045207910317,4.714045207910317,4.714045207910317,4.714045207910317,4.714045207910317,4.714045207910317,4.714045207910317,4.714045207910317,4.714045207910317,4.714045207910317,25.927784324928346,40.927252534222234,26.062425059844298,4.714045207910317,4.714045207910317,53.67727638395972,4.714045207910317,32.469137622659204,29.32984827782101,26.509432283623127,32.54900152078401,33.0,
4.714045207910317,4.714045207910317,4.714045207910317,4.714045207910317,4.714045207910317,4.714045207910317,4.714045207910317,4.714045207910317,4.714045207910317,4.714045207910317,4.714045207910317,4.714045207910317,48.62326832106437,57.74272440941994,4.714045207910317,4.714045207910317,4.714045207910317,45.38653434665397,22.477766792989023,38.01644381054072,38.35935348777401,4.714045207910317,4.714045207910317,43.36921591277491,
4.714045207910317,4.714045207910317,4.714045207910317,4.714045207910317,4.714045207910317,4.714045207910317,4.714045207910317,4.714045207910317,4.714045207910317,4.714045207910317,4.714045207910317,4.714045207910317,4.714045207910317,56.66470584842816,33.0,4.714045207910317,4.714045207910317,44.66791043044461,56.66470584842816,14.281128011608558,19.845402490249473,9.99999999E8,30.86486675817668,48.62326832106437,
4.714045207910317,4.714045207910317,4.714045207910317,4.714045207910317,4.714045207910317,4.714045207910317,4.714045207910317,4.714045207910317,4.714045207910317,4.714045207910317,4.714045207910317,4.714045207910317,79.67154796761234,4.714045207910317,35.074777262300614,4.714045207910317,54.46915538989832,4.714045207910317,21.188145270410054,4.714045207910317,18.430232483280157,26.062425059844298,29.32984827782101,47.967581645199594,
4.714045207910317,4.714045207910317,4.714045207910317,4.714045207910317,4.714045207910317,4.714045207910317,4.714045207910317,4.714045207910317,4.714045207910317,4.714045207910317,4.714045207910317,4.714045207910317,4.714045207910317,40.04606722263748,57.74272440941994,19.077714319945912,33.0,41.05411063462464,22.30484639802539,26.267074136139893,4.714045207910317,35.44354522277904,37.97696670351649,34.600899153377824,
4.714045207910317,4.714045207910317,4.714045207910317,4.714045207910317,4.714045207910317,4.714045207910317,4.714045207910317,4.714045207910317,4.714045207910317,4.714045207910317,4.714045207910317,4.714045207910317,4.714045207910317,66.71611499480467,30.552250326285296,33.0,4.714045207910317,33.0,54.46915538989832,4.714045207910317,9.99999999E8,25.917723570208256,30.41792234851026,22.477766792989023,
4.714045207910317,4.714045207910317,4.714045207910317,4.714045207910317,4.714045207910317,4.714045207910317,4.714045207910317,4.714045207910317,4.714045207910317,4.714045207910317,4.714045207910317,4.714045207910317,33.0,29.9945573294182,22.55570881173988,4.714045207910317,30.42842238580385,82.0,4.714045207910317,27.986107664736483,18.01097059373523,20.886598574205422,4.714045207910317,56.15949509111428,
4.714045207910317,4.714045207910317,4.714045207910317,4.714045207910317,4.714045207910317,4.714045207910317,4.714045207910317,4.714045207910317,4.714045207910317,4.714045207910317,4.714045207910317,4.714045207910317,28.674417556808756,20.275651427668766,54.46915538989832,4.714045207910317,42.79310692155922,82.49579113843053,4.714045207910317,12.519984025548915,82.0,33.0,43.58038549622984,4.714045207910317,
4.714045207910317,4.714045207910317,4.714045207910317,4.714045207910317,4.714045207910317,4.714045207910317,4.714045207910317,4.714045207910317,4.714045207910317,4.714045207910317,4.714045207910317,4.714045207910317,4.714045207910317,33.0,79.67154796761234,28.674417556808756,39.2626483512709,29.5917804362589,48.62326832106437,4.714045207910317,32.775329475418275,16.731332881752127,44.15377170248942,4.714045207910317,
4.714045207910317,4.714045207910317,4.714045207910317,4.714045207910317,4.714045207910317,4.714045207910317,4.714045207910317,4.714045207910317,4.714045207910317,4.714045207910317,4.714045207910317,4.714045207910317,47.04843839656695,18.13393245197631,35.4432253360529,14.411367041332339,40.40652793794587,4.714045207910317,4.714045207910317,45.09157349217257,4.714045207910317,4.714045207910317,14.708736817806965,39.96561021678513,
4.714045207910317,4.714045207910317,4.714045207910317,4.714045207910317,4.714045207910317,4.714045207910317,4.714045207910317,4.714045207910317,4.714045207910317,4.714045207910317,4.714045207910317,4.714045207910317,29.054652630967265,30.56550343115585,57.74272440941994,25.32894698868383,33.0,43.01441618806421,33.0,28.44097201026872,19.077714319945912,33.0,85.0,19.077714319945912,
4.714045207910317,4.714045207910317,4.714045207910317,4.714045207910317,4.714045207910317,4.714045207910317,4.714045207910317,4.714045207910317,4.714045207910317,4.714045207910317,4.714045207910317,4.714045207910317,17.30767331432956,39.2286743197994,43.62211467694899,25.32894698868383,36.362755671153415,19.845402490249473,16.560495161679196,4.714045207910317,30.42842238580385,44.52808102759426,4.714045207910317,26.79435574892593,
4.714045207910317,4.714045207910317,4.714045207910317,4.714045207910317,4.714045207910317,4.714045207910317,4.714045207910317,4.714045207910317,4.714045207910317,4.714045207910317,4.714045207910317,4.714045207910317,13.244677708547904,67.9231591988738,4.714045207910317,4.714045207910317,4.714045207910317,31.85514087239295,33.0,33.0,16.560495161679196,14.964979695407228,4.714045207910317,43.7978309965231,
4.714045207910317,4.714045207910317,4.714045207910317,4.714045207910317,4.714045207910317,4.714045207910317,4.714045207910317,4.714045207910317,4.714045207910317,4.714045207910317,4.714045207910317,4.714045207910317,4.714045207910317,79.67154796761234,30.44256887977754,77.0,22.477766792989023,4.714045207910317,4.714045207910317,4.714045207910317,35.77553478131234,4.714045207910317,44.15377170248942,40.22298955683041,
4.714045207910317,4.714045207910317,4.714045207910317,4.714045207910317,4.714045207910317,4.714045207910317,4.714045207910317,4.714045207910317,4.714045207910317,4.714045207910317,4.714045207910317,4.714045207910317,40.79487985301859,35.4432253360529,40.927252534222234,4.714045207910317,28.99568933479596,4.714045207910317,36.362755671153415,4.714045207910317,48.62326832106437,4.714045207910317,17.30767331432956,36.84954394410993,
4.714045207910317,4.714045207910317,4.714045207910317,4.714045207910317,4.714045207910317,4.714045207910317,4.714045207910317,4.714045207910317,4.714045207910317,4.714045207910317,4.714045207910317,4.714045207910317,4.714045207910317,36.362755671153415,4.714045207910317,35.069074695520555,52.511332110316914,40.79487985301859,37.13068138345969,4.714045207910317,4.714045207910317,33.0,33.0,39.85285435197835,
4.714045207910317,4.714045207910317,4.714045207910317,4.714045207910317,4.714045207910317,4.714045207910317,4.714045207910317,4.714045207910317,4.714045207910317,4.714045207910317,4.714045207910317,4.714045207910317,34.39840112563373,4.714045207910317,4.714045207910317,82.0,19.11151485361639,25.894605852279312,38.93532051586926,6.944222218666553,17.30767331432956,28.99568933479596,4.714045207910317,29.894371868091746,
4.714045207910317,4.714045207910317,4.714045207910317,4.714045207910317,4.714045207910317,4.714045207910317,4.714045207910317,4.714045207910317,4.714045207910317,4.714045207910317,4.714045207910317,4.714045207910317,28.99568933479596,34.159755398551795,32.09735191569548,33.0,39.41094038743839,4.714045207910317,41.81196001146084,49.30770730829005,30.17863482664516,22.477766792989023,66.7101191724314,51.17655713312493,
4.714045207910317,4.714045207910317,4.714045207910317,4.714045207910317,4.714045207910317,4.714045207910317,4.714045207910317,4.714045207910317,4.714045207910317,4.714045207910317,4.714045207910317,4.714045207910317,33.0,30.315672514394265,35.61141445528629,22.477766792989023,4.714045207910317,33.0,22.477766792989023,35.00357124637428,4.714045207910317,15.936340299728801,66.23631934218568,48.62326832106437,
4.714045207910317,4.714045207910317,4.714045207910317,4.714045207910317,4.714045207910317,4.714045207910317,4.714045207910317,4.714045207910317,4.714045207910317,4.714045207910317,4.714045207910317,4.714045207910317,47.04843839656695,33.0,54.9093798908711,4.714045207910317,24.160471747499642,4.714045207910317,4.714045207910317,26.479945241635225,16.884964933819866,34.39840112563373,12.519984025548915,33.99176370828675,
4.714045207910317,4.714045207910317,4.714045207910317,4.714045207910317,4.714045207910317,4.714045207910317,4.714045207910317,4.714045207910317,4.714045207910317,4.714045207910317,4.714045207910317,4.714045207910317,48.02932777512727,55.51176051572815,37.97696670351649,79.67154796761234,4.714045207910317,25.749985017375483,27.97570374449944,4.714045207910317,40.79487985301859,4.714045207910317,37.432902936083146,38.36991008589934,
4.714045207910317,4.714045207910317,4.714045207910317,4.714045207910317,4.714045207910317,4.714045207910317,4.714045207910317,4.714045207910317,4.714045207910317,4.714045207910317,4.714045207910317,4.714045207910317,37.432902936083146,47.51374070261733,19.46506842754191,52.53417935020971,4.714045207910317,79.67154796761234,21.498546462493692,4.714045207910317,51.157013204447345,23.20689552697646,28.674417556808756,22.758716652603002,
4.714045207910317,4.714045207910317,4.714045207910317,4.714045207910317,4.714045207910317,4.714045207910317,4.714045207910317,4.714045207910317,4.714045207910317,4.714045207910317,4.714045207910317,4.714045207910317,48.62326832106437,4.714045207910317,16.884964933819866,27.986107664736483,51.14528326248668,22.477766792989023,4.714045207910317,27.402351886086144,4.714045207910317,22.477766792989023,6.944222218666553,47.04843839656695,
4.714045207910317,4.714045207910317,4.714045207910317,4.714045207910317,4.714045207910317,4.714045207910317,4.714045207910317,4.714045207910317,4.714045207910317,4.714045207910317,4.714045207910317,4.714045207910317,4.714045207910317,54.46915538989832,78.29147817965602,4.714045207910317,56.66470584842816,52.675895815828326,47.04843839656695,56.66470584842816,80.0,31.85514087239295,17.30767331432956,36.362755671153415,
4.714045207910317,4.714045207910317,4.714045207910317,4.714045207910317,4.714045207910317,4.714045207910317,4.714045207910317,4.714045207910317,4.714045207910317,4.714045207910317,4.714045207910317,4.714045207910317,16.884964933819866,4.714045207910317,47.51374070261733,4.714045207910317,56.66470584842816,55.1656596081294,9.99999999E8,47.51374070261733,4.714045207910317,4.714045207910317,21.009230235828273,28.99568933479596,
4.714045207910317,4.714045207910317,4.714045207910317,4.714045207910317,4.714045207910317,4.714045207910317,4.714045207910317,4.714045207910317,4.714045207910317,4.714045207910317,4.714045207910317,4.714045207910317,27.644979615821452,54.46915538989832,5.436502143433364,4.714045207910317,51.157013204447345,35.00357124637428,4.714045207910317,30.552250326285296,4.714045207910317,20.600850995247626,22.477766792989023,44.7793200037696,
4.714045207910317,4.714045207910317,4.714045207910317,4.714045207910317,4.714045207910317,4.714045207910317,4.714045207910317,4.714045207910317,4.714045207910317,4.714045207910317,4.714045207910317,4.714045207910317,21.60185177247543,4.714045207910317,88.0,9.99999999E8,31.708673892170264,28.99568933479596,33.0,33.0,41.4393800897434,4.714045207910317,36.840874039577294,22.477766792989023,
4.714045207910317,4.714045207910317,4.714045207910317,4.714045207910317,4.714045207910317,4.714045207910317,4.714045207910317,4.714045207910317,4.714045207910317,4.714045207910317,4.714045207910317,4.714045207910317,27.967353101539175,71.90445048813042,22.477766792989023,22.477766792989023,49.30770730829005,39.22410753917669,85.0,51.14528326248668,23.789440935003075,4.714045207910317,31.395437079100443,79.67154796761234,
4.714045207910317,4.714045207910317,4.714045207910317,4.714045207910317,4.714045207910317,4.714045207910317,4.714045207910317,4.714045207910317,4.714045207910317,4.714045207910317,4.714045207910317,4.714045207910317,56.66470584842816,4.714045207910317,27.332032489370416,29.41831912261474,17.30767331432956,53.90320542932076,79.67154796761234,62.77141068989927,26.062425059844298,21.0923893594085,26.706740722147284,14.341809509263467,
4.714045207910317,4.714045207910317,4.714045207910317,4.714045207910317,4.714045207910317,4.714045207910317,4.714045207910317,4.714045207910317,4.714045207910317,4.714045207910317,4.714045207910317,4.714045207910317,28.674417556808756,17.734497362322248,27.402351886086144,39.2626483512709,29.415132160165456,44.800000000000004,19.46506842754191,22.477766792989023,4.714045207910317,25.629843715654783,27.986107664736483,9.99999999E8,
4.714045207910317,4.714045207910317,4.714045207910317,4.714045207910317,4.714045207910317,4.714045207910317,4.714045207910317,4.714045207910317,4.714045207910317,4.714045207910317,4.714045207910317,4.714045207910317,19.46506842754191,4.714045207910317,52.31290471766981,33.0,4.714045207910317,17.88679680658334,40.79487985301859,68.70109169438285,5.436502143433364,33.0,22.477766792989023,79.67154796761234,
4.714045207910317,4.714045207910317,4.714045207910317,4.714045207910317,4.714045207910317,4.714045207910317,4.714045207910317,4.714045207910317,4.714045207910317,4.714045207910317,4.714045207910317,4.714045207910317,4.714045207910317,22.477766792989023,40.55551750378732,55.1656596081294,28.5,17.77034394621956,4.714045207910317,47.00412487327087,4.714045207910317,4.714045207910317,33.0,31.85514087239295,
4.714045207910317,4.714045207910317,4.714045207910317,4.714045207910317,4.714045207910317,4.714045207910317,4.714045207910317,4.714045207910317,4.714045207910317,4.714045207910317,4.714045207910317,4.714045207910317,51.157013204447345,34.39840112563373,40.927252534222234,28.485785929126127,49.55356249106168,16.560495161679196,33.0,4.714045207910317,54.46915538989832,33.14949304120485,12.519984025548915,26.062425059844298,
4.714045207910317,4.714045207910317,4.714045207910317,4.714045207910317,4.714045207910317,4.714045207910317,4.714045207910317,4.714045207910317,4.714045207910317,4.714045207910317,4.714045207910317,4.714045207910317,9.99999999E8,51.157013204447345,33.0,33.0,17.837400020915968,30.359075568728294,41.433681950799404,4.714045207910317,87.0,25.979992301769453,28.587584717845612,20.783627779419774,
4.714045207910317,4.714045207910317,4.714045207910317,4.714045207910317,4.714045207910317,4.714045207910317,4.714045207910317,4.714045207910317,4.714045207910317,4.714045207910317,4.714045207910317,4.714045207910317,25.840441077151308,53.63068151720618,67.9231591988738,53.67727638395972,47.04843839656695,4.714045207910317,53.63068151720618,4.714045207910317,30.359075568728294,28.99568933479596,34.39840112563373,4.714045207910317,
4.714045207910317,4.714045207910317,4.714045207910317,4.714045207910317,4.714045207910317,4.714045207910317,4.714045207910317,4.714045207910317,4.714045207910317,4.714045207910317,4.714045207910317,4.714045207910317,4.714045207910317,22.477766792989023,4.714045207910317,33.0,40.79487985301859,4.714045207910317,37.27449201668671,37.025516726831626,35.4432253360529,48.62326832106437,27.433871107640233,14.834391514235868,
4.714045207910317,4.714045207910317,4.714045207910317,4.714045207910317,4.714045207910317,4.714045207910317,4.714045207910317,4.714045207910317,4.714045207910317,4.714045207910317,4.714045207910317,4.714045207910317,33.0,4.714045207910317,54.46915538989832,40.79487985301859,79.67154796761234,18.227726133558185,4.714045207910317,13.18935872866719,30.552250326285296,33.0,48.530631792943126,33.0,
4.714045207910317,4.714045207910317,4.714045207910317,4.714045207910317,4.714045207910317,4.714045207910317,4.714045207910317,4.714045207910317,4.714045207910317,4.714045207910317,4.714045207910317,4.714045207910317,54.322084725173134,48.62326832106437,54.46915538989832,4.714045207910317,9.99999999E8,28.99568933479596,22.2764449587451,15.978283873919489,39.93666861419465,4.714045207910317,41.4620554340511,4.714045207910317,
4.714045207910317,4.714045207910317,4.714045207910317,4.714045207910317,4.714045207910317,4.714045207910317,4.714045207910317,4.714045207910317,4.714045207910317,4.714045207910317,4.714045207910317,4.714045207910317,33.0,4.714045207910317,80.3755076016458,47.04843839656695,18.227726133558185,4.714045207910317,4.714045207910317,27.427176303804956,53.63068151720618,24.513035081133648,53.90320542932076,54.46915538989832,
4.714045207910317,4.714045207910317,4.714045207910317,4.714045207910317,4.714045207910317,4.714045207910317,4.714045207910317,4.714045207910317,4.714045207910317,4.714045207910317,4.714045207910317,4.714045207910317,28.39992175263086,80.0,40.79487985301859,12.519984025548915,28.341665441536776,4.714045207910317,48.62326832106437,34.7597468345211,39.852728890252926,4.714045207910317,39.2626483512709,4.714045207910317,
4.714045207910317,4.714045207910317,4.714045207910317,4.714045207910317,4.714045207910317,4.714045207910317,4.714045207910317,4.714045207910317,4.714045207910317,4.714045207910317,4.714045207910317,4.714045207910317,37.059951430081504,39.669553430657054,17.434448657758008,27.986107664736483,33.0,33.0,37.5085175512028,4.714045207910317,54.46915538989832,48.62326832106437,28.49951266639874,15.005332385522156,
4.714045207910317,4.714045207910317,4.714045207910317,4.714045207910317,4.714045207910317,4.714045207910317,4.714045207910317,4.714045207910317,4.714045207910317,4.714045207910317,4.714045207910317,4.714045207910317,33.0,4.714045207910317,40.56168142471414,17.30767331432956,4.714045207910317,22.477766792989023,4.714045207910317,14.281128011608558,53.90320542932076,37.059951430081504,43.01441618806421,31.126980079810004,
4.714045207910317,4.714045207910317,4.714045207910317,4.714045207910317,4.714045207910317,4.714045207910317,4.714045207910317,4.714045207910317,4.714045207910317,4.714045207910317,4.714045207910317,4.714045207910317,4.714045207910317,16.90229274388537,4.714045207910317,47.51374070261733,72.46550903705845,47.00716402196324,38.625887480722945,56.66470584842816,85.0,40.79487985301859,28.99568933479596,4.714045207910317,
4.714045207910317,4.714045207910317,4.714045207910317,4.714045207910317,4.714045207910317,4.714045207910317,4.714045207910317,4.714045207910317,4.714045207910317,4.714045207910317,4.714045207910317,4.714045207910317,4.714045207910317,33.0,34.39840112563373,4.714045207910317,4.714045207910317,17.61923664634765,22.477766792989023,20.0,4.714045207910317,15.157836257197134,53.63068151720618,19.46506842754191,
4.714045207910317,4.714045207910317,4.714045207910317,4.714045207910317,4.714045207910317,4.714045207910317,4.714045207910317,4.714045207910317,4.714045207910317,4.714045207910317,4.714045207910317,4.714045207910317,28.674417556808756,30.315672514394265,37.97696670351649,54.46915538989832,42.50588194591426,34.39840112563373,33.0,18.91225712039034,56.66470584842816,22.477766792989023,22.477766792989023,9.99999999E8,
4.714045207910317,4.714045207910317,4.714045207910317,4.714045207910317,4.714045207910317,4.714045207910317,4.714045207910317,4.714045207910317,4.714045207910317,4.714045207910317,4.714045207910317,4.714045207910317,40.927252534222234,4.714045207910317,48.62326832106437,4.714045207910317,19.46506842754191,4.714045207910317,48.153400710645556,48.530631792943126,30.315672514394265,41.4393800897434,22.477766792989023,54.41405047309829,
4.714045207910317,4.714045207910317,4.714045207910317,4.714045207910317,4.714045207910317,4.714045207910317,4.714045207910317,4.714045207910317,4.714045207910317,4.714045207910317,4.714045207910317,4.714045207910317,14.411367041332339,48.62326832106437,4.714045207910317,47.04843839656695,82.0,33.0,13.618818679394415,4.714045207910317,22.477766792989023,4.714045207910317,54.322084725173134,77.54711829304526,
4.714045207910317,4.714045207910317,4.714045207910317,4.714045207910317,4.714045207910317,4.714045207910317,4.714045207910317,4.714045207910317,4.714045207910317,4.714045207910317,4.714045207910317,4.714045207910317,25.971727171000733,4.714045207910317,42.09125169661452,20.783627779419774,31.42992204890111,4.714045207910317,35.4432253360529,33.0,4.714045207910317,16.560495161679196,4.714045207910317,4.714045207910317,
4.714045207910317,4.714045207910317,4.714045207910317,4.714045207910317,4.714045207910317,4.714045207910317,4.714045207910317,4.714045207910317,4.714045207910317,4.714045207910317,4.714045207910317,4.714045207910317,39.2626483512709,17.46539435569664,28.045597792800844,4.714045207910317,34.39840112563373,4.714045207910317,4.714045207910317,33.0,13.415372608400494,4.714045207910317,27.28094573140748,4.714045207910317,
4.714045207910317,4.714045207910317,4.714045207910317,4.714045207910317,4.714045207910317,4.714045207910317,4.714045207910317,4.714045207910317,4.714045207910317,4.714045207910317,4.714045207910317,4.714045207910317,4.714045207910317,4.714045207910317,4.714045207910317,40.359495647107494,22.477766792989023,15.580757362849855,4.714045207910317,4.714045207910317,19.46506842754191,4.714045207910317,15.14212503637729,33.0,
4.714045207910317,4.714045207910317,4.714045207910317,4.714045207910317,4.714045207910317,4.714045207910317,4.714045207910317,4.714045207910317,4.714045207910317,4.714045207910317,4.714045207910317,4.714045207910317,4.714045207910317,4.714045207910317,33.0,7.0,4.714045207910317,33.0,29.870386673091463,4.714045207910317,4.714045207910317,7.0,18.082035283673132,40.79487985301859,
4.714045207910317,4.714045207910317,4.714045207910317,4.714045207910317,4.714045207910317,4.714045207910317,4.714045207910317,4.714045207910317,4.714045207910317,4.714045207910317,4.714045207910317,4.714045207910317,17.30767331432956,34.39840112563373,53.621357685161236,80.0,4.714045207910317,38.77354452590117,33.0,38.01644381054072,37.5085175512028,35.4432253360529,21.891779278989635,4.714045207910317,
4.714045207910317,4.714045207910317,4.714045207910317,4.714045207910317,4.714045207910317,4.714045207910317,4.714045207910317,4.714045207910317,4.714045207910317,4.714045207910317,4.714045207910317,4.714045207910317,29.990665214362952,27.56608221871379,45.09157349217257,33.0,4.714045207910317,49.455928753678144,4.714045207910317,36.40109888451171,28.454761805148802,31.289614890567126,63.86117756509036,15.290701604424683,
4.714045207910317,4.714045207910317,4.714045207910317,4.714045207910317,4.714045207910317,4.714045207910317,4.714045207910317,4.714045207910317,4.714045207910317,4.714045207910317,4.714045207910317,4.714045207910317,37.5085175512028,37.059951430081504,4.714045207910317,16.719914938645935,80.0,43.176961449365564,14.647715028479887,4.714045207910317,33.0,79.67154796761234,63.86117756509036,18.021098745637016,
4.714045207910317,4.714045207910317,4.714045207910317,4.714045207910317,4.714045207910317,4.714045207910317,4.714045207910317,4.714045207910317,4.714045207910317,4.714045207910317,4.714045207910317,4.714045207910317,15.06559730718375,4.714045207910317,4.714045207910317,4.714045207910317,12.699761833092932,42.800000000000004,54.46915538989832,33.0,40.30577570963689,4.714045207910317,33.0,28.99568933479596,
4.714045207910317,4.714045207910317,4.714045207910317,4.714045207910317,4.714045207910317,4.714045207910317,4.714045207910317,4.714045207910317,4.714045207910317,4.714045207910317,4.714045207910317,4.714045207910317,4.714045207910317,27.457922354031087,88.0,18.48675201326615,40.55551750378732,17.469616481193857,45.397549493337195,18.227726133558185,33.0,13.618818679394415,4.714045207910317,18.909139471577113,
4.714045207910317,4.714045207910317,4.714045207910317,4.714045207910317,4.714045207910317,4.714045207910317,4.714045207910317,4.714045207910317,4.714045207910317,4.714045207910317,4.714045207910317,4.714045207910317,22.477766792989023,4.714045207910317,41.00439000887588,31.85514087239295,38.36991008589934,19.077714319945912,28.99568933479596,20.56846441509579,36.362755671153415,53.90320542932076,4.714045207910317,4.714045207910317,
4.714045207910317,4.714045207910317,4.714045207910317,4.714045207910317,4.714045207910317,4.714045207910317,4.714045207910317,4.714045207910317,4.714045207910317,4.714045207910317,4.714045207910317,4.714045207910317,4.714045207910317,31.395437079100443,49.60483847368118,49.731501306739396,13.317657451669195,20.886598574205422,48.62326832106437,54.46915538989832,6.944222218666553,47.51374070261733,4.714045207910317,4.714045207910317,
4.714045207910317,4.714045207910317,4.714045207910317,4.714045207910317,4.714045207910317,4.714045207910317,4.714045207910317,4.714045207910317,4.714045207910317,4.714045207910317,4.714045207910317,4.714045207910317,4.714045207910317,27.427176303804956,33.0,87.0,33.0,4.714045207910317,33.0,47.04843839656695,4.714045207910317,24.038302768706448,32.09735191569548,26.706740722147284,
4.714045207910317,4.714045207910317,4.714045207910317,4.714045207910317,4.714045207910317,4.714045207910317,4.714045207910317,4.714045207910317,4.714045207910317,4.714045207910317,4.714045207910317,4.714045207910317,31.431473080337803,9.99999999E8,43.060680698547046,4.714045207910317,4.714045207910317,42.50588194591426,17.362955457589074,22.477766792989023,14.411367041332339,9.99999999E8,27.950352810335367,41.72577141288104,
4.714045207910317,4.714045207910317,4.714045207910317,4.714045207910317,4.714045207910317,4.714045207910317,4.714045207910317,4.714045207910317,4.714045207910317,4.714045207910317,4.714045207910317,4.714045207910317,56.66470584842816,31.5079355083763,17.30767331432956,34.94018211931089,48.62326832106437,42.354325503883175,4.714045207910317,33.302252176091635,55.51176051572815,22.2764449587451,33.0,4.714045207910317,
4.714045207910317,4.714045207910317,4.714045207910317,4.714045207910317,4.714045207910317,4.714045207910317,4.714045207910317,4.714045207910317,4.714045207910317,4.714045207910317,4.714045207910317,4.714045207910317,35.4432253360529,32.57970994346021,47.04843839656695,9.99999999E8,4.714045207910317,4.714045207910317,4.714045207910317,33.95953474357386,4.714045207910317,14.411367041332339,79.67154796761234,52.511332110316914,
4.714045207910317,4.714045207910317,4.714045207910317,4.714045207910317,4.714045207910317,4.714045207910317,4.714045207910317,4.714045207910317,4.714045207910317,4.714045207910317,4.714045207910317,4.714045207910317,4.714045207910317,42.354325503883175,18.227726133558185,24.038302768706448,75.46448760104906,41.71966697188387,22.477766792989023,47.51374070261733,4.714045207910317,25.32894698868383,4.714045207910317,17.98627734800913,
4.714045207910317,4.714045207910317,4.714045207910317,4.714045207910317,4.714045207910317,4.714045207910317,4.714045207910317,4.714045207910317,4.714045207910317,4.714045207910317,4.714045207910317,4.714045207910317,55.233594849511654,32.57970994346021,26.062425059844298,4.714045207910317,17.47631218544993,37.985377303495206,4.714045207910317,22.477766792989023,32.066257935081595,16.560495161679196,4.714045207910317,16.884964933819866,
4.714045207910317,4.714045207910317,4.714045207910317,4.714045207910317,4.714045207910317,4.714045207910317,4.714045207910317,4.714045207910317,4.714045207910317,4.714045207910317,4.714045207910317,4.714045207910317,22.477766792989023,15.06559730718375,33.0,30.621454397003337,9.99999999E8,33.0,4.714045207910317,47.51374070261733,22.477766792989023,33.0,4.714045207910317,33.0,
4.714045207910317,4.714045207910317,4.714045207910317,4.714045207910317,4.714045207910317,4.714045207910317,4.714045207910317,4.714045207910317,4.714045207910317,4.714045207910317,4.714045207910317,4.714045207910317,15.312485827657841,88.0,52.33201696858244,43.009766332776096,22.477766792989023,48.530631792943126,4.714045207910317,52.47704259959778,33.0,4.714045207910317,34.360442372006794,28.99568933479596,
4.714045207910317,4.714045207910317,4.714045207910317,4.714045207910317,4.714045207910317,4.714045207910317,4.714045207910317,4.714045207910317,4.714045207910317,4.714045207910317,4.714045207910317,4.714045207910317,33.0,17.136903728146315,4.714045207910317,4.714045207910317,37.5085175512028,4.714045207910317,4.714045207910317,4.714045207910317,4.714045207910317,82.0,30.17863482664516,4.714045207910317,
4.714045207910317,4.714045207910317,4.714045207910317,4.714045207910317,4.714045207910317,4.714045207910317,4.714045207910317,4.714045207910317,4.714045207910317,4.714045207910317,4.714045207910317,4.714045207910317,44.73742840173092,67.9231591988738,17.30767331432956,51.01780401517309,4.714045207910317,28.99568933479596,4.714045207910317,17.94917378338549,35.152147436362334,40.28259549731124,19.154343864744856,26.062425059844298,
4.714045207910317,4.714045207910317,4.714045207910317,4.714045207910317,4.714045207910317,4.714045207910317,4.714045207910317,4.714045207910317,4.714045207910317,4.714045207910317,4.714045207910317,4.714045207910317,4.714045207910317,27.729722321004225,4.714045207910317,36.554373503347335,87.0,4.714045207910317,22.477766792989023,28.674417556808756,32.05473713571063,22.477766792989023,22.477766792989023,4.714045207910317,
4.714045207910317,4.714045207910317,4.714045207910317,4.714045207910317,4.714045207910317,4.714045207910317,4.714045207910317,4.714045207910317,4.714045207910317,4.714045207910317,4.714045207910317,4.714045207910317,33.0,12.519984025548915,22.477766792989023,4.714045207910317,25.72072229848057,47.51374070261733,28.778850258865834,4.714045207910317,4.714045207910317,47.78116783838587,4.714045207910317,4.714045207910317,
4.714045207910317,4.714045207910317,4.714045207910317,4.714045207910317,4.714045207910317,4.714045207910317,4.714045207910317,4.714045207910317,4.714045207910317,4.714045207910317,4.714045207910317,4.714045207910317,25.024987512484397,47.04843839656695,22.477766792989023,48.62326832106437,15.936340299728801,13.067516979135709,4.714045207910317,34.39840112563373,33.0,4.714045207910317,28.99568933479596,34.2182537381569,
4.714045207910317,4.714045207910317,4.714045207910317,4.714045207910317,4.714045207910317,4.714045207910317,4.714045207910317,4.714045207910317,4.714045207910317,4.714045207910317,4.714045207910317,4.714045207910317,20.886598574205422,22.477766792989023,4.714045207910317,9.99999999E8,34.23813663153998,15.420282875710877,40.83163261764366,20.951372270092477,33.0,22.477766792989023,39.91475291167415,4.714045207910317,
4.714045207910317,4.714045207910317,4.714045207910317,4.714045207910317,4.714045207910317,4.714045207910317,4.714045207910317,4.714045207910317,4.714045207910317,4.714045207910317,4.714045207910317,4.714045207910317,52.465607782622705,9.99999999E8,4.714045207910317,40.79487985301859,57.74272440941994,28.99568933479596,74.1940024530285,33.8263539599263,56.66470584842816,17.30767331432956,39.91475291167415,7.0,
4.714045207910317,4.714045207910317,4.714045207910317,4.714045207910317,4.714045207910317,4.714045207910317,4.714045207910317,4.714045207910317,4.714045207910317,4.714045207910317,4.714045207910317,4.714045207910317,33.36746551810672,47.35652014242601,4.714045207910317,22.477766792989023,36.362755671153415,6.944222218666553,4.714045207910317,44.52808102759426,44.98266332710859,88.0,30.17863482664516,22.477766792989023,
4.714045207910317,4.714045207910317,4.714045207910317,4.714045207910317,4.714045207910317,4.714045207910317,4.714045207910317,4.714045207910317,4.714045207910317,4.714045207910317,4.714045207910317,4.714045207910317,38.34892436561944,20.22992832414391,27.986107664736483,79.67154796761234,65.25212640213344,48.62326832106437,4.714045207910317,22.477766792989023,15.831578850161751,34.23813663153998,33.0,4.714045207910317,
4.714045207910317,4.714045207910317,4.714045207910317,4.714045207910317,4.714045207910317,4.714045207910317,4.714045207910317,4.714045207910317,4.714045207910317,4.714045207910317,4.714045207910317,4.714045207910317,4.714045207910317,4.714045207910317,35.00357124637428,53.61669516111563,66.71611499480467,4.714045207910317,12.519984025548915,4.714045207910317,34.23813663153998,4.714045207910317,78.29147817965602,26.31064423384574,
4.714045207910317,4.714045207910317,4.714045207910317,4.714045207910317,4.714045207910317,4.714045207910317,4.714045207910317,4.714045207910317,4.714045207910317,4.714045207910317,4.714045207910317,4.714045207910317,47.04843839656695,36.362755671153415,4.714045207910317,40.79487985301859,55.1656596081294,22.477766792989023,28.674417556808756,25.715441870932022,26.062425059844298,12.786312835151788,26.31064423384574,31.526774335475555,
4.714045207910317,4.714045207910317,4.714045207910317,4.714045207910317,4.714045207910317,4.714045207910317,4.714045207910317,4.714045207910317,4.714045207910317,4.714045207910317,4.714045207910317,4.714045207910317,77.0,40.017995951821476,62.77141068989927,4.714045207910317,4.714045207910317,26.31064423384574,33.80170935848593,4.714045207910317,47.04843839656695,48.32068800098865,28.5,4.714045207910317,
4.714045207910317,4.714045207910317,4.714045207910317,4.714045207910317,4.714045207910317,4.714045207910317,4.714045207910317,4.714045207910317,4.714045207910317,4.714045207910317,4.714045207910317,4.714045207910317,53.90320542932076,34.25719713513578,4.714045207910317,37.5085175512028,85.0,17.82493744902709,4.714045207910317,14.411367041332339,9.99999999E8,79.67154796761234,17.799986128445145,16.97608612136496,
4.714045207910317,4.714045207910317,4.714045207910317,4.714045207910317,4.714045207910317,4.714045207910317,4.714045207910317,4.714045207910317,4.714045207910317,4.714045207910317,4.714045207910317,4.714045207910317,12.519984025548915,53.45325060274632,33.750585784787894,48.32068800098865,40.330578418311276,62.328876846040544,33.284964907430634,35.64952859280034,42.921323371955815,33.0,4.714045207910317,33.0,
4.714045207910317,4.714045207910317,4.714045207910317,4.714045207910317,4.714045207910317,4.714045207910317,4.714045207910317,4.714045207910317,4.714045207910317,4.714045207910317,4.714045207910317,4.714045207910317,34.517242068276545,4.714045207910317,22.477766792989023,79.67154796761234,17.286975044027788,5.436502143433364,54.46915538989832,4.714045207910317,33.0,17.899582724979798,34.94338277843174,4.714045207910317,
4.714045207910317,4.714045207910317,4.714045207910317,4.714045207910317,4.714045207910317,4.714045207910317,4.714045207910317,4.714045207910317,4.714045207910317,4.714045207910317,4.714045207910317,4.714045207910317,4.714045207910317,33.0,14.411367041332339,4.714045207910317,33.0,37.24543223298962,33.0,31.85514087239295,14.411367041332339,4.714045207910317,14.411367041332339,54.96867794986118,
4.714045207910317,4.714045207910317,4.714045207910317,4.714045207910317,4.714045207910317,4.714045207910317,4.714045207910317,4.714045207910317,4.714045207910317,4.714045207910317,4.714045207910317,4.714045207910317,22.943301020742304,24.397745797511703,33.0,22.477766792989023,39.2626483512709,4.714045207910317,4.714045207910317,4.714045207910317,47.51374070261733,16.97608612136496,33.0,14.521571301269404,
4.714045207910317,4.714045207910317,4.714045207910317,4.714045207910317,4.714045207910317,4.714045207910317,4.714045207910317,4.714045207910317,4.714045207910317,4.714045207910317,4.714045207910317,4.714045207910317,46.59442026680877,17.30767331432956,4.714045207910317,4.714045207910317,4.714045207910317,48.32068800098865,80.0,4.714045207910317,46.59442026680877,14.571567469301188,82.49579113843053,14.647715028479887,
4.714045207910317,4.714045207910317,4.714045207910317,4.714045207910317,4.714045207910317,4.714045207910317,4.714045207910317,4.714045207910317,4.714045207910317,4.714045207910317,4.714045207910317,4.714045207910317,30.44256887977754,33.0,25.979992301769453,4.714045207910317,15.816447135814036,54.46915538989832,12.519984025548915,4.714045207910317,48.32068800098865,35.4432253360529,45.38967087589667,79.67154796761234,
4.714045207910317,4.714045207910317,4.714045207910317,4.714045207910317,4.714045207910317,4.714045207910317,4.714045207910317,4.714045207910317,4.714045207910317,4.714045207910317,4.714045207910317,4.714045207910317,23.44866733953126,28.99568933479596,4.714045207910317,62.3942305025072,14.83988619303471,33.0,52.507523270480014,15.479124839122008,51.13355062969909,22.477766792989023,21.55081204966532,54.46915538989832,
4.714045207910317,4.714045207910317,4.714045207910317,4.714045207910317,4.714045207910317,4.714045207910317,4.714045207910317,4.714045207910317,4.714045207910317,4.714045207910317,4.714045207910317,4.714045207910317,34.14948755105997,17.00408447664528,48.153400710645556,53.90320542932076,27.243755655603398,47.51374070261733,4.714045207910317,14.411367041332339,4.714045207910317,71.29905718560067,35.4432253360529,4.714045207910317,
4.714045207910317,4.714045207910317,4.714045207910317,4.714045207910317,4.714045207910317,4.714045207910317,4.714045207910317,4.714045207910317,4.714045207910317,4.714045207910317,4.714045207910317,4.714045207910317,53.67727638395972,12.519984025548915,4.714045207910317,52.26136240091718,4.714045207910317,28.397843227963634,33.0,25.30316185775999,33.0,25.803875677889938,20.886598574205422,85.0,
4.714045207910317,4.714045207910317,4.714045207910317,4.714045207910317,4.714045207910317,4.714045207910317,4.714045207910317,4.714045207910317,4.714045207910317,4.714045207910317,4.714045207910317,4.714045207910317,4.714045207910317,4.714045207910317,48.62326832106437,33.0,33.0,30.17863482664516,17.00408447664528,4.714045207910317,4.714045207910317,14.661931053658048,4.714045207910317,4.714045207910317,
4.714045207910317,4.714045207910317,4.714045207910317,4.714045207910317,4.714045207910317,4.714045207910317,4.714045207910317,4.714045207910317,4.714045207910317,4.714045207910317,4.714045207910317,4.714045207910317,7.0,4.714045207910317,4.714045207910317,4.714045207910317,30.17863482664516,26.509432283623127,4.714045207910317,4.714045207910317,39.85285435197835,14.290312024286917,12.519984025548915,77.0,
4.714045207910317,4.714045207910317,4.714045207910317,4.714045207910317,4.714045207910317,4.714045207910317,4.714045207910317,4.714045207910317,4.714045207910317,4.714045207910317,4.714045207910317,4.714045207910317,33.0,18.227726133558185,32.40713227396436,22.477766792989023,58.01585990054789,4.714045207910317,54.46915538989832,17.30767331432956,42.79310692155922,37.40839150647941,32.48673198556667,28.5,
