18.60771113222276,41.38888739746455,46.47096965211898,34.17317011275886,32.96070635264521,47.401359567937384,25.82029240732955,69.56212251569735,31.00224006243563,55.9704162928953,25.60373059552383,35.34384670632216,29.370212375806886,16.526914076405458,45.60488521590155,37.74218094151718,21.01917114340039,37.74218094151718,36.14747570716384,32.83912549483171,30.444849956747838,44.70301304162842,58.383559329660606,58.33999961909115,
16.526914076405458,18.60771113222276,21.01917114340039,25.60373059552383,25.82029240732955,29.370212375806886,30.444849956747838,31.00224006243563,32.83912549483171,32.96070635264521,34.17317011275886,35.34384670632216,64.83199441633737,22.07055447876197,34.97340259238281,25.82029240732955,33.96771342842429,36.594910848367974,29.980085983124795,53.39182989933947,46.951807443614165,12.72239659026553,35.56947427219019,74.5,
12.72239659026553,16.526914076405458,18.60771113222276,21.01917114340039,22.07055447876197,25.60373059552383,25.82029240732955,25.82029240732955,29.370212375806886,29.980085983124795,30.444849956747838,31.00224006243563,18.33328598478734,13.526994930018073,19.344824171395878,35.99222138184861,34.55198981245508,44.175470820606115,49.43925565782721,42.516908401246674,27.936932942293833,14.14646418648815,49.9355139710763,37.50296284591688,
12.72239659026553,13.526994930018073,14.14646418648815,16.526914076405458,18.33328598478734,18.60771113222276,19.344824171395878,21.01917114340039,22.07055447876197,25.60373059552383,25.82029240732955,25.82029240732955,23.454410566032138,47.18249145604755,19.344824171395878,19.45146202731301,56.4311281317521,27.273370431501082,36.16960049544368,49.9355139710763,13.74261165135652,30.201637188882472,55.9704162928953,30.11125204969066,
12.72239659026553,13.526994930018073,13.74261165135652,14.14646418648815,16.526914076405458,18.33328598478734,18.60771113222276,19.344824171395878,19.344824171395878,19.45146202731301,21.01917114340039,22.07055447876197,21.66912597240976,36.092104399716014,38.76390073251142,20.105720578979508,26.930750196057463,30.503592178667567,14.14646418648815,39.30825471690252,18.7533330370897,34.244618227555414,28.848570155208733,12.29899614287479,
12.29899614287479,12.72239659026553,13.526994930018073,13.74261165135652,14.14646418648815,14.14646418648815,16.526914076405458,18.33328598478734,18.60771113222276,18.7533330370897,19.344824171395878,19.344824171395878,65.45752439559566,22.452380163359074,52.77204647243547,25.82029240732955,18.91056252468445,16.396931877641013,29.328124537530336,47.401359567937384,44.07220637771611,16.833241657249445,56.29109609876148,35.856484769146014,
12.29899614287479,12.72239659026553,13.526994930018073,13.74261165135652,14.14646418648815,14.14646418648815,16.396931877641013,16.526914076405458,16.833241657249445,18.33328598478734,18.60771113222276,18.7533330370897,53.312170280340304,35.16350696705638,52.55651719815536,31.887388660026016,19.052023300340956,56.331052715176554,13.526994930018073,55.25898619731958,58.33999961909115,17.658899588985648,27.397810131468535,45.09491124736984,
12.29899614287479,12.72239659026553,13.526994930018073,13.526994930018073,13.74261165135652,14.14646418648815,14.14646418648815,16.396931877641013,16.526914076405458,16.833241657249445,17.658899588985648,18.33328598478734,28.457082695799226,13.74261165135652,16.34825085819425,35.470938809115275,37.50296284591688,15.530936868070773,15.95650337636664,39.53084238920289,16.33418365133549,14.127287316168673,28.956384826532165,28.295582694123834,
12.29899614287479,12.72239659026553,13.526994930018073,13.526994930018073,13.74261165135652,13.74261165135652,14.127287316168673,14.14646418648815,14.14646418648815,15.530936868070773,15.95650337636664,16.33418365133549,13.6390868960508,36.0572107764812,56.884141511985185,28.709580282546803,16.639091772089003,28.172459956489423,27.48728834221672,47.18249145604755,38.58808106138474,64.85512701398402,14.14646418648815,22.557911583300438,
12.29899614287479,12.72239659026553,13.526994930018073,13.526994930018073,13.6390868960508,13.74261165135652,13.74261165135652,14.127287316168673,14.14646418648815,14.14646418648815,14.14646418648815,15.530936868070773,36.564731529668514,17.849649856509792,33.934510758343976,39.1817559586091,13.74261165135652,58.35957504985792,55.35058716942396,32.72582454021189,52.77204647243547,44.34681499273651,49.43925565782721,19.00365461928018,
12.29899614287479,12.72239659026553,13.526994930018073,13.526994930018073,13.6390868960508,13.74261165135652,13.74261165135652,13.74261165135652,14.127287316168673,14.14646418648815,14.14646418648815,14.14646418648815,38.58808106138474,23.14197529184065,13.74261165135652,13.526994930018073,22.947971043209897,58.33999961909115,12.844438167422298,25.33456137374397,13.401842224112325,19.070592544543548,38.58808106138474,17.0138832199537,
12.29899614287479,12.72239659026553,12.844438167422298,13.401842224112325,13.526994930018073,13.526994930018073,13.526994930018073,13.6390868960508,13.74261165135652,13.74261165135652,13.74261165135652,13.74261165135652,11.216307572260826,13.622784110216982,58.92556509887896,22.706392203817412,24.983744715314394,10.286182749472982,31.65631767877609,80.5,34.56021069474701,28.08568239433672,13.788015629524068,35.63481443756933,
10.286182749472982,11.216307572260826,12.29899614287479,12.72239659026553,12.844438167422298,13.401842224112325,13.526994930018073,13.526994930018073,13.526994930018073,13.622784110216982,13.6390868960508,13.74261165135652,13.531791270929359,25.255429806160052,15.87007797712412,41.994654664708975,13.526994930018073,74.5,14.22429536083938,80.5,80.5,22.777303518097916,16.573891442597915,20.981896959045436,
10.286182749472982,11.216307572260826,12.29899614287479,12.72239659026553,12.844438167422298,13.401842224112325,13.526994930018073,13.526994930018073,13.526994930018073,13.526994930018073,13.531791270929359,13.622784110216982,28.23189685444462,13.526994930018073,16.08396336575722,39.89786961731164,10.286182749472982,35.243990819555165,13.959800609530612,13.526994930018073,15.326890756018118,10.286182749472982,37.1777823437601,65.29080248311311,
10.286182749472982,10.286182749472982,10.286182749472982,11.216307572260826,12.29899614287479,12.72239659026553,12.844438167422298,13.401842224112325,13.526994930018073,13.526994930018073,13.526994930018073,13.526994930018073,41.05898196497326,13.526994930018073,13.073392071184646,9.642592588963545,20.981896959045436,14.861898702987155,23.271248793482552,42.23372467590326,10.286182749472982,10.286182749472982,13.526994930018073,39.48593279750257,
9.642592588963545,10.286182749472982,10.286182749472982,10.286182749472982,10.286182749472982,10.286182749472982,11.216307572260826,12.29899614287479,12.72239659026553,12.844438167422298,13.073392071184646,13.401842224112325,10.761298971571952,9.642592588963545,20.934182573007238,18.7030894655283,61.40999511480196,12.712567600606889,12.72239659026553,36.69659384738589,14.297138289367775,13.714094534051052,10.286182749472982,40.25220490855128,
9.642592588963545,9.642592588963545,10.286182749472982,10.286182749472982,10.286182749472982,10.286182749472982,10.286182749472982,10.286182749472982,10.761298971571952,11.216307572260826,12.29899614287479,12.712567600606889,18.7533330370897,35.02913073429028,42.13890719987883,50.30546689973168,22.777303518097916,53.54685150522343,48.54572586747468,47.401359567937384,36.11426311030034,76.60432247740478,13.399664936414016,28.723509534874044,
9.642592588963545,9.642592588963545,10.286182749472982,10.286182749472982,10.286182749472982,10.286182749472982,10.286182749472982,10.286182749472982,10.761298971571952,11.216307572260826,12.29899614287479,12.712567600606889,10.982229964811337,20.981896959045436,10.286182749472982,37.900820864754664,21.09597117935081,32.70835878936571,10.286182749472982,47.401359567937384,37.065347698355666,52.54700276894963,11.567435132973754,49.04901176940832,
9.642592588963545,9.642592588963545,10.286182749472982,10.286182749472982,10.286182749472982,10.286182749472982,10.286182749472982,10.286182749472982,10.286182749472982,10.286182749472982,10.761298971571952,10.982229964811337,41.19514534505249,14.119467943233555,36.594910848367974,12.815885204707746,16.825854361666156,10.286182749472982,18.845129049409262,14.075597642004116,13.631051153728224,34.55198981245508,36.594910848367974,53.821980226999784,
9.642592588963545,9.642592588963545,10.286182749472982,10.286182749472982,10.286182749472982,10.286182749472982,10.286182749472982,10.286182749472982,10.286182749472982,10.286182749472982,10.286182749472982,10.761298971571952,47.401359567937384,17.77083197646645,10.286182749472982,10.286182749472982,10.286182749472982,15.046926596484743,13.526994930018073,58.33999961909115,9.642592588963545,10.286182749472982,17.917589123540033,14.319217855735,
9.642592588963545,9.642592588963545,9.642592588963545,10.286182749472982,10.286182749472982,10.286182749472982,10.286182749472982,10.286182749472982,10.286182749472982,10.286182749472982,10.286182749472982,10.286182749472982,49.13473539383541,10.286182749472982,35.51320177060919,10.286182749472982,10.286182749472982,20.303694245136768,17.0138832199537,25.340459524027757,33.76425167774379,13.706180175380739,36.65837877885324,10.286182749472982,
9.642592588963545,9.642592588963545,9.642592588963545,10.286182749472982,10.286182749472982,10.286182749472982,10.286182749472982,10.286182749472982,10.286182749472982,10.286182749472982,10.286182749472982,10.286182749472982,18.03078963883723,21.09597117935081,16.526914076405458,36.16960049544368,15.292461378077762,47.401359567937384,10.286182749472982,9.642592588963545,35.1547916364185,9.642592588963545,15.646263309670955,47.401359567937384,
9.642592588963545,9.642592588963545,9.642592588963545,9.642592588963545,9.642592588963545,10.286182749472982,10.286182749472982,10.286182749472982,10.286182749472982,10.286182749472982,10.286182749472982,10.286182749472982,15.341382750305073,48.54572586747468,13.043099669158089,18.845129049409262,32.41357740207026,27.75319801392265,33.06895153396242,9.642592588963545,47.401359567937384,48.75128203442449,32.0537049340634,15.571519586161852,
9.642592588963545,9.642592588963545,9.642592588963545,9.642592588963545,9.642592588963545,9.642592588963545,10.286182749472982,10.286182749472982,10.286182749472982,10.286182749472982,10.286182749472982,10.286182749472982,18.86272698036534,30.63807040308987,42.6487230787384,15.571519586161852,39.20317447463775,50.31739261925243,8.546344247688598,48.75128203442449,47.401359567937384,27.343874999714288,11.654901745354936,10.286182749472982,
8.546344247688598,9.642592588963545,9.642592588963545,9.642592588963545,9.642592588963545,9.642592588963545,9.642592588963545,10.286182749472982,10.286182749472982,10.286182749472982,10.286182749472982,10.286182749472982,36.092104399716014,11.216307572260826,11.216307572260826,10.286182749472982,56.2599991112691,10.286182749472982,28.23189685444462,31.750738180395114,10.397565820902505,47.401359567937384,50.31739261925243,10.286182749472982,
8.546344247688598,9.642592588963545,9.642592588963545,9.642592588963545,9.642592588963545,9.642592588963545,9.642592588963545,10.286182749472982,10.286182749472982,10.286182749472982,10.286182749472982,10.286182749472982,13.706180175380739,10.286182749472982,36.594910848367974,39.89786961731164,58.33999961909115,41.565460420883106,15.31951369985353,35.51320177060919,40.87952791397102,58.33999961909115,13.24424403278647,47.401359567937384,
8.546344247688598,9.642592588963545,9.642592588963545,9.642592588963545,9.642592588963545,9.642592588963545,9.642592588963545,10.286182749472982,10.286182749472982,10.286182749472982,10.286182749472982,10.286182749472982,55.9704162928953,10.66796867053684,16.45277719872911,8.70663859107265,24.983744715314394,10.286182749472982,13.399664936414016,11.216307572260826,15.635607510494186,48.54572586747468,13.873435847771171,10.286182749472982,
8.546344247688598,8.70663859107265,9.642592588963545,9.642592588963545,9.642592588963545,9.642592588963545,9.642592588963545,9.642592588963545,10.286182749472982,10.286182749472982,10.286182749472982,10.286182749472982,10.286182749472982,9.642592588963545,9.642592588963545,9.642592588963545,9.642592588963545,47.6984159997886,45.567621874147726,66.91453919407617,58.33999961909115,32.7392635072935,37.31872854211408,37.73910438788923,
8.546344247688598,8.70663859107265,9.642592588963545,9.642592588963545,9.642592588963545,9.642592588963545,9.642592588963545,9.642592588963545,9.642592588963545,9.642592588963545,9.642592588963545,9.642592588963545,80.5,36.6895414114103,22.427206509878456,9.788031240017348,10.499853026602178,9.642592588963545,53.6161123171011,9.788031240017348,13.600720269042176,42.82942183826441,18.153665072253467,65.29080248311311,
8.546344247688598,8.70663859107265,9.642592588963545,9.642592588963545,9.642592588963545,9.642592588963545,9.642592588963545,9.642592588963545,9.642592588963545,9.642592588963545,9.642592588963545,9.642592588963545,11.216307572260826,74.5,34.62138067726358,9.642592588963545,33.770878315824454,20.963592779440795,30.444849956747838,23.00301912551674,13.327040181525676,69.56212251569735,23.841312112912455,9.642592588963545,
8.546344247688598,8.70663859107265,9.642592588963545,9.642592588963545,9.642592588963545,9.642592588963545,9.642592588963545,9.642592588963545,9.642592588963545,9.642592588963545,9.642592588963545,9.642592588963545,47.401359567937384,48.5,20.981896959045436,47.401359567937384,11.216307572260826,37.31273241133648,47.401359567937384,12.789849370245932,13.632314550361578,48.064956049080074,70.31516352979791,36.092104399716014,
8.546344247688598,8.70663859107265,9.642592588963545,9.642592588963545,9.642592588963545,9.642592588963545,9.642592588963545,9.642592588963545,9.642592588963545,9.642592588963545,9.642592588963545,9.642592588963545,47.401359567937384,53.6161123171011,30.944394574067136,10.286182749472982,33.86451764835217,35.87533971964586,26.75233634656981,12.506324930422451,9.642592588963545,10.286182749472982,17.617019469819517,48.54572586747468,
8.546344247688598,8.70663859107265,9.642592588963545,9.642592588963545,9.642592588963545,9.642592588963545,9.642592588963545,9.642592588963545,9.642592588963545,9.642592588963545,9.642592588963545,9.642592588963545,50.49594043089008,50.313417693494046,9.642592588963545,37.1777823437601,9.642592588963545,70.31516352979791,53.312170280340304,10.286182749472982,11.01205276605815,38.04127874939128,9.642592588963545,50.31739261925243,
8.546344247688598,8.70663859107265,9.642592588963545,9.642592588963545,9.642592588963545,9.642592588963545,9.642592588963545,9.642592588963545,9.642592588963545,9.642592588963545,9.642592588963545,9.642592588963545,34.081534889264645,8.70663859107265,9.642592588963545,9.642592588963545,10.499853026602178,58.33999961909115,30.531745773866255,56.884141511985185,17.994597954818428,28.453123675856403,24.983744715314394,36.594910848367974,
8.546344247688598,8.70663859107265,8.70663859107265,9.642592588963545,9.642592588963545,9.642592588963545,9.642592588963545,9.642592588963545,9.642592588963545,9.642592588963545,9.642592588963545,9.642592588963545,8.546344247688598,55.9704162928953,22.508664998173483,9.642592588963545,8.70663859107265,11.216307572260826,19.866904075648534,8.70663859107265,50.325341528895756,46.47838207166854,49.13473539383541,9.642592588963545,
8.546344247688598,8.546344247688598,8.70663859107265,8.70663859107265,8.70663859107265,8.70663859107265,9.642592588963545,9.642592588963545,9.642592588963545,9.642592588963545,9.642592588963545,9.642592588963545,8.70663859107265,28.172459956489423,8.70663859107265,18.153665072253467,27.516100786069522,54.32208472517314,58.92556509887896,29.736173257499026,9.642592588963545,13.0868371321129,21.969069165533618,8.70663859107265,
8.546344247688598,8.546344247688598,8.70663859107265,8.70663859107265,8.70663859107265,8.70663859107265,8.70663859107265,8.70663859107265,8.70663859107265,9.642592588963545,9.642592588963545,9.642592588963545,58.92556509887896,22.312328430712917,12.574155041194617,15.000333329629711,25.91215930793881,58.33999961909115,27.405109012737025,8.546344247688598,39.18784888201954,20.105720578979508,26.984949508939238,8.70663859107265,
8.546344247688598,8.546344247688598,8.546344247688598,8.70663859107265,8.70663859107265,8.70663859107265,8.70663859107265,8.70663859107265,8.70663859107265,8.70663859107265,8.70663859107265,9.642592588963545,20.963592779440795,8.2015429110899,8.546344247688598,13.59022497518099,31.799174517587716,50.903708116403465,8.546344247688598,15.348623616258894,22.312328430712917,25.2503514215858,74.5,37.065347698355666,
8.2015429110899,8.546344247688598,8.546344247688598,8.546344247688598,8.546344247688598,8.546344247688598,8.70663859107265,8.70663859107265,8.70663859107265,8.70663859107265,8.70663859107265,8.70663859107265,18.889297381203875,26.337947907914163,48.5,33.84974971185984,8.2015429110899,34.62206666275137,19.149086140074676,21.712669112755346,47.401359567937384,13.728518573474059,16.415609102991645,19.561186058110074,
8.2015429110899,8.2015429110899,8.546344247688598,8.546344247688598,8.546344247688598,8.546344247688598,8.546344247688598,8.70663859107265,8.70663859107265,8.70663859107265,8.70663859107265,8.70663859107265,8.546344247688598,30.944394574067136,12.12995475956674,47.6984159997886,11.889464874417182,10.089720964219103,25.17315037892556,8.2015429110899,10.01795263514457,48.5,18.909019551742052,27.123559869604136,
8.2015429110899,8.2015429110899,8.2015429110899,8.546344247688598,8.546344247688598,8.546344247688598,8.546344247688598,8.546344247688598,8.546344247688598,8.70663859107265,8.70663859107265,8.70663859107265,51.67419300020294,14.299270463994628,8.546344247688598,12.732731402946968,17.0138832199537,9.67923034130297,51.67419300020294,9.67923034130297,8.2015429110899,11.393224107141734,52.97018029042378,19.12604390760294,
8.2015429110899,8.2015429110899,8.2015429110899,8.2015429110899,8.546344247688598,8.546344247688598,8.546344247688598,8.546344247688598,8.546344247688598,8.546344247688598,8.546344247688598,8.70663859107265,65.29080248311311,8.546344247688598,12.50632493042245,41.05898196497326,8.70663859107265,8.546344247688598,8.2015429110899,8.546344247688598,20.72890493972125,9.788031240017348,34.827856549560074,37.318092127009926,
8.2015429110899,8.2015429110899,8.2015429110899,8.2015429110899,8.2015429110899,8.546344247688598,8.546344247688598,8.546344247688598,8.546344247688598,8.546344247688598,8.546344247688598,8.546344247688598,9.386659416427124,37.31872854211408,26.337947907914163,37.31872854211408,10.286182749472982,10.154278654833144,8.2015429110899,26.75233634656981,13.728518573474059,8.2015429110899,80.5,9.850888284819801,
8.2015429110899,8.2015429110899,8.2015429110899,8.2015429110899,8.2015429110899,8.2015429110899,8.2015429110899,8.546344247688598,8.546344247688598,8.546344247688598,8.546344247688598,8.546344247688598,52.98528097500286,12.149459864537189,27.086666461563706,55.76457208658558,8.546344247688598,27.769387621783974,18.06854233805877,21.905692753254804,42.23372467590326,8.2015429110899,8.2015429110899,8.2015429110899,
8.2015429110899,8.2015429110899,8.2015429110899,8.2015429110899,8.2015429110899,8.2015429110899,8.2015429110899,8.2015429110899,8.2015429110899,8.2015429110899,8.546344247688598,8.546344247688598,48.97760259093492,13.327016732937645,8.2015429110899,55.431827500092396,20.105720578979508,8.2015429110899,19.561186058110074,8.2015429110899,8.2015429110899,9.991833400026119,55.4396568852618,39.46059919576601,
8.2015429110899,8.2015429110899,8.2015429110899,8.2015429110899,8.2015429110899,8.2015429110899,8.2015429110899,8.2015429110899,8.2015429110899,8.2015429110899,8.2015429110899,8.2015429110899,47.401359567937384,54.01440137181524,58.33999961909115,10.382945418115012,54.01440137181524,58.92556509887896,8.2015429110899,58.33999961909115,58.33999961909115,20.105720578979508,74.5,8.70663859107265,
8.2015429110899,8.2015429110899,8.2015429110899,8.2015429110899,8.2015429110899,8.2015429110899,8.2015429110899,8.2015429110899,8.2015429110899,8.2015429110899,8.2015429110899,8.2015429110899,8.2015429110899,22.312328430712917,48.09856777724491,11.889464874417182,30.944394574067136,8.2015429110899,8.2015429110899,14.20582822490669,33.76146819517595,30.444849956747838,13.238780386517822,9.116434335857413,
8.2015429110899,8.2015429110899,8.2015429110899,8.2015429110899,8.2015429110899,8.2015429110899,8.2015429110899,8.2015429110899,8.2015429110899,8.2015429110899,8.2015429110899,8.2015429110899,32.79559452743864,8.2015429110899,8.964339072123499,30.944394574067136,9.788031240017348,24.983744715314394,47.401359567937384,12.631350696111767,8.809618323173826,44.58836674492117,9.788031240017348,26.337947907914163,
8.2015429110899,8.2015429110899,8.2015429110899,8.2015429110899,8.2015429110899,8.2015429110899,8.2015429110899,8.2015429110899,8.2015429110899,8.2015429110899,8.2015429110899,8.2015429110899,11.393224107141734,10.397565820902505,10.382945418115012,9.642592588963545,58.92556509887896,15.842335428740759,67.16165200469685,8.2015429110899,13.409325113517086,8.998866141727785,9.642592588963545,58.92556509887896,
8.2015429110899,8.2015429110899,8.2015429110899,8.2015429110899,8.2015429110899,8.2015429110899,8.2015429110899,8.2015429110899,8.2015429110899,8.2015429110899,8.2015429110899,8.2015429110899,10.19924954876704,30.539996038386963,34.66756409094818,8.2015429110899,8.2015429110899,18.889297381203875,25.17315037892556,8.2015429110899,15.592911494935413,8.2015429110899,74.5,10.621205204683694,
8.2015429110899,8.2015429110899,8.2015429110899,8.2015429110899,8.2015429110899,8.2015429110899,8.2015429110899,8.2015429110899,8.2015429110899,8.2015429110899,8.2015429110899,8.2015429110899,9.116434335857413,8.2015429110899,27.52221325079475,18.986106031048656,8.2015429110899,46.016905106227604,58.33999961909115,50.49594043089008,8.2015429110899,19.4381069037085,28.172459956489423,20.105720578979508,
8.2015429110899,8.2015429110899,8.2015429110899,8.2015429110899,8.2015429110899,8.2015429110899,8.2015429110899,8.2015429110899,8.2015429110899,8.2015429110899,8.2015429110899,8.2015429110899,9.456293544687886,11.393224107141734,47.18249145604755,10.382945418115012,10.53155165428692,30.91697551507909,8.2015429110899,58.33999961909115,8.506431390424542,8.2015429110899,9.855749716238526,18.889297381203875,
8.2015429110899,8.2015429110899,8.2015429110899,8.2015429110899,8.2015429110899,8.2015429110899,8.2015429110899,8.2015429110899,8.2015429110899,8.2015429110899,8.2015429110899,8.2015429110899,33.96817237788747,47.52039036034952,22.07055447876197,27.769387621783974,8.809618323173826,8.70663859107265,27.947092872068108,8.964339072123499,23.66938951472978,13.237812108558106,47.18249145604755,9.642592588963545,
8.2015429110899,8.2015429110899,8.2015429110899,8.2015429110899,8.2015429110899,8.2015429110899,8.2015429110899,8.2015429110899,8.2015429110899,8.2015429110899,8.2015429110899,8.2015429110899,65.29080248311311,8.809618323173826,34.47621462689894,8.2015429110899,27.769387621783974,33.86451764835217,8.2015429110899,13.371985641631538,35.63481443756933,29.28890574944718,27.947092872068108,51.67419300020294,
8.2015429110899,8.2015429110899,8.2015429110899,8.2015429110899,8.2015429110899,8.2015429110899,8.2015429110899,8.2015429110899,8.2015429110899,8.2015429110899,8.2015429110899,8.2015429110899,8.2015429110899,28.09754833116623,10.493924384118262,7.987644780271745,19.4381069037085,32.39116391857508,8.2015429110899,54.7004468801571,8.2015429110899,47.401359567937384,8.2015429110899,18.777912557044242,
7.987644780271745,8.2015429110899,8.2015429110899,8.2015429110899,8.2015429110899,8.2015429110899,8.2015429110899,8.2015429110899,8.2015429110899,8.2015429110899,8.2015429110899,8.2015429110899,12.506324930422451,49.53624935337757,9.570961591455895,8.2015429110899,50.49594043089008,9.116434335857413,34.58670264711569,25.73174010788217,14.311029157805372,11.557692110174083,47.00147751814712,8.2015429110899,
7.987644780271745,8.2015429110899,8.2015429110899,8.2015429110899,8.2015429110899,8.2015429110899,8.2015429110899,8.2015429110899,8.2015429110899,8.2015429110899,8.2015429110899,8.2015429110899,15.078395958833221,12.8677988371586,10.154278654833144,8.2015429110899,44.72537730416592,9.788031240017348,56.46360676479044,11.393224107141734,9.788031240017348,34.58670264711569,14.61338497433648,20.105720578979508,
7.987644780271745,8.2015429110899,8.2015429110899,8.2015429110899,8.2015429110899,8.2015429110899,8.2015429110899,8.2015429110899,8.2015429110899,8.2015429110899,8.2015429110899,8.2015429110899,17.094151046483706,47.401359567937384,20.808161664037854,25.168233946782994,28.23189685444462,8.506431390424542,27.769387621783974,10.382945418115012,9.850888284819801,10.382945418115012,58.92556509887896,27.123559869604136,
7.987644780271745,8.2015429110899,8.2015429110899,8.2015429110899,8.2015429110899,8.2015429110899,8.2015429110899,8.2015429110899,8.2015429110899,8.2015429110899,8.2015429110899,8.2015429110899,14.477892629799408,21.950069602521893,11.889464874417182,8.2015429110899,65.29080248311311,16.642703861955084,8.2015429110899,7.8636336825845055,9.788031240017348,58.92556509887896,11.210202453713958,35.63481443756933,
7.8636336825845055,7.987644780271745,8.2015429110899,8.2015429110899,8.2015429110899,8.2015429110899,8.2015429110899,8.2015429110899,8.2015429110899,8.2015429110899,8.2015429110899,8.2015429110899,54.01440137181524,58.92556509887896,8.70663859107265,41.565460420883106,15.000333329629711,8.2015429110899,9.991833400026119,20.105720578979508,34.71581051912803,20.105720578979508,52.184169055375406,48.39098573081561,
7.8636336825845055,7.987644780271745,8.2015429110899,8.2015429110899,8.2015429110899,8.2015429110899,8.2015429110899,8.2015429110899,8.2015429110899,8.2015429110899,8.2015429110899,8.2015429110899,9.642592588963545,7.987644780271745,9.990273047097139,48.49164876553487,50.49594043089008,8.2015429110899,8.2015429110899,58.92556509887896,19.4381069037085,8.2015429110899,47.401359567937384,8.866192813152667,
7.8636336825845055,7.987644780271745,7.987644780271745,8.2015429110899,8.2015429110899,8.2015429110899,8.2015429110899,8.2015429110899,8.2015429110899,8.2015429110899,8.2015429110899,8.2015429110899,8.2015429110899,18.809719709648935,58.92556509887896,11.402192771568108,8.809618323173826,74.5,29.000689646972194,40.07293350879119,11.393224107141734,52.869532814277825,35.856484769146014,8.706893820416097,
7.8636336825845055,7.987644780271745,7.987644780271745,8.2015429110899,8.2015429110899,8.2015429110899,8.2015429110899,8.2015429110899,8.2015429110899,8.2015429110899,8.2015429110899,8.2015429110899,29.40556920040828,8.70663859107265,23.15431814974459,72.38937920870866,8.2015429110899,16.16657121010383,13.632314550361578,8.2015429110899,15.646263309670957,19.408603183923884,9.788031240017348,30.444849956747838,
7.8636336825845055,7.987644780271745,7.987644780271745,8.2015429110899,8.2015429110899,8.2015429110899,8.2015429110899,8.2015429110899,8.2015429110899,8.2015429110899,8.2015429110899,8.2015429110899,8.70663859107265,52.12664865498261,14.269175694482145,30.444849956747838,10.204040816244898,28.09754833116623,10.21564364100471,12.292655327470953,47.55844357793425,37.076778446893144,11.557692110174083,11.367057666784312,
7.8636336825845055,7.987644780271745,7.987644780271745,8.2015429110899,8.2015429110899,8.2015429110899,8.2015429110899,8.2015429110899,8.2015429110899,8.2015429110899,8.2015429110899,8.2015429110899,13.327040181525676,8.708428945216099,10.493924384118262,10.382945418115012,11.09546641651445,10.397565820902505,58.92556509887896,18.726822409341644,33.26367722038894,7.987644780271745,47.401359567937384,71.5,
7.8636336825845055,7.987644780271745,7.987644780271745,7.987644780271745,8.2015429110899,8.2015429110899,8.2015429110899,8.2015429110899,8.2015429110899,8.2015429110899,8.2015429110899,8.2015429110899,27.947092872068108,14.347011350587186,51.67419300020294,71.5,53.30279073369424,40.07293350879119,51.67419300020294,26.75233634656981,30.503642769712314,9.788031240017348,12.562068124140847,71.5,
7.8636336825845055,7.987644780271745,7.987644780271745,7.987644780271745,8.2015429110899,8.2015429110899,8.2015429110899,8.2015429110899,8.2015429110899,8.2015429110899,8.2015429110899,8.2015429110899,37.90961472883745,11.393224107141734,8.2015429110899,22.312328430712917,8.2015429110899,34.66756409094818,27.761258977214993,35.51320177060919,8.809618323173826,37.31872854211408,13.217181149966146,8.2015429110899,
7.8636336825845055,7.987644780271745,7.987644780271745,7.987644780271745,8.2015429110899,8.2015429110899,8.2015429110899,8.2015429110899,8.2015429110899,8.2015429110899,8.2015429110899,8.2015429110899,22.236731374512356,57.405923039351954,41.002286521607545,7.987644780271745,52.769688268929535,23.66938951472978,15.727619803751553,17.352503421696824,36.254767455678234,8.692008997243574,9.991833400026119,14.945212444124039,
7.8636336825845055,7.987644780271745,7.987644780271745,7.987644780271745,7.987644780271745,8.2015429110899,8.2015429110899,8.2015429110899,8.2015429110899,8.2015429110899,8.2015429110899,8.2015429110899,58.33999961909115,33.26367722038894,11.11035552986492,17.352503421696824,11.393224107141734,12.157713600837948,8.70663859107265,34.66756409094818,80.5,51.67419300020294,50.49594043089008,46.54468995777398,
7.8636336825845055,7.987644780271745,7.987644780271745,7.987644780271745,7.987644780271745,8.2015429110899,8.2015429110899,8.2015429110899,8.2015429110899,8.2015429110899,8.2015429110899,8.2015429110899,18.809719709648935,52.77204647243547,8.70663859107265,47.401359567937384,12.561945276739683,19.022006589576126,23.95423878054896,30.444849956747838,8.708428945216099,11.393224107141734,58.92556509887896,7.8636336825845055,
7.8636336825845055,7.8636336825845055,7.987644780271745,7.987644780271745,7.987644780271745,7.987644780271745,8.2015429110899,8.2015429110899,8.2015429110899,8.2015429110899,8.2015429110899,8.2015429110899,30.444849956747838,50.49594043089008,56.46360676479044,19.683495624507348,24.755996748262834,71.5,18.48891559827131,11.142206259560021,40.40798875910005,7.987644780271745,11.393224107141734,19.66437133498043,
7.8636336825845055,7.8636336825845055,7.987644780271745,7.987644780271745,7.987644780271745,7.987644780271745,7.987644780271745,8.2015429110899,8.2015429110899,8.2015429110899,8.2015429110899,8.2015429110899,47.401359567937384,35.56947427219019,7.987644780271745,8.2015429110899,58.92556509887896,28.172459956489423,9.532892166486057,39.26627051299881,82.5,5.865847190756517,10.397565820902505,72.38937920870866,
5.865847190756517,7.8636336825845055,7.8636336825845055,7.987644780271745,7.987644780271745,7.987644780271745,7.987644780271745,7.987644780271745,7.987644780271745,8.2015429110899,8.2015429110899,8.2015429110899,39.937951875377884,11.799985992427601,23.05539026796474,22.89628790874189,58.92556509887896,10.493924384118262,28.172459956489423,57.09251750935105,12.035754027064527,23.66938951472978,33.06895153396242,51.67419300020294,
5.865847190756517,7.8636336825845055,7.8636336825845055,7.987644780271745,7.987644780271745,7.987644780271745,7.987644780271745,7.987644780271745,7.987644780271745,8.2015429110899,8.2015429110899,8.2015429110899,10.477839661253752,38.96437118987322,43.481490314845466,22.047888220870497,37.73910438788923,15.591965078206146,8.708428945216099,23.66938951472978,37.31872854211408,8.964339072123499,74.5,34.62206666275137,
5.865847190756517,7.8636336825845055,7.8636336825845055,7.987644780271745,7.987644780271745,7.987644780271745,7.987644780271745,7.987644780271745,7.987644780271745,8.2015429110899,8.2015429110899,8.2015429110899,47.18249145604755,11.036415592745794,43.481490314845466,56.331052715176554,8.70663859107265,24.418026128252055,14.894944612183021,11.036415592745794,7.987644780271745,23.068135791365737,8.2015429110899,58.33999961909115,
5.865847190756517,7.8636336825845055,7.8636336825845055,7.987644780271745,7.987644780271745,7.987644780271745,7.987644780271745,7.987644780271745,7.987644780271745,7.987644780271745,8.2015429110899,8.2015429110899,7.987644780271745,12.833213082649698,18.809719709648935,70.58107040843176,35.856484769146014,26.985922255872598,38.15347297429161,11.108992853639894,12.15740388141327,9.788031240017348,19.496729186701852,37.73910438788923,
5.865847190756517,7.8636336825845055,7.8636336825845055,7.987644780271745,7.987644780271745,7.987644780271745,7.987644780271745,7.987644780271745,7.987644780271745,7.987644780271745,7.987644780271745,8.2015429110899,12.614903981764419,56.437034727994785,23.03198259425841,10.21564364100471,28.146758250285234,58.33999961909115,27.947092872068108,7.987644780271745,15.471243485899898,58.92556509887896,25.94916906184088,7.987644780271745,
5.865847190756517,7.8636336825845055,7.8636336825845055,7.987644780271745,7.987644780271745,7.987644780271745,7.987644780271745,7.987644780271745,7.987644780271745,7.987644780271745,7.987644780271745,7.987644780271745,27.123559869604136,27.947092872068108,10.204040816244898,23.66938951472978,7.029224708315989,8.957848824107023,48.823022233368555,60.35428733735491,50.49594043089008,47.401359567937384,31.47838764754143,27.769387621783974,
5.865847190756517,7.029224708315989,7.8636336825845055,7.8636336825845055,7.987644780271745,7.987644780271745,7.987644780271745,7.987644780271745,7.987644780271745,7.987644780271745,7.987644780271745,7.987644780271745,20.566467655791907,19.496729186701852,27.947092872068108,10.227903010881557,9.448031865020829,5.865847190756517,8.2015429110899,12.70273100557514,12.70273100557514,8.70663859107265,11.217062236035806,8.2015429110899,
5.865847190756517,5.865847190756517,7.029224708315989,7.8636336825845055,7.8636336825845055,7.987644780271745,7.987644780271745,7.987644780271745,7.987644780271745,7.987644780271745,7.987644780271745,7.987644780271745,58.33999961909115,9.363153264432578,8.2015429110899,10.318388236661244,27.947092872068108,54.01440137181524,20.907866674744437,39.53084238920289,5.865847190756517,34.71581051912803,13.491652654809368,12.631350696111767,
5.865847190756517,5.865847190756517,5.865847190756517,7.029224708315989,7.8636336825845055,7.8636336825845055,7.987644780271745,7.987644780271745,7.987644780271745,7.987644780271745,7.987644780271745,7.987644780271745,12.035754027064527,35.470938809115275,27.947092872068108,12.70273100557514,8.506431390424542,7.987644780271745,34.25598082411628,16.548697078622233,8.546344247688598,47.401359567937384,28.533970981971645,12.260937097644565,
5.865847190756517,5.865847190756517,5.865847190756517,7.029224708315989,7.8636336825845055,7.8636336825845055,7.987644780271745,7.987644780271745,7.987644780271745,7.987644780271745,7.987644780271745,7.987644780271745,11.314150432091665,5.865847190756517,19.967320239607027,8.70663859107265,18.809719709648935,48.75128203442449,57.405923039351954,10.493924384118262,10.493924384118262,13.559475469206026,5.865847190756517,40.03357965508455,
5.865847190756517,5.865847190756517,5.865847190756517,5.865847190756517,5.865847190756517,7.029224708315989,7.8636336825845055,7.8636336825845055,7.987644780271745,7.987644780271745,7.987644780271745,7.987644780271745,8.809618323173826,27.70270744891192,30.444849956747838,35.639689953758015,47.401359567937384,9.991833400026119,37.31872854211408,5.865847190756517,5.865847190756517,13.346868130347618,16.057397049335236,11.329579647983415,
5.865847190756517,5.865847190756517,5.865847190756517,5.865847190756517,5.865847190756517,5.865847190756517,5.865847190756517,7.029224708315989,7.8636336825845055,7.8636336825845055,7.987644780271745,7.987644780271745,54.05141585153488,35.564104874937534,16.057397049335236,27.27890923202189,13.02341641045083,39.66973027384986,16.057397049335236,16.057397049335236,15.646405337968206,24.344198487524704,29.31620712165883,38.58808106138474,
5.865847190756517,5.865847190756517,5.865847190756517,5.865847190756517,5.865847190756517,5.865847190756517,5.865847190756517,7.029224708315989,7.8636336825845055,7.8636336825845055,7.987644780271745,7.987644780271745,8.70663859107265,38.96437118987322,14.206925589087794,58.33999961909115,9.589939632174977,30.944394574067136,30.531745773866255,38.82576464153668,15.23942256123899,11.826215582340785,48.75128203442449,19.539845330901564,
5.865847190756517,5.865847190756517,5.865847190756517,5.865847190756517,5.865847190756517,5.865847190756517,5.865847190756517,7.029224708315989,7.8636336825845055,7.8636336825845055,7.987644780271745,7.987644780271745,7.987644780271745,36.56555756446221,13.494790661584936,18.809719709648935,48.59719642119286,24.071559982684963,10.398194505758768,9.130135541162574,35.37569787297488,5.865847190756517,27.492896809903463,34.66756409094818,
5.865847190756517,5.865847190756517,5.865847190756517,5.865847190756517,5.865847190756517,5.865847190756517,5.865847190756517,5.865847190756517,7.029224708315989,7.8636336825845055,7.8636336825845055,7.987644780271745,10.16658128379447,33.80540719405042,20.552570721574128,11.861445002655469,15.344054223053305,30.444849956747838,5.865847190756517,5.946374946133148,18.937792902025304,20.72890493972125,39.757860857948586,34.66756409094818,
5.865847190756517,5.865847190756517,5.865847190756517,5.865847190756517,5.865847190756517,5.865847190756517,5.865847190756517,5.865847190756517,5.865847190756517,5.946374946133148,7.029224708315989,7.8636336825845055,5.865847190756517,28.852594722524042,17.193117977409567,10.398194505758768,15.89634793123944,5.865847190756517,34.66756409094818,5.946374946133148,27.27890923202189,30.444849956747838,5.865847190756517,52.769688268929535,
5.865847190756517,5.865847190756517,5.865847190756517,5.865847190756517,5.865847190756517,5.865847190756517,5.865847190756517,5.865847190756517,5.865847190756517,5.865847190756517,5.865847190756517,5.865847190756517,48.75128203442449,16.057397049335236,28.2177249260106,37.878827272706786,30.444849956747838,36.24693090456073,11.281192584228362,5.865847190756517,38.032515328626666,74.5,11.281192584228362,36.342888651778296,
5.865847190756517,5.865847190756517,5.865847190756517,5.865847190756517,5.865847190756517,5.865847190756517,5.865847190756517,5.865847190756517,5.865847190756517,5.865847190756517,5.865847190756517,5.865847190756517,25.436980952935436,36.280022050709945,23.03198259425841,52.49338582674541,31.995116814914116,11.281192584228362,8.334999833366657,34.66756409094818,80.5,14.004372495031394,19.724096937502612,25.54774941164094,
5.865847190756517,5.865847190756517,5.865847190756517,5.865847190756517,5.865847190756517,5.865847190756517,5.865847190756517,5.865847190756517,5.865847190756517,5.865847190756517,5.865847190756517,5.865847190756517,39.26627051299881,16.14601738977821,34.66756409094818,30.444849956747838,58.92556509887896,9.564111156935715,54.65243717245269,13.334374959313074,10.305823596394418,11.174049176551891,35.51320177060919,50.452353760751336,
5.865847190756517,5.865847190756517,5.865847190756517,5.865847190756517,5.865847190756517,5.865847190756517,5.865847190756517,5.865847190756517,5.865847190756517,5.865847190756517,5.865847190756517,5.865847190756517,36.280022050709945,38.96437118987322,5.865847190756517,34.66756409094818,8.964339072123499,10.02342934341681,5.865847190756517,5.865847190756517,8.334999833366657,56.37985012395829,5.865847190756517,38.96437118987322,
5.865847190756517,5.865847190756517,5.865847190756517,5.865847190756517,5.865847190756517,5.865847190756517,5.865847190756517,5.865847190756517,5.865847190756517,5.865847190756517,5.865847190756517,5.865847190756517,8.434204317488152,17.56337730114064,5.946374946133148,15.646263309670957,35.564104874937534,14.13525930273497,11.281192584228362,58.92556509887896,36.16960049544368,30.944394574067136,18.502955844945422,9.564111156935715,
5.865847190756517,5.865847190756517,5.865847190756517,5.865847190756517,5.865847190756517,5.865847190756517,5.865847190756517,5.865847190756517,5.865847190756517,5.865847190756517,5.865847190756517,5.865847190756517,13.334374959313074,66.5,6.555882231762152,50.49594043089008,47.953681355611856,20.472881792480727,29.014479144041168,31.00224006243563,33.0991090576191,66.91453919407617,11.444631572782704,41.05898196497326,
5.865847190756517,5.865847190756517,5.865847190756517,5.865847190756517,5.865847190756517,5.865847190756517,5.865847190756517,5.865847190756517,5.865847190756517,5.865847190756517,5.865847190756517,5.865847190756517,24.983744715314394,18.56894061478887,24.983744715314394,16.057397049335236,31.410826159144555,11.8734827172458,34.62206666275137,5.865847190756517,8.184106049944287,5.865847190756517,5.865847190756517,12.368491898236206,
5.865847190756517,5.865847190756517,5.865847190756517,5.865847190756517,5.865847190756517,5.865847190756517,5.865847190756517,5.865847190756517,5.865847190756517,5.865847190756517,5.865847190756517,5.865847190756517,37.31872854211408,5.865847190756517,38.96437118987322,9.923161583007158,34.87463261455237,48.75128203442449,38.96437118987322,27.310071402323356,12.631350696111767,8.964339072123499,18.809719709648935,27.453369556395078,
5.865847190756517,5.865847190756517,5.865847190756517,5.865847190756517,5.865847190756517,5.865847190756517,5.865847190756517,5.865847190756517,5.865847190756517,5.865847190756517,5.865847190756517,5.865847190756517,34.93722048188722,38.82576464153668,12.50632493042245,15.646263309670957,38.96437118987322,8.62318821550359,20.72890493972125,34.66756409094818,30.444849956747838,12.12995475956674,20.283983829612957,39.757860857948586,
5.865847190756517,5.865847190756517,5.865847190756517,5.865847190756517,5.865847190756517,5.865847190756517,5.865847190756517,5.865847190756517,5.865847190756517,5.865847190756517,5.865847190756517,5.865847190756517,36.29996556472196,5.865847190756517,47.18249145604755,9.788031240017348,8.62318821550359,12.458330546265017,11.861445002655469,47.401359567937384,71.5,13.67404811446613,28.513856280762866,37.13068138345969,
5.865847190756517,5.865847190756517,5.865847190756517,5.865847190756517,5.865847190756517,5.865847190756517,5.865847190756517,5.865847190756517,5.865847190756517,5.865847190756517,5.865847190756517,5.865847190756517,5.865847190756517,5.865847190756517,14.894184593118132,16.304600577751053,5.865847190756517,25.436980952935436,5.865847190756517,8.207275735589734,8.964339072123499,36.280022050709945,16.057397049335236,50.444424865390225,
5.865847190756517,5.865847190756517,5.865847190756517,5.865847190756517,5.865847190756517,5.865847190756517,5.865847190756517,5.865847190756517,5.865847190756517,5.865847190756517,5.865847190756517,5.865847190756517,26.75233634656981,9.551945844773597,5.865847190756517,22.843817544359787,39.66973027384986,18.56894061478887,10.02342934341681,16.057397049335236,5.865847190756517,11.281192584228362,25.710698162438142,9.980145579355241,
5.865847190756517,5.865847190756517,5.865847190756517,5.865847190756517,5.865847190756517,5.865847190756517,5.865847190756517,5.865847190756517,5.865847190756517,5.865847190756517,5.865847190756517,5.865847190756517,34.277975317056494,8.525922708111501,50.49594043089008,36.7828709025918,14.004372495031394,43.06608294238054,27.947092872068108,30.531745773866255,30.444849956747838,38.13381045738807,5.865847190756517,24.87247474619283,
5.865847190756517,5.865847190756517,5.865847190756517,5.865847190756517,5.865847190756517,5.865847190756517,5.865847190756517,5.865847190756517,5.865847190756517,5.865847190756517,5.865847190756517,5.865847190756517,9.788031240017348,5.865847190756517,33.75113166826986,8.908387901298417,48.63833364744315,35.210872689491175,5.865847190756517,10.141961102272084,50.49594043089008,16.057397049335236,17.8145453125068,10.02342934341681,
5.865847190756517,5.865847190756517,5.865847190756517,5.865847190756517,5.865847190756517,5.865847190756517,5.865847190756517,5.865847190756517,5.865847190756517,5.865847190756517,5.865847190756517,5.865847190756517,7.8636336825845055,6.469882147303767,6.174337938564089,15.474890055254747,11.174049176551891,24.418026128252055,24.87247474619283,74.5,11.281192584228362,5.865847190756517,8.334999833366657,30.531745773866255,
5.865847190756517,5.865847190756517,5.865847190756517,5.865847190756517,5.865847190756517,5.865847190756517,5.865847190756517,5.865847190756517,5.865847190756517,5.865847190756517,5.865847190756517,5.865847190756517,12.07486932168636,13.334374959313074,26.283180088329413,25.54774941164094,16.057397049335236,34.66756409094818,50.49594043089008,5.865847190756517,52.49338582674541,16.45630578228297,20.72890493972125,24.983744715314394,
5.865847190756517,5.865847190756517,5.865847190756517,5.865847190756517,5.865847190756517,5.865847190756517,5.865847190756517,5.865847190756517,5.865847190756517,5.865847190756517,5.865847190756517,5.865847190756517,16.057397049335236,66.91453919407617,17.624982269494627,5.865847190756517,5.865847190756517,28.560243346302215,35.90525727522364,36.29996556472196,18.379403394446797,24.754909726265527,5.865847190756517,16.057397049335236,
5.865847190756517,5.865847190756517,5.865847190756517,5.865847190756517,5.865847190756517,5.865847190756517,5.865847190756517,5.865847190756517,5.865847190756517,5.865847190756517,5.865847190756517,5.865847190756517,5.865847190756517,5.865847190756517,47.401359567937384,38.96437118987322,58.92556509887896,5.865847190756517,11.568782766301627,18.986106031048656,5.865847190756517,38.032515328626666,12.673175411079892,16.092842876158787,
5.865847190756517,5.865847190756517,5.865847190756517,5.865847190756517,5.865847190756517,5.865847190756517,5.865847190756517,5.865847190756517,5.865847190756517,5.865847190756517,5.865847190756517,5.865847190756517,25.710698162438142,14.894294209528693,9.154368855131548,55.9704162928953,23.29818781698602,19.84155991851447,5.865847190756517,16.057397049335236,36.39241903563578,28.266227053441966,5.865847190756517,38.96437118987322,
5.865847190756517,5.865847190756517,5.865847190756517,5.865847190756517,5.865847190756517,5.865847190756517,5.865847190756517,5.865847190756517,5.865847190756517,5.865847190756517,5.865847190756517,5.865847190756517,11.982497524038143,29.64360058352486,11.281192584228362,11.281192584228362,14.13525930273497,35.42862543198649,58.92556509887896,26.75233634656981,8.964339072123499,5.865847190756517,25.435793516946443,50.21509290597356,
5.865847190756517,5.865847190756517,5.865847190756517,5.865847190756517,5.865847190756517,5.865847190756517,5.865847190756517,5.865847190756517,5.865847190756517,5.865847190756517,5.865847190756517,5.865847190756517,8.706893820416097,9.564111156935715,11.036415592745794,21.48509657879154,8.62318821550359,21.561282171728305,38.96437118987322,25.436980952935436,22.61503924383064,5.865847190756517,65.29080248311311,25.54774941164094,
5.865847190756517,5.865847190756517,5.865847190756517,5.865847190756517,5.865847190756517,5.865847190756517,5.865847190756517,5.865847190756517,5.865847190756517,5.865847190756517,5.865847190756517,5.865847190756517,10.469449603489192,14.55354099714415,8.964339072123499,5.865847190756517,5.865847190756517,19.247654979820844,8.964339072123499,47.18249145604755,7.8636336825845055,7.0611171212493,10.02342934341681,8.334999833366657,
5.865847190756517,5.865847190756517,5.865847190756517,5.865847190756517,5.865847190756517,5.865847190756517,5.865847190756517,5.865847190756517,5.865847190756517,5.865847190756517,5.865847190756517,5.865847190756517,71.5,35.409116842355104,25.436980952935436,11.281192584228362,10.305823596394418,7.987644780271745,38.032515328626666,38.96437118987322,5.865847190756517,9.788031240017348,34.66756409094818,27.947092872068108,
5.865847190756517,5.865847190756517,5.865847190756517,5.865847190756517,5.865847190756517,5.865847190756517,5.865847190756517,5.865847190756517,5.865847190756517,5.865847190756517,5.865847190756517,5.865847190756517,5.865847190756517,34.66756409094818,30.444849956747838,10.02342934341681,32.659454986266994,12.631350696111767,32.79559452743864,24.87247474619283,5.865847190756517,24.071559982684963,30.444849956747838,7.8636336825845055,
5.865847190756517,5.865847190756517,5.865847190756517,5.865847190756517,5.865847190756517,5.865847190756517,5.865847190756517,5.865847190756517,5.865847190756517,5.865847190756517,5.865847190756517,5.865847190756517,5.865847190756517,58.92556509887896,34.55198981245508,15.846430986187395,9.154368855131548,19.496729186701852,20.72890493972125,23.57552874392334,9.564111156935715,12.247856955402442,13.458670159757085,30.444849956747838,
5.865847190756517,5.865847190756517,5.865847190756517,5.865847190756517,5.865847190756517,5.865847190756517,5.865847190756517,5.865847190756517,5.865847190756517,5.865847190756517,5.865847190756517,5.865847190756517,30.444849956747838,5.865847190756517,18.809719709648935,12.5530971044432,9.0934788736045,10.53612832116238,8.62318821550359,7.372881051529314,5.865847190756517,36.39241903563578,5.865847190756517,11.85788239948432,
5.865847190756517,5.865847190756517,5.865847190756517,5.865847190756517,5.865847190756517,5.865847190756517,5.865847190756517,5.865847190756517,5.865847190756517,5.865847190756517,5.865847190756517,5.865847190756517,38.032515328626666,14.836524154248252,10.02342934341681,5.865847190756517,35.470938809115275,48.75128203442449,35.05432292250922,26.522443326360413,14.438567180375697,27.817979797246238,5.865847190756517,50.31739261925243,
5.865847190756517,5.865847190756517,5.865847190756517,5.865847190756517,5.865847190756517,5.865847190756517,5.865847190756517,5.865847190756517,5.865847190756517,5.865847190756517,5.865847190756517,5.865847190756517,27.397810131468535,38.96437118987322,7.987644780271745,5.865847190756517,24.87247474619283,8.964339072123499,47.18249145604755,8.334999833366657,13.334374959313074,9.564111156935715,58.92556509887896,11.189727431890375,
5.865847190756517,5.865847190756517,5.865847190756517,5.865847190756517,5.865847190756517,5.865847190756517,5.865847190756517,5.865847190756517,5.865847190756517,5.865847190756517,5.865847190756517,5.865847190756517,8.964339072123499,8.964339072123499,27.52221325079475,5.865847190756517,38.82576464153668,14.438567180375697,9.476813810558905,11.281192584228362,5.865847190756517,74.5,36.280022050709945,47.6984159997886,
5.865847190756517,5.865847190756517,5.865847190756517,5.865847190756517,5.865847190756517,5.865847190756517,5.865847190756517,5.865847190756517,5.865847190756517,5.865847190756517,5.865847190756517,5.865847190756517,72.38937920870866,48.75128203442449,27.769387621783974,17.556765077883796,58.33999961909115,8.964339072123499,5.865847190756517,30.444849956747838,13.334374959313074,27.947092872068108,27.947092872068108,38.96437118987322,
5.865847190756517,5.865847190756517,5.865847190756517,5.865847190756517,5.865847190756517,5.865847190756517,5.865847190756517,5.865847190756517,5.865847190756517,5.865847190756517,5.865847190756517,5.865847190756517,12.642655365621478,30.444849956747838,26.75233634656981,50.10229535660018,48.68970630431036,58.33999961909115,18.986106031048656,30.444849956747838,47.401359567937384,10.493924384118262,15.646263309670957,58.33999961909115,
5.865847190756517,5.865847190756517,5.865847190756517,5.865847190756517,5.865847190756517,5.865847190756517,5.865847190756517,5.865847190756517,5.865847190756517,5.865847190756517,5.865847190756517,5.865847190756517,34.66756409094818,11.281192584228362,54.1623075169029,11.281192584228362,12.490984403081475,38.96437118987322,56.237776449642816,10.398194505758768,28.266227053441966,11.861445002655469,23.66938951472978,48.75128203442449,
5.865847190756517,5.865847190756517,5.865847190756517,5.865847190756517,5.865847190756517,5.865847190756517,5.865847190756517,5.865847190756517,5.865847190756517,5.865847190756517,5.865847190756517,5.865847190756517,8.334999833366657,15.592911494935413,58.33999961909115,26.14741861063918,5.865847190756517,8.62318821550359,19.975985582694037,11.281192584228362,24.983744715314394,9.497894503520241,27.947092872068108,10.493924384118262,
5.865847190756517,5.865847190756517,5.865847190756517,5.865847190756517,5.865847190756517,5.865847190756517,5.865847190756517,5.865847190756517,5.865847190756517,5.865847190756517,5.865847190756517,5.865847190756517,6.174337938564089,11.281192584228362,11.368362653499737,16.057397049335236,48.75128203442449,27.397810131468535,5.865847190756517,13.02341641045083,5.865847190756517,5.865847190756517,14.004372495031394,48.75128203442449,
5.865847190756517,5.865847190756517,5.865847190756517,5.865847190756517,5.865847190756517,5.865847190756517,5.865847190756517,5.865847190756517,5.865847190756517,5.865847190756517,5.865847190756517,5.865847190756517,30.531745773866255,5.865847190756517,21.67579294974004,5.865847190756517,18.937792902025304,19.683495624507348,14.438567180375697,24.071559982684963,5.865847190756517,58.92556509887896,34.66756409094818,24.418026128252055,
5.865847190756517,5.865847190756517,5.865847190756517,5.865847190756517,5.865847190756517,5.865847190756517,5.865847190756517,5.865847190756517,5.865847190756517,5.865847190756517,5.865847190756517,5.865847190756517,18.367308585945793,5.865847190756517,5.865847190756517,5.865847190756517,27.947092872068108,5.865847190756517,18.994882351716623,5.865847190756517,28.2177249260106,58.33999961909115,11.8734827172458,9.34933152690608,
5.865847190756517,5.865847190756517,5.865847190756517,5.865847190756517,5.865847190756517,5.865847190756517,5.865847190756517,5.865847190756517,5.865847190756517,5.865847190756517,5.865847190756517,5.865847190756517,5.865847190756517,34.198765409814946,34.66756409094818,19.496729186701852,35.57347638651896,26.75233634656981,52.49338582674541,8.334999833366657,64.83199441633737,28.089855820206694,32.659454986266994,38.42489065986034,
5.865847190756517,5.865847190756517,5.865847190756517,5.865847190756517,5.865847190756517,5.865847190756517,5.865847190756517,5.865847190756517,5.865847190756517,5.865847190756517,5.865847190756517,5.865847190756517,5.865847190756517,5.865847190756517,20.72890493972125,37.21612553719154,32.659454986266994,25.54774941164094,9.564111156935715,5.865847190756517,27.947092872068108,5.865847190756517,7.75386671149252,9.58331884056875,
5.865847190756517,5.865847190756517,5.865847190756517,5.865847190756517,5.865847190756517,5.865847190756517,5.865847190756517,5.865847190756517,5.865847190756517,5.865847190756517,5.865847190756517,5.865847190756517,35.716767770894386,10.02342934341681,8.334999833366657,6.937034595530848,16.057397049335236,47.401359567937384,16.577260194481944,10.305823596394418,58.33999961909115,9.788031240017348,5.865847190756517,15.170329228098145,
5.865847190756517,5.865847190756517,5.865847190756517,5.865847190756517,5.865847190756517,5.865847190756517,5.865847190756517,5.865847190756517,5.865847190756517,5.865847190756517,5.865847190756517,5.865847190756517,13.334374959313074,52.77204647243547,58.92556509887896,5.865847190756517,24.983744715314394,18.56894061478887,5.865847190756517,30.531745773866255,40.05445512049815,5.865847190756517,18.986106031048656,13.346868130347618,
5.865847190756517,5.865847190756517,5.865847190756517,5.865847190756517,5.865847190756517,5.865847190756517,5.865847190756517,5.865847190756517,5.865847190756517,5.865847190756517,5.865847190756517,5.865847190756517,7.8636336825845055,5.865847190756517,18.791990019390948,36.280022050709945,30.444849956747838,74.5,35.62920150662936,16.057397049335236,34.66756409094818,27.652124692326993,58.33999961909115,14.066249500133289,
5.865847190756517,5.865847190756517,5.865847190756517,5.865847190756517,5.865847190756517,5.865847190756517,5.865847190756517,5.865847190756517,5.865847190756517,5.865847190756517,5.865847190756517,5.865847190756517,13.03878828726044,7.8636336825845055,15.29172111614247,8.334999833366657,6.174337938564089,16.548697078622233,14.13525930273497,27.08942108450968,20.72890493972125,19.85971206400803,74.5,5.865847190756517,
5.865847190756517,5.865847190756517,5.865847190756517,5.865847190756517,5.865847190756517,5.865847190756517,5.865847190756517,5.865847190756517,5.865847190756517,5.865847190756517,5.865847190756517,5.865847190756517,22.89628790874189,58.92556509887896,15.026827860714834,6.469882147303767,27.310071402323356,9.564111156935715,8.964339072123499,19.496729186701852,11.174049176551891,10.02342934341681,8.964339072123499,10.705606008068855,
5.865847190756517,5.865847190756517,5.865847190756517,5.865847190756517,5.865847190756517,5.865847190756517,5.865847190756517,5.865847190756517,5.865847190756517,5.865847190756517,5.865847190756517,5.865847190756517,8.964339072123499,48.75128203442449,11.801072244607647,13.238780386517822,27.947092872068108,27.947092872068108,5.865847190756517,5.865847190756517,58.33999961909115,74.5,5.865847190756517,66.91453919407617,
5.865847190756517,5.865847190756517,5.865847190756517,5.865847190756517,5.865847190756517,5.865847190756517,5.865847190756517,5.865847190756517,5.865847190756517,5.865847190756517,5.865847190756517,5.865847190756517,14.004372495031394,48.75128203442449,11.861445002655469,58.92556509887896,25.54774941164094,25.54774941164094,38.96437118987322,29.40556920040828,44.19055957504448,6.174337938564089,50.49594043089008,26.946659328747817,
5.865847190756517,5.865847190756517,5.865847190756517,5.865847190756517,5.865847190756517,5.865847190756517,5.865847190756517,5.865847190756517,5.865847190756517,5.865847190756517,5.865847190756517,5.865847190756517,9.077995373429092,26.08141100477503,57.09251750935105,13.02341641045083,23.10423241649797,24.983744715314394,8.334999833366657,35.702100778525626,10.247438704378768,13.356951870292344,18.791990019390948,18.937792902025304,
5.865847190756517,5.865847190756517,5.865847190756517,5.865847190756517,5.865847190756517,5.865847190756517,5.865847190756517,5.865847190756517,5.865847190756517,5.865847190756517,5.865847190756517,5.865847190756517,8.908387901298417,25.374002443445928,5.865847190756517,16.057397049335236,37.31872854211408,24.983744715314394,31.410826159144555,34.23799059524376,19.683495624507348,5.865847190756517,58.33999961909115,50.30546689973168,
5.865847190756517,5.865847190756517,5.865847190756517,5.865847190756517,5.865847190756517,5.865847190756517,5.865847190756517,5.865847190756517,5.865847190756517,5.865847190756517,5.865847190756517,5.865847190756517,33.1130219433718,30.463497687528015,58.33999961909115,54.01440137181524,50.31739261925243,5.865847190756517,24.344198487524704,11.281192584228362,5.865847190756517,9.58331884056875,8.908387901298417,36.280022050709945,
5.865847190756517,5.865847190756517,5.865847190756517,5.865847190756517,5.865847190756517,5.865847190756517,5.865847190756517,5.865847190756517,5.865847190756517,5.865847190756517,5.865847190756517,5.865847190756517,5.946374946133148,18.019087102292392,58.33999961909115,48.75128203442449,11.281192584228362,25.710698162438142,36.52564097972261,47.401359567937384,47.6984159997886,5.865847190756517,19.683495624507348,8.964339072123499,
5.865847190756517,5.865847190756517,5.865847190756517,5.865847190756517,5.865847190756517,5.865847190756517,5.865847190756517,5.865847190756517,5.865847190756517,5.865847190756517,5.865847190756517,5.865847190756517,74.5,7.8636336825845055,15.733754174009558,58.33999961909115,60.35428733735491,21.458616502985983,5.865847190756517,39.59595938981653,11.444631572782704,8.113983897807387,21.67579294974004,66.91453919407617,
5.865847190756517,5.865847190756517,5.865847190756517,5.865847190756517,5.865847190756517,5.865847190756517,5.865847190756517,5.865847190756517,5.865847190756517,5.865847190756517,5.865847190756517,5.865847190756517,31.410826159144555,13.356951870292344,19.84155991851447,19.496729186701852,39.757860857948586,20.283983829612957,27.859269353105603,48.75128203442449,18.809719709648935,13.334374959313074,25.710698162438142,10.117281008255134,
5.865847190756517,5.865847190756517,5.865847190756517,5.865847190756517,5.865847190756517,5.865847190756517,5.865847190756517,5.865847190756517,5.865847190756517,5.865847190756517,5.865847190756517,5.865847190756517,5.865847190756517,74.5,9.58331884056875,49.088567915554435,5.865847190756517,26.522443326360413,52.769688268929535,37.38565901518923,74.5,10.680654890449786,74.5,5.865847190756517,
5.865847190756517,5.865847190756517,5.865847190756517,5.865847190756517,5.865847190756517,5.865847190756517,5.865847190756517,5.865847190756517,5.865847190756517,5.865847190756517,5.865847190756517,5.865847190756517,9.564111156935715,25.435793516946443,18.691121547177364,40.861809798392436,11.281192584228362,18.56894061478887,44.34681499273651,8.334999833366657,8.964339072123499,15.591965078206146,18.341432966518894,9.539916142189092,
5.865847190756517,5.865847190756517,5.865847190756517,5.865847190756517,5.865847190756517,5.865847190756517,5.865847190756517,5.865847190756517,5.865847190756517,5.865847190756517,5.865847190756517,5.865847190756517,9.713875385241463,71.5,31.00224006243563,11.166528467912102,23.66938951472978,36.29996556472196,47.401359567937384,5.865847190756517,18.56894061478887,9.0934788736045,18.994882351716623,14.961174241812625,
5.865847190756517,5.865847190756517,5.865847190756517,5.865847190756517,5.865847190756517,5.865847190756517,5.865847190756517,5.865847190756517,5.865847190756517,5.865847190756517,5.865847190756517,5.865847190756517,45.30659444275193,21.67579294974004,20.72890493972125,8.434204317488152,8.132581932503902,47.401359567937384,25.65946537372332,57.09251750935105,26.75233634656981,55.9704162928953,24.429604081023413,33.96771342842429,
5.865847190756517,5.865847190756517,5.865847190756517,5.865847190756517,5.865847190756517,5.865847190756517,5.865847190756517,5.865847190756517,5.865847190756517,5.865847190756517,5.865847190756517,5.865847190756517,5.865847190756517,14.894184593118132,26.75233634656981,36.280022050709945,14.206925589087794,11.281192584228362,25.45196395439461,10.02342934341681,74.5,10.02342934341681,5.865847190756517,27.769387621783974,
5.865847190756517,5.865847190756517,5.865847190756517,5.865847190756517,5.865847190756517,5.865847190756517,5.865847190756517,5.865847190756517,5.865847190756517,5.865847190756517,5.865847190756517,5.865847190756517,13.1988635874457,13.334374959313074,5.865847190756517,15.170329228098145,6.603739470936145,28.38084252135976,6.881814804250402,26.11243717081958,13.614674986939644,27.947092872068108,10.385536818094671,8.334999833366657,
5.865847190756517,5.865847190756517,5.865847190756517,5.865847190756517,5.865847190756517,5.865847190756517,5.865847190756517,5.865847190756517,5.865847190756517,5.865847190756517,5.865847190756517,5.865847190756517,25.436980952935436,52.45176355471759,27.947092872068108,24.491564561984962,24.9767238583021,27.947092872068108,58.33999961909115,5.865847190756517,55.9704162928953,16.057397049335236,24.071559982684963,9.564111156935715,
5.865847190756517,5.865847190756517,5.865847190756517,5.865847190756517,5.865847190756517,5.865847190756517,5.865847190756517,5.865847190756517,5.865847190756517,5.865847190756517,5.865847190756517,5.865847190756517,8.908387901298417,22.16165356847022,11.281192584228362,14.869746971619927,11.394592344348153,11.281192584228362,34.66756409094818,8.964339072123499,11.281192584228362,26.75233634656981,5.865847190756517,21.969069165533618,
5.865847190756517,5.865847190756517,5.865847190756517,5.865847190756517,5.865847190756517,5.865847190756517,5.865847190756517,5.865847190756517,5.865847190756517,5.865847190756517,5.865847190756517,5.865847190756517,27.652124692326993,47.6984159997886,8.334999833366657,30.531745773866255,25.848064704723868,46.852309322901995,13.061752370949312,48.75128203442449,36.68175323520078,38.96437118987322,34.177806380450924,5.865847190756517,
5.865847190756517,5.865847190756517,5.865847190756517,5.865847190756517,5.865847190756517,5.865847190756517,5.865847190756517,5.865847190756517,5.865847190756517,5.865847190756517,5.865847190756517,5.865847190756517,33.1130219433718,5.865847190756517,10.325211862233141,38.96437118987322,5.865847190756517,43.859862060886606,10.493924384118262,27.947092872068108,47.61448192397864,6.356741560367711,5.865847190756517,35.63481443756933,
5.865847190756517,5.865847190756517,5.865847190756517,5.865847190756517,5.865847190756517,5.865847190756517,5.865847190756517,5.865847190756517,5.865847190756517,5.865847190756517,5.865847190756517,5.865847190756517,8.908387901298417,49.28291342398048,18.56894061478887,40.89039852285649,47.953681355611856,80.5,52.49338582674541,55.9704162928953,17.09994629422286,11.654901745354938,34.277975317056494,5.865847190756517,
5.865847190756517,5.865847190756517,5.865847190756517,5.865847190756517,5.865847190756517,5.865847190756517,5.865847190756517,5.865847190756517,5.865847190756517,5.865847190756517,5.865847190756517,5.865847190756517,32.659454986266994,13.03878828726044,9.788031240017348,17.78229456510042,5.865847190756517,16.942781685416048,34.71581051912803,5.865847190756517,58.92556509887896,5.865847190756517,36.39241903563578,58.92556509887896,
5.865847190756517,5.865847190756517,5.865847190756517,5.865847190756517,5.865847190756517,5.865847190756517,5.865847190756517,5.865847190756517,5.865847190756517,5.865847190756517,5.865847190756517,5.865847190756517,7.0611171212493,36.280022050709945,5.865847190756517,5.865847190756517,24.49086501403743,74.5,9.448031865020829,37.21612553719154,12.329829332072066,58.92556509887896,8.334999833366657,25.436980952935436,
5.865847190756517,5.865847190756517,5.865847190756517,5.865847190756517,5.865847190756517,5.865847190756517,5.865847190756517,5.865847190756517,5.865847190756517,5.865847190756517,5.865847190756517,5.865847190756517,25.91215930793881,50.49594043089008,5.865847190756517,48.75128203442449,47.54091804844422,27.947092872068108,13.22157328006013,24.418026128252055,27.947092872068108,25.710698162438142,48.75128203442449,24.87247474619283,
5.865847190756517,5.865847190756517,5.865847190756517,5.865847190756517,5.865847190756517,5.865847190756517,5.865847190756517,5.865847190756517,5.865847190756517,5.865847190756517,5.865847190756517,5.865847190756517,23.57552874392334,36.29996556472196,9.788258272031854,11.281192584228362,10.66796867053684,27.859269353105603,9.233921492109893,26.369642103967927,11.281192584228362,47.401359567937384,38.32934761887931,13.334374959313074,
5.865847190756517,5.865847190756517,5.865847190756517,5.865847190756517,5.865847190756517,5.865847190756517,5.865847190756517,5.865847190756517,5.865847190756517,5.865847190756517,5.865847190756517,5.865847190756517,5.865847190756517,50.49594043089008,47.6984159997886,47.6984159997886,36.545191481344894,58.33999961909115,47.6984159997886,11.281192584228362,11.281192584228362,24.071559982684963,8.964339072123499,5.865847190756517,
5.865847190756517,5.865847190756517,5.865847190756517,5.865847190756517,5.865847190756517,5.865847190756517,5.865847190756517,5.865847190756517,5.865847190756517,5.865847190756517,5.865847190756517,5.865847190756517,8.334999833366657,46.418099918027664,50.503861238523136,18.994882351716623,35.63481443756933,47.6984159997886,16.304600577751053,10.073342157507716,58.92556509887896,58.33999961909115,7.646511348482335,39.53084238920289,
5.865847190756517,5.865847190756517,5.865847190756517,5.865847190756517,5.865847190756517,5.865847190756517,5.865847190756517,5.865847190756517,5.865847190756517,5.865847190756517,5.865847190756517,5.865847190756517,5.865847190756517,24.344198487524704,36.5,13.346868130347618,5.865847190756517,7.0611171212493,14.13525930273497,13.334374959313074,9.564111156935715,48.75128203442449,19.539845330901564,60.3344014638415,
5.865847190756517,5.865847190756517,5.865847190756517,5.865847190756517,5.865847190756517,5.865847190756517,5.865847190756517,5.865847190756517,5.865847190756517,5.865847190756517,5.865847190756517,5.865847190756517,40.87952791397102,19.04452355799484,32.573608949577576,10.02342934341681,14.89313786801007,58.33999961909115,17.8145453125068,11.281192584228362,38.96437118987322,9.58331884056875,74.5,8.964339072123499,
5.865847190756517,5.865847190756517,5.865847190756517,5.865847190756517,5.865847190756517,5.865847190756517,5.865847190756517,5.865847190756517,5.865847190756517,5.865847190756517,5.865847190756517,5.865847190756517,54.01440137181524,30.531745773866255,21.67579294974004,11.8734827172458,11.281192584228362,5.865847190756517,5.865847190756517,16.838973258728196,19.158288023724875,52.470825226977325,11.162856937182346,11.281192584228362,
5.865847190756517,5.865847190756517,5.865847190756517,5.865847190756517,5.865847190756517,5.865847190756517,5.865847190756517,5.865847190756517,5.865847190756517,5.865847190756517,5.865847190756517,5.865847190756517,19.683495624507348,5.865847190756517,5.865847190756517,19.826986029147243,10.02342934341681,27.08942108450968,30.678779310787448,28.533970981971645,31.47838764754143,5.865847190756517,5.865847190756517,37.31872854211408,
5.865847190756517,5.865847190756517,5.865847190756517,5.865847190756517,5.865847190756517,5.865847190756517,5.865847190756517,5.865847190756517,5.865847190756517,5.865847190756517,5.865847190756517,5.865847190756517,36.29996556472196,19.599461443848117,41.994654664708975,27.859269353105603,47.6984159997886,21.458616502985983,5.865847190756517,5.865847190756517,27.769387621783974,80.5,36.29996556472196,48.75128203442449,
5.865847190756517,5.865847190756517,5.865847190756517,5.865847190756517,5.865847190756517,5.865847190756517,5.865847190756517,5.865847190756517,5.865847190756517,5.865847190756517,5.865847190756517,5.865847190756517,74.5,27.947092872068108,23.84617369726221,11.281192584228362,5.865847190756517,6.584783595532961,46.53858614096479,14.119420125888952,18.93921533620177,8.964339072123499,25.162251268296504,28.586491565073178,
5.865847190756517,5.865847190756517,5.865847190756517,5.865847190756517,5.865847190756517,5.865847190756517,5.865847190756517,5.865847190756517,5.865847190756517,5.865847190756517,5.865847190756517,5.865847190756517,17.09994629422286,58.33999961909115,5.865847190756517,36.280022050709945,10.890821823902915,74.5,11.281192584228362,42.412962346433666,27.947092872068108,12.642655365621478,13.981138087517131,8.964339072123499,
5.865847190756517,5.865847190756517,5.865847190756517,5.865847190756517,5.865847190756517,5.865847190756517,5.865847190756517,5.865847190756517,5.865847190756517,5.865847190756517,5.865847190756517,5.865847190756517,9.58331884056875,32.779143097741624,8.964339072123499,40.047971234508246,48.75128203442449,13.334374959313074,7.8636336825845055,14.13525930273497,48.75128203442449,58.92556509887896,21.67579294974004,47.6984159997886,
5.865847190756517,5.865847190756517,5.865847190756517,5.865847190756517,5.865847190756517,5.865847190756517,5.865847190756517,5.865847190756517,5.865847190756517,5.865847190756517,5.865847190756517,5.865847190756517,34.66756409094818,11.281192584228362,9.564111156935715,48.75128203442449,34.37739890619353,5.865847190756517,27.947092872068108,50.503861238523136,58.33999961909115,9.564111156935715,39.26627051299881,5.865847190756517,
5.865847190756517,5.865847190756517,5.865847190756517,5.865847190756517,5.865847190756517,5.865847190756517,5.865847190756517,5.865847190756517,5.865847190756517,5.865847190756517,5.865847190756517,5.865847190756517,18.994882351716623,27.947092872068108,40.87952791397102,52.77204647243547,27.49186187103017,42.204117097742966,11.281192584228362,5.865847190756517,34.198765409814946,24.983744715314394,26.75233634656981,37.00928937442598,
5.865847190756517,5.865847190756517,5.865847190756517,5.865847190756517,5.865847190756517,5.865847190756517,5.865847190756517,5.865847190756517,5.865847190756517,5.865847190756517,5.865847190756517,5.865847190756517,8.334999833366657,35.34315901117059,15.23942256123899,13.425606637327302,26.75233634656981,14.004372495031394,7.372881051529314,36.202762325546374,13.334374959313074,5.865847190756517,36.24693090456073,11.336330830309024,
5.865847190756517,5.865847190756517,5.865847190756517,5.865847190756517,5.865847190756517,5.865847190756517,5.865847190756517,5.865847190756517,5.865847190756517,5.865847190756517,5.865847190756517,5.865847190756517,55.9704162928953,6.603739470936145,36.594910848367974,56.331052715176554,21.950069602521893,13.356951870292344,6.584783595532961,9.814814237284203,5.865847190756517,47.6984159997886,29.31620712165883,30.944394574067136,
5.865847190756517,5.865847190756517,5.865847190756517,5.865847190756517,5.865847190756517,5.865847190756517,5.865847190756517,5.865847190756517,5.865847190756517,5.865847190756517,5.865847190756517,5.865847190756517,55.25898619731958,5.865847190756517,18.937792902025304,8.184106049944287,14.718695594379279,67.16165200469685,9.850888284819801,47.953681355611856,18.937792902025304,32.21315724979468,5.865847190756517,35.05432292250922,
5.865847190756517,5.865847190756517,5.865847190756517,5.865847190756517,5.865847190756517,5.865847190756517,5.865847190756517,5.865847190756517,5.865847190756517,5.865847190756517,5.865847190756517,5.865847190756517,8.964339072123499,47.401359567937384,36.29996556472196,10.714735440296954,8.334999833366657,39.78743520258625,37.13068138345969,58.92556509887896,58.33999961909115,5.865847190756517,33.83004910168211,27.70270744891192,
5.865847190756517,5.865847190756517,5.865847190756517,5.865847190756517,5.865847190756517,5.865847190756517,5.865847190756517,5.865847190756517,5.865847190756517,5.865847190756517,5.865847190756517,5.865847190756517,13.356951870292344,9.788031240017348,12.200794031537455,67.13186650168458,29.110822729699688,5.865847190756517,16.05729537294116,30.444849956747838,5.865847190756517,24.071559982684963,19.975985582694037,8.334999833366657,
5.865847190756517,5.865847190756517,5.865847190756517,5.865847190756517,5.865847190756517,5.865847190756517,5.865847190756517,5.865847190756517,5.865847190756517,5.865847190756517,5.865847190756517,5.865847190756517,5.865847190756517,16.838973258728196,37.1777823437601,38.032515328626666,38.18121993278313,5.865847190756517,37.13068138345969,9.788031240017348,20.283983829612957,32.58588651548397,21.67579294974004,21.458616502985983,
5.865847190756517,5.865847190756517,5.865847190756517,5.865847190756517,5.865847190756517,5.865847190756517,5.865847190756517,5.865847190756517,5.865847190756517,5.865847190756517,5.865847190756517,5.865847190756517,5.865847190756517,50.49594043089008,5.865847190756517,35.716767770894386,29.401908479250498,36.594910848367974,47.54091804844422,54.01440137181524,20.141685629559408,63.189309925721524,19.789122643513025,37.13068138345969,
5.865847190756517,5.865847190756517,5.865847190756517,5.865847190756517,5.865847190756517,5.865847190756517,5.865847190756517,5.865847190756517,5.865847190756517,5.865847190756517,5.865847190756517,5.865847190756517,5.865847190756517,29.48330554945373,10.96123899614357,34.07403703701691,8.908387901298417,5.865847190756517,49.13473539383541,34.66756409094818,32.21315724979468,25.710698162438142,11.281192584228362,47.61448192397864,
5.865847190756517,5.865847190756517,5.865847190756517,5.865847190756517,5.865847190756517,5.865847190756517,5.865847190756517,5.865847190756517,5.865847190756517,5.865847190756517,5.865847190756517,5.865847190756517,10.214234112864101,19.84155991851447,24.24541193710678,5.865847190756517,14.846149779161804,5.865847190756517,5.865847190756517,30.53046634101746,8.964339072123499,14.846149779161804,5.865847190756517,30.444849956747838,
5.865847190756517,5.865847190756517,5.865847190756517,5.865847190756517,5.865847190756517,5.865847190756517,5.865847190756517,5.865847190756517,5.865847190756517,5.865847190756517,5.865847190756517,5.865847190756517,26.75233634656981,46.74064077438391,74.5,32.659454986266994,30.531745773866255,39.20317447463775,14.846149779161804,19.158288023724875,34.966269460724575,36.627189632951136,47.6984159997886,10.02342934341681,
5.865847190756517,5.865847190756517,5.865847190756517,5.865847190756517,5.865847190756517,5.865847190756517,5.865847190756517,5.865847190756517,5.865847190756517,5.865847190756517,5.865847190756517,5.865847190756517,5.865847190756517,10.188349676753468,34.58670264711569,48.75128203442449,19.683495624507348,14.004372495031394,11.281192584228362,20.141685629559408,58.33999961909115,14.004372495031394,9.788031240017348,47.6984159997886,
5.865847190756517,5.865847190756517,5.865847190756517,5.865847190756517,5.865847190756517,5.865847190756517,5.865847190756517,5.865847190756517,5.865847190756517,5.865847190756517,5.865847190756517,5.865847190756517,25.54774941164094,35.63481443756933,57.09251750935105,33.230106831004925,65.29080248311311,5.865847190756517,18.809719709648935,38.39017524778385,33.333307291656496,10.82891066185556,38.96437118987322,71.5,
5.865847190756517,5.865847190756517,5.865847190756517,5.865847190756517,5.865847190756517,5.865847190756517,5.865847190756517,5.865847190756517,5.865847190756517,5.865847190756517,5.865847190756517,5.865847190756517,9.99999999E8,57.09251750935105,58.33999961909115,38.96437118987322,11.444631572782704,47.953681355611856,15.026827860714834,38.96437118987322,58.33999961909115,26.75233634656981,44.06369679225745,5.865847190756517,
5.865847190756517,5.865847190756517,5.865847190756517,5.865847190756517,5.865847190756517,5.865847190756517,5.865847190756517,5.865847190756517,5.865847190756517,5.865847190756517,5.865847190756517,5.865847190756517,32.21315724979468,24.983744715314394,15.591965078206146,36.88685402687521,12.92707913644842,11.281192584228362,26.789690181112583,8.62318821550359,10.999072317097234,25.626039053100275,17.79589496347459,18.853970993459765,
5.865847190756517,5.865847190756517,5.865847190756517,5.865847190756517,5.865847190756517,5.865847190756517,5.865847190756517,5.865847190756517,5.865847190756517,5.865847190756517,5.865847190756517,5.865847190756517,5.865847190756517,26.836309358777335,22.73851358378555,46.74064077438391,9.850888284819801,26.75233634656981,28.38084252135976,26.75233634656981,12.50632493042245,44.43752780647254,35.81004572742124,20.283983829612957,
5.865847190756517,5.865847190756517,5.865847190756517,5.865847190756517,5.865847190756517,5.865847190756517,5.865847190756517,5.865847190756517,5.865847190756517,5.865847190756517,5.865847190756517,5.865847190756517,11.444631572782704,11.281192584228362,35.07291511979009,32.007329407535224,25.936342794446183,24.87247474619283,5.865847190756517,5.865847190756517,5.865847190756517,9.58331884056875,58.33999961909115,74.5,
5.865847190756517,5.865847190756517,5.865847190756517,5.865847190756517,5.865847190756517,5.865847190756517,5.865847190756517,5.865847190756517,5.865847190756517,5.865847190756517,5.865847190756517,5.865847190756517,11.281192584228362,62.31725282776833,74.5,35.357303190272994,10.833190882254316,37.13068138345969,25.936342794446183,23.57552874392334,5.865847190756517,30.944394574067136,27.597271151329437,23.10423241649797,
5.865847190756517,5.865847190756517,5.865847190756517,5.865847190756517,5.865847190756517,5.865847190756517,5.865847190756517,5.865847190756517,5.865847190756517,5.865847190756517,5.865847190756517,5.865847190756517,24.983744715314394,47.401359567937384,50.49594043089008,8.964339072123499,32.401234544381175,19.683495624507348,17.8145453125068,35.84144772466648,50.452353760751336,5.865847190756517,50.503861238523136,23.85329310256206,
5.865847190756517,5.865847190756517,5.865847190756517,5.865847190756517,5.865847190756517,5.865847190756517,5.865847190756517,5.865847190756517,5.865847190756517,5.865847190756517,5.865847190756517,5.865847190756517,54.42017599710199,27.947092872068108,10.056629776875344,30.4607842151183,30.444849956747838,36.280022050709945,48.75128203442449,11.281192584228362,11.281192584228362,19.683495624507348,57.09251750935105,13.356951870292344,
5.865847190756517,5.865847190756517,5.865847190756517,5.865847190756517,5.865847190756517,5.865847190756517,5.865847190756517,5.865847190756517,5.865847190756517,5.865847190756517,5.865847190756517,5.865847190756517,16.304600577751053,55.9704162928953,20.51066795596867,8.964339072123499,14.438567180375697,8.964339072123499,9.239098805920529,5.865847190756517,35.639689953758015,54.01440137181524,19.967320239607023,10.02342934341681,
5.865847190756517,5.865847190756517,5.865847190756517,5.865847190756517,5.865847190756517,5.865847190756517,5.865847190756517,5.865847190756517,5.865847190756517,5.865847190756517,5.865847190756517,5.865847190756517,32.06628936406966,34.198765409814946,50.49594043089008,14.13525930273497,58.92556509887896,15.026827860714834,27.947092872068108,5.865847190756517,34.277975317056494,5.865847190756517,17.140757146507724,43.859862060886606,
5.865847190756517,5.865847190756517,5.865847190756517,5.865847190756517,5.865847190756517,5.865847190756517,5.865847190756517,5.865847190756517,5.865847190756517,5.865847190756517,5.865847190756517,5.865847190756517,10.948030644823753,29.40556920040828,17.21836874451881,10.02342934341681,9.788031240017348,26.75233634656981,5.865847190756517,34.07403703701691,8.434204317488152,38.82576464153668,34.66756409094818,5.865847190756517,
5.865847190756517,5.865847190756517,5.865847190756517,5.865847190756517,5.865847190756517,5.865847190756517,5.865847190756517,5.865847190756517,5.865847190756517,5.865847190756517,5.865847190756517,5.865847190756517,8.62318821550359,41.05898196497326,38.42489065986034,34.946606503671404,8.334999833366657,25.653897344840058,5.865847190756517,14.13525930273497,25.162251268296504,8.964339072123499,64.93602621041728,9.850888284819801,
5.865847190756517,5.865847190756517,5.865847190756517,5.865847190756517,5.865847190756517,5.865847190756517,5.865847190756517,5.865847190756517,5.865847190756517,5.865847190756517,5.865847190756517,5.865847190756517,17.215091489736555,9.788031240017348,36.29996556472196,11.281192584228362,23.499934331402866,36.280022050709945,40.03357965508455,9.850888284819801,5.865847190756517,10.802509656373052,20.283983829612957,26.75233634656981,
5.865847190756517,5.865847190756517,5.865847190756517,5.865847190756517,5.865847190756517,5.865847190756517,5.865847190756517,5.865847190756517,5.865847190756517,5.865847190756517,5.865847190756517,5.865847190756517,8.964339072123499,82.5,58.33999961909115,41.95529660937039,36.0643868657156,66.91453919407617,21.67579294974004,13.23878038651782,51.53758287870699,18.56894061478887,16.304600577751053,17.8145453125068,
5.865847190756517,5.865847190756517,5.865847190756517,5.865847190756517,5.865847190756517,5.865847190756517,5.865847190756517,5.865847190756517,5.865847190756517,5.865847190756517,5.865847190756517,5.865847190756517,74.5,39.54498142059945,30.444849956747838,37.31872854211408,30.531745773866255,55.94854779169876,47.401359567937384,5.865847190756517,65.29080248311311,38.13381045738807,48.63833364744315,35.716767770894386,
5.865847190756517,5.865847190756517,5.865847190756517,5.865847190756517,5.865847190756517,5.865847190756517,5.865847190756517,5.865847190756517,5.865847190756517,5.865847190756517,5.865847190756517,5.865847190756517,23.828242150165885,19.5202459000905,9.923161583007158,38.39017524778385,24.983744715314394,31.410826159144555,26.14741861063918,5.865847190756517,74.5,46.464821013716765,12.797856225436437,36.280022050709945,
5.865847190756517,5.865847190756517,5.865847190756517,5.865847190756517,5.865847190756517,5.865847190756517,5.865847190756517,5.865847190756517,5.865847190756517,5.865847190756517,5.865847190756517,5.865847190756517,47.401359567937384,20.82799931715852,29.014479144041168,27.947092872068108,50.503861238523136,23.31179958733345,12.631350696111767,74.5,9.788258272031854,48.75128203442449,5.865847190756517,31.61783515675923,
5.865847190756517,5.865847190756517,5.865847190756517,5.865847190756517,5.865847190756517,5.865847190756517,5.865847190756517,5.865847190756517,5.865847190756517,5.865847190756517,5.865847190756517,5.865847190756517,48.75128203442449,32.21315724979468,32.0801946516677,13.74261165135652,10.02342934341681,48.53542520674976,9.564111156935715,20.141685629559408,11.281192584228362,37.13004174519603,10.02342934341681,52.49338582674541,
5.865847190756517,5.865847190756517,5.865847190756517,5.865847190756517,5.865847190756517,5.865847190756517,5.865847190756517,5.865847190756517,5.865847190756517,5.865847190756517,5.865847190756517,5.865847190756517,29.31817790306136,5.865847190756517,20.061710351368905,74.5,15.344054223053305,38.96437118987322,36.180657816020975,39.66973027384986,26.365486699260625,13.244677708547906,30.944394574067136,46.92803000339989,
5.865847190756517,5.865847190756517,5.865847190756517,5.865847190756517,5.865847190756517,5.865847190756517,5.865847190756517,5.865847190756517,5.865847190756517,5.865847190756517,5.865847190756517,5.865847190756517,25.267946806230007,5.865847190756517,5.865847190756517,5.865847190756517,5.865847190756517,10.02342934341681,58.92556509887896,30.944394574067136,36.280022050709945,20.141685629559408,38.82576464153668,32.28946229035101,
5.865847190756517,5.865847190756517,5.865847190756517,5.865847190756517,5.865847190756517,5.865847190756517,5.865847190756517,5.865847190756517,5.865847190756517,5.865847190756517,5.865847190756517,5.865847190756517,10.507616285342742,28.560243346302215,10.975843284343537,13.833221775543036,34.17317011275886,5.946374946133148,13.825298871593658,66.91453919407617,58.33999961909115,27.094452845554937,19.393539517065985,74.5,
5.865847190756517,5.865847190756517,5.865847190756517,5.865847190756517,5.865847190756517,5.865847190756517,5.865847190756517,5.865847190756517,5.865847190756517,5.865847190756517,5.865847190756517,5.865847190756517,36.280022050709945,20.72890493972125,11.281192584228362,32.756367195352034,39.89786961731164,74.5,5.865847190756517,9.58331884056875,19.4381069037085,6.937034595530848,52.76968826892954,39.53084238920289,
5.865847190756517,5.865847190756517,5.865847190756517,5.865847190756517,5.865847190756517,5.865847190756517,5.865847190756517,5.865847190756517,5.865847190756517,5.865847190756517,5.865847190756517,5.865847190756517,21.67579294974004,8.334999833366657,52.49338582674541,30.444849956747838,24.344198487524704,30.444849956747838,5.865847190756517,5.865847190756517,48.75128203442449,47.18249145604755,8.992184106211349,11.281192584228362,
