94.6107155664727,88.66308621485526,67.28404608183769,53.10040388322845,80.1801682150892,71.10555533852471,68.31300510639733,70.3698562359386,100.31829344640985,102.9046160286311,147.447165678648,165.5,57.154760664940824,69.52857126550366,90.54369111097691,63.32907253838026,85.01240718271657,61.43687817589692,76.15585522935373,95.51209347511968,77.42970602423853,63.160015041163504,66.60596194535943,142.0126168103853,
53.10040388322845,57.154760664940824,61.43687817589692,63.160015041163504,63.32907253838026,66.60596194535943,67.28404608183769,68.31300510639733,69.52857126550366,70.3698562359386,71.10555533852471,76.15585522935373,9.99999999E8,71.8895637418951,132.29296493551186,60.15903402648683,55.85335829774334,78.90569925550372,74.67070567307024,74.50966380275783,61.185700943929696,150.64049920257168,110.89747517414452,153.11616505124465,
53.10040388322845,55.85335829774334,57.154760664940824,60.15903402648683,61.185700943929696,61.43687817589692,63.160015041163504,63.32907253838026,66.60596194535943,67.28404608183769,68.31300510639733,69.52857126550366,68.25950025454333,83.01270610575227,60.17565433794634,53.10040388322845,78.87876377707754,64.37612689721023,64.73903657873554,77.2112901934253,58.78851928735746,9.99999999E8,59.5301159980711,73.66138744281159,
53.10040388322845,53.10040388322845,55.85335829774334,57.154760664940824,58.78851928735746,59.5301159980711,60.15903402648683,60.17565433794634,61.185700943929696,61.43687817589692,63.160015041163504,63.32907253838026,104.31293064620512,59.23140531002114,95.8924397437045,68.51174625566043,33.5,54.35301279598032,64.47952678951668,57.43788915960536,177.54060568407067,63.097807674540746,61.43687817589692,82.05921207100569,
33.5,53.10040388322845,53.10040388322845,54.35301279598032,55.85335829774334,57.154760664940824,57.43788915960536,58.78851928735746,59.23140531002114,59.5301159980711,60.15903402648683,60.17565433794634,73.37120234351713,59.49345404647611,53.07643015516896,25.5,42.56887800964456,177.48427160361751,38.27126859669012,107.20895484986316,107.63450887145814,68.98147899577424,66.52317891782783,79.03865747215093,
25.5,33.5,38.27126859669012,42.56887800964456,53.07643015516896,53.10040388322845,53.10040388322845,54.35301279598032,55.85335829774334,57.154760664940824,57.43788915960536,58.78851928735746,57.24167515892595,33.5,53.94895735785818,56.104255631814596,82.77190042520469,54.35522054044119,61.06234007143847,92.0810331537753,60.01666435249463,67.73558425967846,64.10343204540612,50.79723786782112,
25.5,33.5,33.5,38.27126859669012,42.56887800964456,50.79723786782112,53.07643015516896,53.10040388322845,53.10040388322845,53.94895735785818,54.35301279598032,54.35522054044119,58.65010409832025,66.61497996363548,85.22300158994635,83.2311754778735,33.5,62.051431613535364,91.3851738522174,57.970435814917145,34.24856618479503,56.072185618183276,52.513359181849935,83.29231282057187,
25.5,33.5,33.5,33.5,34.24856618479503,38.27126859669012,42.56887800964456,50.79723786782112,52.513359181849935,53.07643015516896,53.10040388322845,53.10040388322845,100.60608000182361,57.31588881899252,91.61149855049128,78.74189300674524,74.8006875445865,25.5,55.885086178182256,82.90614314650375,62.61218503043728,121.40473374214038,78.90500617831546,53.10040388322845,
25.5,25.5,33.5,33.5,33.5,34.24856618479503,38.27126859669012,42.56887800964456,50.79723786782112,52.513359181849935,53.07643015516896,53.10040388322845,82.5209930000499,82.77190042520469,42.56887800964456,75.60991585103108,92.91802839061964,53.07643015516896,33.5,76.89386624865905,41.73355963729909,45.38232646698002,67.55738301621814,94.1761267898763,
25.5,25.5,33.5,33.5,33.5,33.5,34.24856618479503,38.27126859669012,41.73355963729909,42.56887800964456,42.56887800964456,45.38232646698002,51.460648529798355,51.07510809255979,33.5,62.636730438297946,76.89386624865905,25.5,25.5,33.5,39.03399662553122,55.49774770204643,88.89859391463962,30.205287202739854,
25.5,25.5,25.5,25.5,30.205287202739854,33.5,33.5,33.5,33.5,33.5,33.5,34.24856618479503,33.5,33.5,9.99999999E8,74.37647057369689,62.05297276175758,78.9140581355982,81.83265444389136,115.17426410058418,76.89386624865905,87.705473033329,104.18253212511203,76.89386624865905,
25.5,25.5,25.5,25.5,30.205287202739854,33.5,33.5,33.5,33.5,33.5,33.5,33.5,25.5,71.00704190430693,79.26274871169517,59.58964356190353,80.19576048644964,111.5,33.5,25.5,64.24108239021714,73.16192087873765,58.47742620020139,35.223098481914775,
25.5,25.5,25.5,25.5,25.5,25.5,30.205287202739854,33.5,33.5,33.5,33.5,33.5,70.28291044059004,33.5,25.5,33.5,33.5,63.5,106.97974886242099,95.8924397437045,9.99999999E8,25.5,74.07217763776086,100.45988005169029,
25.5,25.5,25.5,25.5,25.5,25.5,25.5,25.5,30.205287202739854,33.5,33.5,33.5,81.31830462243214,88.41131149349613,107.17409068560234,66.40301197987934,153.5,82.9870902180402,33.5,25.5,65.4223967766391,92.13338157258747,25.5,91.61149855049128,
25.5,25.5,25.5,25.5,25.5,25.5,25.5,25.5,25.5,25.5,30.205287202739854,33.5,9.99999999E8,33.5,96.76873203674832,30.59411708155671,25.5,106.97974886242099,25.5,153.11616505124465,25.5,71.95338768953133,69.36272413912245,93.66251473597464,
25.5,25.5,25.5,25.5,25.5,25.5,25.5,25.5,25.5,25.5,25.5,25.5,107.63450887145814,9.99999999E8,66.9545865991768,25.5,82.77190042520469,140.0774339428018,68.05776498681102,45.04095358670818,25.5,82.77190042520469,54.322340401225965,76.89386624865905,
25.5,25.5,25.5,25.5,25.5,25.5,25.5,25.5,25.5,25.5,25.5,25.5,90.28242723070015,87.45046216763713,25.5,153.5,25.5,64.65206879907247,79.13099446938782,61.72974958211862,86.98913366047509,63.05243353749322,153.5,100.60608000182361,
25.5,25.5,25.5,25.5,25.5,25.5,25.5,25.5,25.5,25.5,25.5,25.5,25.5,25.5,66.71476129763188,25.5,119.23489422144843,73.37120234351713,162.3905400569873,25.5,71.56596607326698,68.1413971092463,81.31830462243214,55.92280393542512,
25.5,25.5,25.5,25.5,25.5,25.5,25.5,25.5,25.5,25.5,25.5,25.5,47.261903262564445,81.27679045500423,25.5,74.28113825191426,35.223098481914775,109.49276992873395,25.5,45.04095358670818,57.665321088140544,33.5,86.01720758080909,73.16192087873765,
25.5,25.5,25.5,25.5,25.5,25.5,25.5,25.5,25.5,25.5,25.5,25.5,25.5,109.02837933308923,25.5,81.31830462243214,69.36272413912245,80.0509837541051,91.61149855049128,28.935963782117227,66.40301197987934,55.33534132902769,25.5,84.09332613233941,
25.5,25.5,25.5,25.5,25.5,25.5,25.5,25.5,25.5,25.5,25.5,25.5,58.3953836645786,25.5,25.5,46.43889995005726,35.223098481914775,42.94847411225955,95.53093739726414,70.92644076788288,66.40301197987934,25.5,153.5,25.5,
25.5,25.5,25.5,25.5,25.5,25.5,25.5,25.5,25.5,25.5,25.5,25.5,101.52431974655137,60.80227517672893,25.5,25.5,76.00383762240781,25.5,25.5,69.39123040516617,64.44054106952652,153.5,107.86102168995063,106.97974886242099,
25.5,25.5,25.5,25.5,25.5,25.5,25.5,25.5,25.5,25.5,25.5,25.5,25.5,25.5,25.5,73.16192087873765,81.31830462243214,73.16192087873765,25.5,65.59808972066183,76.79789493642822,25.5,153.5,25.5,
25.5,25.5,25.5,25.5,25.5,25.5,25.5,25.5,25.5,25.5,25.5,25.5,25.5,25.5,25.5,106.38227060934543,35.223098481914775,9.99999999E8,25.5,57.933496355735336,76.79789493642822,153.5,69.6897888263888,82.77190042520469,
25.5,25.5,25.5,25.5,25.5,25.5,25.5,25.5,25.5,25.5,25.5,25.5,57.21693610966754,91.91073568051414,25.5,9.99999999E8,85.55456348631166,84.87260674092673,54.37814127497106,33.92516273603808,45.04095358670818,25.5,106.97974886242099,73.16192087873765,
25.5,25.5,25.5,25.5,25.5,25.5,25.5,25.5,25.5,25.5,25.5,25.5,80.0509837541051,25.5,70.28291044059004,25.5,25.5,25.5,45.04095358670818,95.81941348182005,78.36427757594655,78.11245454827005,9.99999999E8,9.99999999E8,
25.5,25.5,25.5,25.5,25.5,25.5,25.5,25.5,25.5,25.5,25.5,25.5,25.5,56.917566488738785,69.50239804016357,33.5,91.65515079179492,9.99999999E8,63.7227065757045,25.5,80.68818583493703,25.5,25.5,66.40301197987934,
25.5,25.5,25.5,25.5,25.5,25.5,25.5,25.5,25.5,25.5,25.5,25.5,9.99999999E8,25.5,73.38199143295763,114.32492073034645,92.10456014769301,37.291956237237,66.57112201033031,25.5,95.81941348182005,69.36272413912245,66.40301197987934,25.5,
25.5,25.5,25.5,25.5,25.5,25.5,25.5,25.5,25.5,25.5,25.5,25.5,9.99999999E8,25.5,95.13280191395604,153.5,42.233754273092984,73.20462189415821,25.5,56.166419386201454,81.31830462243214,71.96449741983118,25.5,153.5,
25.5,25.5,25.5,25.5,25.5,25.5,25.5,25.5,25.5,25.5,25.5,25.5,153.5,25.5,25.5,83.04165621341296,25.5,9.99999999E8,54.395049669721125,25.5,9.99999999E8,153.5,25.5,153.11616505124465,
25.5,25.5,25.5,25.5,25.5,25.5,25.5,25.5,25.5,25.5,25.5,25.5,25.5,25.5,153.5,77.45068995819211,25.5,25.5,25.5,76.4476945368531,78.74189300674524,197.5,25.5,112.00428563229177,
25.5,25.5,25.5,25.5,25.5,25.5,25.5,25.5,25.5,25.5,25.5,25.5,25.5,25.5,76.79789493642822,47.03360500748374,73.16192087873765,108.98709786025132,62.66865245080669,69.27172170930523,81.3737519105516,181.5,90.22333401066489,66.40301197987934,
25.5,25.5,25.5,25.5,25.5,25.5,25.5,25.5,25.5,25.5,25.5,25.5,82.77190042520469,73.16192087873765,76.56167448534548,25.5,73.16192087873765,169.31239617937015,75.29601583085257,76.79789493642822,53.287154487111934,25.5,25.5,90.76721599784803,
25.5,25.5,25.5,25.5,25.5,25.5,25.5,25.5,25.5,25.5,25.5,25.5,51.706704916609546,53.70554640151904,25.5,75.32968859268617,106.97974886242099,35.223098481914775,25.5,25.5,25.5,25.5,69.70731220610934,25.5,
25.5,25.5,25.5,25.5,25.5,25.5,25.5,25.5,25.5,25.5,25.5,25.5,67.43211401105559,156.6977584396152,76.79789493642822,153.5,57.267873847384976,95.51209347511968,76.02703055492829,9.99999999E8,73.34109807377216,73.16192087873765,25.5,35.223098481914775,
25.5,25.5,25.5,25.5,25.5,25.5,25.5,25.5,25.5,25.5,25.5,25.5,25.5,72.44505306979707,106.97974886242099,134.37889529237842,25.5,69.36272413912245,93.4726850857664,9.99999999E8,91.65515079179492,69.06840409655086,83.08843180611848,25.5,
25.5,25.5,25.5,25.5,25.5,25.5,25.5,25.5,25.5,25.5,25.5,25.5,25.5,169.31239617937015,25.5,76.89386624865905,66.57112201033031,25.5,141.99970657246678,62.636730438297946,153.5,103.0463973169368,25.5,153.5,
25.5,25.5,25.5,25.5,25.5,25.5,25.5,25.5,25.5,25.5,25.5,25.5,80.0509837541051,25.5,9.99999999E8,25.5,73.16192087873765,76.98237275042719,95.98660620851521,25.5,55.07892065028145,25.5,9.99999999E8,25.5,
25.5,25.5,25.5,25.5,25.5,25.5,25.5,25.5,25.5,25.5,25.5,25.5,9.99999999E8,45.04095358670818,106.97974886242099,56.917566488738785,106.97974886242099,25.5,25.5,25.5,35.223098481914775,25.5,25.5,66.40301197987934,
25.5,25.5,25.5,25.5,25.5,25.5,25.5,25.5,25.5,25.5,25.5,25.5,25.5,65.5862451704285,9.99999999E8,25.5,115.01594092414611,25.5,86.89073598491383,25.5,79.72050786968181,42.835258549470666,25.5,72.35855167151979,
25.5,25.5,25.5,25.5,25.5,25.5,25.5,25.5,25.5,25.5,25.5,25.5,76.44448966406931,55.07892065028145,71.70327311218087,25.5,104.18253212511203,79.62052858043943,25.5,76.03196285115885,45.04095358670818,25.5,25.5,80.70227470683304,
25.5,25.5,25.5,25.5,25.5,25.5,25.5,25.5,25.5,25.5,25.5,25.5,85.73991680269658,25.5,67.35168891720534,105.25886457409928,57.45723047044065,82.77190042520469,25.5,68.93797534337982,49.30070993403645,84.82285462460378,25.5,72.71749934330664,
25.5,25.5,25.5,25.5,25.5,25.5,25.5,25.5,25.5,25.5,25.5,25.5,106.97974886242099,25.5,9.99999999E8,96.91071922135342,25.5,76.89386624865905,76.54192750817468,169.31239617937015,82.77190042520469,25.5,61.438505841206776,69.39123040516617,
25.5,25.5,25.5,25.5,25.5,25.5,25.5,25.5,25.5,25.5,25.5,25.5,90.64215354899729,77.04399897316972,95.81941348182005,153.11616505124465,81.27679045500423,9.99999999E8,69.36272413912245,73.11805522577853,66.40301197987934,57.77272280237448,25.5,25.5,
25.5,25.5,25.5,25.5,25.5,25.5,25.5,25.5,25.5,25.5,25.5,25.5,45.04095358670818,153.11616505124465,89.50558641783205,25.5,25.5,80.0509837541051,153.5,25.5,25.5,25.5,61.89579953437874,80.0509837541051,
25.5,25.5,25.5,25.5,25.5,25.5,25.5,25.5,25.5,25.5,25.5,25.5,45.04095358670818,106.97974886242099,184.5,25.5,76.54192750817468,25.5,25.5,103.48023965956013,25.5,96.99097896196326,9.99999999E8,81.31830462243214,
25.5,25.5,25.5,25.5,25.5,25.5,25.5,25.5,25.5,25.5,25.5,25.5,64.10038513924857,153.5,25.5,121.23266886446079,25.5,91.61149855049128,83.49467048860065,63.5,25.5,51.55419198032107,79.19033637382783,54.322340401225965,
25.5,25.5,25.5,25.5,25.5,25.5,25.5,25.5,25.5,25.5,25.5,25.5,49.849373115416405,64.02008613373953,26.15129059912723,73.16192087873765,33.5,56.113051567465284,72.64831572567789,9.99999999E8,91.64584005834634,62.636730438297946,25.5,83.54256400183083,
25.5,25.5,25.5,25.5,25.5,25.5,25.5,25.5,25.5,25.5,25.5,25.5,25.5,73.34458788096482,25.5,25.5,100.45988005169029,197.5,25.5,35.223098481914775,35.223098481914775,25.5,62.82957548444487,67.30445750468537,
25.5,25.5,25.5,25.5,25.5,25.5,25.5,25.5,25.5,25.5,25.5,25.5,164.14380128411796,25.5,25.5,25.5,67.30527468185537,25.5,68.46064106477532,25.5,153.5,153.11616505124465,106.97974886242099,25.5,
25.5,25.5,25.5,25.5,25.5,25.5,25.5,25.5,25.5,25.5,25.5,25.5,25.5,25.5,169.31239617937015,70.28291044059004,25.5,74.05241387017712,25.5,45.04095358670818,9.99999999E8,63.8794437462736,84.25057863302779,99.21535919402803,
25.5,25.5,25.5,25.5,25.5,25.5,25.5,25.5,25.5,25.5,25.5,25.5,25.5,153.5,69.39123040516617,73.16192087873765,25.5,118.07068857256657,25.5,121.23266886446079,25.5,67.60258408522562,47.447339229929426,25.5,
25.5,25.5,25.5,25.5,25.5,25.5,25.5,25.5,25.5,25.5,25.5,25.5,25.5,25.5,25.5,109.49276992873395,25.5,25.5,92.24243419742709,35.223098481914775,25.5,100.53699567820793,25.5,42.07815856916066,
25.5,25.5,25.5,25.5,25.5,25.5,25.5,25.5,25.5,25.5,25.5,25.5,25.5,96.03422009144151,25.5,79.19876542247641,85.51949095576595,107.09008224054044,106.97974886242099,70.92047860607178,56.49566355040004,25.5,73.16192087873765,63.5,
25.5,25.5,25.5,25.5,25.5,25.5,25.5,25.5,25.5,25.5,25.5,25.5,104.18253212511203,25.5,69.70731220610934,57.719328074167095,48.0945942908348,140.40892659181847,153.5,66.57112201033031,83.03830441428822,45.04095358670818,89.74408058473828,65.00705089962678,
25.5,25.5,25.5,25.5,25.5,25.5,25.5,25.5,25.5,25.5,25.5,25.5,33.68056064392717,66.9545865991768,72.77075877942549,88.14523999248816,84.09332613233941,25.5,52.43832355994781,107.86102168995063,25.5,63.5,25.5,169.31239617937015,
25.5,25.5,25.5,25.5,25.5,25.5,25.5,25.5,25.5,25.5,25.5,25.5,25.5,102.29043617725625,9.99999999E8,77.31176737728869,25.5,107.86102168995063,111.5,71.56088316950817,25.5,25.5,25.5,81.27679045500423,
25.5,25.5,25.5,25.5,25.5,25.5,25.5,25.5,25.5,25.5,25.5,25.5,107.86102168995063,25.059928172283335,25.5,25.5,25.5,59.210781675862606,25.5,73.48305927218871,69.39123040516617,92.19423939584175,25.5,25.5,
25.059928172283335,25.5,25.5,25.5,25.5,25.5,25.5,25.5,25.5,25.5,25.5,25.5,33.71819489039511,78.88351776511999,185.26377591603455,25.5,76.69606061777694,69.27172170930523,123.06984805385923,33.5,96.80165287845037,58.90375957918122,56.78350873189615,25.5,
25.059928172283335,25.5,25.5,25.5,25.5,25.5,25.5,25.5,25.5,25.5,25.5,25.5,73.16192087873765,77.37045624784696,101.01909296196013,66.83882532950868,41.70531540863026,84.41056128911154,65.7462655104564,90.60491156664742,25.5,87.86216478097953,65.7462655104564,58.5607377002715,
25.059928172283335,25.5,25.5,25.5,25.5,25.5,25.5,25.5,25.5,25.5,25.5,25.5,25.5,71.7433577064804,25.5,73.89350445066196,25.5,25.5,25.059928172283335,25.5,95.50490825083284,25.5,81.27679045500423,25.5,
25.059928172283335,25.059928172283335,25.5,25.5,25.5,25.5,25.5,25.5,25.5,25.5,25.5,25.5,25.5,25.5,91.61149855049128,106.24147024585079,59.9285288608737,35.223098481914775,153.5,64.02008613373953,59.63150733183479,61.50577208685377,25.5,25.5,
25.059928172283335,25.059928172283335,25.5,25.5,25.5,25.5,25.5,25.5,25.5,25.5,25.5,25.5,65.41933964814991,25.5,106.97974886242099,25.5,106.97974886242099,25.5,25.059928172283335,25.5,101.17929630117023,35.223098481914775,25.5,66.40301197987934,
25.059928172283335,25.059928172283335,25.059928172283335,25.5,25.5,25.5,25.5,25.5,25.5,25.5,25.5,25.5,25.5,25.5,35.223098481914775,25.5,25.5,65.00705089962678,64.98930200425298,102.82843721461491,105.32312186789756,25.059928172283335,153.11616505124465,33.71819489039511,
25.059928172283335,25.059928172283335,25.059928172283335,25.059928172283335,25.5,25.5,25.5,25.5,25.5,25.5,25.5,25.5,25.5,41.532116087031575,63.025074375204035,64.02008613373953,57.542239919905796,140.40892659181847,67.40148366319542,85.82021542154273,64.58606660882825,72.50024630500033,88.2762000768044,25.5,
25.059928172283335,25.059928172283335,25.059928172283335,25.059928172283335,25.5,25.5,25.5,25.5,25.5,25.5,25.5,25.5,25.059928172283335,83.15798217850165,81.8657437515839,122.27257801049807,25.5,25.5,49.13358703575386,62.636730438297946,84.59068112583876,25.5,185.26377591603455,47.041015538114635,
25.059928172283335,25.059928172283335,25.059928172283335,25.059928172283335,25.059928172283335,25.5,25.5,25.5,25.5,25.5,25.5,25.5,33.92516273603808,70.01257029991115,25.5,25.059928172283335,47.7164242463446,33.476708320860936,25.5,87.86216478097953,147.447165678648,57.66209037718514,64.17289147295764,44.16918231829368,
25.059928172283335,25.059928172283335,25.059928172283335,25.059928172283335,25.059928172283335,25.059928172283335,25.5,25.5,25.5,25.5,25.5,25.5,106.97974886242099,25.059928172283335,109.49276992873395,30.068411580926586,25.059928172283335,39.04591314508259,64.02008613373953,85.51949095576595,35.223098481914775,44.16918231829368,25.059928172283335,25.059928172283335,
25.059928172283335,25.059928172283335,25.059928172283335,25.059928172283335,25.059928172283335,25.059928172283335,25.059928172283335,25.059928172283335,25.059928172283335,25.059928172283335,25.5,25.5,25.059928172283335,25.059928172283335,68.24160510031008,54.23943829600991,25.059928172283335,81.27679045500423,25.059928172283335,25.059928172283335,25.059928172283335,59.47868765965071,25.5,54.12725745869635,
25.059928172283335,25.059928172283335,25.059928172283335,25.059928172283335,25.059928172283335,25.059928172283335,25.059928172283335,25.059928172283335,25.059928172283335,25.059928172283335,25.059928172283335,25.059928172283335,33.476708320860936,50.52682455884201,25.059928172283335,57.66209037718514,64.02008613373953,60.87273609753384,62.702546798355804,115.56020076133477,25.059928172283335,57.66209037718514,51.11712041967935,25.059928172283335,
25.059928172283335,25.059928172283335,25.059928172283335,25.059928172283335,25.059928172283335,25.059928172283335,25.059928172283335,25.059928172283335,25.059928172283335,25.059928172283335,25.059928172283335,25.059928172283335,41.70531540863026,109.49276992873395,25.5,98.14232861852558,45.01018403280158,61.50844865706131,30.068411580926586,54.12725745869635,72.15063607283227,25.059928172283335,64.02008613373953,25.5,
25.059928172283335,25.059928172283335,25.059928172283335,25.059928172283335,25.059928172283335,25.059928172283335,25.059928172283335,25.059928172283335,25.059928172283335,25.059928172283335,25.059928172283335,25.059928172283335,25.059928172283335,45.01018403280158,44.57484342840328,77.33423131662545,56.917566488738785,25.059928172283335,74.23045197221958,33.92516273603808,25.059928172283335,54.12725745869635,33.92516273603808,25.492339535633054,
25.059928172283335,25.059928172283335,25.059928172283335,25.059928172283335,25.059928172283335,25.059928172283335,25.059928172283335,25.059928172283335,25.059928172283335,25.059928172283335,25.059928172283335,25.059928172283335,25.059928172283335,117.03742991026417,119.42361575500885,25.5,25.059928172283335,25.059928172283335,44.16918231829368,69.3405319780574,98.14232861852558,77.33423131662545,106.7576109698976,59.47868765965071,
25.059928172283335,25.059928172283335,25.059928172283335,25.059928172283335,25.059928172283335,25.059928172283335,25.059928172283335,25.059928172283335,25.059928172283335,25.059928172283335,25.059928172283335,25.059928172283335,56.79953785023255,61.50577208685377,25.059928172283335,25.059928172283335,74.47722566568349,54.12725745869635,58.958539457825786,88.47236856781895,62.702546798355804,25.492339535633054,77.92250423765054,25.059928172283335,
25.059928172283335,25.059928172283335,25.059928172283335,25.059928172283335,25.059928172283335,25.059928172283335,25.059928172283335,25.059928172283335,25.059928172283335,25.059928172283335,25.059928172283335,25.059928172283335,77.33423131662545,25.059928172283335,25.059928172283335,104.18253212511203,25.059928172283335,33.476708320860936,88.69716737303396,62.702546798355804,93.66251473597464,111.41626153005375,30.441200151548998,32.38655413730965,
25.059928172283335,25.059928172283335,25.059928172283335,25.059928172283335,25.059928172283335,25.059928172283335,25.059928172283335,25.059928172283335,25.059928172283335,25.059928172283335,25.059928172283335,25.059928172283335,41.18598929594522,44.16918231829368,25.059928172283335,77.33423131662545,76.79138406531469,74.47722566568349,76.44448966406931,25.059928172283335,44.16918231829368,105.91820743699671,84.77829911009066,33.92516273603808,
25.059928172283335,25.059928172283335,25.059928172283335,25.059928172283335,25.059928172283335,25.059928172283335,25.059928172283335,25.059928172283335,25.059928172283335,25.059928172283335,25.059928172283335,25.059928172283335,64.30481611045941,74.22744967809608,25.059928172283335,33.92516273603808,79.0706013635915,54.12725745869635,86.34298530344611,33.71819489039511,64.02008613373953,74.23045197221958,69.74372731651212,153.5,
25.059928172283335,25.059928172283335,25.059928172283335,25.059928172283335,25.059928172283335,25.059928172283335,25.059928172283335,25.059928172283335,25.059928172283335,25.059928172283335,25.059928172283335,25.059928172283335,33.476708320860936,77.33423131662545,64.02008613373953,102.99203852725704,94.34334458066805,45.132213181569846,25.059928172283335,33.476708320860936,64.02008613373953,66.9545865991768,48.449554951516326,96.03422009144151,
25.059928172283335,25.059928172283335,25.059928172283335,25.059928172283335,25.059928172283335,25.059928172283335,25.059928172283335,25.059928172283335,25.059928172283335,25.059928172283335,25.059928172283335,25.059928172283335,25.059928172283335,25.059928172283335,33.46640106136302,54.23943829600991,25.059928172283335,64.02008613373953,120.02233125547929,45.01018403280158,63.5,25.059928172283335,167.80345646022909,48.29078587059855,
25.059928172283335,25.059928172283335,25.059928172283335,25.059928172283335,25.059928172283335,25.059928172283335,25.059928172283335,25.059928172283335,25.059928172283335,25.059928172283335,25.059928172283335,25.059928172283335,25.059928172283335,25.059928172283335,53.52180241110471,153.11616505124465,87.06181711864276,77.0594575636242,25.059928172283335,52.60092340308431,25.059928172283335,33.71819489039511,25.059928172283335,25.059928172283335,
25.059928172283335,25.059928172283335,25.059928172283335,25.059928172283335,25.059928172283335,25.059928172283335,25.059928172283335,25.059928172283335,25.059928172283335,25.059928172283335,25.059928172283335,25.059928172283335,57.63774262581768,62.091540285291686,33.71819489039511,25.059928172283335,177.50680738120064,30.068411580926586,102.73344148815418,25.059928172283335,40.6974902701102,62.63296966365948,153.11616505124465,79.81971874167435,
25.059928172283335,25.059928172283335,25.059928172283335,25.059928172283335,25.059928172283335,25.059928172283335,25.059928172283335,25.059928172283335,25.059928172283335,25.059928172283335,25.059928172283335,25.059928172283335,77.33423131662545,74.23045197221958,54.12725745869635,62.702546798355804,97.52825231695685,25.059928172283335,25.059928172283335,25.492339535633054,57.63774262581768,57.66209037718514,25.059928172283335,25.059928172283335,
25.059928172283335,25.059928172283335,25.059928172283335,25.059928172283335,25.059928172283335,25.059928172283335,25.059928172283335,25.059928172283335,25.059928172283335,25.059928172283335,25.059928172283335,25.059928172283335,33.92516273603808,70.8801805866774,98.30849403790093,54.12725745869635,85.98028480413403,79.81971874167435,45.01018403280158,33.71819489039511,30.441200151548998,33.92516273603808,25.059928172283335,25.059928172283335,
25.059928172283335,25.059928172283335,25.059928172283335,25.059928172283335,25.059928172283335,25.059928172283335,25.059928172283335,25.059928172283335,25.059928172283335,25.059928172283335,25.059928172283335,25.059928172283335,74.23045197221958,56.191547407061144,153.11616505124465,25.059928172283335,63.5,25.059928172283335,25.5,48.33821814396279,69.2882340300285,44.16918231829368,74.23045197221958,56.1300573074118,
25.059928172283335,25.059928172283335,25.059928172283335,25.059928172283335,25.059928172283335,25.059928172283335,25.059928172283335,25.059928172283335,25.059928172283335,25.059928172283335,25.059928172283335,25.059928172283335,67.63628217655571,25.059928172283335,33.92516273603808,25.059928172283335,88.69716737303396,25.059928172283335,51.11712041967935,25.059928172283335,54.12725745869635,33.476708320860936,33.92516273603808,45.01018403280158,
25.059928172283335,25.059928172283335,25.059928172283335,25.059928172283335,25.059928172283335,25.059928172283335,25.059928172283335,25.059928172283335,25.059928172283335,25.059928172283335,25.059928172283335,25.059928172283335,100.45988005169029,47.853944456021594,60.02466159837971,64.02008613373953,47.041015538114635,25.059928172283335,57.87580992953792,64.02008613373953,98.14232861852558,177.50680738120064,64.02008613373953,83.11437902072059,
25.059928172283335,25.059928172283335,25.059928172283335,25.059928172283335,25.059928172283335,25.059928172283335,25.059928172283335,25.059928172283335,25.059928172283335,25.059928172283335,25.059928172283335,25.059928172283335,42.4718656877703,54.12725745869635,109.49276992873395,81.27679045500423,45.01018403280158,25.059928172283335,109.49276992873395,33.71819489039511,25.059928172283335,83.52357451642021,33.476708320860936,25.059928172283335,
25.059928172283335,25.059928172283335,25.059928172283335,25.059928172283335,25.059928172283335,25.059928172283335,25.059928172283335,25.059928172283335,25.059928172283335,25.059928172283335,25.059928172283335,25.059928172283335,25.059928172283335,33.71819489039511,25.059928172283335,45.01018403280158,74.07217763776086,64.02008613373953,32.38655413730965,94.59235849535779,101.45619744500578,97.1837820832262,47.71941803021971,25.5,
25.059928172283335,25.059928172283335,25.059928172283335,25.059928172283335,25.059928172283335,25.059928172283335,25.059928172283335,25.059928172283335,25.059928172283335,25.059928172283335,25.059928172283335,25.059928172283335,25.5,100.45988005169029,108.98709786025132,25.059928172283335,77.33423131662545,82.89702447414302,110.90498936777671,42.99612385630438,62.63296966365948,111.41626153005375,85.31522431547607,62.702546798355804,
25.059928172283335,25.059928172283335,25.059928172283335,25.059928172283335,25.059928172283335,25.059928172283335,25.059928172283335,25.059928172283335,25.059928172283335,25.059928172283335,25.059928172283335,25.059928172283335,111.41626153005375,25.059928172283335,108.95956818930588,54.23943829600991,25.059928172283335,51.11712041967935,25.059928172283335,62.702546798355804,95.60209202731915,96.03422009144151,100.65576651803579,25.059928172283335,
25.059928172283335,25.059928172283335,25.059928172283335,25.059928172283335,25.059928172283335,25.059928172283335,25.059928172283335,25.059928172283335,25.059928172283335,25.059928172283335,25.059928172283335,25.059928172283335,110.2955625177691,62.702546798355804,108.98709786025132,62.63296966365948,98.14232861852558,25.059928172283335,33.92516273603808,33.71819489039511,106.7576109698976,25.059928172283335,25.059928172283335,53.52180241110471,
25.059928172283335,25.059928172283335,25.059928172283335,25.059928172283335,25.059928172283335,25.059928172283335,25.059928172283335,25.059928172283335,25.059928172283335,25.059928172283335,25.059928172283335,25.059928172283335,25.059928172283335,25.059928172283335,164.14380128411796,25.059928172283335,30.06425410682926,25.059928172283335,25.059928172283335,25.5,23.803558032361465,62.636730438297946,59.47868765965071,68.2586990793115,
23.803558032361465,25.059928172283335,25.059928172283335,25.059928172283335,25.059928172283335,25.059928172283335,25.059928172283335,25.059928172283335,25.059928172283335,25.059928172283335,25.059928172283335,25.059928172283335,69.68660001910139,25.059928172283335,25.059928172283335,27.69222589464415,25.5,33.71819489039511,79.81971874167435,76.79138406531469,58.88901991599679,78.74189300674524,88.47236856781895,25.059928172283335,
23.803558032361465,25.059928172283335,25.059928172283335,25.059928172283335,25.059928172283335,25.059928172283335,25.059928172283335,25.059928172283335,25.059928172283335,25.059928172283335,25.059928172283335,25.059928172283335,39.078675222464454,111.41626153005375,195.5,23.803558032361465,79.0706013635915,94.4412137636046,25.059928172283335,185.26377591603455,57.89524483927847,25.059928172283335,25.059928172283335,25.5,
23.803558032361465,23.803558032361465,25.059928172283335,25.059928172283335,25.059928172283335,25.059928172283335,25.059928172283335,25.059928172283335,25.059928172283335,25.059928172283335,25.059928172283335,25.059928172283335,79.81971874167435,25.059928172283335,52.346054053767986,64.02008613373953,25.059928172283335,100.45988005169029,123.06984805385923,74.47722566568349,72.0302670757231,25.059928172283335,72.17282498743323,111.41626153005375,
23.803558032361465,23.803558032361465,25.059928172283335,25.059928172283335,25.059928172283335,25.059928172283335,25.059928172283335,25.059928172283335,25.059928172283335,25.059928172283335,25.059928172283335,25.059928172283335,57.45526466753529,33.71819489039511,33.476708320860936,23.22833518691246,77.92250423765054,59.47868765965071,58.883359279171565,73.16192087873765,81.27679045500423,32.38655413730965,33.71819489039511,25.059928172283335,
23.22833518691246,23.803558032361465,23.803558032361465,25.059928172283335,25.059928172283335,25.059928172283335,25.059928172283335,25.059928172283335,25.059928172283335,25.059928172283335,25.059928172283335,25.059928172283335,71.44130020513344,71.44130020513344,23.803558032361465,61.50577208685377,82.77190042520469,108.98709786025132,52.68405237830515,68.23488843692792,177.50680738120064,25.059928172283335,77.09059605425294,76.97123767077822,
23.22833518691246,23.803558032361465,23.803558032361465,23.803558032361465,25.059928172283335,25.059928172283335,25.059928172283335,25.059928172283335,25.059928172283335,25.059928172283335,25.059928172283335,25.059928172283335,109.49276992873395,87.50634262726331,33.71819489039511,73.84908597944866,64.7648824595552,77.0594575636242,69.50619476788461,84.77829911009066,39.04591314508259,79.81971874167435,106.97974886242099,25.5,
23.22833518691246,23.803558032361465,23.803558032361465,23.803558032361465,25.059928172283335,25.059928172283335,25.059928172283335,25.059928172283335,25.059928172283335,25.059928172283335,25.059928172283335,25.059928172283335,107.78769642217983,74.07217763776086,25.059928172283335,25.5,25.5,63.247811932791116,25.059928172283335,169.31239617937015,55.48414187855841,76.02703055492829,55.236830448682774,23.803558032361465,
23.22833518691246,23.803558032361465,23.803558032361465,23.803558032361465,23.803558032361465,25.059928172283335,25.059928172283335,25.059928172283335,25.059928172283335,25.059928172283335,25.059928172283335,25.059928172283335,75.55957914123132,72.15063607283227,44.16918231829368,25.5,23.803558032361465,197.5,47.853944456021594,33.78503472587488,61.50577208685377,51.07510809255979,61.50577208685377,30.068411580926586,
23.22833518691246,23.803558032361465,23.803558032361465,23.803558032361465,23.803558032361465,23.803558032361465,25.059928172283335,25.059928172283335,25.059928172283335,25.059928172283335,25.059928172283335,25.059928172283335,44.82866688849893,25.059928172283335,76.44448966406931,33.78503472587488,27.69222589464415,33.476708320860936,74.0416099230696,54.12725745869635,71.91390251543855,91.61149855049128,56.265086865657636,111.41626153005375,
23.22833518691246,23.803558032361465,23.803558032361465,23.803558032361465,23.803558032361465,23.803558032361465,25.059928172283335,25.059928172283335,25.059928172283335,25.059928172283335,25.059928172283335,25.059928172283335,108.98709786025132,23.803558032361465,91.61149855049128,29.15973250906119,25.059928172283335,85.23252509067963,156.07109758055782,33.5,30.072914146940537,110.9400175770673,88.69716737303396,50.39603158979881,
23.22833518691246,23.803558032361465,23.803558032361465,23.803558032361465,23.803558032361465,23.803558032361465,23.803558032361465,25.059928172283335,25.059928172283335,25.059928172283335,25.059928172283335,25.059928172283335,44.57484342840328,110.9400175770673,92.18339209303255,83.27160380345752,69.72804313904126,104.18253212511203,78.83685686276439,82.92339838670385,105.28513665280583,78.83685686276439,23.803558032361465,98.30849403790093,
23.22833518691246,23.803558032361465,23.803558032361465,23.803558032361465,23.803558032361465,23.803558032361465,23.803558032361465,23.803558032361465,25.059928172283335,25.059928172283335,25.059928172283335,25.059928172283335,77.0594575636242,74.23045197221958,98.09274947721671,121.23266886446079,72.14073547092319,33.92516273603808,33.5,25.059928172283335,61.50577208685377,86.22982855910902,76.26871355062092,76.44448966406931,
23.22833518691246,23.803558032361465,23.803558032361465,23.803558032361465,23.803558032361465,23.803558032361465,23.803558032361465,23.803558032361465,25.059928172283335,25.059928172283335,25.059928172283335,25.059928172283335,33.78503472587488,23.22833518691246,88.6598636845976,78.3198569968051,81.27679045500423,95.41991406409879,91.61149855049128,57.54997827975263,27.69222589464415,25.059928172283335,30.205287202739854,84.57491747951438,
23.22833518691246,23.22833518691246,23.803558032361465,23.803558032361465,23.803558032361465,23.803558032361465,23.803558032361465,23.803558032361465,23.803558032361465,25.059928172283335,25.059928172283335,25.059928172283335,23.803558032361465,72.34638899074369,52.60092340308431,56.596709268295804,44.82866688849893,68.24851188853864,60.85159543238506,72.77952579537737,83.8819855511301,25.059928172283335,23.22833518691246,25.059928172283335,
23.22833518691246,23.22833518691246,23.22833518691246,23.803558032361465,23.803558032361465,23.803558032361465,23.803558032361465,23.803558032361465,23.803558032361465,23.803558032361465,23.803558032361465,25.059928172283335,40.6974902701102,76.46077425713135,74.17931941297,27.072599059468057,53.61824938084669,111.41626153005375,111.41626153005375,23.22833518691246,33.71819489039511,195.5,38.92483599378239,44.82866688849893,
23.22833518691246,23.22833518691246,23.22833518691246,23.22833518691246,23.803558032361465,23.803558032361465,23.803558032361465,23.803558032361465,23.803558032361465,23.803558032361465,23.803558032361465,23.803558032361465,167.66832338479045,23.803558032361465,74.23045197221958,36.52888411928292,50.31898250163649,43.49055726739508,22.861904265976328,91.61149855049128,54.96492388007881,23.803558032361465,74.33514838697967,68.02764144081434,
22.861904265976328,23.22833518691246,23.22833518691246,23.22833518691246,23.22833518691246,23.803558032361465,23.803558032361465,23.803558032361465,23.803558032361465,23.803558032361465,23.803558032361465,23.803558032361465,36.78463503964665,91.61149855049128,75.42670283129178,23.803558032361465,73.06104753332426,23.803558032361465,23.22833518691246,25.059928172283335,72.26728167019982,98.30645960464653,106.7576109698976,47.853944456021594,
22.861904265976328,23.22833518691246,23.22833518691246,23.22833518691246,23.22833518691246,23.22833518691246,23.803558032361465,23.803558032361465,23.803558032361465,23.803558032361465,23.803558032361465,23.803558032361465,29.10135544762287,73.30018190063834,38.293072154111634,65.7462655104564,104.18253212511203,83.52357451642021,76.55996715927046,77.33423131662545,44.090815370097204,52.15466781602583,23.22833518691246,23.803558032361465,
22.861904265976328,23.22833518691246,23.22833518691246,23.22833518691246,23.22833518691246,23.22833518691246,23.22833518691246,23.803558032361465,23.803558032361465,23.803558032361465,23.803558032361465,23.803558032361465,23.22833518691246,112.07846953511336,23.22833518691246,38.293072154111634,23.803558032361465,21.412379596859385,23.803558032361465,33.78503472587488,91.61149855049128,91.61149855049128,68.84705270864299,23.22833518691246,
21.412379596859385,22.861904265976328,23.22833518691246,23.22833518691246,23.22833518691246,23.22833518691246,23.22833518691246,23.22833518691246,23.22833518691246,23.22833518691246,23.22833518691246,23.803558032361465,66.50313275828941,38.293072154111634,77.92250423765054,91.61149855049128,91.61149855049128,91.61149855049128,75.85237856081596,63.55247175890696,23.22833518691246,111.41626153005375,23.22833518691246,24.917642121374346,
21.412379596859385,22.861904265976328,23.22833518691246,23.22833518691246,23.22833518691246,23.22833518691246,23.22833518691246,23.22833518691246,23.22833518691246,23.22833518691246,23.22833518691246,23.22833518691246,92.3481862301583,74.59030959658423,23.22833518691246,61.01024504130433,23.22833518691246,91.61149855049128,23.803558032361465,107.78769642217983,85.5181852005759,105.34210933904826,91.61149855049128,91.61149855049128,
21.412379596859385,22.861904265976328,23.22833518691246,23.22833518691246,23.22833518691246,23.22833518691246,23.22833518691246,23.22833518691246,23.22833518691246,23.22833518691246,23.22833518691246,23.22833518691246,23.22833518691246,23.22833518691246,23.22833518691246,88.69716737303396,76.64365596707923,22.329562803601867,23.803558032361465,63.55247175890696,64.32036516531915,44.82866688849893,23.22833518691246,64.02008613373953,
21.412379596859385,22.329562803601867,22.861904265976328,23.22833518691246,23.22833518691246,23.22833518691246,23.22833518691246,23.22833518691246,23.22833518691246,23.22833518691246,23.22833518691246,23.22833518691246,65.14053466312927,66.12542195382521,117.05451721313449,23.22833518691246,77.09059605425294,63.55247175890696,108.98709786025132,25.247347809791258,23.22833518691246,22.861904265976328,22.329562803601867,104.18253212511203,
21.412379596859385,22.329562803601867,22.329562803601867,22.861904265976328,22.861904265976328,23.22833518691246,23.22833518691246,23.22833518691246,23.22833518691246,23.22833518691246,23.22833518691246,23.22833518691246,74.28113825191426,77.0594575636242,77.09059605425294,104.02961116912819,22.861904265976328,74.07217763776086,108.95956818930588,23.22833518691246,77.92250423765054,52.60092340308431,23.22833518691246,95.85071726387862,
21.412379596859385,22.329562803601867,22.329562803601867,22.861904265976328,22.861904265976328,22.861904265976328,23.22833518691246,23.22833518691246,23.22833518691246,23.22833518691246,23.22833518691246,23.22833518691246,30.63804824070881,78.3198569968051,22.861904265976328,23.22833518691246,91.44351626368415,23.71265484925718,62.75120943626733,71.59859897372294,76.44448966406931,51.11712041967935,104.18253212511203,84.86607095889381,
21.412379596859385,22.329562803601867,22.329562803601867,22.861904265976328,22.861904265976328,22.861904265976328,22.861904265976328,23.22833518691246,23.22833518691246,23.22833518691246,23.22833518691246,23.22833518691246,21.94437412084372,63.55247175890696,22.329562803601867,25.5,100.45988005169029,73.16192087873765,76.64365596707923,109.49276992873395,22.329562803601867,33.78503472587488,49.77532856077731,91.61149855049128,
21.412379596859385,21.94437412084372,22.329562803601867,22.329562803601867,22.329562803601867,22.329562803601867,22.861904265976328,22.861904265976328,22.861904265976328,22.861904265976328,23.22833518691246,23.22833518691246,80.14629480786103,22.329562803601867,107.86102168995063,52.60092340308431,91.16971353836024,97.7924332451136,22.861904265976328,22.329562803601867,82.77190042520469,22.329562803601867,45.40030286242593,23.75057894031217,
21.412379596859385,21.94437412084372,22.329562803601867,22.329562803601867,22.329562803601867,22.329562803601867,22.329562803601867,22.329562803601867,22.329562803601867,22.861904265976328,22.861904265976328,22.861904265976328,84.7756844069493,77.33423131662545,106.38227060934543,33.78503472587488,104.18253212511203,22.329562803601867,82.77190042520469,77.09734106958553,80.16055317744686,42.20697301902342,86.28524124752076,72.66207936590982,
21.412379596859385,21.94437412084372,22.329562803601867,22.329562803601867,22.329562803601867,22.329562803601867,22.329562803601867,22.329562803601867,22.329562803601867,22.329562803601867,22.861904265976328,22.861904265976328,115.01594092414611,38.2323722219049,38.2323722219049,70.36038184470955,27.559405533017824,60.04256302823856,26.229754097208,97.79652345559118,96.47376586409385,74.30247063763858,91.61149855049128,22.861904265976328,
21.412379596859385,21.94437412084372,22.329562803601867,22.329562803601867,22.329562803601867,22.329562803601867,22.329562803601867,22.329562803601867,22.329562803601867,22.329562803601867,22.861904265976328,22.861904265976328,22.861904265976328,22.329562803601867,38.2323722219049,87.13700214522613,22.861904265976328,47.682107056351164,30.205287202739854,108.98709786025132,45.810297241268074,38.2323722219049,39.35027883566322,111.41626153005375,
21.412379596859385,21.94437412084372,22.329562803601867,22.329562803601867,22.329562803601867,22.329562803601867,22.329562803601867,22.329562803601867,22.329562803601867,22.329562803601867,22.329562803601867,22.861904265976328,111.41626153005375,61.50577208685377,82.77190042520469,67.68246941909453,23.22833518691246,22.329562803601867,82.77190042520469,73.30018190063834,67.42094135603071,39.37850513499296,26.23398982660133,56.917566488738785,
21.412379596859385,21.94437412084372,22.329562803601867,22.329562803601867,22.329562803601867,22.329562803601867,22.329562803601867,22.329562803601867,22.329562803601867,22.329562803601867,22.329562803601867,22.329562803601867,63.55247175890696,22.329562803601867,105.91820743699671,22.329562803601867,77.33423131662545,77.0594575636242,22.329562803601867,195.5,81.31830462243214,23.458169457264017,32.28445003845837,22.329562803601867,
21.412379596859385,21.94437412084372,22.329562803601867,22.329562803601867,22.329562803601867,22.329562803601867,22.329562803601867,22.329562803601867,22.329562803601867,22.329562803601867,22.329562803601867,22.329562803601867,69.53176732017292,84.71970592151847,91.61149855049128,22.329562803601867,38.2323722219049,22.329562803601867,22.329562803601867,61.038430517174994,38.2323722219049,82.77190042520469,29.632910336313575,76.89386624865905,
21.412379596859385,21.94437412084372,22.329562803601867,22.329562803601867,22.329562803601867,22.329562803601867,22.329562803601867,22.329562803601867,22.329562803601867,22.329562803601867,22.329562803601867,22.329562803601867,26.021325388995848,82.77190042520469,77.09059605425294,23.458169457264017,22.329562803601867,124.61203794176548,88.69716737303396,72.77075877942549,22.861904265976328,33.78503472587488,22.329562803601867,50.18924187512698,
21.412379596859385,21.94437412084372,22.329562803601867,22.329562803601867,22.329562803601867,22.329562803601867,22.329562803601867,22.329562803601867,22.329562803601867,22.329562803601867,22.329562803601867,22.329562803601867,23.22833518691246,22.329562803601867,66.40301197987934,68.35100127284164,102.9046160286311,102.82843721461491,66.9545865991768,28.211522468665173,96.00297614434372,33.78503472587488,82.77190042520469,23.22833518691246,
21.412379596859385,21.94437412084372,22.329562803601867,22.329562803601867,22.329562803601867,22.329562803601867,22.329562803601867,22.329562803601867,22.329562803601867,22.329562803601867,22.329562803601867,22.329562803601867,78.83685686276439,77.67985581860975,153.11616505124465,26.43594853603706,22.329562803601867,82.32229345687594,30.666666666666664,47.149860816337515,23.22833518691246,22.329562803601867,31.439536326804255,107.78769642217983,
21.412379596859385,21.94437412084372,22.329562803601867,22.329562803601867,22.329562803601867,22.329562803601867,22.329562803601867,22.329562803601867,22.329562803601867,22.329562803601867,22.329562803601867,22.329562803601867,70.32680410057036,99.99679994879835,85.55456348631166,77.09059605425294,22.329562803601867,74.59030959658423,123.06984805385923,22.329562803601867,23.22833518691246,108.98709786025132,107.78769642217983,81.31830462243214,
21.412379596859385,21.94437412084372,22.329562803601867,22.329562803601867,22.329562803601867,22.329562803601867,22.329562803601867,22.329562803601867,22.329562803601867,22.329562803601867,22.329562803601867,22.329562803601867,77.33423131662545,55.17504611947066,91.61149855049128,22.329562803601867,61.33990001078689,22.329562803601867,59.369552816682834,22.329562803601867,33.78503472587488,30.666666666666664,23.803558032361465,80.16055317744686,
21.412379596859385,21.94437412084372,22.329562803601867,22.329562803601867,22.329562803601867,22.329562803601867,22.329562803601867,22.329562803601867,22.329562803601867,22.329562803601867,22.329562803601867,22.329562803601867,66.9545865991768,108.98709786025132,77.33423131662545,91.61149855049128,23.458169457264017,77.20265539474663,30.666666666666664,47.71941803021971,95.85071726387862,22.329562803601867,96.03422009144151,109.05589163360226,
21.412379596859385,21.94437412084372,22.329562803601867,22.329562803601867,22.329562803601867,22.329562803601867,22.329562803601867,22.329562803601867,22.329562803601867,22.329562803601867,22.329562803601867,22.329562803601867,23.22833518691246,126.57235085120287,88.75915445744174,22.329562803601867,22.329562803601867,66.40301197987934,38.293072154111634,103.90072184542319,107.78769642217983,82.77190042520469,22.329562803601867,60.85159543238506,
21.412379596859385,21.94437412084372,22.329562803601867,22.329562803601867,22.329562803601867,22.329562803601867,22.329562803601867,22.329562803601867,22.329562803601867,22.329562803601867,22.329562803601867,22.329562803601867,100.45988005169029,33.78503472587488,86.95976080923866,106.7576109698976,82.77190042520469,33.1528185076322,80.16055317744686,91.61149855049128,21.94437412084372,31.49746021507131,96.03422009144151,82.77190042520469,
21.412379596859385,21.94437412084372,21.94437412084372,22.329562803601867,22.329562803601867,22.329562803601867,22.329562803601867,22.329562803601867,22.329562803601867,22.329562803601867,22.329562803601867,22.329562803601867,74.69366008666906,58.38972512351809,105.32312186789756,22.329562803601867,22.329562803601867,22.329562803601867,170.5,37.95940814431472,21.94437412084372,102.73344148815418,21.94437412084372,22.329562803601867,
21.412379596859385,21.94437412084372,21.94437412084372,21.94437412084372,21.94437412084372,22.329562803601867,22.329562803601867,22.329562803601867,22.329562803601867,22.329562803601867,22.329562803601867,22.329562803601867,23.71265484925718,21.412379596859385,118.1807408167676,22.329562803601867,22.329562803601867,23.79542439676633,83.16361884862876,74.33514838697967,88.47139368179977,112.98035227418968,98.60823156985087,105.32312186789756,
21.412379596859385,21.412379596859385,21.94437412084372,21.94437412084372,21.94437412084372,21.94437412084372,22.329562803601867,22.329562803601867,22.329562803601867,22.329562803601867,22.329562803601867,22.329562803601867,109.49276992873395,66.9545865991768,22.329562803601867,21.412379596859385,98.54229210513289,23.71265484925718,48.593820337569674,78.36427757594655,106.7576109698976,21.412379596859385,74.49905620207548,184.5,
21.412379596859385,21.412379596859385,21.412379596859385,21.412379596859385,21.94437412084372,21.94437412084372,21.94437412084372,21.94437412084372,22.329562803601867,22.329562803601867,22.329562803601867,22.329562803601867,57.945787471690174,21.412379596859385,48.52392635155804,169.31239617937015,94.6107155664727,27.072599059468057,91.61149855049128,106.97974886242099,46.656801678395645,56.004374829114916,36.11901622875868,109.0054471116008,
21.412379596859385,21.412379596859385,21.412379596859385,21.412379596859385,21.412379596859385,21.94437412084372,21.94437412084372,21.94437412084372,21.94437412084372,22.329562803601867,22.329562803601867,22.329562803601867,35.39575362949629,107.78769642217983,184.5,107.78769642217983,38.2323722219049,195.5,21.412379596859385,23.22833518691246,49.650205006050655,23.40586915164232,21.412379596859385,28.352413918395026,
21.412379596859385,21.412379596859385,21.412379596859385,21.412379596859385,21.412379596859385,21.412379596859385,21.412379596859385,21.94437412084372,21.94437412084372,21.94437412084372,21.94437412084372,22.329562803601867,19.398195792392652,95.85071726387862,23.22833518691246,91.61149855049128,21.412379596859385,56.596709268295804,21.94437412084372,72.7295217455287,45.85967046327306,25.862315731581347,51.3963357967602,21.412379596859385,
19.398195792392652,21.412379596859385,21.412379596859385,21.412379596859385,21.412379596859385,21.412379596859385,21.412379596859385,21.412379596859385,21.412379596859385,21.412379596859385,21.94437412084372,21.94437412084372,29.225149700215397,23.146874039009628,21.412379596859385,21.412379596859385,23.221757039466244,101.17029490630425,51.20165402601756,27.73723430096567,102.99203852725704,21.412379596859385,66.83977525063617,84.0747286644447,
19.398195792392652,21.412379596859385,21.412379596859385,21.412379596859385,21.412379596859385,21.412379596859385,21.412379596859385,21.412379596859385,21.412379596859385,21.412379596859385,21.412379596859385,21.412379596859385,61.08074281520439,78.36427757594655,38.293072154111634,23.22833518691246,107.78769642217983,33.78503472587488,21.412379596859385,82.77190042520469,153.11616505124465,21.412379596859385,21.412379596859385,65.14890762928613,
19.398195792392652,21.412379596859385,21.412379596859385,21.412379596859385,21.412379596859385,21.412379596859385,21.412379596859385,21.412379596859385,21.412379596859385,21.412379596859385,21.412379596859385,21.412379596859385,21.412379596859385,21.412379596859385,55.82512377455552,82.77190042520469,51.38199465766194,84.77829911009066,106.97974886242099,104.18253212511203,103.01533866371551,23.22833518691246,107.78769642217983,24.770053604212396,
19.398195792392652,21.412379596859385,21.412379596859385,21.412379596859385,21.412379596859385,21.412379596859385,21.412379596859385,21.412379596859385,21.412379596859385,21.412379596859385,21.412379596859385,21.412379596859385,24.917642121374346,23.40198479962722,50.0199960015992,23.22833518691246,108.98709786025132,106.97974886242099,104.18253212511203,73.16192087873765,64.52664178461482,91.61149855049128,104.18253212511203,55.613435127374274,
19.398195792392652,21.412379596859385,21.412379596859385,21.412379596859385,21.412379596859385,21.412379596859385,21.412379596859385,21.412379596859385,21.412379596859385,21.412379596859385,21.412379596859385,21.412379596859385,106.97974886242099,57.32895756073016,77.0594575636242,26.872092866019944,26.65118598272344,62.48967914784009,195.5,21.412379596859385,77.0594575636242,100.45988005169029,96.03422009144151,29.09753712372693,
19.398195792392652,21.412379596859385,21.412379596859385,21.412379596859385,21.412379596859385,21.412379596859385,21.412379596859385,21.412379596859385,21.412379596859385,21.412379596859385,21.412379596859385,21.412379596859385,91.61149855049128,91.61149855049128,38.293072154111634,23.22833518691246,23.22833518691246,48.82622246293481,102.73344148815418,69.68679932383176,105.73867157604481,185.26377591603455,21.412379596859385,98.30849403790093,
19.398195792392652,21.412379596859385,21.412379596859385,21.412379596859385,21.412379596859385,21.412379596859385,21.412379596859385,21.412379596859385,21.412379596859385,21.412379596859385,21.412379596859385,21.412379596859385,99.01797816558364,21.412379596859385,78.83685686276439,21.412379596859385,21.742672366866326,28.27491952915455,60.96378706521875,86.74264069237064,107.78769642217983,87.12388552269366,59.47007650911507,106.96114948896164,
19.398195792392652,21.412379596859385,21.412379596859385,21.412379596859385,21.412379596859385,21.412379596859385,21.412379596859385,21.412379596859385,21.412379596859385,21.412379596859385,21.412379596859385,21.412379596859385,98.76023153746317,28.017214096235293,22.861904265976328,63.55247175890696,76.89386624865905,55.613435127374274,25.939533052851974,91.61149855049128,73.16192087873765,153.11616505124465,106.7576109698976,59.6058482269747,
19.398195792392652,21.412379596859385,21.412379596859385,21.412379596859385,21.412379596859385,21.412379596859385,21.412379596859385,21.412379596859385,21.412379596859385,21.412379596859385,21.412379596859385,21.412379596859385,77.33423131662545,78.3198569968051,105.2775379651329,21.412379596859385,66.33940508224856,23.803558032361465,107.78769642217983,44.82866688849893,74.8303637124218,71.18258213917223,72.26935294438438,153.5698131144269,
19.398195792392652,21.412379596859385,21.412379596859385,21.412379596859385,21.412379596859385,21.412379596859385,21.412379596859385,21.412379596859385,21.412379596859385,21.412379596859385,21.412379596859385,21.412379596859385,91.61149855049128,100.01479890496205,26.021325388995848,74.59030959658423,21.412379596859385,92.3481862301583,82.77190042520469,24.917642121374346,21.412379596859385,25.492339535633054,23.40586915164232,55.23549583374807,
19.398195792392652,21.412379596859385,21.412379596859385,21.412379596859385,21.412379596859385,21.412379596859385,21.412379596859385,21.412379596859385,21.412379596859385,21.412379596859385,21.412379596859385,21.412379596859385,21.412379596859385,71.62110955111861,74.59030959658423,21.412379596859385,91.61149855049128,72.77952579537737,21.412379596859385,91.61149855049128,30.8341337101092,108.98709786025132,104.18253212511203,68.13926914782695,
19.398195792392652,21.412379596859385,21.412379596859385,21.412379596859385,21.412379596859385,21.412379596859385,21.412379596859385,21.412379596859385,21.412379596859385,21.412379596859385,21.412379596859385,21.412379596859385,106.7576109698976,111.41626153005375,21.412379596859385,66.40301197987934,111.41626153005375,91.61149855049128,78.69508667424331,63.667757407759645,117.03742991026417,21.412379596859385,21.412379596859385,24.770053604212396,
19.398195792392652,21.412379596859385,21.412379596859385,21.412379596859385,21.412379596859385,21.412379596859385,21.412379596859385,21.412379596859385,21.412379596859385,21.412379596859385,21.412379596859385,21.412379596859385,23.05548862105411,100.6392070715981,108.98709786025132,59.47868765965071,74.33514838697967,19.398195792392652,88.69716737303396,58.00956278925053,21.412379596859385,91.61149855049128,58.38972512351809,23.22833518691246,
19.398195792392652,19.398195792392652,21.412379596859385,21.412379596859385,21.412379596859385,21.412379596859385,21.412379596859385,21.412379596859385,21.412379596859385,21.412379596859385,21.412379596859385,21.412379596859385,85.5181852005759,42.44242423566307,91.61149855049128,31.562988170042175,82.25683862147876,21.412379596859385,97.46890529804877,75.17028288207666,76.64365596707923,25.727222936026344,21.94437412084372,21.412379596859385,
19.398195792392652,19.398195792392652,21.412379596859385,21.412379596859385,21.412379596859385,21.412379596859385,21.412379596859385,21.412379596859385,21.412379596859385,21.412379596859385,21.412379596859385,21.412379596859385,109.02837933308923,100.45988005169029,44.090815370097204,21.412379596859385,33.1528185076322,54.160256030906396,91.61149855049128,92.40986599564646,19.398195792392652,92.40806241881711,30.271428360749677,44.090815370097204,
19.398195792392652,19.398195792392652,19.398195792392652,21.412379596859385,21.412379596859385,21.412379596859385,21.412379596859385,21.412379596859385,21.412379596859385,21.412379596859385,21.412379596859385,21.412379596859385,74.28113825191426,24.770053604212396,19.398195792392652,108.98709786025132,19.398195792392652,83.08843180611848,21.412379596859385,90.08945207403583,82.0055892404089,21.412379596859385,44.91311055805421,106.38227060934543,
19.398195792392652,19.398195792392652,19.398195792392652,19.398195792392652,19.398195792392652,21.412379596859385,21.412379596859385,21.412379596859385,21.412379596859385,21.412379596859385,21.412379596859385,21.412379596859385,80.88623698339127,40.81316314272009,47.208149455364165,95.85071726387862,67.44694211007642,75.17028288207666,35.336477847497285,76.15397935386287,34.47382259692772,106.97974886242099,43.13061557640929,80.14629480786103,
19.398195792392652,19.398195792392652,19.398195792392652,19.398195792392652,19.398195792392652,21.412379596859385,21.412379596859385,21.412379596859385,21.412379596859385,21.412379596859385,21.412379596859385,21.412379596859385,74.48489779814429,59.08984155504227,33.2868822349829,77.276020428936,33.092436824748944,19.398195792392652,118.83146328589355,21.412379596859385,100.45988005169029,57.97782827451,107.78769642217983,105.32502076904613,
19.398195792392652,19.398195792392652,19.398195792392652,19.398195792392652,19.398195792392652,19.398195792392652,21.412379596859385,21.412379596859385,21.412379596859385,21.412379596859385,21.412379596859385,21.412379596859385,21.412379596859385,81.67567977474486,21.412379596859385,19.398195792392652,59.81103577100132,105.27243568135827,24.917642121374346,78.83685686276439,78.36427757594655,44.91311055805421,35.69936196130744,63.94193794819976,
19.398195792392652,19.398195792392652,19.398195792392652,19.398195792392652,19.398195792392652,19.398195792392652,19.398195792392652,21.412379596859385,21.412379596859385,21.412379596859385,21.412379596859385,21.412379596859385,52.52210419024954,106.3512262897487,44.91311055805421,89.91424485904015,83.08843180611848,50.18924187512698,60.85159543238506,19.398195792392652,38.293072154111634,21.499353995462798,22.666086545540693,19.398195792392652,
19.398195792392652,19.398195792392652,19.398195792392652,19.398195792392652,19.398195792392652,19.398195792392652,19.398195792392652,19.398195792392652,19.398195792392652,21.412379596859385,21.412379596859385,21.412379596859385,106.7576109698976,24.770053604212396,21.412379596859385,33.5,39.110070738060486,19.398195792392652,9.99999999E8,153.11616505124465,69.72804313904126,19.398195792392652,19.398195792392652,19.398195792392652,
19.398195792392652,19.398195792392652,19.398195792392652,19.398195792392652,19.398195792392652,19.398195792392652,19.398195792392652,19.398195792392652,19.398195792392652,19.398195792392652,19.398195792392652,19.398195792392652,51.56133656696099,19.398195792392652,44.91311055805421,17.555578802974228,106.97974886242099,20.176994600562075,33.5,21.06306940030307,29.84307918094244,91.61149855049128,82.77190042520469,35.39575362949629,
17.555578802974228,19.398195792392652,19.398195792392652,19.398195792392652,19.398195792392652,19.398195792392652,19.398195792392652,19.398195792392652,19.398195792392652,19.398195792392652,19.398195792392652,19.398195792392652,24.476671301803453,19.398195792392652,19.398195792392652,24.064727530373393,19.398195792392652,85.51190393322858,153.11616505124465,20.624242410328677,115.05514981955393,72.7295217455287,19.398195792392652,87.91283561953094,
17.555578802974228,19.398195792392652,19.398195792392652,19.398195792392652,19.398195792392652,19.398195792392652,19.398195792392652,19.398195792392652,19.398195792392652,19.398195792392652,19.398195792392652,19.398195792392652,64.02008613373953,74.51818569986791,91.41617289444284,19.398195792392652,85.55456348631166,19.398195792392652,19.398195792392652,74.51818569986791,38.39162235002145,79.98749902328488,85.55456348631166,19.398195792392652,
17.555578802974228,19.398195792392652,19.398195792392652,19.398195792392652,19.398195792392652,19.398195792392652,19.398195792392652,19.398195792392652,19.398195792392652,19.398195792392652,19.398195792392652,19.398195792392652,21.10187802538786,52.83833835388845,21.94437412084372,19.398195792392652,20.31162188184573,85.23252509067963,62.636730438297946,20.624242410328677,21.94437412084372,19.398195792392652,153.11616505124465,127.4216846313284,
17.555578802974228,19.398195792392652,19.398195792392652,19.398195792392652,19.398195792392652,19.398195792392652,19.398195792392652,19.398195792392652,19.398195792392652,19.398195792392652,19.398195792392652,19.398195792392652,153.11616505124465,80.11341959996464,19.398195792392652,91.61149855049128,91.61149855049128,33.5,105.02707984134378,91.61149855049128,91.61149855049128,20.624242410328677,123.06984805385923,91.61149855049128,
17.555578802974228,19.398195792392652,19.398195792392652,19.398195792392652,19.398195792392652,19.398195792392652,19.398195792392652,19.398195792392652,19.398195792392652,19.398195792392652,19.398195792392652,19.398195792392652,19.398195792392652,20.31162188184573,19.398195792392652,32.72340796083789,19.398195792392652,95.13443120132689,57.4146709861203,68.13926914782695,49.10338946694879,27.72083051505572,23.136335059814463,130.5992343009713,
17.555578802974228,19.398195792392652,19.398195792392652,19.398195792392652,19.398195792392652,19.398195792392652,19.398195792392652,19.398195792392652,19.398195792392652,19.398195792392652,19.398195792392652,19.398195792392652,81.3737519105516,45.40030286242593,83.19204689552161,44.91311055805421,19.398195792392652,19.398195792392652,22.51419305435771,19.398195792392652,43.08839025770167,19.398195792392652,23.71265484925718,9.99999999E8,
17.555578802974228,19.398195792392652,19.398195792392652,19.398195792392652,19.398195792392652,19.398195792392652,19.398195792392652,19.398195792392652,19.398195792392652,19.398195792392652,19.398195792392652,19.398195792392652,19.398195792392652,21.94437412084372,85.55456348631166,82.84781228252197,88.03953657306471,23.05548862105411,24.36299561949547,17.555578802974228,44.820300924915706,44.35774312338264,71.23803157623843,91.61149855049128,
17.555578802974228,17.555578802974228,19.398195792392652,19.398195792392652,19.398195792392652,19.398195792392652,19.398195792392652,19.398195792392652,19.398195792392652,19.398195792392652,19.398195792392652,19.398195792392652,43.81780460041328,22.666086545540693,25.5,33.5,85.23252509067963,63.667757407759645,80.11341959996464,64.81789876261033,30.59411708155671,82.77190042520469,71.55825132948215,106.97974886242099,
17.555578802974228,17.555578802974228,19.398195792392652,19.398195792392652,19.398195792392652,19.398195792392652,19.398195792392652,19.398195792392652,19.398195792392652,19.398195792392652,19.398195792392652,19.398195792392652,74.44181172790822,102.73344148815418,19.398195792392652,65.87571157110942,56.36414344835435,63.5,49.277276710467675,17.555578802974228,153.11616505124465,51.11858150418495,19.398195792392652,72.7295217455287,
17.555578802974228,17.555578802974228,17.555578802974228,19.398195792392652,19.398195792392652,19.398195792392652,19.398195792392652,19.398195792392652,19.398195792392652,19.398195792392652,19.398195792392652,19.398195792392652,19.398195792392652,43.06487354368213,17.555578802974228,71.23803157623843,21.19224176700311,52.52210419024954,91.61149855049128,9.99999999E8,26.871158731949638,19.398195792392652,20.624242410328677,72.7295217455287,
17.555578802974228,17.555578802974228,17.555578802974228,17.555578802974228,19.398195792392652,19.398195792392652,19.398195792392652,19.398195792392652,19.398195792392652,19.398195792392652,19.398195792392652,19.398195792392652,121.23266886446079,70.28291044059004,44.399992961711156,44.91311055805421,71.20568797504873,76.89386624865905,19.398195792392652,35.363419356326794,20.416205048231383,80.0509837541051,9.99999999E8,18.520821616044287,
17.555578802974228,17.555578802974228,17.555578802974228,17.555578802974228,18.520821616044287,19.398195792392652,19.398195792392652,19.398195792392652,19.398195792392652,19.398195792392652,19.398195792392652,19.398195792392652,78.36427757594655,20.695168518279818,9.99999999E8,19.398195792392652,23.786083699881697,17.555578802974228,17.555578802974228,76.54192750817468,19.398195792392652,88.35298523536146,87.52462510630937,17.555578802974228,
17.555578802974228,17.555578802974228,17.555578802974228,17.555578802974228,17.555578802974228,17.555578802974228,17.555578802974228,18.520821616044287,19.398195792392652,19.398195792392652,19.398195792392652,19.398195792392652,63.637864340169195,75.10437182126395,99.69433283793016,59.11731677653463,43.91658760271187,19.398195792392652,9.99999999E8,17.555578802974228,20.624242410328677,76.13897068612667,51.4500836841993,19.398195792392652,
17.555578802974228,17.555578802974228,17.555578802974228,17.555578802974228,17.555578802974228,17.555578802974228,17.555578802974228,17.555578802974228,18.520821616044287,19.398195792392652,19.398195792392652,19.398195792392652,19.398195792392652,17.555578802974228,20.176994600562075,33.92516273603808,17.555578802974228,66.40301197987934,19.399849655774826,72.7295217455287,20.176994600562075,23.5286555743437,69.04243001848315,75.85090638878351,
17.555578802974228,17.555578802974228,17.555578802974228,17.555578802974228,17.555578802974228,17.555578802974228,17.555578802974228,17.555578802974228,17.555578802974228,17.555578802974228,18.520821616044287,19.398195792392652,66.40301197987934,17.555578802974228,17.555578802974228,9.99999999E8,153.5,17.555578802974228,17.555578802974228,9.99999999E8,80.11341959996464,9.99999999E8,65.7462655104564,73.30018190063834,
17.555578802974228,17.555578802974228,17.555578802974228,17.555578802974228,17.555578802974228,17.555578802974228,17.555578802974228,17.555578802974228,17.555578802974228,17.555578802974228,17.555578802974228,17.555578802974228,34.016335944823794,81.30411659319594,115.01594092414611,25.117523763301193,24.064727530373393,19.093506316836475,9.99999999E8,24.064727530373393,17.555578802974228,107.87347913180514,94.51645359407006,21.23887944313447,
17.555578802974228,17.555578802974228,17.555578802974228,17.555578802974228,17.555578802974228,17.555578802974228,17.555578802974228,17.555578802974228,17.555578802974228,17.555578802974228,17.555578802974228,17.555578802974228,45.40030286242593,25.117523763301193,69.04243001848315,67.33922652192723,9.99999999E8,20.23698876527124,114.32492073034645,153.5,153.5,66.55010643617835,20.695168518279818,21.755229256433957,
17.555578802974228,17.555578802974228,17.555578802974228,17.555578802974228,17.555578802974228,17.555578802974228,17.555578802974228,17.555578802974228,17.555578802974228,17.555578802974228,17.555578802974228,17.555578802974228,17.555578802974228,41.1555315574684,20.23698876527124,153.5,17.555578802974228,69.72804313904126,67.07990970263963,88.03953657306471,17.555578802974228,74.78859093025709,83.08843180611848,34.016335944823794,
17.555578802974228,17.555578802974228,17.555578802974228,17.555578802974228,17.555578802974228,17.555578802974228,17.555578802974228,17.555578802974228,17.555578802974228,17.555578802974228,17.555578802974228,17.555578802974228,63.329824464202225,28.898289068924324,44.820300924915706,185.26377591603455,115.01594092414611,20.176994600562075,87.25457008088458,78.36427757594655,111.5,20.176994600562075,74.51818569986791,20.79679462481338,
17.555578802974228,17.555578802974228,17.555578802974228,17.555578802974228,17.555578802974228,17.555578802974228,17.555578802974228,17.555578802974228,17.555578802974228,17.555578802974228,17.555578802974228,17.555578802974228,80.0509837541051,52.379226162032346,70.97081895298336,17.555578802974228,17.555578802974228,73.16192087873765,20.176994600562075,29.004999569039818,80.11341959996464,69.56950960490283,17.555578802974228,50.52613185273537,
17.555578802974228,17.555578802974228,17.555578802974228,17.555578802974228,17.555578802974228,17.555578802974228,17.555578802974228,17.555578802974228,17.555578802974228,17.555578802974228,17.555578802974228,17.555578802974228,44.820300924915706,106.97974886242099,106.37943096921197,17.555578802974228,52.83568278162023,97.63804330280283,66.1949981326216,19.093506316836475,20.176994600562075,106.97974886242099,78.36427757594655,34.016335944823794,
17.555578802974228,17.555578802974228,17.555578802974228,17.555578802974228,17.555578802974228,17.555578802974228,17.555578802974228,17.555578802974228,17.555578802974228,17.555578802974228,17.555578802974228,17.555578802974228,85.55456348631166,17.555578802974228,87.83459834636159,49.53896824722937,17.555578802974228,9.99999999E8,74.57184455275328,185.26377591603455,71.8965185179366,66.60412430923479,34.016335944823794,80.26207074328447,
17.555578802974228,17.555578802974228,17.555578802974228,17.555578802974228,17.555578802974228,17.555578802974228,17.555578802974228,17.555578802974228,17.555578802974228,17.555578802974228,17.555578802974228,17.555578802974228,20.674622124720926,9.99999999E8,17.555578802974228,9.99999999E8,17.555578802974228,77.88573361020617,17.555578802974228,23.136335059814463,27.39725123073481,21.755229256433957,83.22325020689831,74.17546764261078,
17.555578802974228,17.555578802974228,17.555578802974228,17.555578802974228,17.555578802974228,17.555578802974228,17.555578802974228,17.555578802974228,17.555578802974228,17.555578802974228,17.555578802974228,17.555578802974228,184.5,63.40433246237989,46.171651785174724,21.755229256433957,74.51818569986791,48.673515499818905,97.5304439649487,24.74045270402302,25.992486895254945,77.88573361020617,66.40301197987934,17.555578802974228,
17.555578802974228,17.555578802974228,17.555578802974228,17.555578802974228,17.555578802974228,17.555578802974228,17.555578802974228,17.555578802974228,17.555578802974228,17.555578802974228,17.555578802974228,17.555578802974228,17.555578802974228,9.99999999E8,74.8303637124218,23.136335059814463,72.7295217455287,35.55679561329612,16.72826084038032,17.555578802974228,27.525961771181972,17.555578802974228,17.555578802974228,17.555578802974228,
16.72826084038032,17.555578802974228,17.555578802974228,17.555578802974228,17.555578802974228,17.555578802974228,17.555578802974228,17.555578802974228,17.555578802974228,17.555578802974228,17.555578802974228,17.555578802974228,19.963359293608736,17.555578802974228,17.555578802974228,70.28291044059004,21.755229256433957,9.99999999E8,20.846069023919114,49.33558553417604,80.09993757800315,18.083717353833347,62.682875310110475,17.555578802974228,
16.72826084038032,17.555578802974228,17.555578802974228,17.555578802974228,17.555578802974228,17.555578802974228,17.555578802974228,17.555578802974228,17.555578802974228,17.555578802974228,17.555578802974228,17.555578802974228,153.5,78.4129028498074,20.176994600562075,80.0509837541051,80.0509837541051,72.28819636243065,54.66406497874083,20.176994600562075,20.176994600562075,20.64457185575516,153.5,153.5,
16.72826084038032,17.555578802974228,17.555578802974228,17.555578802974228,17.555578802974228,17.555578802974228,17.555578802974228,17.555578802974228,17.555578802974228,17.555578802974228,17.555578802974228,17.555578802974228,153.5,25.07031531630928,20.176994600562075,17.555578802974228,29.960856005160856,153.5,49.53896824722937,9.99999999E8,20.176994600562075,71.55825132948215,153.11616505124465,25.992486895254945,
16.72826084038032,17.555578802974228,17.555578802974228,17.555578802974228,17.555578802974228,17.555578802974228,17.555578802974228,17.555578802974228,17.555578802974228,17.555578802974228,17.555578802974228,17.555578802974228,20.176994600562075,20.33921320380904,18.285353884097148,21.84695072998397,123.06984805385923,9.99999999E8,19.399849655774826,26.169818016180397,81.85876338460741,20.176994600562075,36.437813953560465,34.016335944823794,
16.72826084038032,17.555578802974228,17.555578802974228,17.555578802974228,17.555578802974228,17.555578802974228,17.555578802974228,17.555578802974228,17.555578802974228,17.555578802974228,17.555578802974228,17.555578802974228,17.555578802974228,17.555578802974228,121.23266886446079,17.555578802974228,83.08843180611848,20.695168518279818,17.555578802974228,17.555578802974228,9.99999999E8,100.21856115510738,71.20568797504873,184.5,
16.72826084038032,17.555578802974228,17.555578802974228,17.555578802974228,17.555578802974228,17.555578802974228,17.555578802974228,17.555578802974228,17.555578802974228,17.555578802974228,17.555578802974228,17.555578802974228,20.176994600562075,32.626522952959604,51.35590103803624,23.136335059814463,33.5,153.11616505124465,66.40301197987934,9.99999999E8,9.99999999E8,29.960856005160856,20.176994600562075,45.04095358670818,
16.72826084038032,17.555578802974228,17.555578802974228,17.555578802974228,17.555578802974228,17.555578802974228,17.555578802974228,17.555578802974228,17.555578802974228,17.555578802974228,17.555578802974228,17.555578802974228,51.4500836841993,17.555578802974228,153.11616505124465,25.992486895254945,17.555578802974228,49.655689502815285,9.99999999E8,80.0509837541051,46.286547121646954,46.286547121646954,88.45880397111414,17.555578802974228,
16.72826084038032,17.555578802974228,17.555578802974228,17.555578802974228,17.555578802974228,17.555578802974228,17.555578802974228,17.555578802974228,17.555578802974228,17.555578802974228,17.555578802974228,17.555578802974228,9.99999999E8,17.555578802974228,17.555578802974228,20.695168518279818,97.81200079744816,20.545234646181743,23.5286555743437,65.87571157110942,70.62990395953638,25.414366016094128,20.233458852674133,81.3737519105516,
16.72826084038032,17.555578802974228,17.555578802974228,17.555578802974228,17.555578802974228,17.555578802974228,17.555578802974228,17.555578802974228,17.555578802974228,17.555578802974228,17.555578802974228,17.555578802974228,100.24649308080558,17.555578802974228,22.71761431136641,21.755229256433957,56.596709268295804,45.24852010208258,25.16445906432324,20.176994600562075,57.4913036902104,17.555578802974228,25.789338882569286,66.40301197987934,
16.72826084038032,17.555578802974228,17.555578802974228,17.555578802974228,17.555578802974228,17.555578802974228,17.555578802974228,17.555578802974228,17.555578802974228,17.555578802974228,17.555578802974228,17.555578802974228,20.545234646181743,9.99999999E8,70.62990395953638,18.576598181583194,19.093506316836475,67.98529252713413,80.0509837541051,35.69936196130744,88.03953657306471,24.668215041492836,79.36353966760447,54.12124698304724,
16.72826084038032,17.555578802974228,17.555578802974228,17.555578802974228,17.555578802974228,17.555578802974228,17.555578802974228,17.555578802974228,17.555578802974228,17.555578802974228,17.555578802974228,17.555578802974228,67.98529252713413,42.06344414492628,19.399849655774826,81.3737519105516,80.0509837541051,24.806333196719475,17.555578802974228,20.176994600562075,84.0747286644447,87.25457008088458,19.34458626467569,83.26814116655501,
16.72826084038032,17.555578802974228,17.555578802974228,17.555578802974228,17.555578802974228,17.555578802974228,17.555578802974228,17.555578802974228,17.555578802974228,17.555578802974228,17.555578802974228,17.555578802974228,24.953447782080488,85.00946638463272,79.16167904088081,22.474595391608922,67.67780813742208,17.555578802974228,83.08843180611848,33.5,20.176994600562075,184.5,17.555578802974228,88.03953657306471,
16.72826084038032,17.555578802974228,17.555578802974228,17.555578802974228,17.555578802974228,17.555578802974228,17.555578802974228,17.555578802974228,17.555578802974228,17.555578802974228,17.555578802974228,17.555578802974228,17.555578802974228,17.555578802974228,17.555578802974228,93.66251473597464,71.56088316950817,83.49467048860065,153.11616505124465,20.624242410328677,17.555578802974228,21.94437412084372,19.399849655774826,44.820300924915706,
16.72826084038032,17.555578802974228,17.555578802974228,17.555578802974228,17.555578802974228,17.555578802974228,17.555578802974228,17.555578802974228,17.555578802974228,17.555578802974228,17.555578802974228,17.555578802974228,49.53896824722937,32.415178568887946,20.92450025075394,23.5286555743437,44.820300924915706,17.555578802974228,20.695168518279818,18.922451521872983,17.555578802974228,24.704048251248217,21.901769334919038,21.23887944313447,
