12.459935794377111,32.83047364873069,46.781733745607355,27.83083821151558,36.51558236016565,34.0,26.85958860444441,20.133505027474925,30.421045346930473,24.315061633115846,37.88432686774601,24.115462996914562,27.776888874666213,36.966952208094675,19.27070315271345,43.49068865860829,42.109645239804884,78.0,25.782746168707476,31.83457240171446,31.972644557496334,39.5808034279245,44.301692969908046,22.1401784093986,
12.459935794377111,19.27070315271345,20.133505027474925,22.1401784093986,24.115462996914562,24.315061633115846,25.782746168707476,26.85958860444441,27.776888874666213,27.83083821151558,30.421045346930473,31.83457240171446,35.96442686878244,35.53245777532924,23.801903542466892,12.459935794377111,23.491274976041634,27.709926019388792,69.53336529241835,26.85958860444441,18.637596411554792,22.1401784093986,21.151542617550167,18.523013815692266,
12.459935794377111,12.459935794377111,18.523013815692266,18.637596411554792,19.27070315271345,20.133505027474925,21.151542617550167,22.1401784093986,22.1401784093986,23.491274976041634,23.801903542466892,24.115462996914562,19.613452016409553,28.898716277183244,18.41564015909129,46.75735236302415,24.410835481172885,58.20843772360003,13.68795090581494,40.54078878802872,12.459935794377111,28.37643780008728,24.716666042306628,18.31359481647557,
12.459935794377111,12.459935794377111,12.459935794377111,13.68795090581494,18.31359481647557,18.41564015909129,18.523013815692266,18.637596411554792,19.27070315271345,19.613452016409553,20.133505027474925,21.151542617550167,25.656383221335,20.133505027474925,19.938906690187405,31.729323976410214,17.475347066712033,64.76796190161375,22.969115065965866,12.459935794377111,21.492731329451825,25.695270256999574,18.798610456681125,12.966502131060361,
12.459935794377111,12.459935794377111,12.459935794377111,12.459935794377111,12.966502131060361,13.68795090581494,17.475347066712033,18.31359481647557,18.41564015909129,18.523013815692266,18.637596411554792,18.798610456681125,17.848124706970076,10.9376712814577,24.709422404328993,17.854323272085455,40.721615881494685,19.896956774564522,69.53336529241835,17.508015656975466,34.0,35.96442686878244,17.56337730114064,32.83047364873069,
10.9376712814577,12.459935794377111,12.459935794377111,12.459935794377111,12.459935794377111,12.966502131060361,13.68795090581494,17.475347066712033,17.508015656975466,17.56337730114064,17.848124706970076,17.854323272085455,52.0,30.41792234851026,12.966502131060361,34.0,18.27455016336844,18.99891253956264,34.0,41.715554652910946,21.515426564372678,12.267428252016288,37.41978086520551,16.942254867637896,
10.9376712814577,12.267428252016288,12.459935794377111,12.459935794377111,12.459935794377111,12.459935794377111,12.966502131060361,12.966502131060361,13.68795090581494,16.942254867637896,17.475347066712033,17.508015656975466,24.073960113690383,29.08650359458876,9.688538000908151,33.56808493987425,18.37948735834478,16.942254867637896,10.9376712814577,27.776888874666213,9.99999999E8,52.347301745171166,41.918203712338816,12.390108671815929,
9.688538000908151,10.9376712814577,10.9376712814577,12.267428252016288,12.390108671815929,12.459935794377111,12.459935794377111,12.459935794377111,12.459935794377111,12.966502131060361,12.966502131060361,13.68795090581494,27.650146694816975,10.967407335767147,37.2588542795162,12.26160424966938,18.410255294264662,22.88133640230735,17.818645634037537,9.672412085697939,40.73207631359254,12.338837610579326,10.040196987886022,25.223798286538845,
9.672412085697939,9.688538000908151,10.040196987886022,10.9376712814577,10.9376712814577,10.967407335767147,12.26160424966938,12.267428252016288,12.338837610579326,12.390108671815929,12.459935794377111,12.459935794377111,78.0,13.395428324618814,34.0,34.0,60.35105632878351,12.6345816338027,10.967407335767147,16.246153390879947,33.40030309613343,60.39246641759219,18.263503375736967,24.56653807314755,
9.672412085697939,9.688538000908151,10.040196987886022,10.9376712814577,10.9376712814577,10.967407335767147,10.967407335767147,12.26160424966938,12.267428252016288,12.338837610579326,12.390108671815929,12.459935794377111,13.075116736991314,34.0,17.818944775137734,51.59699603659112,30.808047689997103,28.343571135115596,21.95358740616212,32.83047364873069,10.045813423856666,12.25991662106866,13.00534078326627,18.24752646859903,
9.672412085697939,9.688538000908151,10.040196987886022,10.045813423856666,10.9376712814577,10.9376712814577,10.967407335767147,10.967407335767147,12.25991662106866,12.26160424966938,12.267428252016288,12.338837610579326,25.421386932664532,18.912587089375773,18.22467801879882,35.47980166983198,30.78640071745644,17.38812637334771,24.563387388550463,26.126519885402153,19.52491286080996,17.980699529093844,11.81035033349985,9.703607576566563,
9.672412085697939,9.688538000908151,9.703607576566563,10.040196987886022,10.045813423856666,10.9376712814577,10.9376712814577,10.967407335767147,10.967407335767147,11.81035033349985,12.25991662106866,12.26160424966938,18.514233970222268,35.53245777532924,14.299378385867767,10.675777359153864,13.793002341051311,12.568863566804549,25.10697114348921,14.795249517464166,18.20332240953728,28.425775123257846,18.054700834470292,11.805083650698965,
9.672412085697939,9.688538000908151,9.703607576566563,10.040196987886022,10.045813423856666,10.675777359153864,10.9376712814577,10.9376712814577,10.967407335767147,10.967407335767147,11.805083650698965,11.81035033349985,31.44737667914448,10.967407335767147,27.63258945520669,12.966502131060361,17.915319636722938,10.017331919004691,12.902291881773143,20.524375751773793,12.595193086606052,12.459935794377111,15.276060509547547,19.551214796017153,
9.672412085697939,9.688538000908151,9.703607576566563,10.017331919004691,10.040196987886022,10.045813423856666,10.675777359153864,10.9376712814577,10.9376712814577,10.967407335767147,10.967407335767147,10.967407335767147,29.697432548959515,25.274602975230998,12.256892141104844,15.769828787910159,17.06929836711404,9.688538000908151,21.83835113388631,12.687482895445505,31.491070162825526,28.983179455643313,10.92926753670569,13.76081392941566,
9.672412085697939,9.688538000908151,9.688538000908151,9.703607576566563,10.017331919004691,10.040196987886022,10.045813423856666,10.675777359153864,10.92926753670569,10.9376712814577,10.9376712814577,10.967407335767147,24.532070544638103,10.889982368045017,49.45929864264376,19.601821470431712,55.75741106695045,25.7618607516568,9.688538000908151,10.69392350823588,22.44014260204244,33.92915413033458,20.133505027474925,10.92926753670569,
9.672412085697939,9.688538000908151,9.688538000908151,9.688538000908151,9.703607576566563,10.017331919004691,10.040196987886022,10.045813423856666,10.675777359153864,10.69392350823588,10.889982368045017,10.92926753670569,10.458860124413215,12.459935794377111,39.325953418129586,11.297738220054883,30.41792234851026,10.675777359153864,78.0,10.045813423856666,36.35875662991612,30.190023186476687,26.461712382652454,49.33445944660678,
9.672412085697939,9.688538000908151,9.688538000908151,9.688538000908151,9.703607576566563,10.017331919004691,10.040196987886022,10.045813423856666,10.045813423856666,10.458860124413215,10.675777359153864,10.675777359153864,78.0,12.818172863382502,29.256780131680067,13.158225142050462,19.41542370606293,34.68576135558115,17.03672503740082,28.86498744153546,12.164552246628181,14.795249517464166,12.183492931011205,30.08916789629381,
9.672412085697939,9.688538000908151,9.688538000908151,9.688538000908151,9.703607576566563,10.017331919004691,10.040196987886022,10.045813423856666,10.045813423856666,10.458860124413215,10.675777359153864,10.675777359153864,10.435487927453304,27.411452991442115,9.121627137339757,12.25991662106866,9.703607576566563,58.94818817308034,9.85156101528432,22.111931168489107,10.319389319061829,22.180171324856804,52.25552602356999,56.451306450781104,
9.121627137339757,9.672412085697939,9.688538000908151,9.688538000908151,9.688538000908151,9.703607576566563,9.703607576566563,9.85156101528432,10.017331919004691,10.040196987886022,10.045813423856666,10.045813423856666,22.948638303829707,46.76340798670059,18.290178026604828,43.118699217650594,11.968709203585824,25.35135811006368,51.492135321813954,30.212850354288193,15.144636014114042,9.724196624914574,32.83047364873069,13.192785406306719,
9.121627137339757,9.672412085697939,9.688538000908151,9.688538000908151,9.688538000908151,9.703607576566563,9.703607576566563,9.724196624914574,9.85156101528432,10.017331919004691,10.040196987886022,10.045813423856666,10.69392350823588,12.252165341504153,27.845251384955354,27.796402644946703,33.56808493987425,46.33991535492961,31.239998399487796,29.35877211328839,11.889491158161478,9.703607576566563,17.166576770710325,18.17881007663783,
9.121627137339757,9.672412085697939,9.688538000908151,9.688538000908151,9.688538000908151,9.703607576566563,9.703607576566563,9.703607576566563,9.724196624914574,9.85156101528432,10.017331919004691,10.040196987886022,33.39820354450221,9.335952013587045,16.879383289886913,10.573668669662506,27.62535067650726,9.855749716238526,9.505787710652916,51.59699603659112,22.88133640230735,10.017331919004691,21.02966746242667,22.786448214283467,
9.121627137339757,9.335952013587045,9.505787710652916,9.672412085697939,9.688538000908151,9.688538000908151,9.688538000908151,9.703607576566563,9.703607576566563,9.703607576566563,9.724196624914574,9.85156101528432,10.699990463470861,20.58856208890968,19.721498421773127,32.185227805452755,12.273503529509775,33.00060605504087,35.96442686878244,8.610394235392993,9.688538000908151,25.113492389550284,14.314802836466646,29.063574419274232,
8.610394235392993,9.121627137339757,9.335952013587045,9.505787710652916,9.672412085697939,9.688538000908151,9.688538000908151,9.688538000908151,9.688538000908151,9.703607576566563,9.703607576566563,9.703607576566563,10.272039373922214,60.39246641759219,38.93869826049944,11.898749804646716,78.0,12.080459428349569,46.95979367738131,10.69392350823588,29.994557329418203,20.740961887048538,27.520138529654208,27.796402644946703,
8.610394235392993,9.121627137339757,9.335952013587045,9.505787710652916,9.672412085697939,9.688538000908151,9.688538000908151,9.688538000908151,9.688538000908151,9.703607576566563,9.703607576566563,9.703607576566563,11.637761812307382,18.410255294264662,12.25752477379699,21.1704392963396,36.499863013441576,12.459935794377111,9.325163681456235,34.805746651953896,20.90355657982513,23.678840765544244,15.627904688686764,41.55585264302597,
8.610394235392993,9.121627137339757,9.325163681456235,9.335952013587045,9.505787710652916,9.672412085697939,9.688538000908151,9.688538000908151,9.688538000908151,9.688538000908151,9.703607576566563,9.703607576566563,35.96442686878244,36.96244340167763,78.0,18.04999914503606,11.616260155488943,15.312485827657843,9.391702807939202,11.607995612084695,34.0,12.320939718850815,12.459935794377111,78.0,
8.610394235392993,9.121627137339757,9.325163681456235,9.335952013587045,9.391702807939202,9.505787710652916,9.672412085697939,9.688538000908151,9.688538000908151,9.688538000908151,9.688538000908151,9.703607576566563,65.0,9.463614531456784,12.005785642301337,78.0,8.610394235392993,31.729323976410214,17.864458818808053,10.761298971571954,9.724196624914574,64.37973283573022,19.41542370606293,27.520138529654208,
8.610394235392993,8.610394235392993,9.121627137339757,9.325163681456235,9.335952013587045,9.391702807939202,9.463614531456784,9.505787710652916,9.672412085697939,9.688538000908151,9.688538000908151,9.688538000908151,22.944915249406982,35.96442686878244,18.150413218436654,20.06316555892659,10.420894458841527,10.24559525953579,9.335952013587045,16.351146748775758,9.688538000908151,27.796402644946703,17.956544767855537,38.470248244585065,
8.610394235392993,8.610394235392993,9.121627137339757,9.325163681456235,9.335952013587045,9.335952013587045,9.391702807939202,9.463614531456784,9.505787710652916,9.672412085697939,9.688538000908151,9.688538000908151,9.463614531456784,30.884300218719545,14.314802836466646,53.12955862794269,20.06316555892659,25.113492389550284,18.019194155807615,9.688538000908151,19.57299263823309,78.0,10.044869749480263,19.658013633121737,
8.610394235392993,8.610394235392993,9.121627137339757,9.325163681456235,9.335952013587045,9.335952013587045,9.391702807939202,9.463614531456784,9.463614531456784,9.505787710652916,9.672412085697939,9.688538000908151,26.366408553308887,31.399987001167204,23.491274976041634,9.148002536795842,41.30602256330183,38.93869826049944,20.246913345001506,32.98316068676392,9.245118832239108,10.479622379031632,24.410835481172885,38.31738798799081,
8.610394235392993,8.610394235392993,9.121627137339757,9.148002536795842,9.245118832239108,9.325163681456235,9.335952013587045,9.335952013587045,9.391702807939202,9.463614531456784,9.463614531456784,9.505787710652916,12.482085928874326,42.21637386396684,9.391702807939202,10.354086178495713,34.825512581017556,11.861338795628905,36.499863013441576,10.925109825139426,9.441339358845699,68.17787193967132,37.59574444002938,48.20327328673392,
8.610394235392993,8.610394235392993,9.121627137339757,9.148002536795842,9.245118832239108,9.325163681456235,9.335952013587045,9.335952013587045,9.391702807939202,9.391702807939202,9.441339358845699,9.463614531456784,8.610394235392993,22.859474087466573,78.0,49.74977386883281,10.447032873872303,27.796402644946703,9.614461494149591,9.613179658182606,39.932943793314315,27.348842455823785,27.854782154755565,30.11125204969066,
8.610394235392993,8.610394235392993,8.610394235392993,9.121627137339757,9.148002536795842,9.245118832239108,9.325163681456235,9.335952013587045,9.335952013587045,9.391702807939202,9.391702807939202,9.441339358845699,9.736814445985686,10.69392350823588,19.282180092920054,9.391702807939202,38.31738798799081,39.9028821014222,17.382142816375918,22.969115065965866,18.383076456349738,9.822027398771713,31.757763705203732,13.044539087296263,
8.610394235392993,8.610394235392993,8.610394235392993,9.121627137339757,9.148002536795842,9.245118832239108,9.325163681456235,9.335952013587045,9.335952013587045,9.391702807939202,9.391702807939202,9.391702807939202,27.59674341138063,39.430318284284745,33.56808493987425,19.282180092920054,31.84162195757133,10.354086178495713,34.0,17.166576770710325,20.472806414098088,9.148002536795842,13.804347141389918,32.05030767749699,
8.610394235392993,8.610394235392993,8.610394235392993,9.121627137339757,9.148002536795842,9.148002536795842,9.245118832239108,9.325163681456235,9.335952013587045,9.335952013587045,9.391702807939202,9.391702807939202,8.742875374983061,22.859474087466573,11.788073535822145,24.410835481172885,10.361467077590895,20.261555030275883,9.335952013587045,9.076465293396005,28.241026106633512,19.551214796017153,9.148002536795842,40.54078878802872,
8.610394235392993,8.610394235392993,8.610394235392993,8.742875374983061,9.076465293396005,9.121627137339757,9.148002536795842,9.148002536795842,9.148002536795842,9.245118832239108,9.325163681456235,9.335952013587045,9.325163681456235,8.610394235392993,13.292530158878384,31.757763705203732,15.966762351835765,10.714735440296955,35.96442686878244,42.8744938421694,23.258063117981255,9.463614531456784,22.280877451303393,31.757763705203732,
8.610394235392993,8.610394235392993,8.610394235392993,8.610394235392993,8.742875374983061,9.076465293396005,9.121627137339757,9.148002536795842,9.148002536795842,9.148002536795842,9.245118832239108,9.325163681456235,58.20843772360003,8.610394235392993,18.17881007663783,13.40904430359608,16.076975331276376,28.36260742597549,9.96784955200258,31.757763705203732,27.960730840516355,23.258063117981255,28.241026106633512,9.688538000908151,
8.610394235392993,8.610394235392993,8.610394235392993,8.610394235392993,8.610394235392993,8.742875374983061,9.076465293396005,9.121627137339757,9.148002536795842,9.148002536795842,9.148002536795842,9.245118832239108,30.542041950901258,37.59574444002938,8.93322277432968,25.39961605748734,11.792422333422254,9.589577675789482,9.245118832239108,29.692986872117718,8.610394235392993,9.463614531456784,27.796402644946703,11.653431646335017,
8.610394235392993,8.610394235392993,8.610394235392993,8.610394235392993,8.610394235392993,8.610394235392993,8.742875374983061,8.93322277432968,9.076465293396005,9.121627137339757,9.148002536795842,9.148002536795842,51.27416503464489,9.484724561103501,27.20747900082341,9.65068922249265,24.312590170862638,8.710210594184352,34.0,51.59699603659112,9.108165440194332,28.546258754675524,78.0,11.857137764921658,
8.610394235392993,8.610394235392993,8.610394235392993,8.610394235392993,8.610394235392993,8.610394235392993,8.710210594184352,8.742875374983061,8.93322277432968,9.076465293396005,9.108165440194332,9.121627137339757,9.171453295719036,8.742875374983061,27.20747900082341,23.64185906395688,33.60338524613257,9.108165440194332,38.073029240599645,11.260797287739248,8.710210594184352,18.150413218436654,9.99999999E8,13.985000783467273,
8.610394235392993,8.610394235392993,8.610394235392993,8.610394235392993,8.610394235392993,8.610394235392993,8.710210594184352,8.710210594184352,8.742875374983061,8.742875374983061,8.93322277432968,9.076465293396005,9.581521567869872,58.20843772360003,8.610394235392993,16.351146748775758,8.610394235392993,9.338312568802412,9.171453295719036,8.89600409672168,8.917106756084525,51.27416503464489,12.571777391318202,24.410835481172885,
8.610394235392993,8.610394235392993,8.610394235392993,8.610394235392993,8.610394235392993,8.610394235392993,8.610394235392993,8.610394235392993,8.710210594184352,8.710210594184352,8.742875374983061,8.742875374983061,9.099755796479132,8.610394235392993,30.747158488257753,8.61576490850799,9.245118832239108,13.865313324272442,8.610394235392993,25.762133063859444,22.859474087466573,22.88133640230735,12.745097096530886,31.164438423020272,
8.610394235392993,8.610394235392993,8.610394235392993,8.610394235392993,8.610394235392993,8.610394235392993,8.610394235392993,8.610394235392993,8.610394235392993,8.610394235392993,8.61576490850799,8.710210594184352,11.267594139209594,19.896956774564522,33.289971796657056,8.610394235392993,16.351146748775758,9.975175799523784,16.351146748775758,8.610394235392993,44.339138282937675,31.164438423020272,8.97063109386526,10.925109825139426,
8.610394235392993,8.610394235392993,8.610394235392993,8.610394235392993,8.610394235392993,8.610394235392993,8.610394235392993,8.610394235392993,8.610394235392993,8.610394235392993,8.610394235392993,8.610394235392993,11.260797287739248,64.37973283573022,28.055338900400518,38.09053542402481,9.920343902329993,11.072264507421869,18.019194155807615,9.276291650053889,23.491274976041634,22.613226764249237,8.610394235392993,25.679515182339404,
8.610394235392993,8.610394235392993,8.610394235392993,8.610394235392993,8.610394235392993,8.610394235392993,8.610394235392993,8.610394235392993,8.610394235392993,8.610394235392993,8.610394235392993,8.610394235392993,8.610394235392993,11.216307572260828,10.5681573802259,24.410835481172885,8.610394235392993,9.027963902863423,32.98316068676392,14.646863563401483,9.245118832239108,10.229315172038103,26.642176254119246,8.610394235392993,
8.610394235392993,8.610394235392993,8.610394235392993,8.610394235392993,8.610394235392993,8.610394235392993,8.610394235392993,8.610394235392993,8.610394235392993,8.610394235392993,8.610394235392993,8.610394235392993,16.351146748775758,26.867990041848852,9.338312568802412,23.258063117981255,12.374805148734094,17.87680751458661,8.610394235392993,8.610394235392993,8.8068155425216,20.48627589387588,8.742875374983061,21.609226679498516,
8.610394235392993,8.610394235392993,8.610394235392993,8.610394235392993,8.610394235392993,8.610394235392993,8.610394235392993,8.610394235392993,8.610394235392993,8.610394235392993,8.610394235392993,8.610394235392993,8.610394235392993,11.072264507421869,8.610394235392993,8.610394235392993,8.610394235392993,11.861338795628905,27.20747900082341,19.46570266512138,78.0,10.41499986664533,18.148278155241066,28.36260742597549,
8.610394235392993,8.610394235392993,8.610394235392993,8.610394235392993,8.610394235392993,8.610394235392993,8.610394235392993,8.610394235392993,8.610394235392993,8.610394235392993,8.610394235392993,8.610394235392993,9.855906294648346,9.557559247815847,9.565779227611568,8.610394235392993,16.351146748775758,37.59574444002938,11.70202973846845,12.745097096530886,8.86519689439165,20.317881940069743,36.12785936396208,8.971610553204334,
8.610394235392993,8.610394235392993,8.610394235392993,8.610394235392993,8.610394235392993,8.610394235392993,8.610394235392993,8.610394235392993,8.610394235392993,8.610394235392993,8.610394235392993,8.610394235392993,8.610394235392993,10.5681573802259,8.629728977333079,9.463614531456784,42.940527347587256,21.19876777319948,9.463614531456784,20.48627589387588,10.985961861607356,11.072264507421869,39.932943793314315,8.610394235392993,
8.610394235392993,8.610394235392993,8.610394235392993,8.610394235392993,8.610394235392993,8.610394235392993,8.610394235392993,8.610394235392993,8.610394235392993,8.610394235392993,8.610394235392993,8.610394235392993,22.88133640230735,10.293687385966216,40.7390901885125,9.184735978785673,8.610394235392993,11.072264507421869,22.405907510253286,24.218394088892396,8.882533888706739,35.96442686878244,16.351146748775758,64.37973283573022,
8.610394235392993,8.610394235392993,8.610394235392993,8.610394235392993,8.610394235392993,8.610394235392993,8.610394235392993,8.610394235392993,8.610394235392993,8.610394235392993,8.610394235392993,8.610394235392993,9.136313382443829,20.48627589387588,35.96442686878244,64.37973283573022,13.196969349058898,26.718699236469,10.5681573802259,9.48536885008813,8.610394235392993,29.290940300261266,22.477148889977624,15.031217515557413,
8.610394235392993,8.610394235392993,8.610394235392993,8.610394235392993,8.610394235392993,8.610394235392993,8.610394235392993,8.610394235392993,8.610394235392993,8.610394235392993,8.610394235392993,8.610394235392993,24.410835481172885,34.33132680220792,16.351146748775758,9.276291650053889,15.935416530483288,10.585347740006442,33.289971796657056,23.258063117981255,13.935117509371782,22.269654240692645,9.463614531456784,44.10978881595054,
8.610394235392993,8.610394235392993,8.610394235392993,8.610394235392993,8.610394235392993,8.610394235392993,8.610394235392993,8.610394235392993,8.610394235392993,8.610394235392993,8.610394235392993,8.610394235392993,22.19369279772972,64.37973283573022,16.351146748775758,9.565779227611568,19.57397496339894,9.37956989210842,8.610394235392993,23.258063117981255,8.610394235392993,10.714735440296955,8.610394235392993,22.88133640230735,
8.610394235392993,8.610394235392993,8.610394235392993,8.610394235392993,8.610394235392993,8.610394235392993,8.610394235392993,8.610394235392993,8.610394235392993,8.610394235392993,8.610394235392993,8.610394235392993,9.245118832239108,9.463614531456784,9.035079029052513,45.52186287928033,9.316949906249123,9.565779227611568,11.072264507421869,10.172993459074243,20.39454583951307,42.913349386357105,8.8068155425216,30.542041950901258,
8.610394235392993,8.610394235392993,8.610394235392993,8.610394235392993,8.610394235392993,8.610394235392993,8.610394235392993,8.610394235392993,8.610394235392993,8.610394235392993,8.610394235392993,8.610394235392993,11.072264507421869,9.245118832239108,22.88133640230735,22.583726250511113,34.61154697024491,24.859047089987623,10.306862032581869,16.351146748775758,11.072264507421869,27.171778660138454,11.968709203585824,11.643023662262308,
8.610394235392993,8.610394235392993,8.610394235392993,8.610394235392993,8.610394235392993,8.610394235392993,8.610394235392993,8.610394235392993,8.610394235392993,8.610394235392993,8.610394235392993,8.610394235392993,12.09793370786929,16.351146748775758,11.861338795628905,38.19540402834991,23.009508903929262,9.180629097032726,8.610394235392993,35.07891977021097,16.351146748775758,38.31738798799081,8.610394235392993,9.076465293396005,
8.610394235392993,8.610394235392993,8.610394235392993,8.610394235392993,8.610394235392993,8.610394235392993,8.610394235392993,8.610394235392993,8.610394235392993,8.610394235392993,8.610394235392993,8.610394235392993,28.13459712801226,34.0,33.06115545470242,10.494707660954111,9.709996069445086,35.96442686878244,12.745097096530886,35.07891977021097,16.193560601630445,8.917106756084525,11.795714852813663,11.382442620105756,
8.610394235392993,8.610394235392993,8.610394235392993,8.610394235392993,8.610394235392993,8.610394235392993,8.610394235392993,8.610394235392993,8.610394235392993,8.610394235392993,8.610394235392993,8.610394235392993,22.405907510253286,8.610394235392993,8.923712963852239,24.410835481172885,11.072264507421869,39.325953418129586,23.258063117981255,31.84162195757133,8.610394235392993,64.37973283573022,43.9378039078525,8.610394235392993,
8.610394235392993,8.610394235392993,8.610394235392993,8.610394235392993,8.610394235392993,8.610394235392993,8.610394235392993,8.610394235392993,8.610394235392993,8.610394235392993,8.610394235392993,8.610394235392993,18.019194155807615,8.610394235392993,10.306862032581869,9.463614531456784,11.072264507421869,28.36260742597549,33.96965557670551,8.610394235392993,51.59699603659112,9.494150245750742,11.039373559901001,8.61576490850799,
8.610394235392993,8.610394235392993,8.610394235392993,8.610394235392993,8.610394235392993,8.610394235392993,8.610394235392993,8.610394235392993,8.610394235392993,8.610394235392993,8.610394235392993,8.610394235392993,19.282180092920054,17.166576770710325,40.78815354226954,9.171453295719036,78.0,8.610394235392993,20.163333057805698,38.854697270729055,34.0,10.172129679778086,10.479622379031632,10.156771140475698,
8.610394235392993,8.610394235392993,8.610394235392993,8.610394235392993,8.610394235392993,8.610394235392993,8.610394235392993,8.610394235392993,8.610394235392993,8.610394235392993,8.610394235392993,8.610394235392993,10.533692500066175,42.940527347587256,8.610394235392993,36.109401668940585,9.171453295719036,31.047705229211388,8.610394235392993,31.047705229211388,8.742875374983061,38.761288678267654,21.61851058699466,8.812981280659482,
8.610394235392993,8.610394235392993,8.610394235392993,8.610394235392993,8.610394235392993,8.610394235392993,8.610394235392993,8.610394235392993,8.610394235392993,8.610394235392993,8.610394235392993,8.610394235392993,8.610394235392993,8.610394235392993,35.07891977021097,10.890135046100854,42.940527347587256,11.260797287739248,51.27416503464489,33.16959786042367,31.14303917232371,45.52186287928033,8.610394235392993,11.861338795628905,
8.610394235392993,8.610394235392993,8.610394235392993,8.610394235392993,8.610394235392993,8.610394235392993,8.610394235392993,8.610394235392993,8.610394235392993,8.610394235392993,8.610394235392993,8.610394235392993,9.276291650053889,10.5681573802259,11.072264507421869,35.07891977021097,35.96442686878244,34.94338277843174,23.258063117981255,13.044539087296263,46.11550715323426,36.70452590924207,56.23379766652792,40.78815354226954,
8.610394235392993,8.610394235392993,8.610394235392993,8.610394235392993,8.610394235392993,8.610394235392993,8.610394235392993,8.610394235392993,8.610394235392993,8.610394235392993,8.610394235392993,8.610394235392993,35.96442686878244,8.610394235392993,35.96442686878244,17.166576770710325,10.761298971571954,9.276291650053889,8.610394235392993,38.09053542402481,35.96442686878244,13.044539087296263,31.757763705203732,12.745097096530886,
8.610394235392993,8.610394235392993,8.610394235392993,8.610394235392993,8.610394235392993,8.610394235392993,8.610394235392993,8.610394235392993,8.610394235392993,8.610394235392993,8.610394235392993,8.610394235392993,8.917106756084525,22.750390038713185,26.867990041848852,23.12339417180556,31.757763705203732,40.781148105666745,49.78995882705669,8.610394235392993,13.690781570093067,22.405907510253286,33.40030309613343,9.22243213246212,
8.610394235392993,8.610394235392993,8.610394235392993,8.610394235392993,8.610394235392993,8.610394235392993,8.610394235392993,8.610394235392993,8.610394235392993,8.610394235392993,8.610394235392993,8.610394235392993,8.610394235392993,9.13022161535864,12.09793370786929,10.5681573802259,14.423924111588342,11.382442620105756,8.610394235392993,12.765578717786358,17.783332465548938,26.312734559524596,39.325953418129586,10.847517644754232,
8.610394235392993,8.610394235392993,8.610394235392993,8.610394235392993,8.610394235392993,8.610394235392993,8.610394235392993,8.610394235392993,8.610394235392993,8.610394235392993,8.610394235392993,8.610394235392993,42.271900598942956,21.11302915263464,9.463614531456784,20.317881940069743,11.861338795628905,9.565779227611568,33.06115545470242,8.61576490850799,12.017205296594373,8.610394235392993,35.07891977021097,14.499893571342065,
8.610394235392993,8.610394235392993,8.610394235392993,8.610394235392993,8.610394235392993,8.610394235392993,8.610394235392993,8.610394235392993,8.610394235392993,8.610394235392993,8.610394235392993,8.610394235392993,9.463614531456784,35.96442686878244,18.019194155807615,24.171158390924994,42.109645239804884,10.306862032581869,51.59699603659112,8.610394235392993,28.529589902415353,18.150413218436654,9.171453295719036,35.07891977021097,
8.610394235392993,8.610394235392993,8.610394235392993,8.610394235392993,8.610394235392993,8.610394235392993,8.610394235392993,8.610394235392993,8.610394235392993,8.610394235392993,8.610394235392993,8.610394235392993,8.610394235392993,16.351146748775758,9.494150245750742,22.859474087466573,9.027963902863423,51.59699603659112,12.374805148734094,8.971610553204334,23.258063117981255,24.410835481172885,9.463614531456784,34.0,
8.610394235392993,8.610394235392993,8.610394235392993,8.610394235392993,8.610394235392993,8.610394235392993,8.610394235392993,8.610394235392993,8.610394235392993,8.610394235392993,8.610394235392993,8.610394235392993,31.729323976410214,10.41499986664533,30.658753785394957,23.376679315130907,8.610394235392993,23.6030091474864,31.00403199585499,8.610394235392993,11.072264507421869,9.497582936339807,15.591729885305432,23.491274976041634,
8.610394235392993,8.610394235392993,8.610394235392993,8.610394235392993,8.610394235392993,8.610394235392993,8.610394235392993,8.610394235392993,8.610394235392993,8.610394235392993,8.610394235392993,8.610394235392993,33.56808493987425,28.055338900400518,42.940527347587256,78.0,9.494150245750742,64.37973283573022,31.46249972409835,10.056863122652539,11.28530126719522,23.6030091474864,31.164438423020272,13.985000783467273,
8.610394235392993,8.610394235392993,8.610394235392993,8.610394235392993,8.610394235392993,8.610394235392993,8.610394235392993,8.610394235392993,8.610394235392993,8.610394235392993,8.610394235392993,8.610394235392993,56.23379766652792,9.463614531456784,13.985000783467273,16.193560601630445,30.142255316342133,8.610394235392993,10.073342157507717,36.70452590924207,9.171453295719036,8.610394235392993,11.703513242707176,9.245118832239108,
8.610394235392993,8.610394235392993,8.610394235392993,8.610394235392993,8.610394235392993,8.610394235392993,8.610394235392993,8.610394235392993,8.610394235392993,8.610394235392993,8.610394235392993,8.610394235392993,17.87680751458661,28.36260742597549,9.108165440194332,8.812981280659482,11.968709203585824,28.36260742597549,11.6963907063485,8.971610553204334,10.925243555434458,33.68316427468707,30.570093428789157,45.67975481545408,
8.610394235392993,8.610394235392993,8.610394235392993,8.610394235392993,8.610394235392993,8.610394235392993,8.610394235392993,8.610394235392993,8.610394235392993,8.610394235392993,8.610394235392993,8.610394235392993,9.494150245750742,8.610394235392993,25.23965134466005,9.098473620460865,21.499353995462798,23.258063117981255,11.072264507421869,22.269654240692645,18.601738933713285,8.629728977333079,8.839620404117413,34.0,
8.610394235392993,8.610394235392993,8.610394235392993,8.610394235392993,8.610394235392993,8.610394235392993,8.610394235392993,8.610394235392993,8.610394235392993,8.610394235392993,8.610394235392993,8.610394235392993,8.610394235392993,8.839620404117413,35.96442686878244,33.06115545470242,8.610394235392993,8.610394235392993,10.5681573802259,8.86519689439165,28.36260742597549,43.311532977821145,11.28530126719522,10.5681573802259,
8.610394235392993,8.610394235392993,8.610394235392993,8.610394235392993,8.610394235392993,8.610394235392993,8.610394235392993,8.610394235392993,8.610394235392993,8.610394235392993,8.610394235392993,8.610394235392993,11.382442620105756,18.019194155807615,11.795714852813665,11.072264507421869,12.745097096530886,28.53835138896429,46.76340798670059,23.258063117981255,34.0,23.258063117981255,34.0,18.122844699439433,
8.610394235392993,8.610394235392993,8.610394235392993,8.610394235392993,8.610394235392993,8.610394235392993,8.610394235392993,8.610394235392993,8.610394235392993,8.610394235392993,8.610394235392993,8.610394235392993,8.629728977333079,23.258063117981255,8.917106756084525,23.258063117981255,11.260797287739248,17.03672503740082,11.968709203585824,22.130521909796887,9.027963902863423,11.124747188138704,23.258063117981255,26.906086671978144,
8.610394235392993,8.610394235392993,8.610394235392993,8.610394235392993,8.610394235392993,8.610394235392993,8.610394235392993,8.610394235392993,8.610394235392993,8.610394235392993,8.610394235392993,8.610394235392993,22.859474087466573,23.491274976041634,8.610394235392993,22.969115065965866,19.282180092920054,56.23379766652792,17.252214028607717,11.072264507421869,16.351146748775758,9.463614531456784,12.09793370786929,28.36260742597549,
8.610394235392993,8.610394235392993,8.610394235392993,8.610394235392993,8.610394235392993,8.610394235392993,8.610394235392993,8.610394235392993,8.610394235392993,8.610394235392993,8.610394235392993,8.610394235392993,35.96442686878244,8.917106756084525,22.859474087466573,9.26312882106017,34.94338277843174,9.22243213246212,32.83047364873069,26.867990041848852,9.846759755673457,28.36260742597549,13.690781570093067,8.610394235392993,
8.610394235392993,8.610394235392993,8.610394235392993,8.610394235392993,8.610394235392993,8.610394235392993,8.610394235392993,8.610394235392993,8.610394235392993,8.610394235392993,8.610394235392993,8.610394235392993,8.610394235392993,31.757763705203732,11.072264507421869,23.753362335093158,31.164438423020272,11.968709203585824,8.610394235392993,21.515426564372678,8.610394235392993,10.5681573802259,64.37973283573022,15.591729885305432,
8.610394235392993,8.610394235392993,8.610394235392993,8.610394235392993,8.610394235392993,8.610394235392993,8.610394235392993,8.610394235392993,8.610394235392993,8.610394235392993,8.610394235392993,8.610394235392993,30.41792234851026,8.917106756084525,37.59574444002938,39.325953418129586,13.081888337282804,11.072264507421869,9.463614531456784,27.854782154755565,9.276291650053889,31.164438423020272,26.867990041848852,26.867990041848852,
8.610394235392993,8.610394235392993,8.610394235392993,8.610394235392993,8.610394235392993,8.610394235392993,8.610394235392993,8.610394235392993,8.610394235392993,8.610394235392993,8.610394235392993,8.610394235392993,9.494150245750742,31.351058816073326,22.859474087466573,9.379350842261005,8.610394235392993,45.52186287928033,51.27416503464489,8.610394235392993,35.96442686878244,8.610394235392993,10.5681573802259,11.002420389981006,
8.610394235392993,8.610394235392993,8.610394235392993,8.610394235392993,8.610394235392993,8.610394235392993,8.610394235392993,8.610394235392993,8.610394235392993,8.610394235392993,8.610394235392993,8.610394235392993,9.463614531456784,78.0,13.865313324272442,11.97322114935484,8.899837110403537,9.565779227611568,31.164438423020272,24.312590170862638,9.148002536795842,8.610394235392993,9.607578027554892,8.987519691443332,
8.610394235392993,8.610394235392993,8.610394235392993,8.610394235392993,8.610394235392993,8.610394235392993,8.610394235392993,8.610394235392993,8.610394235392993,8.610394235392993,8.610394235392993,8.610394235392993,49.78995882705669,9.148002536795842,8.917106756084525,10.156771140475698,42.878380981043996,9.822027398771713,17.232527382830416,35.96442686878244,11.6171716732581,33.06115545470242,8.610394235392993,9.171453295719036,
8.610394235392993,8.610394235392993,8.610394235392993,8.610394235392993,8.610394235392993,8.610394235392993,8.610394235392993,8.610394235392993,8.610394235392993,8.610394235392993,8.610394235392993,8.610394235392993,27.419016560332764,8.610394235392993,10.293687385966216,9.414491651768804,31.757763705203732,8.86519689439165,8.610394235392993,8.610394235392993,11.554398826049104,9.171453295719036,30.193931002566643,31.164438423020272,
8.610394235392993,8.610394235392993,8.610394235392993,8.610394235392993,8.610394235392993,8.610394235392993,8.610394235392993,8.610394235392993,8.610394235392993,8.610394235392993,8.610394235392993,8.610394235392993,21.60501931274611,8.713114675415376,26.669270706189174,22.88133640230735,9.035079029052513,18.798610456681125,8.610394235392993,26.867990041848852,23.76841391426866,20.317881940069743,9.494150245750742,8.61576490850799,
8.610394235392993,8.610394235392993,8.610394235392993,8.610394235392993,8.610394235392993,8.610394235392993,8.610394235392993,8.610394235392993,8.610394235392993,8.610394235392993,8.610394235392993,8.610394235392993,9.494150245750744,8.610394235392993,11.072264507421869,8.610394235392993,21.19876777319948,10.5681573802259,11.13428139675939,34.16662149951847,25.695270256999574,9.74536927069581,8.86519689439165,29.085377488928508,
8.610394235392993,8.610394235392993,8.610394235392993,8.610394235392993,8.610394235392993,8.610394235392993,8.610394235392993,8.610394235392993,8.610394235392993,8.610394235392993,8.610394235392993,8.610394235392993,28.36260742597549,18.122844699439433,9.154537429906306,23.258063117981255,11.072264507421869,8.89600409672168,22.19369279772972,8.610394235392993,23.258063117981255,11.072264507421869,27.600769357679187,10.037928073063684,
8.610394235392993,8.610394235392993,8.610394235392993,8.610394235392993,8.610394235392993,8.610394235392993,8.610394235392993,8.610394235392993,8.610394235392993,8.610394235392993,8.610394235392993,8.610394235392993,8.610394235392993,11.111805533855524,19.061952279117637,13.044539087296263,26.867990041848852,8.742875374983061,8.610394235392993,9.414491651768804,9.245118832239108,8.610394235392993,16.351146748775758,17.87680751458661,
8.610394235392993,8.610394235392993,8.610394235392993,8.610394235392993,8.610394235392993,8.610394235392993,8.610394235392993,8.610394235392993,8.610394235392993,8.610394235392993,8.610394235392993,8.610394235392993,32.3579974658507,8.610394235392993,34.0,42.940527347587256,20.609706451087558,8.917106756084525,9.171453295719036,26.37562263507262,8.917106756084525,31.757763705203732,22.72106761532668,21.19876777319948,
8.610394235392993,8.610394235392993,8.610394235392993,8.610394235392993,8.610394235392993,8.610394235392993,8.610394235392993,8.610394235392993,8.610394235392993,8.610394235392993,8.610394235392993,8.610394235392993,11.072264507421869,26.308933843848557,32.98316068676392,9.463614531456784,19.282180092920054,10.5681573802259,8.610394235392993,38.073029240599645,35.96442686878244,31.46249972409835,16.351146748775758,9.450161668223224,
8.610394235392993,8.610394235392993,8.610394235392993,8.610394235392993,8.610394235392993,8.610394235392993,8.610394235392993,8.610394235392993,8.610394235392993,8.610394235392993,8.610394235392993,8.610394235392993,11.072264507421869,10.306862032581869,11.072264507421869,17.848249213858484,31.164438423020272,10.5681573802259,43.9378039078525,35.96442686878244,16.351146748775758,28.31677947789967,18.05180790378186,8.610394235392993,
8.610394235392993,8.610394235392993,8.610394235392993,8.610394235392993,8.610394235392993,8.610394235392993,8.610394235392993,8.610394235392993,8.610394235392993,8.610394235392993,8.610394235392993,8.610394235392993,10.5681573802259,31.36777805328264,10.5681573802259,8.629728977333079,12.3596116443843,9.148002536795842,9.245118832239108,8.610394235392993,14.430692913342162,8.923712963852239,23.258063117981255,27.30531536008292,
8.610394235392993,8.610394235392993,8.610394235392993,8.610394235392993,8.610394235392993,8.610394235392993,8.610394235392993,8.610394235392993,8.610394235392993,8.610394235392993,8.610394235392993,8.610394235392993,21.3651383286528,21.19876777319948,24.684115450134232,28.31677947789967,33.24530041975858,8.610394235392993,32.83047364873069,8.610394235392993,22.107917133913816,23.258063117981255,34.0,78.0,
8.610394235392993,8.610394235392993,8.610394235392993,8.610394235392993,8.610394235392993,8.610394235392993,8.610394235392993,8.610394235392993,8.610394235392993,8.610394235392993,8.610394235392993,8.610394235392993,8.610394235392993,8.610394235392993,51.383265758415945,9.463614531456784,18.78663088475419,11.950127846828902,9.846759755673457,9.027963902863423,16.351146748775758,10.761298971571954,40.682945331137546,19.282180092920054,
8.610394235392993,8.610394235392993,8.610394235392993,8.610394235392993,8.610394235392993,8.610394235392993,8.610394235392993,8.610394235392993,8.610394235392993,8.610394235392993,8.610394235392993,8.610394235392993,11.382442620105756,9.565779227611568,8.610394235392993,9.027963902863423,19.061952279117637,38.073029240599645,41.76409941564645,35.96442686878244,11.968709203585824,23.258063117981255,25.762133063859444,8.610394235392993,
8.610394235392993,8.610394235392993,8.610394235392993,8.610394235392993,8.610394235392993,8.610394235392993,8.610394235392993,8.610394235392993,8.610394235392993,8.610394235392993,8.610394235392993,8.610394235392993,37.59574444002938,8.610394235392993,9.688538000908151,17.782896416463704,9.450161668223224,43.9378039078525,11.382442620105756,9.463614531456784,8.610394235392993,12.82331860323216,15.17388920416407,12.606092981051408,
8.610394235392993,8.610394235392993,8.610394235392993,8.610394235392993,8.610394235392993,8.610394235392993,8.610394235392993,8.610394235392993,8.610394235392993,8.610394235392993,8.610394235392993,8.610394235392993,21.515426564372678,64.37973283573022,27.20747900082341,16.351146748775758,11.83425480445894,8.971610553204334,11.861338795628905,17.848249213858484,12.745097096530886,8.610394235392993,12.843675486401857,35.96442686878244,
8.610394235392993,8.610394235392993,8.610394235392993,8.610394235392993,8.610394235392993,8.610394235392993,8.610394235392993,8.610394235392993,8.610394235392993,8.610394235392993,8.610394235392993,8.610394235392993,11.861338795628905,11.124747188138704,8.610394235392993,11.694443124834974,16.351146748775758,23.04156201838134,11.382442620105756,12.482085928874326,22.830291768223688,23.596955874235395,32.05030767749699,11.554398826049104,
8.610394235392993,8.610394235392993,8.610394235392993,8.610394235392993,8.610394235392993,8.610394235392993,8.610394235392993,8.610394235392993,8.610394235392993,8.610394235392993,8.610394235392993,8.610394235392993,10.5681573802259,11.072264507421869,8.610394235392993,11.072264507421869,8.707610763412694,13.081888337282804,24.410835481172885,16.351146748775758,17.971051101311534,8.86519689439165,78.0,8.610394235392993,
8.610394235392993,8.610394235392993,8.610394235392993,8.610394235392993,8.610394235392993,8.610394235392993,8.610394235392993,8.610394235392993,8.610394235392993,8.610394235392993,8.610394235392993,8.610394235392993,23.258063117981255,17.143187827498387,16.351146748775758,20.52773136764121,22.859474087466573,38.073029240599645,9.171453295719036,8.742875374983061,31.164438423020272,26.867990041848852,9.37956989210842,9.463614531456784,
8.610394235392993,8.610394235392993,8.610394235392993,8.610394235392993,8.610394235392993,8.610394235392993,8.610394235392993,8.610394235392993,8.610394235392993,8.610394235392993,8.610394235392993,8.610394235392993,33.16959786042367,9.463614531456784,17.66745281269739,27.20747900082341,10.037928073063684,9.463614531456784,8.610394235392993,17.848249213858484,13.508113702603675,11.861338795628905,31.757763705203732,36.37839681874451,
8.610394235392993,8.610394235392993,8.610394235392993,8.610394235392993,8.610394235392993,8.610394235392993,8.610394235392993,8.610394235392993,8.610394235392993,8.610394235392993,8.610394235392993,8.610394235392993,8.610394235392993,31.757763705203732,8.610394235392993,11.072264507421869,8.610394235392993,11.541538051391417,42.109645239804884,9.027963902863423,31.757763705203732,23.258063117981255,32.05030767749699,11.072264507421869,
8.610394235392993,8.610394235392993,8.610394235392993,8.610394235392993,8.610394235392993,8.610394235392993,8.610394235392993,8.610394235392993,8.610394235392993,8.610394235392993,8.610394235392993,8.610394235392993,8.610394235392993,9.65309391968307,43.15733489866532,9.463614531456784,8.610394235392993,12.963394107133343,36.499863013441576,12.310970717209914,11.861338795628905,10.306862032581869,8.742875374983061,23.258063117981255,
8.610394235392993,8.610394235392993,8.610394235392993,8.610394235392993,8.610394235392993,8.610394235392993,8.610394235392993,8.610394235392993,8.610394235392993,8.610394235392993,8.610394235392993,8.610394235392993,8.610394235392993,8.610394235392993,23.258063117981255,9.171453295719036,23.6030091474864,31.164438423020272,17.143187827498387,11.111805533855524,10.166658583111863,8.61576490850799,8.610394235392993,17.615491919204402,
8.610394235392993,8.610394235392993,8.610394235392993,8.610394235392993,8.610394235392993,8.610394235392993,8.610394235392993,8.610394235392993,8.610394235392993,8.610394235392993,8.610394235392993,8.610394235392993,9.565779227611568,25.113492389550284,8.610394235392993,8.610394235392993,8.610394235392993,23.258063117981255,12.284688854298002,16.351146748775758,31.757763705203732,13.690781570093067,31.164438423020272,10.985961861607356,
8.610394235392993,8.610394235392993,8.610394235392993,8.610394235392993,8.610394235392993,8.610394235392993,8.610394235392993,8.610394235392993,8.610394235392993,8.610394235392993,8.610394235392993,8.610394235392993,11.216307572260828,21.11302915263464,17.63904199408618,38.073029240599645,31.46249972409835,31.83457240171446,14.213539015953229,8.610394235392993,8.917106756084525,9.184735978785673,8.445253936358975,21.515426564372678,
8.445253936358975,8.610394235392993,8.610394235392993,8.610394235392993,8.610394235392993,8.610394235392993,8.610394235392993,8.610394235392993,8.610394235392993,8.610394235392993,8.610394235392993,8.610394235392993,8.917106756084525,36.37839681874451,11.072264507421869,9.027963902863423,16.351146748775758,8.839620404117413,10.037928073063684,38.31738798799081,8.610394235392993,11.072264507421869,8.742875374983061,18.019194155807615,
8.445253936358975,8.610394235392993,8.610394235392993,8.610394235392993,8.610394235392993,8.610394235392993,8.610394235392993,8.610394235392993,8.610394235392993,8.610394235392993,8.610394235392993,8.610394235392993,28.36260742597549,8.742875374983061,9.99999999E8,9.035079029052513,11.072264507421869,23.258063117981255,13.451301052314605,27.20747900082341,12.482085928874326,14.249210504445502,9.330233353880802,10.925109825139426,
8.445253936358975,8.610394235392993,8.610394235392993,8.610394235392993,8.610394235392993,8.610394235392993,8.610394235392993,8.610394235392993,8.610394235392993,8.610394235392993,8.610394235392993,8.610394235392993,17.166576770710325,37.46581775432107,8.610394235392993,23.258063117981255,11.83425480445894,19.282180092920054,11.124747188138704,31.164438423020272,8.742875374983061,10.41499986664533,8.629728977333079,42.940527347587256,
8.445253936358975,8.610394235392993,8.610394235392993,8.610394235392993,8.610394235392993,8.610394235392993,8.610394235392993,8.610394235392993,8.610394235392993,8.610394235392993,8.610394235392993,8.610394235392993,10.029542161850229,37.59574444002938,11.880256557320998,8.86519689439165,11.072264507421869,78.0,19.282180092920054,8.917106756084525,11.072264507421869,10.792229715041385,8.8068155425216,19.938906690187405,
8.445253936358975,8.610394235392993,8.610394235392993,8.610394235392993,8.610394235392993,8.610394235392993,8.610394235392993,8.610394235392993,8.610394235392993,8.610394235392993,8.610394235392993,8.610394235392993,10.037928073063684,10.166658583111863,18.55154980048837,12.745097096530886,9.463614531456784,9.190877119308157,78.0,8.801830617673929,21.19876777319948,8.905928113091614,9.463614531456784,8.445253936358975,
8.445253936358975,8.445253936358975,8.610394235392993,8.610394235392993,8.610394235392993,8.610394235392993,8.610394235392993,8.610394235392993,8.610394235392993,8.610394235392993,8.610394235392993,8.610394235392993,51.59699603659112,8.629728977333079,33.345726862673125,11.968709203585824,64.37973283573022,9.463614531456784,11.554398826049104,9.027963902863423,8.86519689439165,8.8068155425216,8.610394235392993,11.554398826049104,
8.445253936358975,8.445253936358975,8.610394235392993,8.610394235392993,8.610394235392993,8.610394235392993,8.610394235392993,8.610394235392993,8.610394235392993,8.610394235392993,8.610394235392993,8.610394235392993,9.37956989210842,9.027963902863423,24.312590170862638,12.745097096530886,13.508227945301421,39.19496010916689,9.494150245750742,20.48627589387588,13.985000783467273,10.979981785048645,11.861338795628905,11.072264507421869,
8.445253936358975,8.445253936358975,8.610394235392993,8.610394235392993,8.610394235392993,8.610394235392993,8.610394235392993,8.610394235392993,8.610394235392993,8.610394235392993,8.610394235392993,8.610394235392993,22.88133640230735,11.522884166046808,8.629728977333079,11.948221624995076,8.917106756084525,31.757763705203732,35.96442686878244,28.457687889215453,29.98026561807971,14.080018237923094,21.81192334481304,9.463614531456784,
8.445253936358975,8.445253936358975,8.610394235392993,8.610394235392993,8.610394235392993,8.610394235392993,8.610394235392993,8.610394235392993,8.610394235392993,8.610394235392993,8.610394235392993,8.610394235392993,8.967342033205595,16.351146748775758,39.325953418129586,8.610394235392993,26.867990041848852,9.027963902863423,8.610394235392993,38.31738798799081,10.156771140475698,42.940527347587256,26.867990041848852,9.136313382443829,
8.445253936358975,8.445253936358975,8.610394235392993,8.610394235392993,8.610394235392993,8.610394235392993,8.610394235392993,8.610394235392993,8.610394235392993,8.610394235392993,8.610394235392993,8.610394235392993,27.20747900082341,9.027963902863423,8.61576490850799,9.736814445985686,24.410835481172885,23.258063117981255,8.61576490850799,24.312590170862638,13.985000783467273,28.283166371536268,8.445253936358975,38.073029240599645,
8.445253936358975,8.445253936358975,8.445253936358975,8.610394235392993,8.610394235392993,8.610394235392993,8.610394235392993,8.610394235392993,8.610394235392993,8.610394235392993,8.610394235392993,8.610394235392993,9.148002536795842,10.979981785048645,8.610394235392993,8.445253936358975,28.36260742597549,8.576712656956627,11.086639718459042,23.258063117981255,31.757763705203732,8.610394235392993,20.317881940069743,11.984944258897865,
8.445253936358975,8.445253936358975,8.445253936358975,8.445253936358975,8.576712656956627,8.610394235392993,8.610394235392993,8.610394235392993,8.610394235392993,8.610394235392993,8.610394235392993,8.610394235392993,31.892037263497713,23.76841391426866,31.164438423020272,23.885782638316417,68.17787193967132,21.60501931274611,9.463614531456784,8.672202753148474,11.968709203585824,51.59699603659112,8.958064164776166,35.08877629986863,
8.445253936358975,8.445253936358975,8.445253936358975,8.445253936358975,8.576712656956627,8.610394235392993,8.610394235392993,8.610394235392993,8.610394235392993,8.610394235392993,8.610394235392993,8.610394235392993,23.627206732053278,35.96442686878244,20.609706451087558,17.951237104451796,9.463614531456784,9.027963902863423,10.037928073063684,28.31677947789967,9.463614531456784,29.98026561807971,9.463614531456784,49.78995882705669,
8.445253936358975,8.445253936358975,8.445253936358975,8.445253936358975,8.576712656956627,8.610394235392993,8.610394235392993,8.610394235392993,8.610394235392993,8.610394235392993,8.610394235392993,8.610394235392993,8.610394235392993,34.94338277843174,23.98128522027805,12.745097096530886,8.445253936358975,11.968709203585824,9.709996069445086,20.24039202653336,10.306416555826871,18.21428011204396,9.463614531456784,11.31010023593685,
8.445253936358975,8.445253936358975,8.445253936358975,8.445253936358975,8.445253936358975,8.576712656956627,8.610394235392993,8.610394235392993,8.610394235392993,8.610394235392993,8.610394235392993,8.610394235392993,11.861338795628905,11.260797287739248,9.613179658182606,23.55711145280762,11.28530126719522,15.02672516338149,44.58012735627884,35.96442686878244,9.494150245750744,8.742875374983061,11.267594139209594,9.37956989210842,
8.445253936358975,8.445253936358975,8.445253936358975,8.445253936358975,8.445253936358975,8.576712656956627,8.610394235392993,8.610394235392993,8.610394235392993,8.610394235392993,8.610394235392993,8.610394235392993,11.299054785832947,9.37956989210842,49.78995882705669,38.073029240599645,12.843675486401857,10.41499986664533,9.14962051429214,27.796402644946703,29.781495932877515,10.979981785048645,8.86519689439165,13.673778637312445,
8.445253936358975,8.445253936358975,8.445253936358975,8.445253936358975,8.445253936358975,8.576712656956627,8.610394235392993,8.610394235392993,8.610394235392993,8.610394235392993,8.610394235392993,8.610394235392993,26.867990041848852,22.750390038713185,11.072264507421869,8.610394235392993,35.96442686878244,23.98128522027805,11.968709203585824,14.182235453874535,20.39454583951307,51.59699603659112,10.943491216243562,9.32300205657699,
8.445253936358975,8.445253936358975,8.445253936358975,8.445253936358975,8.445253936358975,8.576712656956627,8.610394235392993,8.610394235392993,8.610394235392993,8.610394235392993,8.610394235392993,8.610394235392993,8.445253936358975,11.861338795628905,33.06115545470242,11.245986938558227,8.445253936358975,22.88133640230735,21.11302915263464,9.565779227611568,15.38477682726309,11.861338795628905,19.282180092920054,9.027963902863423,
8.445253936358975,8.445253936358975,8.445253936358975,8.445253936358975,8.445253936358975,8.445253936358975,8.445253936358975,8.576712656956627,8.610394235392993,8.610394235392993,8.610394235392993,8.610394235392993,42.940527347587256,8.576712656956627,41.18555572042218,10.585347740006442,8.742875374983061,10.719775195726521,9.027963902863423,34.0,8.8068155425216,8.967342033205595,20.48627589387588,26.669270706189174,
8.445253936358975,8.445253936358975,8.445253936358975,8.445253936358975,8.445253936358975,8.445253936358975,8.445253936358975,8.576712656956627,8.576712656956627,8.610394235392993,8.610394235392993,8.610394235392993,8.576712656956627,8.61576490850799,10.419213022104886,49.78995882705669,8.803643122673986,29.98026561807971,10.961751684835777,8.576712656956627,23.631282233514117,22.88133640230735,12.745097096530886,19.219462924391017,
8.445253936358975,8.445253936358975,8.445253936358975,8.445253936358975,8.445253936358975,8.445253936358975,8.445253936358975,8.576712656956627,8.576712656956627,8.576712656956627,8.576712656956627,8.610394235392993,16.800205760056837,16.800205760056837,20.295045919851695,46.97539249436879,8.576712656956627,14.386058448579668,24.052663308766828,16.800205760056837,10.979981785048645,10.979981785048645,24.312590170862638,33.06115545470242,
8.445253936358975,8.445253936358975,8.445253936358975,8.445253936358975,8.445253936358975,8.445253936358975,8.445253936358975,8.576712656956627,8.576712656956627,8.576712656956627,8.576712656956627,8.576712656956627,11.809835825371252,27.796402644946703,9.07817289659631,11.106754701531855,8.847825928929606,9.463614531456784,12.607934009979589,29.35877211328839,23.96988851779573,12.701272142962168,38.93869826049944,17.44267506950258,
8.445253936358975,8.445253936358975,8.445253936358975,8.445253936358975,8.445253936358975,8.445253936358975,8.445253936358975,8.576712656956627,8.576712656956627,8.576712656956627,8.576712656956627,8.576712656956627,9.463614531456784,8.576712656956627,33.56808493987425,20.48627589387588,20.133505027474925,9.109576005501024,23.98128522027805,11.861338795628905,17.186040847152668,10.609429767899874,42.271900598942956,53.12955862794269,
8.445253936358975,8.445253936358975,8.445253936358975,8.445253936358975,8.445253936358975,8.445253936358975,8.445253936358975,8.576712656956627,8.576712656956627,8.576712656956627,8.576712656956627,8.576712656956627,14.289419162443238,19.219462924391017,10.306862032581869,8.445253936358975,19.219462924391017,38.93869826049944,11.861338795628905,29.810862114336782,33.06115545470242,8.445253936358975,10.029542161850229,12.745097096530886,
8.445253936358975,8.445253936358975,8.445253936358975,8.445253936358975,8.445253936358975,8.445253936358975,8.445253936358975,8.445253936358975,8.445253936358975,8.576712656956627,8.576712656956627,8.576712656956627,8.867857062948687,8.445253936358975,8.445253936358975,9.353598019926201,9.148002536795842,11.088673396125905,26.37562263507262,36.70452590924207,8.565045242145542,21.55154601884675,9.207361739612583,37.59574444002938,
8.445253936358975,8.445253936358975,8.445253936358975,8.445253936358975,8.445253936358975,8.445253936358975,8.445253936358975,8.445253936358975,8.445253936358975,8.445253936358975,8.445253936358975,8.565045242145542,9.027963902863423,32.05030767749699,11.710700058825202,24.26016396390502,8.445253936358975,27.796402644946703,12.745097096530886,8.445253936358975,9.463614531456784,51.59699603659112,11.072264507421869,23.482706402797785,
8.445253936358975,8.445253936358975,8.445253936358975,8.445253936358975,8.445253936358975,8.445253936358975,8.445253936358975,8.445253936358975,8.445253936358975,8.445253936358975,8.445253936358975,8.445253936358975,8.445253936358975,16.800205760056837,24.312590170862638,27.796402644946703,30.17345687852156,9.148002536795842,8.445253936358975,9.027963902863423,12.745097096530886,10.709405120019102,11.554398826049104,16.800205760056837,
8.445253936358975,8.445253936358975,8.445253936358975,8.445253936358975,8.445253936358975,8.445253936358975,8.445253936358975,8.445253936358975,8.445253936358975,8.445253936358975,8.445253936358975,8.445253936358975,9.613179658182606,16.800205760056837,11.106754701531855,8.445253936358975,23.98128522027805,38.073029240599645,17.166576770710325,8.867857062948687,8.445253936358975,8.813963377120599,21.55154601884675,11.196428001822724,
8.445253936358975,8.445253936358975,8.445253936358975,8.445253936358975,8.445253936358975,8.445253936358975,8.445253936358975,8.445253936358975,8.445253936358975,8.445253936358975,8.445253936358975,8.445253936358975,23.668280461410795,22.888619200137196,18.937792902025304,29.98026561807971,37.59574444002938,12.945278943057977,22.430688854093084,8.445253936358975,19.282180092920054,51.59699603659112,28.612715704735194,9.027963902863423,
8.445253936358975,8.445253936358975,8.445253936358975,8.445253936358975,8.445253936358975,8.445253936358975,8.445253936358975,8.445253936358975,8.445253936358975,8.445253936358975,8.445253936358975,8.445253936358975,49.78995882705669,16.800205760056837,9.37956989210842,46.51761912317621,9.810551135397384,10.037928073063684,21.19876777319948,9.463614531456784,9.810551135397384,33.06115545470242,15.039531242695032,15.065191668213187,
8.445253936358975,8.445253936358975,8.445253936358975,8.445253936358975,8.445253936358975,8.445253936358975,8.445253936358975,8.445253936358975,8.445253936358975,8.445253936358975,8.445253936358975,8.445253936358975,8.801830617673929,37.59574444002938,27.23197104349188,9.027963902863423,11.660712766474537,8.917106756084525,10.306862032581869,42.10329559547566,32.294172543152634,22.88133640230735,23.98128522027805,8.445253936358975,
8.445253936358975,8.445253936358975,8.445253936358975,8.445253936358975,8.445253936358975,8.445253936358975,8.445253936358975,8.445253936358975,8.445253936358975,8.445253936358975,8.445253936358975,8.445253936358975,10.419213022104886,8.445253936358975,9.37956989210842,11.106754701531855,9.15289627408077,8.445253936358975,27.796402644946703,33.39820354450221,10.419213022104886,16.800205760056837,8.445253936358975,8.610394235392993,
8.445253936358975,8.445253936358975,8.445253936358975,8.445253936358975,8.445253936358975,8.445253936358975,8.445253936358975,8.445253936358975,8.445253936358975,8.445253936358975,8.445253936358975,8.445253936358975,32.05030767749699,11.968709203585824,11.968709203585824,44.355244955946766,22.34390297150433,9.32300205657699,32.83047364873069,9.118141031359878,9.463614531456784,22.88133640230735,8.744839748229937,8.445253936358975,
8.445253936358975,8.445253936358975,8.445253936358975,8.445253936358975,8.445253936358975,8.445253936358975,8.445253936358975,8.445253936358975,8.445253936358975,8.445253936358975,8.445253936358975,8.445253936358975,13.985000783467273,8.445253936358975,21.19876777319948,49.78995882705669,24.774180107523236,8.445253936358975,9.13022161535864,8.445253936358975,10.979981785048645,8.680899993166493,78.0,38.073029240599645,
8.445253936358975,8.445253936358975,8.445253936358975,8.445253936358975,8.445253936358975,8.445253936358975,8.445253936358975,8.445253936358975,8.445253936358975,8.445253936358975,8.445253936358975,8.445253936358975,36.70452590924207,10.074214407007991,11.694443124834974,49.78995882705669,9.108165440194332,10.719775195726521,9.13022161535864,31.809432563313667,11.28530126719522,16.800205760056837,26.649343331496933,45.670997361564154,
8.445253936358975,8.445253936358975,8.445253936358975,8.445253936358975,8.445253936358975,8.445253936358975,8.445253936358975,8.445253936358975,8.445253936358975,8.445253936358975,8.445253936358975,8.445253936358975,8.967342033205595,8.8068155425216,16.800205760056837,34.0,9.027963902863423,9.007712744581108,8.576712656956627,50.9531375110721,16.800205760056837,8.445253936358975,12.262136844775464,18.368117897651924,
8.445253936358975,8.445253936358975,8.445253936358975,8.445253936358975,8.445253936358975,8.445253936358975,8.445253936358975,8.445253936358975,8.445253936358975,8.445253936358975,8.445253936358975,8.445253936358975,8.445253936358975,36.1420807370024,36.36268551632544,31.164438423020272,26.508253431714433,28.50328928387038,28.283166371536268,8.445253936358975,12.945278943057977,9.688538000908151,17.57204767533176,45.52186287928033,
8.445253936358975,8.445253936358975,8.445253936358975,8.445253936358975,8.445253936358975,8.445253936358975,8.445253936358975,8.445253936358975,8.445253936358975,8.445253936358975,8.445253936358975,8.445253936358975,20.345986918148487,33.06115545470242,41.24441829892048,9.463614531456784,8.445253936358975,27.796402644946703,8.445253936358975,16.800205760056837,11.106754701531855,8.445253936358975,8.445253936358975,33.06115545470242,
8.445253936358975,8.445253936358975,8.445253936358975,8.445253936358975,8.445253936358975,8.445253936358975,8.445253936358975,8.445253936358975,8.445253936358975,8.445253936358975,8.445253936358975,8.445253936358975,9.463614531456784,10.468058411834557,41.330645073870095,42.940527347587256,29.60143405241009,12.745097096530886,29.810862114336782,78.0,9.32300205657699,22.888619200137196,10.979981785048645,9.613179658182606,
8.445253936358975,8.445253936358975,8.445253936358975,8.445253936358975,8.445253936358975,8.445253936358975,8.445253936358975,8.445253936358975,8.445253936358975,8.445253936358975,8.445253936358975,8.445253936358975,8.445253936358975,15.06444489518283,22.88133640230735,36.70452590924207,13.059862173851608,8.445253936358975,10.64706532336493,36.70452590924207,8.445253936358975,26.867990041848852,28.50328928387038,10.442856622489355,
8.445253936358975,8.445253936358975,8.445253936358975,8.445253936358975,8.445253936358975,8.445253936358975,8.445253936358975,8.445253936358975,8.445253936358975,8.445253936358975,8.445253936358975,8.445253936358975,8.610394235392993,11.968709203585824,49.78995882705669,38.073029240599645,19.282180092920054,8.445253936358975,33.345726862673125,12.720159949301049,23.668280461410795,46.89586572633266,8.445253936358975,12.720159949301049,
8.445253936358975,8.445253936358975,8.445253936358975,8.445253936358975,8.445253936358975,8.445253936358975,8.445253936358975,8.445253936358975,8.445253936358975,8.445253936358975,8.445253936358975,8.445253936358975,20.06316555892659,11.28530126719522,22.888619200137196,12.354711202164497,9.463614531456784,27.796402644946703,41.3306450738701,12.945278943057977,16.800205760056837,31.164438423020272,9.32300205657699,18.301297768191194,
8.445253936358975,8.445253936358975,8.445253936358975,8.445253936358975,8.445253936358975,8.445253936358975,8.445253936358975,8.445253936358975,8.445253936358975,8.445253936358975,8.445253936358975,8.445253936358975,30.570093428789157,28.769558564566125,18.026022855860358,27.796402644946703,17.166576770710325,53.171891070376645,41.46752410689063,31.164438423020272,11.124747188138704,37.59574444002938,42.940527347587256,53.12955862794269,
8.445253936358975,8.445253936358975,8.445253936358975,8.445253936358975,8.445253936358975,8.445253936358975,8.445253936358975,8.445253936358975,8.445253936358975,8.445253936358975,8.445253936358975,8.445253936358975,13.442005058770064,9.32300205657699,35.53245777532924,21.19876777319948,37.59574444002938,26.867990041848852,31.164438423020272,37.59574444002938,21.55154601884675,11.28530126719522,16.800205760056837,33.24530041975858,
8.445253936358975,8.445253936358975,8.445253936358975,8.445253936358975,8.445253936358975,8.445253936358975,8.445253936358975,8.445253936358975,8.445253936358975,8.445253936358975,8.445253936358975,8.445253936358975,9.22243213246212,10.029707938036584,20.48627589387588,10.979981785048645,16.569852141766386,16.800205760056837,29.98026561807971,35.96442686878244,8.445253936358975,8.445253936358975,12.092617787670198,8.445253936358975,
8.445253936358975,8.445253936358975,8.445253936358975,8.445253936358975,8.445253936358975,8.445253936358975,8.445253936358975,8.445253936358975,8.445253936358975,8.445253936358975,8.445253936358975,8.445253936358975,23.209642392764263,21.55154601884675,18.026022855860358,26.867990041848852,25.656383221335,39.06352753750574,8.782874750836932,28.283166371536268,20.345986918148487,9.32300205657699,46.206493050219684,20.67456166403535,
8.445253936358975,8.445253936358975,8.445253936358975,8.445253936358975,8.445253936358975,8.445253936358975,8.445253936358975,8.445253936358975,8.445253936358975,8.445253936358975,8.445253936358975,8.445253936358975,31.809432563313667,9.463614531456784,10.419213022104886,9.325163681456235,8.445253936358975,8.917106756084525,10.24204121667276,21.02966746242667,16.800205760056837,18.55154980048837,22.88133640230735,29.60143405241009,
8.445253936358975,8.445253936358975,8.445253936358975,8.445253936358975,8.445253936358975,8.445253936358975,8.445253936358975,8.445253936358975,8.445253936358975,8.445253936358975,8.445253936358975,8.445253936358975,18.619546181365433,9.007712744581108,10.419213022104886,31.164438423020272,8.445253936358975,9.883620309037733,11.219080559254458,39.12199652682488,23.668280461410795,11.28530126719522,26.867990041848852,9.007712744581108,
8.445253936358975,8.445253936358975,8.445253936358975,8.445253936358975,8.445253936358975,8.445253936358975,8.445253936358975,8.445253936358975,8.445253936358975,8.445253936358975,8.445253936358975,8.445253936358975,21.299941314473145,78.0,8.445253936358975,11.861338795628905,8.445253936358975,8.61576490850799,19.85560117345188,9.48536885008813,12.745097096530886,11.861338795628905,45.52186287928033,8.445253936358975,
8.445253936358975,8.445253936358975,8.445253936358975,8.445253936358975,8.445253936358975,8.445253936358975,8.445253936358975,8.445253936358975,8.445253936358975,8.445253936358975,8.445253936358975,8.445253936358975,13.367548691689564,11.290359702959966,31.578825535827363,10.419213022104886,8.445253936358975,12.106196760337244,78.0,27.796402644946703,10.419213022104886,9.32300205657699,22.888619200137196,30.565419970273332,
8.445253936358975,8.445253936358975,8.445253936358975,8.445253936358975,8.445253936358975,8.445253936358975,8.445253936358975,8.445253936358975,8.445253936358975,8.445253936358975,8.445253936358975,8.445253936358975,14.3024473430249,11.28530126719522,8.917106756084525,49.838138006952065,11.62124151878231,49.78995882705669,8.576712656956627,13.044539087296263,8.445253936358975,22.88133640230735,11.186621289190432,32.83047364873069,
8.445253936358975,8.445253936358975,8.445253936358975,8.445253936358975,8.445253936358975,8.445253936358975,8.445253936358975,8.445253936358975,8.445253936358975,8.445253936358975,8.445253936358975,8.445253936358975,18.203296404772406,10.156771140475698,8.445253936358975,31.46249972409835,8.818163074019441,8.576712656956627,22.2920950114609,34.0,9.027963902863423,8.917106756084525,35.378997574659394,9.810551135397384,
8.445253936358975,8.445253936358975,8.445253936358975,8.445253936358975,8.445253936358975,8.445253936358975,8.445253936358975,8.445253936358975,8.445253936358975,8.445253936358975,8.445253936358975,8.445253936358975,8.8068155425216,31.164438423020272,10.166658583111863,8.445253936358975,21.19876777319948,29.870468659851717,10.979981785048645,10.442856622489355,48.00925836637022,42.940527347587256,33.06115545470242,10.037928073063684,
8.445253936358975,8.445253936358975,8.445253936358975,8.445253936358975,8.445253936358975,8.445253936358975,8.445253936358975,8.445253936358975,8.445253936358975,8.445253936358975,8.445253936358975,8.445253936358975,8.445253936358975,33.56808493987425,11.968709203585824,39.325953418129586,8.445253936358975,22.2920950114609,10.166658583111863,8.445253936358975,9.99999999E8,9.463614531456784,21.02966746242667,10.419213022104886,
8.445253936358975,8.445253936358975,8.445253936358975,8.445253936358975,8.445253936358975,8.445253936358975,8.445253936358975,8.445253936358975,8.445253936358975,8.445253936358975,8.445253936358975,8.445253936358975,23.98128522027805,11.134730451260248,9.32300205657699,10.166658583111863,49.78995882705669,23.98128522027805,12.106196760337244,8.668269082630562,9.202790773710513,12.142384444580891,49.78995882705669,9.463614531456784,
8.445253936358975,8.445253936358975,8.445253936358975,8.445253936358975,8.445253936358975,8.445253936358975,8.445253936358975,8.445253936358975,8.445253936358975,8.445253936358975,8.445253936358975,8.445253936358975,10.419213022104886,9.32300205657699,8.989191040107867,9.713235237319758,23.627206732053278,9.48536885008813,8.445253936358975,27.796402644946703,8.668269082630562,10.486181383134664,11.694443124834974,28.283166371536268,
8.445253936358975,8.445253936358975,8.445253936358975,8.445253936358975,8.445253936358975,8.445253936358975,8.445253936358975,8.445253936358975,8.445253936358975,8.445253936358975,8.445253936358975,8.445253936358975,8.86519689439165,51.59699603659112,18.227451824103113,8.989191040107867,8.967342033205595,10.979981785048645,33.06115545470242,10.468058411834557,8.576712656956627,8.445253936358975,27.796402644946703,8.917106756084525,
8.445253936358975,8.445253936358975,8.445253936358975,8.445253936358975,8.445253936358975,8.445253936358975,8.445253936358975,8.445253936358975,8.445253936358975,8.445253936358975,8.445253936358975,8.445253936358975,8.445253936358975,19.57299263823309,9.810551135397384,27.854782154755565,43.13415764281894,9.099755796479132,13.622784110216982,12.571777391318202,10.390968300510893,16.800205760056837,12.745097096530886,8.445253936358975,
8.445253936358975,8.445253936358975,8.445253936358975,8.445253936358975,8.445253936358975,8.445253936358975,8.445253936358975,8.445253936358975,8.445253936358975,8.445253936358975,8.445253936358975,8.445253936358975,9.276291650053889,11.811638027784642,19.070224681103134,28.283166371536268,13.059862173851608,18.026022855860358,32.32989672458331,9.027963902863423,32.185227805452755,10.979981785048645,11.660712766474537,23.31174596635782,
8.445253936358975,8.445253936358975,8.445253936358975,8.445253936358975,8.445253936358975,8.445253936358975,8.445253936358975,8.445253936358975,8.445253936358975,8.445253936358975,8.445253936358975,8.445253936358975,10.321366781821967,12.945278943057977,8.967342033205595,16.800205760056837,8.445253936358975,23.98128522027805,8.885869551481745,9.32300205657699,28.055338900400518,13.417328026027564,13.622784110216982,9.846759755673457,
8.445253936358975,8.445253936358975,8.445253936358975,8.445253936358975,8.445253936358975,8.445253936358975,8.445253936358975,8.445253936358975,8.445253936358975,8.445253936358975,8.445253936358975,8.445253936358975,22.2920950114609,11.528200565744147,31.257639066314653,8.445253936358975,10.037928073063684,41.330645073870095,8.967342033205595,8.445253936358975,8.445253936358975,16.800205760056837,11.086639718459042,22.88133640230735,
8.445253936358975,8.445253936358975,8.445253936358975,8.445253936358975,8.445253936358975,8.445253936358975,8.445253936358975,8.445253936358975,8.445253936358975,8.445253936358975,8.445253936358975,8.445253936358975,18.461211404742983,18.368117897651924,8.445253936358975,9.148002536795842,10.747284877186654,11.299268533305822,12.720159949301049,11.216307572260828,9.83593219426494,38.93869826049944,10.88852607105296,8.61576490850799,
8.445253936358975,8.445253936358975,8.445253936358975,8.445253936358975,8.445253936358975,8.445253936358975,8.445253936358975,8.445253936358975,8.445253936358975,8.445253936358975,8.445253936358975,8.445253936358975,8.445253936358975,31.862552035614193,13.825187248971922,53.12955862794269,16.800205760056837,17.461774830953285,8.445253936358975,9.463614531456784,8.445253936358975,9.463614531456784,18.026022855860358,8.61576490850799,
8.445253936358975,8.445253936358975,8.445253936358975,8.445253936358975,8.445253936358975,8.445253936358975,8.445253936358975,8.445253936358975,8.445253936358975,8.445253936358975,8.445253936358975,8.445253936358975,23.98128522027805,39.12199652682488,12.745097096530886,8.967342033205595,10.979981785048645,28.283166371536268,53.12955862794269,10.979981785048645,8.856515670538002,21.947344951342593,28.206032101548423,26.867990041848852,
8.445253936358975,8.445253936358975,8.445253936358975,8.445253936358975,8.445253936358975,8.445253936358975,8.445253936358975,8.445253936358975,8.445253936358975,8.445253936358975,8.445253936358975,8.445253936358975,11.106754701531855,13.825187248971922,9.027963902863423,10.979981785048645,9.37956989210842,11.582745788456206,8.445253936358975,10.979981785048645,29.60143405241009,16.800205760056837,25.656383221335,8.445253936358975,
8.445253936358975,8.445253936358975,8.445253936358975,8.445253936358975,8.445253936358975,8.445253936358975,8.445253936358975,8.445253936358975,8.445253936358975,8.445253936358975,8.445253936358975,8.445253936358975,11.124747188138704,22.477148889977624,11.861338795628905,23.98128522027805,9.846759755673457,9.027963902863423,8.445253936358975,11.97976597849091,8.445253936358975,12.720159949301049,27.796402644946703,13.690781570093067,
8.445253936358975,8.445253936358975,8.445253936358975,8.445253936358975,8.445253936358975,8.445253936358975,8.445253936358975,8.445253936358975,8.445253936358975,8.445253936358975,8.445253936358975,8.445253936358975,11.086639718459042,9.463614531456784,8.801830617673929,11.216307572260828,9.717914890679234,35.3991813579965,31.38769663419092,10.479622379031632,21.02966746242667,8.445253936358975,12.745097096530886,8.445253936358975,
8.445253936358975,8.445253936358975,8.445253936358975,8.445253936358975,8.445253936358975,8.445253936358975,8.445253936358975,8.445253936358975,8.445253936358975,8.445253936358975,8.445253936358975,8.445253936358975,32.41431011143072,10.609429767899874,9.693296652842108,11.861338795628905,8.445253936358975,24.774180107523236,36.12785936396208,8.573455092983513,29.60143405241009,8.629728977333079,20.67456166403535,8.445253936358975,
8.445253936358975,8.445253936358975,8.445253936358975,8.445253936358975,8.445253936358975,8.445253936358975,8.445253936358975,8.445253936358975,8.445253936358975,8.445253936358975,8.445253936358975,8.445253936358975,8.917106756084525,34.0,28.353791633571692,29.60143405241009,33.06115545470242,43.13415764281894,12.19672087079146,10.943491216243562,21.55154601884675,23.98128522027805,23.98128522027805,10.979981785048645,
8.445253936358975,8.445253936358975,8.445253936358975,8.445253936358975,8.445253936358975,8.445253936358975,8.445253936358975,8.445253936358975,8.445253936358975,8.445253936358975,8.445253936358975,8.445253936358975,12.745097096530886,22.086250680815034,10.037928073063684,11.861338795628905,11.31946012470528,27.796402644946703,17.951237104451796,9.8301908964793,49.78995882705669,8.744839748229937,9.37956989210842,8.967342033205595,
8.445253936358975,8.445253936358975,8.445253936358975,8.445253936358975,8.445253936358975,8.445253936358975,8.445253936358975,8.445253936358975,8.445253936358975,8.445253936358975,8.445253936358975,8.445253936358975,8.61576490850799,9.37956989210842,8.445253936358975,8.917106756084525,19.747384223574258,13.451301052314605,46.88875724046816,9.463614531456784,8.445253936358975,9.463614531456784,32.83047364873069,8.8068155425216,
8.445253936358975,8.445253936358975,8.445253936358975,8.445253936358975,8.445253936358975,8.445253936358975,8.445253936358975,8.445253936358975,8.445253936358975,8.445253936358975,8.445253936358975,8.445253936358975,33.06115545470242,9.463614531456784,8.917106756084525,10.985961861607356,8.445253936358975,12.09793370786929,8.445253936358975,8.610394235392993,64.37973283573022,23.668280461410795,8.744839748229937,8.610394235392993,
8.445253936358975,8.445253936358975,8.445253936358975,8.445253936358975,8.445253936358975,8.445253936358975,8.445253936358975,8.445253936358975,8.445253936358975,8.445253936358975,8.445253936358975,8.445253936358975,20.17269193736919,8.445253936358975,11.710700058825202,14.080018237923094,37.59574444002938,8.445253936358975,8.445253936358975,24.171158390924994,41.3306450738701,8.445253936358975,8.445253936358975,8.445253936358975,
8.445253936358975,8.445253936358975,8.445253936358975,8.445253936358975,8.445253936358975,8.445253936358975,8.445253936358975,8.445253936358975,8.445253936358975,8.445253936358975,8.445253936358975,8.445253936358975,11.106754701531855,8.8068155425216,11.861338795628905,31.164438423020272,10.740621338896652,10.719775195726521,16.800205760056837,8.445253936358975,8.445253936358975,11.539497389401324,10.69392350823588,18.280795934531955,
8.445253936358975,8.445253936358975,8.445253936358975,8.445253936358975,8.445253936358975,8.445253936358975,8.445253936358975,8.445253936358975,8.445253936358975,8.445253936358975,8.445253936358975,8.445253936358975,39.12199652682488,11.28530126719522,10.789495963227191,23.98128522027805,11.124747188138704,8.445253936358975,8.445253936358975,8.445253936358975,17.418029598724445,9.276291650053889,23.98128522027805,11.106754701531855,
8.445253936358975,8.445253936358975,8.445253936358975,8.445253936358975,8.445253936358975,8.445253936358975,8.445253936358975,8.445253936358975,8.445253936358975,8.445253936358975,8.445253936358975,8.445253936358975,23.668280461410795,33.06115545470242,18.026022855860358,9.276291650053889,8.89600409672168,9.463614531456784,12.04742693971491,18.25890892419481,9.924202533119088,8.967342033205595,8.445253936358975,9.164181481301112,
8.445253936358975,8.445253936358975,8.445253936358975,8.445253936358975,8.445253936358975,8.445253936358975,8.445253936358975,8.445253936358975,8.445253936358975,8.445253936358975,8.445253936358975,8.445253936358975,33.39820354450221,8.445253936358975,12.945278943057977,11.393224107141734,11.861338795628905,31.164438423020272,8.445253936358975,32.05550741379015,8.445253936358975,8.445253936358975,9.027963902863423,8.445253936358975,
8.445253936358975,8.445253936358975,8.445253936358975,8.445253936358975,8.445253936358975,8.445253936358975,8.445253936358975,8.445253936358975,8.445253936358975,8.445253936358975,8.445253936358975,8.445253936358975,9.32300205657699,23.98128522027805,16.569852141766386,9.809760698339062,8.629728977333079,10.979981785048645,9.027963902863423,23.98128522027805,8.445253936358975,21.02966746242667,16.958191145095054,9.463614531456784,
8.445253936358975,8.445253936358975,8.445253936358975,8.445253936358975,8.445253936358975,8.445253936358975,8.445253936358975,8.445253936358975,8.445253936358975,8.445253936358975,8.445253936358975,8.445253936358975,16.800205760056837,9.027963902863423,34.0,8.818163074019441,23.98128522027805,8.445253936358975,20.345986918148487,24.312590170862638,9.319837713179345,12.745097096530886,8.445253936358975,8.576712656956627,
8.445253936358975,8.445253936358975,8.445253936358975,8.445253936358975,8.445253936358975,8.445253936358975,8.445253936358975,8.445253936358975,8.445253936358975,8.445253936358975,8.445253936358975,8.445253936358975,9.463614531456784,8.445253936358975,16.569852141766386,51.27416503464489,15.591729885305432,18.12371749400407,8.445253936358975,10.306862032581869,16.800205760056837,10.979981785048645,8.610394235392993,9.613179658182606,
8.445253936358975,8.445253936358975,8.445253936358975,8.445253936358975,8.445253936358975,8.445253936358975,8.445253936358975,8.445253936358975,8.445253936358975,8.445253936358975,8.445253936358975,8.445253936358975,8.744839748229937,8.445253936358975,34.0,28.389038377514655,11.861338795628905,8.445253936358975,8.445253936358975,8.445253936358975,8.445253936358975,9.32300205657699,78.0,23.98128522027805,
8.445253936358975,8.445253936358975,8.445253936358975,8.445253936358975,8.445253936358975,8.445253936358975,8.445253936358975,8.445253936358975,8.445253936358975,8.445253936358975,8.445253936358975,8.445253936358975,26.867990041848852,8.445253936358975,21.19876777319948,11.968709203585824,28.283166371536268,9.32300205657699,11.554398826049104,31.916944684989687,8.445253936358975,33.345726862673125,10.306416555826871,8.744839748229937,
8.445253936358975,8.445253936358975,8.445253936358975,8.445253936358975,8.445253936358975,8.445253936358975,8.445253936358975,8.445253936358975,8.445253936358975,8.445253936358975,8.445253936358975,8.445253936358975,18.676625137604823,32.83047364873069,8.445253936358975,26.867990041848852,10.979981785048645,8.951546096334024,17.12769758874082,13.825187248971922,31.729323976410214,39.12199652682488,10.678234468207966,10.029542161850229,
8.445253936358975,8.445253936358975,8.445253936358975,8.445253936358975,8.445253936358975,8.445253936358975,8.445253936358975,8.445253936358975,8.445253936358975,8.445253936358975,8.445253936358975,8.445253936358975,49.78995882705669,15.06444489518283,13.690781570093067,10.419213022104886,30.43389922803554,26.867990041848852,8.445253936358975,8.967342033205595,9.463614531456784,8.86519689439165,8.445253936358975,8.445253936358975,
8.445253936358975,8.445253936358975,8.445253936358975,8.445253936358975,8.445253936358975,8.445253936358975,8.445253936358975,8.445253936358975,8.445253936358975,8.445253936358975,8.445253936358975,8.445253936358975,21.218657001767987,10.979981785048645,25.273701747072984,28.283166371536268,27.613956837890836,18.203296404772406,10.979981785048645,9.37956989210842,9.463614531456784,8.445253936358975,8.445253936358975,32.83047364873069,
8.445253936358975,8.445253936358975,8.445253936358975,8.445253936358975,8.445253936358975,8.445253936358975,8.445253936358975,8.445253936358975,8.445253936358975,8.445253936358975,8.445253936358975,8.445253936358975,28.283166371536268,9.698516612853531,10.166658583111863,19.02110588624653,8.445253936358975,35.96442686878244,9.276291650053889,21.02966746242667,16.800205760056837,49.78995882705669,38.073029240599645,13.395428324618814,
8.445253936358975,8.445253936358975,8.445253936358975,8.445253936358975,8.445253936358975,8.445253936358975,8.445253936358975,8.445253936358975,8.445253936358975,8.445253936358975,8.445253936358975,8.445253936358975,11.737120600896967,32.294172543152634,20.345986918148487,11.260797287739248,23.98128522027805,9.32300205657699,14.080018237923094,23.98128522027805,9.090593428863095,27.91239940987386,8.445253936358975,8.699767262014722,
8.445253936358975,8.445253936358975,8.445253936358975,8.445253936358975,8.445253936358975,8.445253936358975,8.445253936358975,8.445253936358975,8.445253936358975,8.445253936358975,8.445253936358975,8.445253936358975,8.852118390532292,20.48627589387588,28.50328928387038,10.979981785048645,8.801830617673929,9.463614531456784,32.65252670161989,23.668280461410795,8.445253936358975,11.20286268019942,31.164438423020272,29.571424311359593,
8.445253936358975,8.445253936358975,8.445253936358975,8.445253936358975,8.445253936358975,8.445253936358975,8.445253936358975,8.445253936358975,8.445253936358975,8.445253936358975,8.445253936358975,8.445253936358975,20.17269193736919,9.26312882106017,8.801830617673929,41.35483311805553,29.98026561807971,38.19931282104431,10.306862032581869,10.979981785048645,9.810551135397384,8.445253936358975,12.607934009979589,49.78995882705669,
8.445253936358975,8.445253936358975,8.445253936358975,8.445253936358975,8.445253936358975,8.445253936358975,8.445253936358975,8.445253936358975,8.445253936358975,8.445253936358975,8.445253936358975,8.445253936358975,8.801830617673929,9.148002536795842,10.442856622489355,26.867990041848852,9.202790773710513,19.219462924391017,8.852118390532292,31.164438423020272,10.985961861607356,16.800205760056837,23.627206732053278,27.796402644946703,
8.445253936358975,8.445253936358975,8.445253936358975,8.445253936358975,8.445253936358975,8.445253936358975,8.445253936358975,8.445253936358975,8.445253936358975,8.445253936358975,8.445253936358975,8.445253936358975,8.445253936358975,31.164438423020272,23.98128522027805,37.59574444002938,9.846759755673457,23.98128522027805,51.59699603659112,9.397103572673632,18.026022855860358,8.445253936358975,21.19876777319948,26.706740722147284,
8.445253936358975,8.445253936358975,8.445253936358975,8.445253936358975,8.445253936358975,8.445253936358975,8.445253936358975,8.445253936358975,8.445253936358975,8.445253936358975,8.445253936358975,8.445253936358975,8.744839748229937,38.31738798799081,8.445253936358975,8.899837110403537,8.576712656956627,11.28530126719522,10.494707660954111,8.445253936358975,10.738822749705239,11.861338795628905,8.933395522171597,8.445253936358975,
8.445253936358975,8.445253936358975,8.445253936358975,8.445253936358975,8.445253936358975,8.445253936358975,8.445253936358975,8.445253936358975,8.445253936358975,8.445253936358975,8.445253936358975,8.445253936358975,25.656383221335,10.979981785048645,42.940527347587256,16.800205760056837,12.12270596855339,23.627206732053278,12.365823071955766,8.445253936358975,8.818163074019441,8.445253936358975,26.37562263507262,8.445253936358975,
8.445253936358975,8.445253936358975,8.445253936358975,8.445253936358975,8.445253936358975,8.445253936358975,8.445253936358975,8.445253936358975,8.445253936358975,8.445253936358975,8.445253936358975,8.445253936358975,8.445253936358975,11.106754701531855,9.613179658182606,8.445253936358975,10.870142593360953,29.60143405241009,49.854187386818374,17.166576770710325,9.027963902863423,18.026022855860358,27.796402644946703,8.445253936358975,
