16.132265804901678,170.43669401471817,63.120836496358315,157.32847803242743,69.39337144137039,145.7169859693783,86.92525524840292,62.99206299209449,121.67477141955106,49.31981796848448,105.38233960204148,66.53901111378197,116.216751517728,53.69149708756622,69.8078996757735,81.3956387038028,153.93099103169575,95.32177086059616,45.1638990541979,48.53542520674976,88.59480797428255,145.14389411890534,72.33774948116647,68.06935801078191,
16.132265804901678,45.1638990541979,48.53542520674976,49.31981796848448,53.69149708756622,62.99206299209449,63.120836496358315,66.53901111378197,68.06935801078191,69.39337144137039,69.8078996757735,72.33774948116647,16.132265804901678,85.6017912585167,60.67421198499408,62.151887685388466,64.65630286368066,100.07622095183251,56.14861233073055,90.31472748118105,159.21683328090657,59.93486047368426,60.748971184704025,63.120836496358315,
16.132265804901678,16.132265804901678,45.1638990541979,48.53542520674976,49.31981796848448,53.69149708756622,56.14861233073055,59.93486047368426,60.67421198499408,60.748971184704025,62.151887685388466,62.99206299209449,48.54853241860149,55.5342199619015,89.10854803739836,73.85797181076664,48.646114381771994,57.14601181768214,102.26762276823817,75.23075612185927,117.64494605946034,65.81975387374219,55.27883862745309,73.60900566021603,
16.132265804901678,16.132265804901678,45.1638990541979,48.53542520674976,48.54853241860149,48.646114381771994,49.31981796848448,53.69149708756622,55.27883862745309,55.5342199619015,56.14861233073055,57.14601181768214,58.0478729632323,50.29848407258414,61.645437787398336,60.350310686855615,105.12056570116684,73.70210309075311,35.593382655893905,38.71088405576264,85.11504819108914,49.31981796848448,16.132265804901678,57.145078528251226,
16.132265804901678,16.132265804901678,16.132265804901678,35.593382655893905,38.71088405576264,45.1638990541979,48.53542520674976,48.54853241860149,48.646114381771994,49.31981796848448,49.31981796848448,50.29848407258414,51.13598428591053,63.46209498590478,37.41466481016692,16.132265804901678,57.89956821946084,16.132265804901678,40.50629580694833,16.132265804901678,145.7169859693783,156.1817851095319,51.34432782693722,67.4706285303888,
16.132265804901678,16.132265804901678,16.132265804901678,16.132265804901678,16.132265804901678,16.132265804901678,35.593382655893905,37.41466481016692,38.71088405576264,40.50629580694833,45.1638990541979,48.53542520674976,65.91995145629281,44.73732861301143,16.132265804901678,16.132265804901678,106.46282606305984,53.23004320869935,54.79659356809204,41.051796550212025,49.32291556670185,37.74475681027322,49.32291556670185,41.28894355035173,
16.132265804901678,16.132265804901678,16.132265804901678,16.132265804901678,16.132265804901678,16.132265804901678,16.132265804901678,16.132265804901678,35.593382655893905,37.41466481016692,37.74475681027322,38.71088405576264,63.120836496358315,65.62916653439993,100.07996802557443,34.80405599997774,72.1724126162978,49.32291556670185,52.255781179374466,41.051796550212025,52.91817583149795,60.7965642304088,35.92584956081995,16.132265804901678,
16.132265804901678,16.132265804901678,16.132265804901678,16.132265804901678,16.132265804901678,16.132265804901678,16.132265804901678,16.132265804901678,16.132265804901678,34.80405599997774,35.593382655893905,35.92584956081995,112.46972926081044,50.34568005300952,32.750136313783926,172.54178237941866,16.132265804901678,59.9666574022598,153.93099103169575,40.84115571332428,49.32291556670185,70.61161377563892,170.43669401471817,57.56463758246029,
16.132265804901678,16.132265804901678,16.132265804901678,16.132265804901678,16.132265804901678,16.132265804901678,16.132265804901678,16.132265804901678,16.132265804901678,16.132265804901678,32.750136313783926,34.80405599997774,116.0,55.69883302188655,146.77278358060803,16.132265804901678,89.84748982899538,62.163762219908584,59.9666574022598,58.85858759206963,42.54745250054008,16.132265804901678,49.32291556670185,120.79010721081424,
16.132265804901678,16.132265804901678,16.132265804901678,16.132265804901678,16.132265804901678,16.132265804901678,16.132265804901678,16.132265804901678,16.132265804901678,16.132265804901678,16.132265804901678,16.132265804901678,61.47916313678969,91.62241356058388,58.28593312283848,91.67696911802149,61.47916313678969,16.132265804901678,53.514276392172,16.132265804901678,20.953281365934068,95.32177086059616,37.29276069158732,16.132265804901678,
16.132265804901678,16.132265804901678,16.132265804901678,16.132265804901678,16.132265804901678,16.132265804901678,16.132265804901678,16.132265804901678,16.132265804901678,16.132265804901678,16.132265804901678,16.132265804901678,53.51635264103861,74.19663399284208,16.132265804901678,33.14614105241614,136.83658136624138,40.849316599750686,62.163762219908584,138.7625309656753,63.377342165792975,16.132265804901678,88.55190568248658,16.132265804901678,
16.132265804901678,16.132265804901678,16.132265804901678,16.132265804901678,16.132265804901678,16.132265804901678,16.132265804901678,16.132265804901678,16.132265804901678,16.132265804901678,16.132265804901678,16.132265804901678,109.09017676521871,43.90248935343612,41.051796550212025,37.049156535608205,59.9666574022598,46.88283267892417,50.34568005300952,68.26373488170714,33.14614105241614,61.47916313678969,116.0,42.15163104792031,
16.132265804901678,16.132265804901678,16.132265804901678,16.132265804901678,16.132265804901678,16.132265804901678,16.132265804901678,16.132265804901678,16.132265804901678,16.132265804901678,16.132265804901678,16.132265804901678,57.451610073173754,80.50987517068947,129.64085004349516,37.16096742551248,49.32291556670185,16.132265804901678,16.132265804901678,46.34343843214793,46.30026226399032,44.73745634253248,53.94132614857246,89.16411834364763,
16.132265804901678,16.132265804901678,16.132265804901678,16.132265804901678,16.132265804901678,16.132265804901678,16.132265804901678,16.132265804901678,16.132265804901678,16.132265804901678,16.132265804901678,16.132265804901678,56.70943484112674,16.132265804901678,49.32291556670185,16.132265804901678,178.0,16.132265804901678,91.48406054244276,125.8779170466369,53.09021970731924,16.132265804901678,64.17351478608602,16.132265804901678,
16.132265804901678,16.132265804901678,16.132265804901678,16.132265804901678,16.132265804901678,16.132265804901678,16.132265804901678,16.132265804901678,16.132265804901678,16.132265804901678,16.132265804901678,16.132265804901678,16.132265804901678,153.93099103169575,122.69576194799885,16.132265804901678,49.32291556670185,89.58934088383506,92.63822105373139,69.29165413910489,181.0,45.962717810976194,88.55190568248658,61.51693533762336,
16.132265804901678,16.132265804901678,16.132265804901678,16.132265804901678,16.132265804901678,16.132265804901678,16.132265804901678,16.132265804901678,16.132265804901678,16.132265804901678,16.132265804901678,16.132265804901678,16.132265804901678,98.14657406145157,16.132265804901678,70.72658623177001,16.132265804901678,97.45383522468472,9.99999999E8,156.21219542660555,16.132265804901678,62.89446943662285,156.1817851095319,65.92988700126826,
16.132265804901678,16.132265804901678,16.132265804901678,16.132265804901678,16.132265804901678,16.132265804901678,16.132265804901678,16.132265804901678,16.132265804901678,16.132265804901678,16.132265804901678,16.132265804901678,49.32291556670185,98.98105879409454,49.4368283772331,85.6017912585167,66.19919435562137,59.47148176106883,16.132265804901678,16.132265804901678,44.62342434193055,88.55190568248658,83.88645599856987,46.11873263653285,
16.132265804901678,16.132265804901678,16.132265804901678,16.132265804901678,16.132265804901678,16.132265804901678,16.132265804901678,16.132265804901678,16.132265804901678,16.132265804901678,16.132265804901678,16.132265804901678,16.132265804901678,46.88283267892417,105.09043724335721,16.132265804901678,71.57541477351003,50.213709947251125,62.163762219908584,62.89446943662285,49.32291556670185,65.78584785330183,153.93099103169575,49.32291556670185,
16.132265804901678,16.132265804901678,16.132265804901678,16.132265804901678,16.132265804901678,16.132265804901678,16.132265804901678,16.132265804901678,16.132265804901678,16.132265804901678,16.132265804901678,16.132265804901678,54.79659356809204,181.0,97.45383522468472,178.0,178.0,148.0,33.14614105241614,62.89446943662285,33.14614105241614,59.9666574022598,62.102066524928674,61.35959582656978,
16.132265804901678,16.132265804901678,16.132265804901678,16.132265804901678,16.132265804901678,16.132265804901678,16.132265804901678,16.132265804901678,16.132265804901678,16.132265804901678,16.132265804901678,16.132265804901678,42.916663430420584,41.051796550212025,156.21219542660555,178.0,16.132265804901678,115.65589355621145,16.132265804901678,16.132265804901678,156.1817851095319,58.07657779939249,58.687732960134014,46.88283267892417,
16.132265804901678,16.132265804901678,16.132265804901678,16.132265804901678,16.132265804901678,16.132265804901678,16.132265804901678,16.132265804901678,16.132265804901678,16.132265804901678,16.132265804901678,16.132265804901678,49.32291556670185,16.132265804901678,120.79010721081424,39.38984640741825,51.45548237716431,56.290911048469155,16.132265804901678,16.132265804901678,77.24402889544278,95.47690820297859,36.52092246613957,153.93099103169575,
16.132265804901678,16.132265804901678,16.132265804901678,16.132265804901678,16.132265804901678,16.132265804901678,16.132265804901678,16.132265804901678,16.132265804901678,16.132265804901678,16.132265804901678,16.132265804901678,16.132265804901678,60.51394467393445,37.74475681027322,153.93099103169575,51.03593505234,59.9666574022598,44.606213532581826,16.132265804901678,98.98105879409454,127.28183950063995,70.72658623177001,178.0,
16.132265804901678,16.132265804901678,16.132265804901678,16.132265804901678,16.132265804901678,16.132265804901678,16.132265804901678,16.132265804901678,16.132265804901678,16.132265804901678,16.132265804901678,16.132265804901678,16.132265804901678,187.0,170.41713528867922,99.75827928404883,16.132265804901678,16.132265804901678,62.30569797378086,72.64787874201342,181.0,33.14614105241614,46.88283267892417,16.132265804901678,
16.132265804901678,16.132265804901678,16.132265804901678,16.132265804901678,16.132265804901678,16.132265804901678,16.132265804901678,16.132265804901678,16.132265804901678,16.132265804901678,16.132265804901678,16.132265804901678,16.132265804901678,16.132265804901678,16.132265804901678,16.132265804901678,84.26766877041277,43.47924153483412,49.32291556670185,37.29276069158732,16.132265804901678,16.132265804901678,16.132265804901678,153.93099103169575,
16.132265804901678,16.132265804901678,16.132265804901678,16.132265804901678,16.132265804901678,16.132265804901678,16.132265804901678,16.132265804901678,16.132265804901678,16.132265804901678,16.132265804901678,16.132265804901678,49.32291556670185,49.71760251661377,93.88747063829733,96.54139008736098,55.690551263208015,122.69576194799885,170.41713528867922,116.0,16.132265804901678,16.132265804901678,80.85515169459245,49.32291556670185,
16.132265804901678,16.132265804901678,16.132265804901678,16.132265804901678,16.132265804901678,16.132265804901678,16.132265804901678,16.132265804901678,16.132265804901678,16.132265804901678,16.132265804901678,16.132265804901678,36.34900273735168,33.14614105241614,16.132265804901678,16.132265804901678,70.61161377563892,57.451610073173754,49.32291556670185,50.817688849454775,39.82043026722171,43.515054866103526,178.0,169.02268092379398,
16.132265804901678,16.132265804901678,16.132265804901678,16.132265804901678,16.132265804901678,16.132265804901678,16.132265804901678,16.132265804901678,16.132265804901678,16.132265804901678,16.132265804901678,16.132265804901678,47.86585939756821,16.132265804901678,16.132265804901678,15.742934923323542,153.93099103169575,62.163762219908584,16.132265804901678,16.132265804901678,181.0,47.885279575251516,16.132265804901678,41.051796550212025,
15.742934923323542,16.132265804901678,16.132265804901678,16.132265804901678,16.132265804901678,16.132265804901678,16.132265804901678,16.132265804901678,16.132265804901678,16.132265804901678,16.132265804901678,16.132265804901678,16.132265804901678,43.2087954009366,153.93099103169575,69.16820078619944,94.0177288245857,41.051796550212025,50.38809383177736,52.659661981444586,46.88283267892417,116.0,91.62241356058388,97.42005269279352,
15.742934923323542,16.132265804901678,16.132265804901678,16.132265804901678,16.132265804901678,16.132265804901678,16.132265804901678,16.132265804901678,16.132265804901678,16.132265804901678,16.132265804901678,16.132265804901678,52.98905547374854,16.132265804901678,29.32575659723036,16.132265804901678,37.83044880969372,16.132265804901678,16.132265804901678,46.88283267892417,114.44404746425215,49.32291556670185,47.473002331991005,49.19801260665358,
15.742934923323542,16.132265804901678,16.132265804901678,16.132265804901678,16.132265804901678,16.132265804901678,16.132265804901678,16.132265804901678,16.132265804901678,16.132265804901678,16.132265804901678,16.132265804901678,16.132265804901678,33.14614105241614,89.84907981085362,46.88283267892417,52.255781179374466,53.20846263394356,127.28183950063995,69.74983870949093,181.0,83.47005451058482,54.15204930973937,125.61316279222757,
15.742934923323542,16.132265804901678,16.132265804901678,16.132265804901678,16.132265804901678,16.132265804901678,16.132265804901678,16.132265804901678,16.132265804901678,16.132265804901678,16.132265804901678,16.132265804901678,46.88283267892417,44.160615937733475,48.25626038833372,48.88421694848621,105.09043724335721,16.132265804901678,16.132265804901678,46.88283267892417,36.93020444026813,33.14614105241614,46.27248488186967,58.67015851350668,
15.742934923323542,16.132265804901678,16.132265804901678,16.132265804901678,16.132265804901678,16.132265804901678,16.132265804901678,16.132265804901678,16.132265804901678,16.132265804901678,16.132265804901678,16.132265804901678,16.132265804901678,120.79010721081424,44.06177481672748,33.14614105241614,49.32291556670185,33.14614105241614,178.0,58.36255220601649,43.2087954009366,187.0,178.0,61.071386800319885,
15.742934923323542,16.132265804901678,16.132265804901678,16.132265804901678,16.132265804901678,16.132265804901678,16.132265804901678,16.132265804901678,16.132265804901678,16.132265804901678,16.132265804901678,16.132265804901678,48.83499915897555,48.10456929208346,181.0,57.56463758246029,87.87653676770447,96.91356974129062,49.32291556670185,178.0,35.22271994040211,144.71433930333234,16.132265804901678,52.98905547374854,
15.742934923323542,16.132265804901678,16.132265804901678,16.132265804901678,16.132265804901678,16.132265804901678,16.132265804901678,16.132265804901678,16.132265804901678,16.132265804901678,16.132265804901678,16.132265804901678,63.23962365479415,30.870698080866262,156.1817851095319,181.0,44.47963016932582,48.89054831238564,46.88283267892417,64.17351478608602,97.45383522468472,16.132265804901678,143.4178045664717,96.34853397950589,
15.742934923323542,16.132265804901678,16.132265804901678,16.132265804901678,16.132265804901678,16.132265804901678,16.132265804901678,16.132265804901678,16.132265804901678,16.132265804901678,16.132265804901678,16.132265804901678,88.63092011256569,46.76579946927028,41.051796550212025,61.17461347105786,47.584511285561334,43.001633641848635,46.88283267892417,156.1817851095319,16.132265804901678,32.592023564056284,108.8221025343657,46.88283267892417,
15.742934923323542,16.132265804901678,16.132265804901678,16.132265804901678,16.132265804901678,16.132265804901678,16.132265804901678,16.132265804901678,16.132265804901678,16.132265804901678,16.132265804901678,16.132265804901678,47.848092960953004,47.17141991866322,37.29825733194515,100.47014481924468,16.132265804901678,32.98917571394766,46.88283267892417,21.237702323933256,16.132265804901678,55.01306662966535,35.020402216830284,38.4360941477322,
15.742934923323542,16.132265804901678,16.132265804901678,16.132265804901678,16.132265804901678,16.132265804901678,16.132265804901678,16.132265804901678,16.132265804901678,16.132265804901678,16.132265804901678,16.132265804901678,54.171902692468855,75.39396527574338,61.14940719254766,60.05949431307974,16.132265804901678,65.79344085472451,16.132265804901678,16.132265804901678,121.46055601168086,101.72880614653846,69.74983870949093,16.132265804901678,
15.742934923323542,16.132265804901678,16.132265804901678,16.132265804901678,16.132265804901678,16.132265804901678,16.132265804901678,16.132265804901678,16.132265804901678,16.132265804901678,16.132265804901678,16.132265804901678,148.0,45.499010978261936,34.91647175761033,65.91995145629281,52.255781179374466,34.861631248886404,37.74475681027322,59.47148176106883,61.60473080164264,37.74475681027322,109.43052590570878,87.18781041931426,
15.742934923323542,16.132265804901678,16.132265804901678,16.132265804901678,16.132265804901678,16.132265804901678,16.132265804901678,16.132265804901678,16.132265804901678,16.132265804901678,16.132265804901678,16.132265804901678,159.21683328090657,16.132265804901678,46.88283267892417,65.91995145629281,178.0,35.175749222061114,156.1817851095319,48.91063279083598,37.29825733194515,9.99999999E8,15.742934923323542,33.14614105241614,
15.742934923323542,15.742934923323542,16.132265804901678,16.132265804901678,16.132265804901678,16.132265804901678,16.132265804901678,16.132265804901678,16.132265804901678,16.132265804901678,16.132265804901678,16.132265804901678,25.903667693977237,16.132265804901678,46.88283267892417,37.049156535608205,16.132265804901678,15.742934923323542,16.132265804901678,83.01951577791814,127.28183950063995,16.132265804901678,75.98842017044439,16.132265804901678,
15.742934923323542,15.742934923323542,15.742934923323542,16.132265804901678,16.132265804901678,16.132265804901678,16.132265804901678,16.132265804901678,16.132265804901678,16.132265804901678,16.132265804901678,16.132265804901678,69.74983870949093,15.742934923323542,69.16820078619944,16.132265804901678,15.742934923323542,47.38185306633754,61.47916313678969,15.742934923323542,43.88241865105736,43.98579316097415,41.051796550212025,30.93474870895108,
15.742934923323542,15.742934923323542,15.742934923323542,15.742934923323542,15.742934923323542,15.742934923323542,16.132265804901678,16.132265804901678,16.132265804901678,16.132265804901678,16.132265804901678,16.132265804901678,9.99999999E8,32.26065715387708,68.88799282571351,59.37204729500238,42.916663430420584,58.595465451078816,16.132265804901678,172.54178237941866,159.21683328090657,71.0,152.48825091352668,15.742934923323542,
15.742934923323542,15.742934923323542,15.742934923323542,15.742934923323542,15.742934923323542,15.742934923323542,15.742934923323542,16.132265804901678,16.132265804901678,16.132265804901678,16.132265804901678,16.132265804901678,144.7419773251699,105.09043724335721,15.742934923323542,69.82148666420674,44.158096652822344,181.0,44.62342434193055,33.14614105241614,178.0,120.79010721081424,39.073648409126065,44.881324995295465,
15.742934923323542,15.742934923323542,15.742934923323542,15.742934923323542,15.742934923323542,15.742934923323542,15.742934923323542,15.742934923323542,16.132265804901678,16.132265804901678,16.132265804901678,16.132265804901678,16.132265804901678,53.30234981562978,58.687732960134014,15.742934923323542,27.363296585024255,85.23643587105224,34.97656358191868,178.0,15.742934923323542,33.14614105241614,58.57839679803956,24.29677619218923,
15.742934923323542,15.742934923323542,15.742934923323542,15.742934923323542,15.742934923323542,15.742934923323542,15.742934923323542,15.742934923323542,15.742934923323542,15.742934923323542,16.132265804901678,16.132265804901678,33.45786262492826,36.02689967232818,69.74983870949093,24.71841418861655,59.37204729500238,32.08971797944008,46.88283267892417,33.14614105241614,81.39819817825618,46.01018908893985,53.20087718575074,45.57016567887372,
15.742934923323542,15.742934923323542,15.742934923323542,15.742934923323542,15.742934923323542,15.742934923323542,15.742934923323542,15.742934923323542,15.742934923323542,15.742934923323542,16.132265804901678,16.132265804901678,181.0,75.39396527574338,42.49705872175156,44.62342434193055,114.30952132988165,42.298260686969826,109.43052590570878,15.742934923323542,100.04332394851076,15.742934923323542,98.14657406145157,46.88283267892417,
15.742934923323542,15.742934923323542,15.742934923323542,15.742934923323542,15.742934923323542,15.742934923323542,15.742934923323542,15.742934923323542,15.742934923323542,15.742934923323542,15.742934923323542,15.742934923323542,153.93099103169575,37.29825733194515,49.40283392681031,116.0,59.07249783105501,89.58934088383506,101.72880614653846,59.37204729500238,38.14883134950969,48.99206284922306,91.15371632577578,35.846338725175265,
15.742934923323542,15.742934923323542,15.742934923323542,15.742934923323542,15.742934923323542,15.742934923323542,15.742934923323542,15.742934923323542,15.742934923323542,15.742934923323542,15.742934923323542,15.742934923323542,15.742934923323542,37.29825733194515,50.70934332053611,97.45383522468472,15.742934923323542,43.2087954009366,33.14614105241614,116.0,61.00032786797133,40.22907777000179,15.742934923323542,172.53598658444176,
15.742934923323542,15.742934923323542,15.742934923323542,15.742934923323542,15.742934923323542,15.742934923323542,15.742934923323542,15.742934923323542,15.742934923323542,15.742934923323542,15.742934923323542,15.742934923323542,153.93099103169575,58.687732960134014,53.96146773393029,88.55190568248658,44.62342434193055,52.84568730432661,32.26065715387708,35.37733109712427,40.65300316909769,29.435310428123568,46.88283267892417,63.120836496358315,
15.742934923323542,15.742934923323542,15.742934923323542,15.742934923323542,15.742934923323542,15.742934923323542,15.742934923323542,15.742934923323542,15.742934923323542,15.742934923323542,15.742934923323542,15.742934923323542,15.742934923323542,58.299990470744405,147.20815194818525,36.02689967232818,127.28183950063995,62.89446943662285,15.742934923323542,36.268837470045426,25.903667693977237,88.55190568248658,31.11269837220809,181.0,
15.742934923323542,15.742934923323542,15.742934923323542,15.742934923323542,15.742934923323542,15.742934923323542,15.742934923323542,15.742934923323542,15.742934923323542,15.742934923323542,15.742934923323542,15.742934923323542,15.742934923323542,178.0,46.27248488186967,121.46055601168086,59.96198795903952,15.742934923323542,98.45134161943486,33.14614105241614,45.803929962395145,46.27248488186967,15.742934923323542,15.742934923323542,
15.742934923323542,15.742934923323542,15.742934923323542,15.742934923323542,15.742934923323542,15.742934923323542,15.742934923323542,15.742934923323542,15.742934923323542,15.742934923323542,15.742934923323542,15.742934923323542,46.2709412050371,51.22499389946279,156.0,37.007506746004324,15.742934923323542,16.132265804901678,44.62342434193055,54.56418239101544,46.56648472882616,44.62342434193055,15.742934923323542,24.839484696748443,
15.742934923323542,15.742934923323542,15.742934923323542,15.742934923323542,15.742934923323542,15.742934923323542,15.742934923323542,15.742934923323542,15.742934923323542,15.742934923323542,15.742934923323542,15.742934923323542,48.02082881417188,15.742934923323542,35.512573226152696,94.95177723455207,89.58934088383506,62.89864863413203,15.742934923323542,37.067505985701274,33.14614105241614,153.93099103169575,46.27248488186967,61.24246892475841,
15.742934923323542,15.742934923323542,15.742934923323542,15.742934923323542,15.742934923323542,15.742934923323542,15.742934923323542,15.742934923323542,15.742934923323542,15.742934923323542,15.742934923323542,15.742934923323542,72.33774948116647,181.0,94.64274932608414,97.45383522468472,78.45168364456347,125.190414968559,44.384682042344295,37.007506746004324,46.88283267892417,47.848092960953004,24.71841418861655,37.067505985701274,
15.742934923323542,15.742934923323542,15.742934923323542,15.742934923323542,15.742934923323542,15.742934923323542,15.742934923323542,15.742934923323542,15.742934923323542,15.742934923323542,15.742934923323542,15.742934923323542,80.50258795011914,15.742934923323542,44.62342434193055,48.2263183104182,44.65274648434339,15.742934923323542,58.595465451078816,21.237702323933256,15.742934923323542,24.839484696748443,44.62342434193055,48.02082881417188,
15.742934923323542,15.742934923323542,15.742934923323542,15.742934923323542,15.742934923323542,15.742934923323542,15.742934923323542,15.742934923323542,15.742934923323542,15.742934923323542,15.742934923323542,15.742934923323542,48.176757881783615,98.14657406145157,38.4360941477322,94.95177723455207,15.742934923323542,15.742934923323542,116.0,100.47014481924468,44.62342434193055,61.0163912403872,47.38185306633754,15.742934923323542,
15.742934923323542,15.742934923323542,15.742934923323542,15.742934923323542,15.742934923323542,15.742934923323542,15.742934923323542,15.742934923323542,15.742934923323542,15.742934923323542,15.742934923323542,15.742934923323542,55.889944984882774,131.6839651083862,15.742934923323542,44.62342434193055,44.62342434193055,36.10698389112951,32.26065715387708,51.250756091983654,15.742934923323542,98.14657406145157,71.0,37.007506746004324,
15.742934923323542,15.742934923323542,15.742934923323542,15.742934923323542,15.742934923323542,15.742934923323542,15.742934923323542,15.742934923323542,15.742934923323542,15.742934923323542,15.742934923323542,15.742934923323542,169.02268092379398,33.14614105241614,62.218508959495786,125.61316279222757,15.742934923323542,62.63119563497624,49.32291556670185,58.45511098270193,45.871123814443436,43.2087954009366,46.88283267892417,79.07521033098102,
15.742934923323542,15.742934923323542,15.742934923323542,15.742934923323542,15.742934923323542,15.742934923323542,15.742934923323542,15.742934923323542,15.742934923323542,15.742934923323542,15.742934923323542,15.742934923323542,46.88283267892417,15.742934923323542,100.47014481924468,70.61161377563892,15.742934923323542,44.62342434193055,59.37204729500238,16.132265804901678,100.04332394851076,15.742934923323542,97.45383522468472,153.93099103169575,
15.742934923323542,15.742934923323542,15.742934923323542,15.742934923323542,15.742934923323542,15.742934923323542,15.742934923323542,15.742934923323542,15.742934923323542,15.742934923323542,15.742934923323542,15.742934923323542,59.37204729500238,24.71841418861655,15.742934923323542,54.24979262633176,54.61553938996797,47.9490470302707,78.51660424940157,157.33483403239094,66.9943281181325,15.742934923323542,34.101869450222225,15.742934923323542,
15.742934923323542,15.742934923323542,15.742934923323542,15.742934923323542,15.742934923323542,15.742934923323542,15.742934923323542,15.742934923323542,15.742934923323542,15.742934923323542,15.742934923323542,15.742934923323542,15.742934923323542,153.93099103169575,33.376039309660456,35.22271994040211,41.051796550212025,37.067505985701274,37.067505985701274,15.742934923323542,67.20615051218651,153.93099103169575,15.742934923323542,29.562433932272896,
15.742934923323542,15.742934923323542,15.742934923323542,15.742934923323542,15.742934923323542,15.742934923323542,15.742934923323542,15.742934923323542,15.742934923323542,15.742934923323542,15.742934923323542,15.742934923323542,46.15885613834035,15.742934923323542,55.63144023712798,44.62342434193055,35.882586305894954,46.88283267892417,100.04332394851076,25.903667693977237,77.15290939797039,15.742934923323542,46.88283267892417,37.881921809749834,
15.742934923323542,15.742934923323542,15.742934923323542,15.742934923323542,15.742934923323542,15.742934923323542,15.742934923323542,15.742934923323542,15.742934923323542,15.742934923323542,15.742934923323542,15.742934923323542,97.45383522468472,15.742934923323542,181.0,83.47005451058482,15.742934923323542,15.742934923323542,104.52113024009387,112.76856831582106,135.97058505426827,66.27735284393908,44.62342434193055,15.742934923323542,
15.742934923323542,15.742934923323542,15.742934923323542,15.742934923323542,15.742934923323542,15.742934923323542,15.742934923323542,15.742934923323542,15.742934923323542,15.742934923323542,15.742934923323542,15.742934923323542,83.47005451058482,94.93281835066313,15.742934923323542,15.742934923323542,59.37204729500238,109.43052590570878,44.62342434193055,153.93099103169575,153.93099103169575,50.96497396672122,49.84420171338331,16.132265804901678,
15.742934923323542,15.742934923323542,15.742934923323542,15.742934923323542,15.742934923323542,15.742934923323542,15.742934923323542,15.742934923323542,15.742934923323542,15.742934923323542,15.742934923323542,15.742934923323542,59.21095760076846,25.903667693977237,46.2709412050371,52.89342384185662,121.46055601168086,125.61316279222757,46.88283267892417,16.132265804901678,32.26065715387708,40.7729996443725,32.46825372575495,15.742934923323542,
15.742934923323542,15.742934923323542,15.742934923323542,15.742934923323542,15.742934923323542,15.742934923323542,15.742934923323542,15.742934923323542,15.742934923323542,15.742934923323542,15.742934923323542,15.742934923323542,31.728010758108784,45.2442261509687,43.574648592960564,46.27248488186967,153.93099103169575,71.33021800050803,100.07996802557443,140.1079940617237,178.0,15.742934923323542,15.742934923323542,69.80150428178464,
15.742934923323542,15.742934923323542,15.742934923323542,15.742934923323542,15.742934923323542,15.742934923323542,15.742934923323542,15.742934923323542,15.742934923323542,15.742934923323542,15.742934923323542,15.742934923323542,92.24559610084376,15.742934923323542,88.59480797428255,131.6839651083862,90.68318476983481,15.742934923323542,178.0,41.051796550212025,98.37601333658526,44.62342434193055,51.17942294842072,29.171904291629644,
15.742934923323542,15.742934923323542,15.742934923323542,15.742934923323542,15.742934923323542,15.742934923323542,15.742934923323542,15.742934923323542,15.742934923323542,15.742934923323542,15.742934923323542,15.742934923323542,15.742934923323542,44.62342434193055,54.031819328984284,15.742934923323542,109.43052590570878,72.33774948116647,44.62342434193055,74.24410751029336,16.132265804901678,15.742934923323542,64.94356524450029,15.742934923323542,
15.742934923323542,15.742934923323542,15.742934923323542,15.742934923323542,15.742934923323542,15.742934923323542,15.742934923323542,15.742934923323542,15.742934923323542,15.742934923323542,15.742934923323542,15.742934923323542,15.742934923323542,27.363296585024255,15.742934923323542,15.742934923323542,116.0,83.47005451058482,31.724399127485455,59.37204729500238,120.79010721081424,83.47005451058482,159.21683328090657,44.62342434193055,
15.742934923323542,15.742934923323542,15.742934923323542,15.742934923323542,15.742934923323542,15.742934923323542,15.742934923323542,15.742934923323542,15.742934923323542,15.742934923323542,15.742934923323542,15.742934923323542,83.47005451058482,73.70210309075311,100.04332394851076,46.88283267892417,59.324868310009755,44.62342434193055,86.86004067847693,43.98579316097415,35.686910143014,46.88283267892417,63.81410502388951,36.846528556523026,
15.742934923323542,15.742934923323542,15.742934923323542,15.742934923323542,15.742934923323542,15.742934923323542,15.742934923323542,15.742934923323542,15.742934923323542,15.742934923323542,15.742934923323542,15.742934923323542,15.742934923323542,46.88283267892417,135.07528764853078,63.64484791926733,153.93099103169575,15.742934923323542,34.70100863087412,15.742934923323542,15.742934923323542,44.62342434193055,15.742934923323542,169.02268092379398,
15.742934923323542,15.742934923323542,15.742934923323542,15.742934923323542,15.742934923323542,15.742934923323542,15.742934923323542,15.742934923323542,15.742934923323542,15.742934923323542,15.742934923323542,15.742934923323542,37.74475681027322,27.363296585024255,125.76664899726,80.08895054874922,131.6839651083862,97.42005269279352,98.63589610278805,43.407833394446214,25.903667693977237,59.96198795903952,70.61161377563892,116.0,
15.742934923323542,15.742934923323542,15.742934923323542,15.742934923323542,15.742934923323542,15.742934923323542,15.742934923323542,15.742934923323542,15.742934923323542,15.742934923323542,15.742934923323542,15.742934923323542,83.47005451058482,56.07732756352309,57.87342510456188,33.376039309660456,46.88283267892417,15.742934923323542,32.98917571394766,15.742934923323542,15.742934923323542,100.04332394851076,140.10442534052947,15.742934923323542,
15.742934923323542,15.742934923323542,15.742934923323542,15.742934923323542,15.742934923323542,15.742934923323542,15.742934923323542,15.742934923323542,15.742934923323542,15.742934923323542,15.742934923323542,15.742934923323542,15.742934923323542,59.324868310009755,15.742934923323542,66.478868823108,87.18781041931426,15.742934923323542,121.46055601168086,181.0,178.0,89.84748982899538,98.14657406145157,157.36184416814643,
15.742934923323542,15.742934923323542,15.742934923323542,15.742934923323542,15.742934923323542,15.742934923323542,15.742934923323542,15.742934923323542,15.742934923323542,15.742934923323542,15.742934923323542,15.742934923323542,37.067505985701274,80.26362812631884,74.30805810946751,98.45134161943486,97.45383522468472,59.096848477731875,45.2442261509687,99.78691583283137,46.949821238059194,171.0,153.93099103169575,45.43830982772137,
15.742934923323542,15.742934923323542,15.742934923323542,15.742934923323542,15.742934923323542,15.742934923323542,15.742934923323542,15.742934923323542,15.742934923323542,15.742934923323542,15.742934923323542,15.742934923323542,43.154760262725745,98.14657406145157,57.659922534345,157.36184416814643,88.55190568248658,15.742934923323542,35.22158429145401,80.08895054874922,41.051796550212025,85.64072240081428,15.742934923323542,58.595465451078816,
15.742934923323542,15.742934923323542,15.742934923323542,15.742934923323542,15.742934923323542,15.742934923323542,15.742934923323542,15.742934923323542,15.742934923323542,15.742934923323542,15.742934923323542,15.742934923323542,80.08895054874922,44.62342434193055,27.363296585024255,45.2442261509687,24.13158373031769,52.843584704715525,15.742934923323542,59.37204729500238,54.48155651227303,58.595465451078816,32.98917571394766,21.237702323933256,
15.742934923323542,15.742934923323542,15.742934923323542,15.742934923323542,15.742934923323542,15.742934923323542,15.742934923323542,15.742934923323542,15.742934923323542,15.742934923323542,15.742934923323542,15.742934923323542,157.3427786712819,110.94431035433948,15.742934923323542,44.62342434193055,37.067505985701274,178.0,89.58934088383506,44.62342434193055,62.89446943662285,89.58934088383506,15.742934923323542,64.56521251158914,
15.742934923323542,15.742934923323542,15.742934923323542,15.742934923323542,15.742934923323542,15.742934923323542,15.742934923323542,15.742934923323542,15.742934923323542,15.742934923323542,15.742934923323542,15.742934923323542,15.742934923323542,49.32291556670185,9.99999999E8,53.38539126015655,27.363296585024255,73.70210309075311,59.125102771815776,40.65300316909769,15.742934923323542,131.6839651083862,126.19528517341683,156.0,
15.742934923323542,15.742934923323542,15.742934923323542,15.742934923323542,15.742934923323542,15.742934923323542,15.742934923323542,15.742934923323542,15.742934923323542,15.742934923323542,15.742934923323542,15.742934923323542,46.75520919402307,77.5850501063188,15.742934923323542,100.04332394851076,34.67307633052225,62.63119563497624,41.051796550212025,15.742934923323542,15.742934923323542,70.61161377563892,15.742934923323542,84.06630036550233,
15.742934923323542,15.742934923323542,15.742934923323542,15.742934923323542,15.742934923323542,15.742934923323542,15.742934923323542,15.742934923323542,15.742934923323542,15.742934923323542,15.742934923323542,15.742934923323542,54.24979262633176,40.65300316909769,15.742934923323542,15.742934923323542,32.26065715387708,31.480152477394387,15.742934923323542,44.62342434193055,61.645437787398336,120.79010721081424,15.742934923323542,53.821464119810045,
15.742934923323542,15.742934923323542,15.742934923323542,15.742934923323542,15.742934923323542,15.742934923323542,15.742934923323542,15.742934923323542,15.742934923323542,15.742934923323542,15.742934923323542,15.742934923323542,44.62342434193055,15.742934923323542,27.363296585024255,15.742934923323542,178.0,159.21683328090657,44.62342434193055,59.193242857610024,169.02268092379398,178.0,15.742934923323542,128.9961239727768,
15.742934923323542,15.742934923323542,15.742934923323542,15.742934923323542,15.742934923323542,15.742934923323542,15.742934923323542,15.742934923323542,15.742934923323542,15.742934923323542,15.742934923323542,15.742934923323542,122.69576194799885,87.55935129956137,15.742934923323542,37.007506746004324,159.21683328090657,181.0,35.22271994040211,172.54178237941866,36.02689967232818,44.62342434193055,56.07506774976287,27.363296585024255,
15.742934923323542,15.742934923323542,15.742934923323542,15.742934923323542,15.742934923323542,15.742934923323542,15.742934923323542,15.742934923323542,15.742934923323542,15.742934923323542,15.742934923323542,15.742934923323542,15.742934923323542,121.46055601168086,31.74901573277509,44.384682042344295,144.71433930333234,153.93099103169575,52.515140673904696,34.42292114275022,178.0,83.75303832441799,59.37204729500238,148.0,
15.742934923323542,15.742934923323542,15.742934923323542,15.742934923323542,15.742934923323542,15.742934923323542,15.742934923323542,15.742934923323542,15.742934923323542,15.742934923323542,15.742934923323542,15.742934923323542,40.65300316909769,15.742934923323542,86.93511537758656,15.742934923323542,83.92109389182198,43.408908455907216,44.62342434193055,35.11053972812152,60.4034057696371,73.53910524340094,15.742934923323542,59.010062701203765,
15.742934923323542,15.742934923323542,15.742934923323542,15.742934923323542,15.742934923323542,15.742934923323542,15.742934923323542,15.742934923323542,15.742934923323542,15.742934923323542,15.742934923323542,15.742934923323542,16.132265804901678,88.59480797428255,178.0,87.34169352933013,89.58934088383506,178.0,54.550108026605095,15.742934923323542,15.742934923323542,121.67477141955106,44.62342434193055,55.59001708940194,
15.742934923323542,15.742934923323542,15.742934923323542,15.742934923323542,15.742934923323542,15.742934923323542,15.742934923323542,15.742934923323542,15.742934923323542,15.742934923323542,15.742934923323542,15.742934923323542,15.742934923323542,46.88283267892417,100.04332394851076,181.0,169.02268092379398,156.1817851095319,31.93221988316294,65.0252698132481,99.83110737640848,172.53598658444176,44.62342434193055,24.29677619218923,
15.742934923323542,15.742934923323542,15.742934923323542,15.742934923323542,15.742934923323542,15.742934923323542,15.742934923323542,15.742934923323542,15.742934923323542,15.742934923323542,15.742934923323542,15.742934923323542,69.75806404997203,34.61213659975356,37.74475681027322,52.86670870111822,15.742934923323542,34.60866943411723,53.09086550434077,69.11343333004567,75.7948358587651,33.45786262492826,49.06798005488576,65.64630606515496,
15.742934923323542,15.742934923323542,15.742934923323542,15.742934923323542,15.742934923323542,15.742934923323542,15.742934923323542,15.742934923323542,15.742934923323542,15.742934923323542,15.742934923323542,15.742934923323542,61.29709074118717,153.93099103169575,15.742934923323542,172.5514416051051,50.543446657306625,53.809292877717695,105.85974548564583,27.363296585024255,27.363296585024255,46.88283267892417,58.595465451078816,112.76856831582106,
15.742934923323542,15.742934923323542,15.742934923323542,15.742934923323542,15.742934923323542,15.742934923323542,15.742934923323542,15.742934923323542,15.742934923323542,15.742934923323542,15.742934923323542,15.742934923323542,41.051796550212025,92.24243419742709,28.850187752133145,44.62342434193055,27.363296585024255,181.0,51.331861450759796,121.46055601168086,131.6839651083862,24.71841418861655,86.17859362974079,15.742934923323542,
15.742934923323542,15.742934923323542,15.742934923323542,15.742934923323542,15.742934923323542,15.742934923323542,15.742934923323542,15.742934923323542,15.742934923323542,15.742934923323542,15.742934923323542,15.742934923323542,181.0,35.22271994040211,94.71557422092735,71.0,15.742934923323542,15.742934923323542,44.62342434193055,37.74475681027322,79.34013576278493,15.742934923323542,37.74475681027322,62.89864863413203,
15.742934923323542,15.742934923323542,15.742934923323542,15.742934923323542,15.742934923323542,15.742934923323542,15.742934923323542,15.742934923323542,15.742934923323542,15.742934923323542,15.742934923323542,15.742934923323542,15.742934923323542,15.742934923323542,70.43943700594352,153.93099103169575,88.55190568248658,15.742934923323542,43.69046970286704,46.88283267892417,30.78032766928532,59.9666574022598,48.91063279083598,53.10593187206115,
15.742934923323542,15.742934923323542,15.742934923323542,15.742934923323542,15.742934923323542,15.742934923323542,15.742934923323542,15.742934923323542,15.742934923323542,15.742934923323542,15.742934923323542,15.742934923323542,50.543446657306625,85.33135414371436,62.06908593310706,43.94693770142959,59.37204729500238,63.67888189973188,156.1817851095319,81.18035476640885,44.62342434193055,15.742934923323542,51.34848261308864,15.742934923323542,
15.742934923323542,15.742934923323542,15.742934923323542,15.742934923323542,15.742934923323542,15.742934923323542,15.742934923323542,15.742934923323542,15.742934923323542,15.742934923323542,15.742934923323542,15.742934923323542,46.88283267892417,62.89864863413203,157.3427786712819,153.93099103169575,131.6839651083862,43.98579316097415,15.742934923323542,43.88241865105736,47.848092960953004,60.48760203545847,77.07880939105674,109.43052590570878,
15.742934923323542,15.742934923323542,15.742934923323542,15.742934923323542,15.742934923323542,15.742934923323542,15.742934923323542,15.742934923323542,15.742934923323542,15.742934923323542,15.742934923323542,15.742934923323542,56.095989161436485,55.05322100347211,15.742934923323542,62.195176661860195,31.631629739866394,15.742934923323542,54.695155178498204,64.06246951218786,109.43052590570878,15.742934923323542,52.14057920660261,63.120836496358315,
15.742934923323542,15.742934923323542,15.742934923323542,15.742934923323542,15.742934923323542,15.742934923323542,15.742934923323542,15.742934923323542,15.742934923323542,15.742934923323542,15.742934923323542,15.742934923323542,100.04332394851076,48.91063279083598,15.742934923323542,59.54350150460226,86.86004067847693,26.121510931286753,59.324868310009755,15.742934923323542,81.7669860029095,15.742934923323542,44.62342434193055,116.0,
15.742934923323542,15.742934923323542,15.742934923323542,15.742934923323542,15.742934923323542,15.742934923323542,15.742934923323542,15.742934923323542,15.742934923323542,15.742934923323542,15.742934923323542,15.742934923323542,36.53272505576336,44.62342434193055,32.529371343448986,178.0,53.97618522486164,55.68020935921231,15.742934923323542,35.05937820327109,61.96967000073503,71.33021800050803,15.742934923323542,181.0,
15.742934923323542,15.742934923323542,15.742934923323542,15.742934923323542,15.742934923323542,15.742934923323542,15.742934923323542,15.742934923323542,15.742934923323542,15.742934923323542,15.742934923323542,15.742934923323542,15.742934923323542,46.88283267892417,46.88283267892417,59.58187643906493,15.742934923323542,85.33135414371436,56.0,42.460439103816256,15.742934923323542,44.62342434193055,63.64484791926733,97.45383522468472,
15.742934923323542,15.742934923323542,15.742934923323542,15.742934923323542,15.742934923323542,15.742934923323542,15.742934923323542,15.742934923323542,15.742934923323542,15.742934923323542,15.742934923323542,15.742934923323542,70.61161377563892,50.543446657306625,44.62342434193055,33.36071791793456,50.27113983191549,15.742934923323542,153.93099103169575,52.80151512977634,178.0,153.93099103169575,109.43052590570878,125.76664899726,
15.742934923323542,15.742934923323542,15.742934923323542,15.742934923323542,15.742934923323542,15.742934923323542,15.742934923323542,15.742934923323542,15.742934923323542,15.742934923323542,15.742934923323542,15.742934923323542,15.742934923323542,46.88283267892417,87.20910830543201,60.690471520110414,43.2087954009366,35.22271994040211,44.62342434193055,118.63995954146309,15.742934923323542,83.47005451058482,29.971414953013387,37.74475681027322,
15.742934923323542,15.742934923323542,15.742934923323542,15.742934923323542,15.742934923323542,15.742934923323542,15.742934923323542,15.742934923323542,15.742934923323542,15.742934923323542,15.742934923323542,15.742934923323542,54.11099703387473,15.742934923323542,15.742934923323542,31.11269837220809,33.28162656281491,16.132265804901678,57.451610073173754,46.88283267892417,69.35596585730747,116.0,27.363296585024255,30.89228598426043,
15.742934923323542,15.742934923323542,15.742934923323542,15.742934923323542,15.742934923323542,15.742934923323542,15.742934923323542,15.742934923323542,15.742934923323542,15.742934923323542,15.742934923323542,15.742934923323542,70.61161377563892,44.62342434193055,15.742934923323542,15.742934923323542,15.742934923323542,31.480152477394387,44.62342434193055,15.742934923323542,57.451610073173754,15.742934923323542,34.42292114275022,59.96198795903952,
15.742934923323542,15.742934923323542,15.742934923323542,15.742934923323542,15.742934923323542,15.742934923323542,15.742934923323542,15.742934923323542,15.742934923323542,15.742934923323542,15.742934923323542,15.742934923323542,40.65300316909769,164.0,88.55190568248658,153.93099103169575,15.742934923323542,100.07996802557443,45.29724053405461,58.687732960134014,91.75750650491761,27.363296585024255,15.742934923323542,116.0,
15.742934923323542,15.742934923323542,15.742934923323542,15.742934923323542,15.742934923323542,15.742934923323542,15.742934923323542,15.742934923323542,15.742934923323542,15.742934923323542,15.742934923323542,15.742934923323542,69.31810730249349,59.96198795903952,42.88732113398535,97.45383522468472,89.58934088383506,49.32291556670185,58.595465451078816,16.132265804901678,81.21114455541185,43.3589667773576,90.05692644100175,15.742934923323542,
15.742934923323542,15.742934923323542,15.742934923323542,15.742934923323542,15.742934923323542,15.742934923323542,15.742934923323542,15.742934923323542,15.742934923323542,15.742934923323542,15.742934923323542,15.742934923323542,46.88283267892417,15.742934923323542,109.43052590570878,15.742934923323542,65.91995145629281,97.45383522468472,15.742934923323542,67.55738301621814,24.839484696748443,73.62531833547479,65.92988700126826,24.839484696748443,
15.742934923323542,15.742934923323542,15.742934923323542,15.742934923323542,15.742934923323542,15.742934923323542,15.742934923323542,15.742934923323542,15.742934923323542,15.742934923323542,15.742934923323542,15.742934923323542,24.71841418861655,80.7790195533469,42.532271075504966,73.70210309075311,15.742934923323542,59.96198795903952,15.742934923323542,178.0,121.67477141955106,15.742934923323542,15.742934923323542,59.356068410423354,
15.742934923323542,15.742934923323542,15.742934923323542,15.742934923323542,15.742934923323542,15.742934923323542,15.742934923323542,15.742934923323542,15.742934923323542,15.742934923323542,15.742934923323542,15.742934923323542,47.843494855622744,178.0,44.62342434193055,44.62342434193055,31.11269837220809,27.363296585024255,153.93099103169575,55.039279737743534,44.62342434193055,44.62342434193055,44.62342434193055,98.45134161943486,
15.742934923323542,15.742934923323542,15.742934923323542,15.742934923323542,15.742934923323542,15.742934923323542,15.742934923323542,15.742934923323542,15.742934923323542,15.742934923323542,15.742934923323542,15.742934923323542,28.850187752133145,15.742934923323542,60.96097112087372,89.58934088383506,50.543446657306625,15.742934923323542,15.742934923323542,127.28183950063995,34.11652825244679,56.290911048469155,44.62342434193055,131.6839651083862,
15.742934923323542,15.742934923323542,15.742934923323542,15.742934923323542,15.742934923323542,15.742934923323542,15.742934923323542,15.742934923323542,15.742934923323542,15.742934923323542,15.742934923323542,15.742934923323542,140.19361611713995,83.66265594636594,39.00854607219637,15.742934923323542,36.24913792078372,34.994214397844594,33.376039309660456,94.94124498867707,162.113129223597,70.61161377563892,97.45383522468472,35.40872459970534,
15.742934923323542,15.742934923323542,15.742934923323542,15.742934923323542,15.742934923323542,15.742934923323542,15.742934923323542,15.742934923323542,15.742934923323542,15.742934923323542,15.742934923323542,15.742934923323542,50.18410549610747,99.78691583283137,178.0,178.0,44.62342434193055,15.742934923323542,36.83295625749672,60.602530200204235,169.02268092379398,83.66265594636594,59.96198795903952,45.2442261509687,
15.742934923323542,15.742934923323542,15.742934923323542,15.742934923323542,15.742934923323542,15.742934923323542,15.742934923323542,15.742934923323542,15.742934923323542,15.742934923323542,15.742934923323542,15.742934923323542,153.93099103169575,32.98917571394766,44.88474128253387,73.70210309075311,15.742934923323542,15.742934923323542,90.380676400803,88.55190568248658,62.89446943662285,59.9666574022598,35.882586305894954,60.56873309366334,
15.742934923323542,15.742934923323542,15.742934923323542,15.742934923323542,15.742934923323542,15.742934923323542,15.742934923323542,15.742934923323542,15.742934923323542,15.742934923323542,15.742934923323542,15.742934923323542,57.56463758246029,63.67888189973188,36.268837470045426,35.686910143014,44.62342434193055,83.47005451058482,70.61161377563892,75.77158658318653,121.46055601168086,181.0,170.41713528867922,83.47567010812192,
15.742934923323542,15.742934923323542,15.742934923323542,15.742934923323542,15.742934923323542,15.742934923323542,15.742934923323542,15.742934923323542,15.742934923323542,15.742934923323542,15.742934923323542,15.742934923323542,42.14558102577303,148.0,69.37319367017783,94.65431844348149,44.62342434193055,71.0,15.742934923323542,35.22271994040211,63.120836496358315,83.66265594636594,153.93099103169575,131.6839651083862,
15.742934923323542,15.742934923323542,15.742934923323542,15.742934923323542,15.742934923323542,15.742934923323542,15.742934923323542,15.742934923323542,15.742934923323542,15.742934923323542,15.742934923323542,15.742934923323542,44.06177481672748,15.742934923323542,44.62342434193055,55.486574952865844,29.171904291629644,125.61316279222757,33.584780779394706,76.17961232070779,44.62342434193055,178.0,51.120772033815506,35.204545161101,
15.742934923323542,15.742934923323542,15.742934923323542,15.742934923323542,15.742934923323542,15.742934923323542,15.742934923323542,15.742934923323542,15.742934923323542,15.742934923323542,15.742934923323542,15.742934923323542,44.62342434193055,48.05899152777414,153.93099103169575,178.0,15.742934923323542,35.84075892053627,125.61316279222757,37.29825733194515,43.88241865105736,78.21551423257836,73.70210309075311,44.62342434193055,
15.742934923323542,15.742934923323542,15.742934923323542,15.742934923323542,15.742934923323542,15.742934923323542,15.742934923323542,15.742934923323542,15.742934923323542,15.742934923323542,15.742934923323542,15.742934923323542,43.41658669218482,59.570686303472,46.88283267892417,74.60730527233912,35.960916284210555,44.62342434193055,82.80813667750289,59.37204729500238,41.051796550212025,41.051796550212025,24.71841418861655,109.43052590570878,
15.742934923323542,15.742934923323542,15.742934923323542,15.742934923323542,15.742934923323542,15.742934923323542,15.742934923323542,15.742934923323542,15.742934923323542,15.742934923323542,15.742934923323542,15.742934923323542,116.0,39.49480978559082,82.7250717739187,125.61316279222757,37.067505985701274,123.79283770342558,44.62342434193055,95.32177086059616,120.79010721081424,44.62342434193055,15.742934923323542,25.903667693977237,
15.742934923323542,15.742934923323542,15.742934923323542,15.742934923323542,15.742934923323542,15.742934923323542,15.742934923323542,15.742934923323542,15.742934923323542,15.742934923323542,15.742934923323542,15.742934923323542,44.62342434193055,24.71841418861655,103.97235209419858,37.29825733194515,44.62342434193055,24.71841418861655,15.742934923323542,15.742934923323542,100.47014481924468,57.33617967740788,94.65431844348149,15.742934923323542,
15.742934923323542,15.742934923323542,15.742934923323542,15.742934923323542,15.742934923323542,15.742934923323542,15.742934923323542,15.742934923323542,15.742934923323542,15.742934923323542,15.742934923323542,15.742934923323542,89.58934088383506,100.07996802557443,44.62342434193055,121.67477141955106,24.839484696748443,73.13392802640529,15.742934923323542,144.20558241621578,94.18952524918397,109.43052590570878,40.711669088849696,58.595465451078816,
15.742934923323542,15.742934923323542,15.742934923323542,15.742934923323542,15.742934923323542,15.742934923323542,15.742934923323542,15.742934923323542,15.742934923323542,15.742934923323542,15.742934923323542,15.742934923323542,72.33774948116647,15.742934923323542,100.07996802557443,50.543446657306625,46.2661863567768,97.45383522468472,37.067505985701274,135.97058505426827,41.93745342769396,69.74417538404192,34.550832117331126,41.051796550212025,
15.742934923323542,15.742934923323542,15.742934923323542,15.742934923323542,15.742934923323542,15.742934923323542,15.742934923323542,15.742934923323542,15.742934923323542,15.742934923323542,15.742934923323542,15.742934923323542,48.912620502733695,134.87861209250337,58.595465451078816,54.287593952420266,60.56873309366334,93.35282534556734,157.3427786712819,54.702467951638155,15.742934923323542,34.596784532670085,37.067505985701274,31.11269837220809,
15.742934923323542,15.742934923323542,15.742934923323542,15.742934923323542,15.742934923323542,15.742934923323542,15.742934923323542,15.742934923323542,15.742934923323542,15.742934923323542,15.742934923323542,15.742934923323542,15.742934923323542,50.614622393138525,33.45786262492826,15.742934923323542,46.27248488186967,97.45383522468472,15.742934923323542,45.56314299957807,46.88283267892417,125.61316279222757,125.61316279222757,15.742934923323542,
15.742934923323542,15.742934923323542,15.742934923323542,15.742934923323542,15.742934923323542,15.742934923323542,15.742934923323542,15.742934923323542,15.742934923323542,15.742934923323542,15.742934923323542,15.742934923323542,121.46055601168086,83.47005451058482,35.7300993561451,109.09017676521871,44.62342434193055,57.408078699778834,15.742934923323542,34.204349138669485,32.379584617471544,69.11343333004567,62.4953331590981,46.88283267892417,
15.742934923323542,15.742934923323542,15.742934923323542,15.742934923323542,15.742934923323542,15.742934923323542,15.742934923323542,15.742934923323542,15.742934923323542,15.742934923323542,15.742934923323542,15.742934923323542,74.2331462353577,34.31380917356743,15.742934923323542,15.742934923323542,159.06680986302578,62.89446943662285,32.98917571394766,30.89228598426043,15.742934923323542,41.53537648800116,52.31740734316936,49.14834686945228,
15.742934923323542,15.742934923323542,15.742934923323542,15.742934923323542,15.742934923323542,15.742934923323542,15.742934923323542,15.742934923323542,15.742934923323542,15.742934923323542,15.742934923323542,15.742934923323542,33.45786262492826,24.839484696748443,73.70210309075311,121.46055601168086,36.92136915121107,78.21551423257836,73.70210309075311,85.46250639900516,85.46250639900516,74.24410751029336,92.64901510539656,22.338307903688676,
15.742934923323542,15.742934923323542,15.742934923323542,15.742934923323542,15.742934923323542,15.742934923323542,15.742934923323542,15.742934923323542,15.742934923323542,15.742934923323542,15.742934923323542,15.742934923323542,135.79641625119078,33.38662406813044,131.6839651083862,88.59480797428255,153.93099103169575,169.02268092379398,15.742934923323542,73.70210309075311,15.742934923323542,25.903667693977237,50.20199199235026,88.55190568248658,
15.742934923323542,15.742934923323542,15.742934923323542,15.742934923323542,15.742934923323542,15.742934923323542,15.742934923323542,15.742934923323542,15.742934923323542,15.742934923323542,15.742934923323542,15.742934923323542,15.742934923323542,70.61161377563892,83.47005451058482,178.0,15.742934923323542,45.59239702698978,15.742934923323542,48.176757881783615,37.74475681027322,170.42495904845237,34.861631248886404,33.14614105241614,
15.742934923323542,15.742934923323542,15.742934923323542,15.742934923323542,15.742934923323542,15.742934923323542,15.742934923323542,15.742934923323542,15.742934923323542,15.742934923323542,15.742934923323542,15.742934923323542,62.195176661860195,97.45383522468472,76.77239087067694,73.70210309075311,73.70210309075311,88.55190568248658,78.51660424940157,88.55190568248658,97.45383522468472,115.19479154892377,41.051796550212025,53.54126134736337,
15.742934923323542,15.742934923323542,15.742934923323542,15.742934923323542,15.742934923323542,15.742934923323542,15.742934923323542,15.742934923323542,15.742934923323542,15.742934923323542,15.742934923323542,15.742934923323542,36.090996107062495,15.742934923323542,71.0,15.742934923323542,44.62342434193055,15.742934923323542,27.934447074057747,41.051796550212025,44.62342434193055,121.46055601168086,15.742934923323542,73.70210309075311,
15.742934923323542,15.742934923323542,15.742934923323542,15.742934923323542,15.742934923323542,15.742934923323542,15.742934923323542,15.742934923323542,15.742934923323542,15.742934923323542,15.742934923323542,15.742934923323542,62.50714244902623,35.960916284210555,88.55190568248658,56.26524484775462,92.34413895857169,15.742934923323542,27.363296585024255,15.742934923323542,15.742934923323542,59.96198795903952,181.0,49.77087999892878,
15.742934923323542,15.742934923323542,15.742934923323542,15.742934923323542,15.742934923323542,15.742934923323542,15.742934923323542,15.742934923323542,15.742934923323542,15.742934923323542,15.742934923323542,15.742934923323542,15.742934923323542,172.54178237941866,59.08204041838772,29.32575659723036,24.839484696748443,153.93099103169575,41.051796550212025,54.564946012374406,52.14057920660261,53.06061224136574,91.11714072189345,47.617523785142076,
15.742934923323542,15.742934923323542,15.742934923323542,15.742934923323542,15.742934923323542,15.742934923323542,15.742934923323542,15.742934923323542,15.742934923323542,15.742934923323542,15.742934923323542,15.742934923323542,29.171904291629644,82.25917230662748,44.62342434193055,15.742934923323542,15.742934923323542,47.38185306633754,41.051796550212025,100.47014481924468,48.88421694848621,15.742934923323542,88.16030852940568,44.62342434193055,
15.742934923323542,15.742934923323542,15.742934923323542,15.742934923323542,15.742934923323542,15.742934923323542,15.742934923323542,15.742934923323542,15.742934923323542,15.742934923323542,15.742934923323542,15.742934923323542,15.742934923323542,31.08757790500894,88.55190568248658,69.74983870949093,60.855874819116686,156.1817851095319,88.55190568248658,57.61293257594166,51.21197776562302,100.07996802557443,30.78032766928532,97.45383522468472,
15.742934923323542,15.742934923323542,15.742934923323542,15.742934923323542,15.742934923323542,15.742934923323542,15.742934923323542,15.742934923323542,15.742934923323542,15.742934923323542,15.742934923323542,15.742934923323542,75.17313349861105,15.742934923323542,15.742934923323542,54.5221667458903,15.742934923323542,51.250756091983654,34.42292114275022,134.40476182040572,156.21219542660555,50.20199199235026,15.742934923323542,54.17794754325786,
15.742934923323542,15.742934923323542,15.742934923323542,15.742934923323542,15.742934923323542,15.742934923323542,15.742934923323542,15.742934923323542,15.742934923323542,15.742934923323542,15.742934923323542,15.742934923323542,44.24081825644729,53.10593187206115,15.742934923323542,46.88283267892417,47.26991056099477,37.049156535608205,41.051796550212025,35.22271994040211,130.70669454928466,135.96077865816056,35.34318174510847,15.742934923323542,
15.742934923323542,15.742934923323542,15.742934923323542,15.742934923323542,15.742934923323542,15.742934923323542,15.742934923323542,15.742934923323542,15.742934923323542,15.742934923323542,15.742934923323542,15.742934923323542,47.38185306633754,178.0,153.93099103169575,120.90078577081292,32.54008516978932,97.45383522468472,69.37319367017783,39.00854607219637,69.11343333004567,15.742934923323542,45.73109809892316,44.62342434193055,
15.742934923323542,15.742934923323542,15.742934923323542,15.742934923323542,15.742934923323542,15.742934923323542,15.742934923323542,15.742934923323542,15.742934923323542,15.742934923323542,15.742934923323542,15.742934923323542,53.20846263394356,153.93099103169575,31.600180831308997,33.90743702662125,15.742934923323542,46.88283267892417,24.13158373031769,51.250756091983654,15.742934923323542,85.40308835165155,15.742934923323542,136.0,
15.742934923323542,15.742934923323542,15.742934923323542,15.742934923323542,15.742934923323542,15.742934923323542,15.742934923323542,15.742934923323542,15.742934923323542,15.742934923323542,15.742934923323542,15.742934923323542,43.88241865105736,44.62342434193055,37.74475681027322,34.597687784012386,15.742934923323542,15.742934923323542,53.38539126015655,46.88283267892417,46.88283267892417,41.051796550212025,15.742934923323542,60.63238173027441,
15.742934923323542,15.742934923323542,15.742934923323542,15.742934923323542,15.742934923323542,15.742934923323542,15.742934923323542,15.742934923323542,15.742934923323542,15.742934923323542,15.742934923323542,15.742934923323542,41.051796550212025,73.2218375896153,15.742934923323542,15.742934923323542,145.7169859693783,83.47005451058482,55.11805511808268,46.949821238059194,56.462376853972415,78.7031606735079,78.51660424940157,82.25917230662748,
15.742934923323542,15.742934923323542,15.742934923323542,15.742934923323542,15.742934923323542,15.742934923323542,15.742934923323542,15.742934923323542,15.742934923323542,15.742934923323542,15.742934923323542,15.742934923323542,85.6017912585167,45.2442261509687,50.614622393138525,93.92195341523373,45.56314299957807,58.595465451078816,47.59901959774662,140.08658037085493,73.99155357201253,24.71841418861655,15.742934923323542,125.61464882727651,
15.742934923323542,15.742934923323542,15.742934923323542,15.742934923323542,15.742934923323542,15.742934923323542,15.742934923323542,15.742934923323542,15.742934923323542,15.742934923323542,15.742934923323542,15.742934923323542,92.59049627256569,25.903667693977237,181.0,25.903667693977237,27.363296585024255,15.742934923323542,16.132265804901678,148.0,62.33008904213116,15.742934923323542,123.79283770342558,46.27248488186967,
15.742934923323542,15.742934923323542,15.742934923323542,15.742934923323542,15.742934923323542,15.742934923323542,15.742934923323542,15.742934923323542,15.742934923323542,15.742934923323542,15.742934923323542,15.742934923323542,15.742934923323542,121.46055601168086,16.132265804901678,178.0,54.702467951638155,16.132265804901678,39.7994974842648,15.742934923323542,132.9385823102784,35.103022978402045,63.120836496358315,58.595465451078816,
15.742934923323542,15.742934923323542,15.742934923323542,15.742934923323542,15.742934923323542,15.742934923323542,15.742934923323542,15.742934923323542,15.742934923323542,15.742934923323542,15.742934923323542,15.742934923323542,47.38185306633754,46.61158654240381,153.93099103169575,156.0,61.86022550880331,47.251322732808234,15.742934923323542,125.61316279222757,118.37668689399952,15.742934923323542,27.363296585024255,54.86565410163266,
15.742934923323542,15.742934923323542,15.742934923323542,15.742934923323542,15.742934923323542,15.742934923323542,15.742934923323542,15.742934923323542,15.742934923323542,15.742934923323542,15.742934923323542,15.742934923323542,15.742934923323542,16.132265804901678,125.61316279222757,109.09017676521871,61.106464469808756,15.742934923323542,62.13040720935281,94.9665204164078,54.568000390949514,94.65431844348149,15.742934923323542,100.07996802557443,
15.742934923323542,15.742934923323542,15.742934923323542,15.742934923323542,15.742934923323542,15.742934923323542,15.742934923323542,15.742934923323542,15.742934923323542,15.742934923323542,15.742934923323542,15.742934923323542,172.53598658444176,58.595465451078816,137.25979017906155,15.742934923323542,46.949821238059194,100.47014481924468,15.742934923323542,48.91063279083598,44.62342434193055,55.185401796386074,47.56245893559331,123.79283770342558,
15.742934923323542,15.742934923323542,15.742934923323542,15.742934923323542,15.742934923323542,15.742934923323542,15.742934923323542,15.742934923323542,15.742934923323542,15.742934923323542,15.742934923323542,15.742934923323542,15.742934923323542,15.742934923323542,25.903667693977237,156.0,41.051796550212025,44.62342434193055,89.36582120699165,120.79010721081424,33.38662406813044,44.62342434193055,15.742934923323542,41.051796550212025,
15.742934923323542,15.742934923323542,15.742934923323542,15.742934923323542,15.742934923323542,15.742934923323542,15.742934923323542,15.742934923323542,15.742934923323542,15.742934923323542,15.742934923323542,15.742934923323542,131.05815503050545,31.906112267087632,181.0,178.0,94.94124498867707,15.742934923323542,44.62342434193055,156.21219542660555,15.742934923323542,30.78032766928532,126.18240764861004,88.55190568248658,
15.742934923323542,15.742934923323542,15.742934923323542,15.742934923323542,15.742934923323542,15.742934923323542,15.742934923323542,15.742934923323542,15.742934923323542,15.742934923323542,15.742934923323542,15.742934923323542,50.614622393138525,35.960916284210555,91.15371632577578,53.287986145618426,108.20004621071102,15.742934923323542,15.742934923323542,15.742934923323542,15.742934923323542,134.7777429696758,121.46055601168086,181.0,
15.742934923323542,15.742934923323542,15.742934923323542,15.742934923323542,15.742934923323542,15.742934923323542,15.742934923323542,15.742934923323542,15.742934923323542,15.742934923323542,15.742934923323542,15.742934923323542,44.62342434193055,44.62342434193055,87.17797887081348,64.28250150701977,57.56463758246029,24.71841418861655,96.87848058263506,56.095989161436485,56.14125043138957,36.268837470045426,89.74593769822305,24.71841418861655,
15.742934923323542,15.742934923323542,15.742934923323542,15.742934923323542,15.742934923323542,15.742934923323542,15.742934923323542,15.742934923323542,15.742934923323542,15.742934923323542,15.742934923323542,15.742934923323542,27.934447074057747,73.70210309075311,88.55190568248658,83.47005451058482,50.543446657306625,35.08617961534142,15.742934923323542,15.742934923323542,153.93099103169575,80.85652588244054,15.742934923323542,15.742934923323542,
15.742934923323542,15.742934923323542,15.742934923323542,15.742934923323542,15.742934923323542,15.742934923323542,15.742934923323542,15.742934923323542,15.742934923323542,15.742934923323542,15.742934923323542,15.742934923323542,15.742934923323542,156.21219542660555,15.742934923323542,15.742934923323542,153.93099103169575,15.742934923323542,178.0,15.742934923323542,54.42950880332679,99.83110737640848,34.1933838629639,88.55190568248658,
15.742934923323542,15.742934923323542,15.742934923323542,15.742934923323542,15.742934923323542,15.742934923323542,15.742934923323542,15.742934923323542,15.742934923323542,15.742934923323542,15.742934923323542,15.742934923323542,76.02255304466281,73.24445371494008,44.62342434193055,178.0,153.93099103169575,15.742934923323542,30.89228598426043,58.595465451078816,121.46055601168086,15.742934923323542,32.26065715387708,33.74073947026058,
15.742934923323542,15.742934923323542,15.742934923323542,15.742934923323542,15.742934923323542,15.742934923323542,15.742934923323542,15.742934923323542,15.742934923323542,15.742934923323542,15.742934923323542,15.742934923323542,15.742934923323542,85.6017912585167,61.54905128664222,38.49675310984031,42.473521163190604,15.742934923323542,15.742934923323542,15.742934923323542,15.742934923323542,32.98917571394766,15.742934923323542,42.4845560174518,
15.742934923323542,15.742934923323542,15.742934923323542,15.742934923323542,15.742934923323542,15.742934923323542,15.742934923323542,15.742934923323542,15.742934923323542,15.742934923323542,15.742934923323542,15.742934923323542,35.22271994040211,181.0,36.948443810260805,138.36274787673162,33.376039309660456,181.0,15.742934923323542,64.08922352025004,153.93099103169575,153.93099103169575,125.61316279222757,156.0,
15.742934923323542,15.742934923323542,15.742934923323542,15.742934923323542,15.742934923323542,15.742934923323542,15.742934923323542,15.742934923323542,15.742934923323542,15.742934923323542,15.742934923323542,15.742934923323542,15.742934923323542,75.59059134574885,31.11269837220809,25.903667693977237,44.62342434193055,72.07385101408138,71.0,61.47916313678969,53.97530299436339,90.86436778701173,16.132265804901678,181.0,
15.742934923323542,15.742934923323542,15.742934923323542,15.742934923323542,15.742934923323542,15.742934923323542,15.742934923323542,15.742934923323542,15.742934923323542,15.742934923323542,15.742934923323542,15.742934923323542,132.9385823102784,15.742934923323542,24.71841418861655,15.742934923323542,60.67006793186524,15.742934923323542,159.21683328090657,15.742934923323542,38.631075573946944,15.742934923323542,69.37319367017783,15.742934923323542,
15.742934923323542,15.742934923323542,15.742934923323542,15.742934923323542,15.742934923323542,15.742934923323542,15.742934923323542,15.742934923323542,15.742934923323542,15.742934923323542,15.742934923323542,15.742934923323542,15.742934923323542,156.1817851095319,35.22271994040211,88.0690638079002,44.62342434193055,15.742934923323542,31.64987023218714,35.22271994040211,16.132265804901678,31.11269837220809,15.742934923323542,57.803546603993084,
15.742934923323542,15.742934923323542,15.742934923323542,15.742934923323542,15.742934923323542,15.742934923323542,15.742934923323542,15.742934923323542,15.742934923323542,15.742934923323542,15.742934923323542,15.742934923323542,15.742934923323542,60.530983801686226,70.42897131152776,15.742934923323542,116.0,15.742934923323542,53.997106403954646,44.62342434193055,53.643887505163775,60.51394467393445,116.0,32.275598921077915,
15.742934923323542,15.742934923323542,15.742934923323542,15.742934923323542,15.742934923323542,15.742934923323542,15.742934923323542,15.742934923323542,15.742934923323542,15.742934923323542,15.742934923323542,15.742934923323542,34.11652825244679,94.65431844348149,64.22282638261437,54.508190734447034,15.742934923323542,27.363296585024255,88.55190568248658,24.71841418861655,46.88587968979269,37.74475681027322,120.79010721081424,181.0,
15.742934923323542,15.742934923323542,15.742934923323542,15.742934923323542,15.742934923323542,15.742934923323542,15.742934923323542,15.742934923323542,15.742934923323542,15.742934923323542,15.742934923323542,15.742934923323542,39.49480978559082,60.228137705133896,15.742934923323542,60.73919657025437,159.21683328090657,40.7729996443725,15.742934923323542,44.62342434193055,34.91577166712933,15.742934923323542,15.742934923323542,153.93099103169575,
15.742934923323542,15.742934923323542,15.742934923323542,15.742934923323542,15.742934923323542,15.742934923323542,15.742934923323542,15.742934923323542,15.742934923323542,15.742934923323542,15.742934923323542,15.742934923323542,138.36274787673162,36.058721621248274,34.42292114275022,73.73432036711263,95.89285687682894,37.29825733194515,15.742934923323542,15.742934923323542,108.20004621071102,170.42495904845237,34.07181957114837,50.614622393138525,
15.742934923323542,15.742934923323542,15.742934923323542,15.742934923323542,15.742934923323542,15.742934923323542,15.742934923323542,15.742934923323542,15.742934923323542,15.742934923323542,15.742934923323542,15.742934923323542,15.742934923323542,148.27255309058384,27.363296585024255,15.742934923323542,159.21683328090657,153.93099103169575,44.62342434193055,24.71841418861655,16.132265804901678,15.742934923323542,128.9961239727768,40.51468869434887,
15.742934923323542,15.742934923323542,15.742934923323542,15.742934923323542,15.742934923323542,15.742934923323542,15.742934923323542,15.742934923323542,15.742934923323542,15.742934923323542,15.742934923323542,15.742934923323542,48.05899152777414,55.733181319569404,121.46055601168086,15.742934923323542,34.08486141643791,15.742934923323542,15.742934923323542,41.051796550212025,16.132265804901678,51.383265758415945,33.25939716831921,29.32575659723036,
15.742934923323542,15.742934923323542,15.742934923323542,15.742934923323542,15.742934923323542,15.742934923323542,15.742934923323542,15.742934923323542,15.742934923323542,15.742934923323542,15.742934923323542,15.742934923323542,15.742934923323542,15.742934923323542,44.62342434193055,91.48406054244276,15.742934923323542,34.08486141643791,30.18514298695398,48.03817926052846,15.742934923323542,49.18333050943175,15.742934923323542,178.0,
15.742934923323542,15.742934923323542,15.742934923323542,15.742934923323542,15.742934923323542,15.742934923323542,15.742934923323542,15.742934923323542,15.742934923323542,15.742934923323542,15.742934923323542,15.742934923323542,53.287986145618426,65.25079820712286,94.64274932608414,24.71841418861655,85.6017912585167,15.742934923323542,15.742934923323542,15.742934923323542,157.33165606450598,102.23869130617821,178.0,46.410532209833576,
15.742934923323542,15.742934923323542,15.742934923323542,15.742934923323542,15.742934923323542,15.742934923323542,15.742934923323542,15.742934923323542,15.742934923323542,15.742934923323542,15.742934923323542,15.742934923323542,32.26065715387708,15.742934923323542,90.05692644100175,36.07053275643892,71.0,46.88283267892417,15.742934923323542,73.73432036711263,100.07996802557443,33.376039309660456,15.742934923323542,41.051796550212025,
15.742934923323542,15.742934923323542,15.742934923323542,15.742934923323542,15.742934923323542,15.742934923323542,15.742934923323542,15.742934923323542,15.742934923323542,15.742934923323542,15.742934923323542,15.742934923323542,116.0,159.21683328090657,44.73745634253248,44.715070166555705,22.338307903688676,15.742934923323542,27.363296585024255,90.84785816591018,85.6017912585167,33.376039309660456,156.0,116.0,
15.742934923323542,15.742934923323542,15.742934923323542,15.742934923323542,15.742934923323542,15.742934923323542,15.742934923323542,15.742934923323542,15.742934923323542,15.742934923323542,15.742934923323542,15.742934923323542,35.22271994040211,116.0,15.742934923323542,135.95955280891445,27.363296585024255,97.45383522468472,44.73626418615365,33.44304860505394,41.36650214847758,44.62342434193055,69.16820078619944,25.903667693977237,
15.742934923323542,15.742934923323542,15.742934923323542,15.742934923323542,15.742934923323542,15.742934923323542,15.742934923323542,15.742934923323542,15.742934923323542,15.742934923323542,15.742934923323542,15.742934923323542,16.132265804901678,32.26065715387708,27.363296585024255,44.62342434193055,48.83499915897555,58.595465451078816,109.43052590570878,15.742934923323542,41.051796550212025,25.903667693977237,40.65300316909769,46.88283267892417,
15.742934923323542,15.742934923323542,15.742934923323542,15.742934923323542,15.742934923323542,15.742934923323542,15.742934923323542,15.742934923323542,15.742934923323542,15.742934923323542,15.742934923323542,15.742934923323542,84.57356265405875,15.742934923323542,15.742934923323542,109.43052590570878,135.0875271814537,83.49275417663499,15.742934923323542,15.742934923323542,83.66265594636594,46.19185534269001,46.88283267892417,63.22446783748625,
15.742934923323542,15.742934923323542,15.742934923323542,15.742934923323542,15.742934923323542,15.742934923323542,15.742934923323542,15.742934923323542,15.742934923323542,15.742934923323542,15.742934923323542,15.742934923323542,24.71841418861655,24.71841418861655,54.24020648928247,153.93099103169575,148.0,29.971414953013387,37.74475681027322,34.502817920344484,31.480152477394387,15.742934923323542,153.93099103169575,52.42772803266099,
15.742934923323542,15.742934923323542,15.742934923323542,15.742934923323542,15.742934923323542,15.742934923323542,15.742934923323542,15.742934923323542,15.742934923323542,15.742934923323542,15.742934923323542,15.742934923323542,16.132265804901678,44.62342434193055,41.051796550212025,15.742934923323542,33.7210781427746,15.742934923323542,32.592023564056284,27.363296585024255,108.8221025343657,181.0,75.0483177692878,15.742934923323542,
15.742934923323542,15.742934923323542,15.742934923323542,15.742934923323542,15.742934923323542,15.742934923323542,15.742934923323542,15.742934923323542,15.742934923323542,15.742934923323542,15.742934923323542,15.742934923323542,44.62342434193055,34.841928764062416,63.22446783748625,54.86565410163266,15.742934923323542,15.742934923323542,159.21683328090657,44.62342434193055,24.29677619218923,46.91947889736202,49.97142040349521,15.742934923323542,
15.742934923323542,15.742934923323542,15.742934923323542,15.742934923323542,15.742934923323542,15.742934923323542,15.742934923323542,15.742934923323542,15.742934923323542,15.742934923323542,15.742934923323542,15.742934923323542,24.71841418861655,15.742934923323542,15.742934923323542,121.46055601168086,35.57738045444043,15.742934923323542,15.742934923323542,27.363296585024255,15.742934923323542,44.62342434193055,87.17470144157978,178.0,
15.742934923323542,15.742934923323542,15.742934923323542,15.742934923323542,15.742934923323542,15.742934923323542,15.742934923323542,15.742934923323542,15.742934923323542,15.742934923323542,15.742934923323542,15.742934923323542,15.742934923323542,65.25079820712286,57.14752838049954,15.742934923323542,15.742934923323542,58.595465451078816,46.88283267892417,147.204076030523,9.99999999E8,57.146194098994904,32.98917571394766,62.89446943662285,
15.742934923323542,15.742934923323542,15.742934923323542,15.742934923323542,15.742934923323542,15.742934923323542,15.742934923323542,15.742934923323542,15.742934923323542,15.742934923323542,15.742934923323542,15.742934923323542,42.764003554391394,68.24116897340741,56.03825224153332,15.742934923323542,53.31845030434721,44.62342434193055,51.33642538615804,56.85288031401751,64.95053062578803,39.00854607219637,123.79283770342558,24.29677619218923,
15.742934923323542,15.742934923323542,15.742934923323542,15.742934923323542,15.742934923323542,15.742934923323542,15.742934923323542,15.742934923323542,15.742934923323542,15.742934923323542,15.742934923323542,15.742934923323542,15.742934923323542,72.33774948116647,61.28077458170167,45.56314299957807,62.89446943662285,58.687732960134014,15.742934923323542,15.742934923323542,97.45383522468472,74.0097290901676,15.742934923323542,36.45088019056147,
15.742934923323542,15.742934923323542,15.742934923323542,15.742934923323542,15.742934923323542,15.742934923323542,15.742934923323542,15.742934923323542,15.742934923323542,15.742934923323542,15.742934923323542,15.742934923323542,34.29609631171195,84.57356265405875,97.45383522468472,159.21683328090657,98.84499650125612,82.59741723161405,44.62342434193055,65.25079820712286,25.903667693977237,52.391384242613235,44.62342434193055,60.4034057696371,
15.742934923323542,15.742934923323542,15.742934923323542,15.742934923323542,15.742934923323542,15.742934923323542,15.742934923323542,15.742934923323542,15.742934923323542,15.742934923323542,15.742934923323542,15.742934923323542,34.489998550304406,54.48155651227303,71.93921044882269,15.742934923323542,32.923206101471955,15.742934923323542,33.406586176980134,127.28183950063995,37.072002014098636,49.43907586335147,63.76080300623573,125.61316279222757,
15.742934923323542,15.742934923323542,15.742934923323542,15.742934923323542,15.742934923323542,15.742934923323542,15.742934923323542,15.742934923323542,15.742934923323542,15.742934923323542,15.742934923323542,15.742934923323542,27.363296585024255,49.06555381760784,83.47005451058482,25.903667693977237,53.09199563022659,15.742934923323542,55.6501347707263,97.45383522468472,102.23869130617821,159.21683328090657,73.70210309075311,37.29021319327633,
15.742934923323542,15.742934923323542,15.742934923323542,15.742934923323542,15.742934923323542,15.742934923323542,15.742934923323542,15.742934923323542,15.742934923323542,15.742934923323542,15.742934923323542,15.742934923323542,94.65431844348149,108.91854754815637,46.88283267892417,50.07135404468076,27.934447074057747,44.62342434193055,112.45728077808036,31.0,99.83110737640848,51.67165567310573,15.742934923323542,35.45683996071844,
15.742934923323542,15.742934923323542,15.742934923323542,15.742934923323542,15.742934923323542,15.742934923323542,15.742934923323542,15.742934923323542,15.742934923323542,15.742934923323542,15.742934923323542,15.742934923323542,28.850187752133145,15.742934923323542,15.742934923323542,15.742934923323542,15.742934923323542,41.051796550212025,88.63092011256569,178.0,57.76965754903982,156.21219542660555,71.45236175242914,97.45383522468472,
15.742934923323542,15.742934923323542,15.742934923323542,15.742934923323542,15.742934923323542,15.742934923323542,15.742934923323542,15.742934923323542,15.742934923323542,15.742934923323542,15.742934923323542,15.742934923323542,46.88283267892417,15.742934923323542,149.60614960622442,15.742934923323542,44.62342434193055,41.051796550212025,44.62342434193055,153.93099103169575,156.1817851095319,92.90990259385703,116.0,52.99895177160477,
15.742934923323542,15.742934923323542,15.742934923323542,15.742934923323542,15.742934923323542,15.742934923323542,15.742934923323542,15.742934923323542,15.742934923323542,15.742934923323542,15.742934923323542,15.742934923323542,44.62342434193055,34.11286414243166,101.65013526798673,15.742934923323542,15.742934923323542,39.89047505357639,37.74475681027322,41.051796550212025,62.29157246369688,66.01278285302021,44.62342434193055,63.120836496358315,
15.742934923323542,15.742934923323542,15.742934923323542,15.742934923323542,15.742934923323542,15.742934923323542,15.742934923323542,15.742934923323542,15.742934923323542,15.742934923323542,15.742934923323542,15.742934923323542,15.742934923323542,123.79283770342558,90.31472748118105,47.77224612680463,97.45383522468472,97.45383522468472,31.0,16.132265804901678,43.19336368780124,15.742934923323542,37.74475681027322,99.1072651221897,
15.742934923323542,15.742934923323542,15.742934923323542,15.742934923323542,15.742934923323542,15.742934923323542,15.742934923323542,15.742934923323542,15.742934923323542,15.742934923323542,15.742934923323542,15.742934923323542,15.742934923323542,172.53598658444176,30.77271518732138,24.71841418861655,44.384682042344295,51.250756091983654,44.94496175075532,157.3427786712819,87.17797887081348,37.74475681027322,15.742934923323542,60.602530200204235,
15.742934923323542,15.742934923323542,15.742934923323542,15.742934923323542,15.742934923323542,15.742934923323542,15.742934923323542,15.742934923323542,15.742934923323542,15.742934923323542,15.742934923323542,15.742934923323542,38.33324275351617,51.98717790635174,15.742934923323542,67.58875646141153,181.0,15.742934923323542,28.850187752133145,38.678800224113196,88.55190568248658,34.91577166712933,44.62342434193055,63.120836496358315,
15.742934923323542,15.742934923323542,15.742934923323542,15.742934923323542,15.742934923323542,15.742934923323542,15.742934923323542,15.742934923323542,15.742934923323542,15.742934923323542,15.742934923323542,15.742934923323542,24.71841418861655,125.61316279222757,44.62342434193055,62.89446943662285,36.04863565006871,155.0505293982148,27.363296585024255,15.742934923323542,25.657079223592742,46.35393726534996,44.62342434193055,44.62342434193055,
15.742934923323542,15.742934923323542,15.742934923323542,15.742934923323542,15.742934923323542,15.742934923323542,15.742934923323542,15.742934923323542,15.742934923323542,15.742934923323542,15.742934923323542,15.742934923323542,178.0,94.64274932608414,33.74073947026058,66.31018021390078,44.384682042344295,147.20815194818525,45.339985506330784,170.41713528867922,37.13404771904081,44.62342434193055,62.96157558384319,15.742934923323542,
15.742934923323542,15.742934923323542,15.742934923323542,15.742934923323542,15.742934923323542,15.742934923323542,15.742934923323542,15.742934923323542,15.742934923323542,15.742934923323542,15.742934923323542,15.742934923323542,15.742934923323542,15.742934923323542,44.73626418615365,24.71841418861655,16.132265804901678,94.65431844348149,15.742934923323542,137.90083393511438,153.93099103169575,44.62342434193055,44.62342434193055,131.6839651083862,
15.742934923323542,15.742934923323542,15.742934923323542,15.742934923323542,15.742934923323542,15.742934923323542,15.742934923323542,15.742934923323542,15.742934923323542,15.742934923323542,15.742934923323542,15.742934923323542,72.19937672861172,73.70210309075311,15.742934923323542,15.742934923323542,25.903667693977237,144.91606766217012,15.742934923323542,37.844711945293255,37.91217922163448,108.20505225419622,15.742934923323542,32.0,
15.742934923323542,15.742934923323542,15.742934923323542,15.742934923323542,15.742934923323542,15.742934923323542,15.742934923323542,15.742934923323542,15.742934923323542,15.742934923323542,15.742934923323542,15.742934923323542,33.406586176980134,44.62342434193055,45.061862240384926,15.742934923323542,51.250756091983654,83.47005451058482,34.50996232973893,144.91606766217012,15.742934923323542,46.18051537174526,15.742934923323542,52.53570214625479,
15.742934923323542,15.742934923323542,15.742934923323542,15.742934923323542,15.742934923323542,15.742934923323542,15.742934923323542,15.742934923323542,15.742934923323542,15.742934923323542,15.742934923323542,15.742934923323542,16.132265804901678,53.287986145618426,159.21683328090657,144.91606766217012,34.29609631171195,116.0,15.742934923323542,37.74475681027322,52.48809388804284,178.0,37.85351884420904,35.436704135683954,
15.742934923323542,15.742934923323542,15.742934923323542,15.742934923323542,15.742934923323542,15.742934923323542,15.742934923323542,15.742934923323542,15.742934923323542,15.742934923323542,15.742934923323542,15.742934923323542,30.32051011004487,51.124497901830644,44.62342434193055,85.6017912585167,47.138094997570704,80.7790195533469,47.0365549333707,15.742934923323542,15.742934923323542,40.65300316909769,40.61095911204265,140.3362034544187,
15.742934923323542,15.742934923323542,15.742934923323542,15.742934923323542,15.742934923323542,15.742934923323542,15.742934923323542,15.742934923323542,15.742934923323542,15.742934923323542,15.742934923323542,15.742934923323542,34.71471029853355,24.71841418861655,43.0602775188456,15.742934923323542,49.08722395446249,32.26065715387708,44.62342434193055,46.88283267892417,53.758348188909224,27.363296585024255,35.374567135160824,44.654227123532216,
15.742934923323542,15.742934923323542,15.742934923323542,15.742934923323542,15.742934923323542,15.742934923323542,15.742934923323542,15.742934923323542,15.742934923323542,15.742934923323542,15.742934923323542,15.742934923323542,15.742934923323542,44.96398558846847,37.164331017791774,85.6017912585167,37.049156535608205,15.742934923323542,15.742934923323542,30.78032766928532,15.742934923323542,62.89446943662285,84.40527234717035,153.93099103169575,
15.742934923323542,15.742934923323542,15.742934923323542,15.742934923323542,15.742934923323542,15.742934923323542,15.742934923323542,15.742934923323542,15.742934923323542,15.742934923323542,15.742934923323542,15.742934923323542,118.2550210350495,44.62342434193055,42.63141447336694,34.42292114275022,80.7790195533469,88.55190568248658,159.21683328090657,53.39417103017894,27.363296585024255,36.49438312946254,15.742934923323542,178.0,
15.742934923323542,15.742934923323542,15.742934923323542,15.742934923323542,15.742934923323542,15.742934923323542,15.742934923323542,15.742934923323542,15.742934923323542,15.742934923323542,15.742934923323542,15.742934923323542,15.742934923323542,34.42586957315339,15.742934923323542,40.638702393548506,97.45383522468472,57.451610073173754,15.742934923323542,44.62342434193055,145.14389411890534,48.187135212627034,56.61059971418779,48.05899152777414,
15.742934923323542,15.742934923323542,15.742934923323542,15.742934923323542,15.742934923323542,15.742934923323542,15.742934923323542,15.742934923323542,15.742934923323542,15.742934923323542,15.742934923323542,15.742934923323542,32.98917571394766,49.21156142389487,61.28077458170167,66.31490531295862,85.33135414371436,15.742934923323542,15.742934923323542,153.93099103169575,66.39465339920075,83.01951577791814,106.79753876243724,74.24410751029336,
15.742934923323542,15.742934923323542,15.742934923323542,15.742934923323542,15.742934923323542,15.742934923323542,15.742934923323542,15.742934923323542,15.742934923323542,15.742934923323542,15.742934923323542,15.742934923323542,73.70210309075311,15.742934923323542,31.480152477394387,73.70210309075311,120.26775683171834,15.742934923323542,181.0,121.46055601168086,26.121510931286753,27.934447074057747,140.08658037085493,84.40527234717035,
