11.880188924797825,5.221619109284876,23.370654676324325,11.08873302050329,18.048822676285564,5.486234175834893,13.442005058770064,11.861176164276458,10.225458424931373,13.803738981759372,16.08376510646683,22.219079638904937,11.5,10.842303978193728,14.427751037497147,2.5,25.411808278829746,10.397055613590743,11.5,5.586580039989571,14.960132203812757,21.452790546272116,18.659782956937093,14.247090644645128,
2.5,5.221619109284876,5.486234175834893,5.586580039989571,10.225458424931373,10.397055613590743,10.842303978193728,11.08873302050329,11.5,11.5,11.861176164276458,11.880188924797825,11.5,8.237680195297703,11.156711980786374,7.423568885650621,26.7242867070386,10.225458424931373,10.656244908763853,15.690363284513205,24.927093693409184,9.118052911059953,13.43726162579266,6.968500556073739,
2.5,5.221619109284876,5.486234175834893,5.586580039989571,6.968500556073739,7.423568885650621,8.237680195297703,9.118052911059953,10.225458424931373,10.225458424931373,10.397055613590743,10.656244908763853,10.940178243520533,8.328265125462806,16.872874015739594,9.855906294648346,8.935140440635365,11.5,6.968500556073739,25.586861863073402,11.5,9.64157663455516,11.5,9.855906294648346,
2.5,5.221619109284876,5.486234175834893,5.586580039989571,6.968500556073739,6.968500556073739,7.423568885650621,8.237680195297703,8.328265125462806,8.935140440635365,9.118052911059953,9.64157663455516,23.91150350772615,11.698691166109139,6.151157183317425,8.173466556826153,6.968500556073739,11.5,8.89600409672168,12.090802289343747,8.569253104292818,11.653564070942226,26.7242867070386,8.3397254396151,
2.5,5.221619109284876,5.486234175834893,5.586580039989571,6.151157183317425,6.968500556073739,6.968500556073739,6.968500556073739,7.423568885650621,8.173466556826153,8.237680195297703,8.328265125462806,7.840422324226051,18.18481509391833,10.699169230469355,18.18481509391833,6.256108126374487,11.5,9.99999999E8,5.035809269620922,9.942805187672139,5.840323193111833,14.101750777828972,11.440668201153676,
2.5,5.035809269620922,5.221619109284876,5.486234175834893,5.586580039989571,5.840323193111833,6.151157183317425,6.256108126374487,6.968500556073739,6.968500556073739,6.968500556073739,7.423568885650621,4.771313456351975,7.104380495315705,6.968500556073739,6.968500556073739,11.776565713313877,22.5,11.634431657799189,9.522998477370455,6.968500556073739,11.667152565197382,15.720651668709182,9.917629505078319,
2.5,4.771313456351975,5.035809269620922,5.221619109284876,5.486234175834893,5.586580039989571,5.840323193111833,6.151157183317425,6.256108126374487,6.968500556073739,6.968500556073739,6.968500556073739,5.035809269620922,19.871811414385174,4.322904116447646,15.690363284513205,7.335227028221796,12.468850076178727,6.256108126374487,24.973736204260668,4.322904116447646,10.86917149045358,5.938459911664722,6.8957247920840965,
2.5,4.322904116447646,4.322904116447646,4.771313456351975,5.035809269620922,5.035809269620922,5.221619109284876,5.486234175834893,5.586580039989571,5.840323193111833,5.938459911664722,6.151157183317425,18.07449860992,20.23747898221405,16.048537489614297,17.5695048308141,19.2142525225417,12.687001221722964,14.330387294138285,7.099870651308101,5.276052946462682,21.05201890555868,16.048537489614297,4.322904116447646,
2.5,4.322904116447646,4.322904116447646,4.322904116447646,4.771313456351975,5.035809269620922,5.035809269620922,5.221619109284876,5.276052946462682,5.486234175834893,5.586580039989571,5.840323193111833,16.13915184333496,17.37255178595118,6.197431989566818,10.94699660609601,4.322904116447646,16.70209567689037,9.99999999E8,14.803340463857774,9.855906294648346,5.035809269620922,16.048537489614297,15.690363284513205,
2.5,4.322904116447646,4.322904116447646,4.322904116447646,4.322904116447646,4.771313456351975,5.035809269620922,5.035809269620922,5.035809269620922,5.221619109284876,5.276052946462682,5.486234175834893,11.880188924797825,3.655133376499413,21.903424389807178,4.9355217555999085,4.322904116447646,6.423807758833461,4.322904116447646,4.9216076867444665,24.973736204260668,2.5,24.553795814270526,12.687001221722964,
2.5,2.5,3.655133376499413,4.322904116447646,4.322904116447646,4.322904116447646,4.322904116447646,4.322904116447646,4.322904116447646,4.771313456351975,4.9216076867444665,4.9355217555999085,5.528109984434101,4.322904116447646,16.048537489614297,9.99999999E8,10.656244908763853,11.920963677488494,12.090802289343747,4.322904116447646,6.423807758833461,6.968500556073739,3.655133376499413,12.193748398257199,
2.5,2.5,3.655133376499413,3.655133376499413,4.322904116447646,4.322904116447646,4.322904116447646,4.322904116447646,4.322904116447646,4.322904116447646,4.322904116447646,4.322904116447646,3.655133376499413,8.254628331359863,10.5033798205302,21.452790546272116,6.968500556073739,4.9216076867444665,11.5,7.395530917454163,4.322904116447646,4.9216076867444665,11.776565713313877,26.5,
2.5,2.5,3.655133376499413,3.655133376499413,3.655133376499413,4.322904116447646,4.322904116447646,4.322904116447646,4.322904116447646,4.322904116447646,4.322904116447646,4.322904116447646,7.434063903575821,7.628073151196179,11.5,18.18481509391833,10.225458424931373,24.973736204260668,4.9216076867444665,3.655133376499413,20.5,9.99999999E8,9.21737489744233,4.9216076867444665,
2.5,2.5,3.655133376499413,3.655133376499413,3.655133376499413,3.655133376499413,4.322904116447646,4.322904116447646,4.322904116447646,4.322904116447646,4.322904116447646,4.322904116447646,13.105723940324701,6.968500556073739,7.959860237466485,4.322904116447646,4.322904116447646,4.484347778663024,11.841546445554407,4.323641700120445,8.25462833135986,16.630093204789926,4.322904116447646,12.336429791475327,
2.5,2.5,3.655133376499413,3.655133376499413,3.655133376499413,3.655133376499413,4.322904116447646,4.322904116447646,4.322904116447646,4.322904116447646,4.322904116447646,4.322904116447646,11.5,5.491812087098393,7.75386671149252,12.30740517827467,4.322904116447646,6.968500556073739,4.322904116447646,28.52289528704187,3.9756201472921875,5.491812087098393,22.5,5.938459911664722,
2.5,2.5,3.655133376499413,3.655133376499413,3.655133376499413,3.655133376499413,3.9756201472921875,4.322904116447646,4.322904116447646,4.322904116447646,4.322904116447646,4.322904116447646,12.193748398257199,6.841458583924597,7.730459236035075,11.776565713313877,7.628073151196179,4.9216076867444665,11.440668201153676,28.52289528704187,12.93010054098575,8.72576007513895,4.484347778663024,4.322904116447646,
2.5,2.5,3.655133376499413,3.655133376499413,3.655133376499413,3.655133376499413,3.9756201472921875,4.322904116447646,4.322904116447646,4.322904116447646,4.322904116447646,4.322904116447646,13.196969349058898,8.227241335952167,12.432216214336043,20.885933597094056,4.322904116447646,21.452790546272116,17.73583942191629,8.926785535678562,3.655133376499413,11.855800268223145,4.322904116447646,20.23747898221405,
2.5,2.5,3.655133376499413,3.655133376499413,3.655133376499413,3.655133376499413,3.655133376499413,3.9756201472921875,4.322904116447646,4.322904116447646,4.322904116447646,4.322904116447646,9.889669132764531,3.655133376499413,6.854166020511518,18.06162291219209,4.322904116447646,8.72576007513895,10.108783309577865,2.5,4.700932400290262,3.655133376499413,22.5,18.998947339260667,
2.5,2.5,2.5,3.655133376499413,3.655133376499413,3.655133376499413,3.655133376499413,3.655133376499413,3.655133376499413,3.655133376499413,3.9756201472921875,4.322904116447646,3.655133376499413,17.25362280797862,7.628073151196179,18.18481509391833,10.498677165349081,11.841546445554407,3.655133376499413,3.655133376499413,22.5,4.322904116447646,18.998947339260667,6.372548548265443,
2.5,2.5,2.5,3.655133376499413,3.655133376499413,3.655133376499413,3.655133376499413,3.655133376499413,3.655133376499413,3.655133376499413,3.655133376499413,3.655133376499413,3.655133376499413,10.833282051160673,3.655133376499413,3.655133376499413,4.322904116447646,8.008675851155976,22.5,9.410632284814872,10.024470060806205,20.5,6.968500556073739,12.283683848458853,
2.5,2.5,2.5,3.655133376499413,3.655133376499413,3.655133376499413,3.655133376499413,3.655133376499413,3.655133376499413,3.655133376499413,3.655133376499413,3.655133376499413,21.452790546272116,16.931848688197046,3.655133376499413,18.998947339260667,23.92822601030005,16.67999467092907,4.322904116447646,17.98765008430939,7.628073151196179,9.148087231765993,22.5289936649544,17.455300054711177,
2.5,2.5,2.5,3.655133376499413,3.655133376499413,3.655133376499413,3.655133376499413,3.655133376499413,3.655133376499413,3.655133376499413,3.655133376499413,3.655133376499413,4.322904116447646,19.871811414385174,14.358272876638054,9.967948635501688,22.5,4.322904116447646,18.998947339260667,9.832980219648569,11.776565713313877,11.5,18.06162291219209,16.048537489614297,
2.5,2.5,2.5,3.655133376499413,3.655133376499413,3.655133376499413,3.655133376499413,3.655133376499413,3.655133376499413,3.655133376499413,3.655133376499413,3.655133376499413,13.198011213815512,24.984439601924677,6.413960468297953,6.423807758833461,23.299976156401723,3.655133376499413,3.655133376499413,3.655133376499413,18.18481509391833,11.956588142108098,12.336429791475327,12.368491898236206,
2.5,2.5,2.5,3.655133376499413,3.655133376499413,3.655133376499413,3.655133376499413,3.655133376499413,3.655133376499413,3.655133376499413,3.655133376499413,3.655133376499413,8.28009661779378,10.823072063369478,3.655133376499413,24.984439601924677,14.872373717735847,9.855906294648346,18.06162291219209,3.655133376499413,28.52289528704187,4.9216076867444665,10.5,2.5,
2.5,2.5,2.5,2.5,3.655133376499413,3.655133376499413,3.655133376499413,3.655133376499413,3.655133376499413,3.655133376499413,3.655133376499413,3.655133376499413,7.628073151196179,15.369522511198006,12.574674905523079,17.98765008430939,4.534313619501853,3.131382371342656,5.931905258852336,6.968500556073739,4.322904116447646,24.973736204260668,10.530379332620875,10.5,
2.5,2.5,2.5,2.5,3.131382371342656,3.655133376499413,3.655133376499413,3.655133376499413,3.655133376499413,3.655133376499413,3.655133376499413,3.655133376499413,3.655133376499413,3.655133376499413,10.225458424931373,24.973736204260668,10.225458424931373,11.5,4.323641700120445,3.655133376499413,16.048537489614297,18.06162291219209,6.121455890735652,17.25362280797862,
2.5,2.5,2.5,2.5,3.131382371342656,3.655133376499413,3.655133376499413,3.655133376499413,3.655133376499413,3.655133376499413,3.655133376499413,3.655133376499413,9.388231403671773,6.213644260818284,3.655133376499413,22.5289936649544,4.484347778663024,22.5,19.577162872143887,2.5,15.738090735537142,9.99999999E8,14.271912976192084,23.299976156401723,
2.5,2.5,2.5,2.5,2.5,3.131382371342656,3.655133376499413,3.655133376499413,3.655133376499413,3.655133376499413,3.655133376499413,3.655133376499413,5.491812087098393,21.452790546272116,22.5,2.5,7.628073151196179,2.5,3.39934634239519,23.299976156401723,3.867815921162743,17.98765008430939,22.498611068241523,11.145502331533658,
2.5,2.5,2.5,2.5,2.5,2.5,2.5,3.131382371342656,3.39934634239519,3.655133376499413,3.655133376499413,3.655133376499413,9.99999999E8,2.5,15.369522511198006,10.842303978193728,15.354478174135387,7.249827584156742,5.48543526076099,13.27487183449325,26.5,16.757253819034773,2.5,13.27487183449325,
2.5,2.5,2.5,2.5,2.5,2.5,2.5,2.5,2.5,3.131382371342656,3.39934634239519,3.655133376499413,17.25362280797862,16.048537489614297,20.5,19.871811414385174,11.45030021440486,12.090802289343747,13.555810562264435,6.148622248565572,10.728903718460707,16.33418365133549,13.36740438529485,11.5,
2.5,2.5,2.5,2.5,2.5,2.5,2.5,2.5,2.5,3.131382371342656,3.39934634239519,3.655133376499413,28.52289528704187,2.5,13.045593125649749,10.656244908763853,10.208928554075703,11.776836483157112,9.855906294648346,13.27487183449325,2.5,16.048537489614297,10.498677165349081,2.5,
2.5,2.5,2.5,2.5,2.5,2.5,2.5,2.5,2.5,2.5,2.5,2.5,2.5,19.5,18.06162291219209,12.283683848458853,13.198011213815512,29.5,10.498677165349081,10.780641085864152,11.789302537512032,2.5,16.048537489614297,12.025363819860088,
2.5,2.5,2.5,2.5,2.5,2.5,2.5,2.5,2.5,2.5,2.5,2.5,2.5,16.048537489614297,18.06162291219209,16.048537489614297,2.5,12.090802289343747,2.5,14.359230480774379,2.5,28.52289528704187,12.090802289343747,23.370654676324325,
2.5,2.5,2.5,2.5,2.5,2.5,2.5,2.5,2.5,2.5,2.5,2.5,14.872373717735847,9.346657156438338,12.211034968420982,16.048537489614297,9.99999999E8,20.5,12.442088070559361,2.5,2.5,20.5,19.5,11.880188924797825,
2.5,2.5,2.5,2.5,2.5,2.5,2.5,2.5,2.5,2.5,2.5,2.5,3.39934634239519,20.5,16.048537489614297,2.5,3.39934634239519,13.273563952458284,14.182344266336539,10.656244908763853,12.694049349553076,2.5,18.06162291219209,10.208928554075703,
2.5,2.5,2.5,2.5,2.5,2.5,2.5,2.5,2.5,2.5,2.5,2.5,10.225458424931373,28.52289528704187,11.5,16.048537489614297,13.99142594591416,11.5,14.872373717735847,28.52289528704187,2.5,13.663363421939708,18.18481509391833,16.048537489614297,
2.5,2.5,2.5,2.5,2.5,2.5,2.5,2.5,2.5,2.5,2.5,2.5,9.423669962151452,16.048537489614297,13.133544837552424,12.211034968420982,16.048537489614297,22.5,13.27487183449325,2.5,2.5,10.656244908763853,5.491812087098393,12.090802289343747,
2.5,2.5,2.5,2.5,2.5,2.5,2.5,2.5,2.5,2.5,2.5,2.5,18.07449860992,10.133484099755622,10.225458424931373,11.5,17.228045610444486,20.5,12.544321424453376,2.5,13.663363421939708,3.39934634239519,29.5,11.440668201153676,
2.5,2.5,2.5,2.5,2.5,2.5,2.5,2.5,2.5,2.5,2.5,2.5,16.048537489614297,13.27487183449325,2.5,10.225458424931373,12.231491119238079,24.984439601924677,10.842303978193728,10.208928554075703,28.52289528704187,16.048537489614297,2.5,2.5,
2.5,2.5,2.5,2.5,2.5,2.5,2.5,2.5,2.5,2.5,2.5,2.5,2.5,11.440668201153676,2.5,2.5,10.5,2.5,2.5,13.273563952458284,16.048537489614297,2.5,15.769828787910159,13.347658970770867,
2.5,2.5,2.5,2.5,2.5,2.5,2.5,2.5,2.5,2.5,2.5,2.5,26.5,2.5,22.5,22.5,15.2540978100968,2.5,2.5,9.41740410091868,9.522998477370455,2.5,3.867815921162743,2.5,
2.5,2.5,2.5,2.5,2.5,2.5,2.5,2.5,2.5,2.5,2.5,2.5,22.498611068241523,2.5,2.5,13.921406378507724,14.322670452429215,26.5,2.5,2.5,2.5,13.663363421939708,13.663363421939708,2.5,
2.5,2.5,2.5,2.5,2.5,2.5,2.5,2.5,2.5,2.5,2.5,2.5,20.5,26.5,12.680913041084839,15.051910177781423,10.225458424931373,16.048537489614297,13.27487183449325,9.522998477370455,13.198011213815512,18.06162291219209,14.33908557056551,3.39934634239519,
2.5,2.5,2.5,2.5,2.5,2.5,2.5,2.5,2.5,2.5,2.5,2.5,12.283683848458853,2.5,16.048537489614297,15.465687828221544,2.5,28.52289528704187,2.5,2.5,12.283683848458853,15.270478054075452,7.147726911403373,16.048537489614297,
2.5,2.5,2.5,2.5,2.5,2.5,2.5,2.5,2.5,2.5,2.5,2.5,2.5,13.292385038058445,27.288962970402523,12.090802289343747,26.5,9.99999999E8,2.5,11.395585768182345,10.225458424931373,9.99999999E8,2.5,14.872373717735847,
2.5,2.5,2.5,2.5,2.5,2.5,2.5,2.5,2.5,2.5,2.5,2.5,2.5,15.769828787910159,2.5,9.99999999E8,2.5,11.54813296598199,7.790627545391989,28.52289528704187,2.5,15.658464164789597,2.5,24.984439601924677,
2.5,2.5,2.5,2.5,2.5,2.5,2.5,2.5,2.5,2.5,2.5,2.5,2.5,2.5,7.363574011458174,9.99999999E8,27.288962970402523,16.36337373526621,2.5,16.931848688197046,15.769828787910159,11.5,19.792928029980807,16.048537489614297,
2.5,2.5,2.5,2.5,2.5,2.5,2.5,2.5,2.5,2.5,2.5,2.5,9.99999999E8,9.855906294648346,4.9216076867444665,26.5,3.39934634239519,12.090802289343747,10.338708279513883,16.048537489614297,13.347658970770867,3.39934634239519,2.5,10.49470766095411,
2.5,2.5,2.5,2.5,2.5,2.5,2.5,2.5,2.5,2.5,2.5,2.5,21.967248348393568,28.52289528704187,10.122856426040142,8.496322733983215,7.35934779718964,15.690363284513205,13.158225142050462,16.67999467092907,9.826494797230598,26.7242867070386,18.06162291219209,14.872373717735847,
2.5,2.5,2.5,2.5,2.5,2.5,2.5,2.5,2.5,2.5,2.5,2.5,2.5,2.5,11.861176164276458,11.299889379989523,2.5,12.345370114553313,16.048537489614297,15.468203067016187,12.694049349553076,10.208928554075703,14.5,3.39934634239519,
2.5,2.5,2.5,2.5,2.5,2.5,2.5,2.5,2.5,2.5,2.5,2.5,16.048537489614297,16.048537489614297,9.99999999E8,28.52289528704187,11.5,13.054047773212192,18.660713336371206,10.5,2.5,10.5,2.5,2.5,
2.5,2.5,2.5,2.5,2.5,2.5,2.5,2.5,2.5,2.5,2.5,2.5,24.973736204260668,11.5,21.452790546272116,11.440668201153676,22.5,2.5,2.5,20.23747898221405,12.077225467796815,11.5,2.5,2.5,
2.5,2.5,2.5,2.5,2.5,2.5,2.5,2.5,2.5,2.5,2.5,2.5,2.5,16.53360214835231,9.855906294648346,6.579513659838393,2.5,20.23747898221405,20.017180121085985,15.769828787910159,11.5,2.5,18.660713336371206,12.088111886460673,
2.5,2.5,2.5,2.5,2.5,2.5,2.5,2.5,2.5,2.5,2.5,2.5,12.090802289343747,7.934733769950949,10.225458424931373,14.5,24.973736204260668,13.158225142050462,13.198011213815512,17.354754391808605,2.5,9.99999999E8,9.99999999E8,12.255100978776143,
2.5,2.5,2.5,2.5,2.5,2.5,2.5,2.5,2.5,2.5,2.5,2.5,13.27487183449325,2.5,10.54560934907082,2.5,9.99999999E8,2.5,11.12679448698301,9.765244492586962,13.227244611029162,23.92822601030005,2.5,9.99999999E8,
2.5,2.5,2.5,2.5,2.5,2.5,2.5,2.5,2.5,2.5,2.5,2.5,11.327885400829274,13.816254517375137,19.871811414385174,18.06162291219209,2.5,13.199326582148888,2.5,12.497499749949988,2.5,18.07449860992,9.456854591534762,2.5,
2.5,2.5,2.5,2.5,2.5,2.5,2.5,2.5,2.5,2.5,2.5,2.5,10.76379928278115,2.5,2.5,10.328964130056798,9.99999999E8,13.199326582148888,10.54560934907082,10.656244908763853,10.225458424931373,2.5,2.5,11.495168067013587,
2.5,2.5,2.5,2.5,2.5,2.5,2.5,2.5,2.5,2.5,2.5,2.5,2.5,23.91150350772615,11.841546445554407,24.973736204260668,2.5,2.5,2.5,13.292385038058445,2.5,2.5,10.143416036468626,9.99999999E8,
2.5,2.5,2.5,2.5,2.5,2.5,2.5,2.5,2.5,2.5,2.5,2.5,20.17148702720969,14.958609561052123,12.283683848458853,13.296825017858795,2.5,10.338708279513883,14.5,24.984439601924677,15.584892970081281,2.5,8.227241335952167,2.5,
2.5,2.5,2.5,2.5,2.5,2.5,2.5,2.5,2.5,2.5,2.5,2.5,2.5,2.5,12.455476261022254,22.5,15.690363284513205,2.5,16.048537489614297,13.296825017858795,21.452790546272116,2.5,13.22724461102916,12.952219886953742,
2.5,2.5,2.5,2.5,2.5,2.5,2.5,2.5,2.5,2.5,2.5,2.5,22.5,2.5,4.9216076867444665,26.5,2.5,2.5,7.363574011458174,11.070682002478437,6.577636818983622,27.288962970402523,22.5,13.198011213815512,
2.5,2.5,2.5,2.5,2.5,2.5,2.5,2.5,2.5,2.5,2.5,2.5,13.520560474904713,13.199326582148888,10.96003873075236,9.99999999E8,2.5,24.973736204260668,22.5,10.225458424931373,24.984439601924677,12.255100978776143,6.845390785046534,3.39934634239519,
2.5,2.5,2.5,2.5,2.5,2.5,2.5,2.5,2.5,2.5,2.5,2.5,2.5,10.94699660609601,2.5,9.99999999E8,28.52289528704187,12.351518125315609,9.99999999E8,9.148087231765993,10.998181667894016,20.23747898221405,10.656244908763853,2.5,
2.5,2.5,2.5,2.5,2.5,2.5,2.5,2.5,2.5,2.5,2.5,2.5,7.363574011458174,12.255100978776143,10.338708279513883,11.5,16.048537489614297,16.67999467092907,12.090802289343747,10.225458424931373,2.5,11.299889379989523,15.690363284513205,11.5,
2.5,2.5,2.5,2.5,2.5,2.5,2.5,2.5,2.5,2.5,2.5,2.5,9.99999999E8,16.048537489614297,14.5,12.754901018824098,8.153049872423338,13.816254517375137,6.011562932290477,2.5,12.468850076178725,2.5,2.5,2.5,
2.5,2.5,2.5,2.5,2.5,2.5,2.5,2.5,2.5,2.5,2.5,2.5,6.845390785046534,15.658464164789597,2.5,2.5,13.919770113044253,10.82891066185556,2.5,10.894379284750462,12.090802289343747,10.40958092336094,2.5,24.973736204260668,
2.5,2.5,2.5,2.5,2.5,2.5,2.5,2.5,2.5,2.5,2.5,2.5,13.497684986693088,13.816254517375137,15.624418356521048,2.5,3.39934634239519,2.5,10.656244908763853,10.143416036468626,12.798654443165326,2.5,9.007712744581106,9.99999999E8,
2.5,2.5,2.5,2.5,2.5,2.5,2.5,2.5,2.5,2.5,2.5,2.5,2.5,8.956685895029603,12.0526057814254,12.455476261022254,2.5,10.225458424931373,12.798654443165326,2.5,20.5,28.52289528704187,6.493073232299171,9.99999999E8,
2.5,2.5,2.5,2.5,2.5,2.5,2.5,2.5,2.5,2.5,2.5,2.5,10.225458424931373,9.154537429906306,8.956685895029603,20.5,11.5,14.872373717735847,6.79869268479038,2.5,13.005340783266268,10.498677165349081,2.5,19.5,
2.5,2.5,2.5,2.5,2.5,2.5,2.5,2.5,2.5,2.5,2.5,2.5,11.495168067013587,15.769828787910159,2.5,9.41740410091868,2.5,13.22724461102916,5.436502143433363,2.5,9.99999999E8,2.5,13.921406378507724,10.656244908763853,
2.5,2.5,2.5,2.5,2.5,2.5,2.5,2.5,2.5,2.5,2.5,2.5,15.658464164789597,12.41460627565739,29.5,16.048537489614297,9.99999999E8,2.5,19.871811414385174,9.99999999E8,2.5,26.5,19.871811414385174,11.440668201153676,
2.5,2.5,2.5,2.5,2.5,2.5,2.5,2.5,2.5,2.5,2.5,2.5,10.338708279513883,2.5,10.894379284750462,2.5,19.577162872143887,22.895899681432528,11.440668201153676,10.5,15.658464164789597,2.5,11.408768557561329,2.5,
2.5,2.5,2.5,2.5,2.5,2.5,2.5,2.5,2.5,2.5,2.5,2.5,15.354478174135387,2.5,26.5,9.99999999E8,10.338708279513883,9.494150245750744,2.5,13.292385038058445,10.842303978193728,3.39934634239519,11.861176164276458,2.5,
2.5,2.5,2.5,2.5,2.5,2.5,2.5,2.5,2.5,2.5,2.5,2.5,2.5,11.776565713313877,2.5,10.5,2.5,12.345370114553313,13.199326582148888,10.190031142929719,16.048537489614297,19.871811414385174,10.5,2.5,
2.5,2.5,2.5,2.5,2.5,2.5,2.5,2.5,2.5,2.5,2.5,2.5,9.832980219648569,2.5,9.855906294648346,16.048537489614297,27.13341523329163,15.2540978100968,10.842303978193728,26.7242867070386,26.5,18.06162291219209,12.641422212534298,26.5,
2.5,2.5,2.5,2.5,2.5,2.5,2.5,2.5,2.5,2.5,2.5,2.5,2.5,21.452790546272116,2.5,22.46045908306912,10.656244908763853,15.369522511198006,2.5,9.047617089598786,10.343093919941687,12.30740517827467,2.5,13.731715115017497,
2.5,2.5,2.5,2.5,2.5,2.5,2.5,2.5,2.5,2.5,2.5,2.5,10.498677165349081,15.769828787910159,10.656244908763853,24.973736204260668,2.5,26.5,13.50822794530142,26.5,24.973736204260668,9.41740410091868,2.5,14.579437574886077,
2.5,2.5,2.5,2.5,2.5,2.5,2.5,2.5,2.5,2.5,2.5,2.5,2.5,9.99999999E8,2.5,22.895899681432528,16.67999467092907,2.5,20.5,10.656244908763853,4.866980583482946,15.690363284513205,2.5,2.5,
2.5,2.5,2.5,2.5,2.5,2.5,2.5,2.5,2.5,2.5,2.5,2.5,12.616952880945542,2.5,11.5,10.656244908763853,8.59283042389861,6.491447364716815,27.288962970402523,11.319118736880174,2.5,7.854139036202504,23.299976156401723,2.5,
2.5,2.5,2.5,2.5,2.5,2.5,2.5,2.5,2.5,2.5,2.5,2.5,19.031224343168255,2.5,2.5,2.5,13.816254517375137,24.689178916188272,2.5,28.52289528704187,10.143416036468626,10.356896548795348,2.5,4.322904116447646,
2.5,2.5,2.5,2.5,2.5,2.5,2.5,2.5,2.5,2.5,2.5,2.5,4.9216076867444665,14.286685234861164,13.158225142050462,12.498888839501783,2.5,14.579437574886077,27.288962970402523,10.842303978193728,2.5,13.271113328564104,28.52289528704187,11.440668201153676,
2.5,2.5,2.5,2.5,2.5,2.5,2.5,2.5,2.5,2.5,2.5,2.5,11.169844766099725,8.565045242145542,13.526994930018075,26.7242867070386,2.5,11.440668201153676,11.466133708544577,22.5289936649544,2.5,10.76379928278115,5.192301994298868,11.841546445554407,
2.5,2.5,2.5,2.5,2.5,2.5,2.5,2.5,2.5,2.5,2.5,2.5,10.871407452579449,2.5,9.99999999E8,13.132868012061273,15.769828787910159,11.920963677488494,10.780641085864152,2.5,2.5,6.236184731067546,13.27487183449325,22.5,
2.5,2.5,2.5,2.5,2.5,2.5,2.5,2.5,2.5,2.5,2.5,2.5,10.26801337968704,9.41740410091868,2.5,2.5,11.841546445554407,29.5,20.49780476051033,7.219587867710444,9.36238863686262,20.5,12.56421008261164,12.090802289343747,
2.5,2.5,2.5,2.5,2.5,2.5,2.5,2.5,2.5,2.5,2.5,2.5,2.5,2.5,2.5,9.99999999E8,2.5,2.5,2.5,9.99999999E8,28.52289528704187,2.5,9.99999999E8,10.5,
2.5,2.5,2.5,2.5,2.5,2.5,2.5,2.5,2.5,2.5,2.5,2.5,2.5,9.3526585643988,10.338708279513883,9.855906294648346,9.99999999E8,6.193494570918747,8.227241335952167,9.423669962151452,21.452790546272116,10.656244908763853,11.841546445554407,18.979521127315678,
2.5,2.5,2.5,2.5,2.5,2.5,2.5,2.5,2.5,2.5,2.5,2.5,9.99999999E8,26.5,16.048537489614297,12.592060990957755,22.895899681432528,20.5,2.5,10.656244908763853,11.841546445554407,2.5,21.452790546272116,10.61573725894817,
2.5,2.5,2.5,2.5,2.5,2.5,2.5,2.5,2.5,2.5,2.5,2.5,9.99999999E8,10.071350394333031,9.99999999E8,9.855906294648346,4.791659420284375,2.5,11.841546445554407,12.592060990957755,4.9216076867444665,11.5,8.926785535678562,12.255100978776143,
2.5,2.5,2.5,2.5,2.5,2.5,2.5,2.5,2.5,2.5,2.5,2.5,11.709371246996996,2.5,10.338708279513883,2.5,3.39934634239519,9.456854591534762,11.5,22.5,20.23747898221405,21.00446381129497,22.5,19.154343864744856,
2.5,2.5,2.5,2.5,2.5,2.5,2.5,2.5,2.5,2.5,2.5,2.5,10.133484099755622,9.855906294648346,2.5,4.9216076867444665,15.369522511198006,11.145502331533658,2.5,20.23747898221405,21.452790546272116,13.199326582148888,2.5,15.690363284513205,
2.5,2.5,2.5,2.5,2.5,2.5,2.5,2.5,2.5,2.5,2.5,2.5,10.338708279513883,13.392535234226564,2.5,6.554387843269576,13.105723940324701,14.872373717735847,11.319118736880174,12.798654443165326,9.855906294648346,9.855906294648346,16.048537489614297,16.068213964221414,
2.5,2.5,2.5,2.5,2.5,2.5,2.5,2.5,2.5,2.5,2.5,2.5,10.225458424931373,20.5,18.148278155241062,2.5,13.816254517375137,11.5,2.5,9.855906294648346,14.5,11.440668201153676,10.780641085864152,18.660713336371206,
2.5,2.5,2.5,2.5,2.5,2.5,2.5,2.5,2.5,2.5,2.5,2.5,2.5,2.5,9.934158243152764,14.5,2.5,10.656244908763853,13.816254517375137,15.380507143784305,2.5,14.5,8.657944328765346,13.198011213815512,
2.5,2.5,2.5,2.5,2.5,2.5,2.5,2.5,2.5,2.5,2.5,2.5,2.5,16.53360214835231,8.657944328765346,9.99999999E8,11.861176164276458,12.088111886460673,10.656244908763853,10.208928554075703,3.39934634239519,9.855906294648346,10.133484099755622,8.417801078666566,
2.5,2.5,2.5,2.5,2.5,2.5,2.5,2.5,2.5,2.5,2.5,2.5,13.618818679394412,11.776565713313877,21.452790546272116,4.9216076867444665,20.5,11.5,13.816254517375137,24.973736204260668,27.182510717166817,9.855906294648346,9.388231403671773,10.067770358922576,
2.5,2.5,2.5,2.5,2.5,2.5,2.5,2.5,2.5,2.5,2.5,2.5,13.494790661584936,26.7242867070386,13.816254517375137,19.2142525225417,2.5,12.283683848458853,12.188519188154071,2.5,12.025363819860088,5.491812087098393,4.9216076867444665,14.872373717735847,
2.5,2.5,2.5,2.5,2.5,2.5,2.5,2.5,2.5,2.5,2.5,2.5,6.827105902210687,9.99999999E8,10.225458424931373,23.92822601030005,10.338708279513883,2.5,14.330387294138285,23.92822601030005,16.048537489614297,9.170537903094822,2.5,10.225458424931373,
2.5,2.5,2.5,2.5,2.5,2.5,2.5,2.5,2.5,2.5,2.5,2.5,12.616952880945542,13.921406378507724,15.769828787910159,11.5,15.690363284513205,11.5,9.99999999E8,2.5,11.741353201398892,8.1967981553775,12.99251921513128,8.956685895029603,
2.5,2.5,2.5,2.5,2.5,2.5,2.5,2.5,2.5,2.5,2.5,2.5,13.663363421939708,13.347658970770867,2.5,12.090802289343747,2.5,11.439378261076953,13.199326582148888,11.5,2.5,7.39509972887452,13.198011213815512,3.39934634239519,
2.5,2.5,2.5,2.5,2.5,2.5,2.5,2.5,2.5,2.5,2.5,2.5,3.39934634239519,2.5,10.871407452579449,13.271113328564104,3.39934634239519,12.283683848458853,2.5,22.5,10.342146779078316,29.5,10.5,15.769828787910159,
2.5,2.5,2.5,2.5,2.5,2.5,2.5,2.5,2.5,2.5,2.5,2.5,16.67999467092907,12.798654443165326,2.5,6.79869268479038,10.656244908763853,12.592060990957755,18.06162291219209,19.5,19.854155736268414,8.287792227125388,9.99999999E8,9.99999999E8,
2.5,2.5,2.5,2.5,2.5,2.5,2.5,2.5,2.5,2.5,2.5,2.5,14.330387294138285,18.06162291219209,10.780641085864152,2.5,20.5,10.133484099755622,5.742786069211937,2.5,2.5,26.7242867070386,2.5,8.801830617673929,
2.5,2.5,2.5,2.5,2.5,2.5,2.5,2.5,2.5,2.5,2.5,2.5,4.189393799604337,11.440668201153676,9.99999999E8,11.440668201153676,8.287792227125388,2.5,15.690363284513205,9.99999999E8,10.225458424931373,12.336429791475327,8.270922757788645,2.5,
2.5,2.5,2.5,2.5,2.5,2.5,2.5,2.5,2.5,2.5,2.5,2.5,2.5,3.39934634239519,8.956685895029603,13.663363421939708,10.133484099755622,10.894379284750462,9.285592184789413,9.190877119308157,10.225458424931373,9.99999999E8,22.5,13.816254517375137,
2.5,2.5,2.5,2.5,2.5,2.5,2.5,2.5,2.5,2.5,2.5,2.5,2.5,9.99999999E8,2.5,11.5,12.680913041084839,19.031224343168255,9.682974749528164,2.5,6.954090522850562,19.019989484749985,18.802952438597597,2.5,
2.5,2.5,2.5,2.5,2.5,2.5,2.5,2.5,2.5,2.5,2.5,2.5,11.356918236772453,11.319118736880174,2.5,20.017180121085985,2.5,12.687001221722964,11.849395059044411,3.39934634239519,10.338708279513883,13.816254517375137,3.39934634239519,13.347658970770867,
2.5,2.5,2.5,2.5,2.5,2.5,2.5,2.5,2.5,2.5,2.5,2.5,3.39934634239519,2.5,2.5,13.27487183449325,12.255100978776143,19.188212527486765,12.090802289343747,9.99999999E8,9.36238863686262,3.5619517121937516,13.27487183449325,4.879093722768149,
2.5,2.5,2.5,2.5,2.5,2.5,2.5,2.5,2.5,2.5,2.5,2.5,2.5,10.338708279513883,3.39934634239519,19.777231577975947,12.21741814470017,15.769828787910159,11.741353201398892,13.347658970770867,10.656244908763853,10.143416036468626,19.613452016409553,2.5,
2.5,2.5,2.5,2.5,2.5,2.5,2.5,2.5,2.5,2.5,2.5,2.5,10.998181667894016,17.84963234915498,10.623529309979805,2.5,2.5,12.616952880945542,26.5,10.338708279513883,2.5,26.5,7.0823724838503095,2.5,
2.5,2.5,2.5,2.5,2.5,2.5,2.5,2.5,2.5,2.5,2.5,2.5,9.99999999E8,14.359230480774379,12.231491119238079,18.660713336371206,11.5,3.39934634239519,2.5,2.5,21.452790546272116,10.705576817715148,6.173279112432873,14.872373717735847,
2.5,2.5,2.5,2.5,2.5,2.5,2.5,2.5,2.5,2.5,2.5,2.5,10.143416036468626,10.133484099755622,15.354478174135387,11.5,2.5,8.496322733983215,19.810911695886745,11.5,15.769828787910159,8.919137873593124,2.5,10.338708279513883,
2.5,2.5,2.5,2.5,2.5,2.5,2.5,2.5,2.5,2.5,2.5,2.5,8.219218670625303,8.637671850678283,16.269219403523945,21.00446381129497,2.5,12.24078162103538,11.5,15.354478174135387,11.5,13.132868012061273,10.338708279513883,15.369522511198006,
2.5,2.5,2.5,2.5,2.5,2.5,2.5,2.5,2.5,2.5,2.5,2.5,18.06162291219209,11.764699879950449,2.5,2.5,7.39509972887452,23.42135777447584,11.634404797839897,12.968712349342937,4.322904116447646,9.855906294648346,5.491812087098393,2.5,
2.5,2.5,2.5,2.5,2.5,2.5,2.5,2.5,2.5,2.5,2.5,2.5,11.145502331533658,15.769828787910159,6.43112548470328,21.08459153030952,14.872373717735847,26.7242867070386,2.5,2.5,2.5,17.51740206194971,11.5,4.94694069321861,
2.5,2.5,2.5,2.5,2.5,2.5,2.5,2.5,2.5,2.5,2.5,2.5,2.5,2.5,2.5,28.52289528704187,11.5,20.5,26.5,2.5,9.99999999E8,2.5,9.458975749108474,2.5,
2.5,2.5,2.5,2.5,2.5,2.5,2.5,2.5,2.5,2.5,2.5,2.5,22.5,25.586861863073402,11.5,2.5,11.679390534839825,10.989332650291619,10.656244908763853,2.5,19.2142525225417,2.5,14.5,13.234005020736875,
2.5,2.5,2.5,2.5,2.5,2.5,2.5,2.5,2.5,2.5,2.5,2.5,24.973736204260668,10.225458424931373,20.5,10.780641085864152,2.5,10.020387381000104,9.99999999E8,9.99999999E8,2.5,14.5,14.5,10.240086669555097,
2.5,2.5,2.5,2.5,2.5,2.5,2.5,2.5,2.5,2.5,2.5,2.5,19.2142525225417,10.842303978193728,15.655969308861078,2.5,3.39934634239519,14.427751037497147,2.5,4.322904116447646,9.46622284757759,13.921406378507724,19.792928029980807,12.979684981625024,
2.5,2.5,2.5,2.5,2.5,2.5,2.5,2.5,2.5,2.5,2.5,2.5,2.5,2.5,11.5,9.99999999E8,11.5,19.421315609401955,2.5,2.5,10.5,13.347658970770867,2.5,2.5,
2.5,2.5,2.5,2.5,2.5,2.5,2.5,2.5,2.5,2.5,2.5,2.5,6.491447364716815,10.225458424931373,9.99999999E8,13.921406378507724,11.5,9.855906294648346,12.616952880945542,10.656244908763853,13.921406378507724,22.5,2.5,16.048537489614297,
2.5,2.5,2.5,2.5,2.5,2.5,2.5,2.5,2.5,2.5,2.5,2.5,5.158640348767675,11.752550743544647,9.99999999E8,9.99999999E8,11.5,2.5,10.5,11.837332849066627,2.5,9.855906294648346,10.225458424931373,6.52251560952852,
2.5,2.5,2.5,2.5,2.5,2.5,2.5,2.5,2.5,2.5,2.5,2.5,2.5,15.720651668709182,2.5,2.5,26.5,9.967948635501688,2.5,12.560254774486067,9.99999999E8,2.5,2.5,2.5,
2.5,2.5,2.5,2.5,2.5,2.5,2.5,2.5,2.5,2.5,2.5,2.5,12.336429791475327,11.145502331533658,2.5,11.920963677488494,20.5,24.984439601924677,9.788031240017348,13.20879336738304,10.842303978193728,24.973736204260668,4.9355217555999085,3.39934634239519,
2.5,2.5,2.5,2.5,2.5,2.5,2.5,2.5,2.5,2.5,2.5,2.5,8.173466556826153,11.776565713313877,9.855906294648346,2.5,2.5,2.5,2.5,2.5,21.452790546272116,19.86132478517539,5.635601121442148,2.5,
2.5,2.5,2.5,2.5,2.5,2.5,2.5,2.5,2.5,2.5,2.5,2.5,5.436502143433363,2.5,12.952219886953742,2.5,2.5,10.143416036468626,20.5,2.5,10.780641085864152,8.956685895029603,11.558952158392213,11.5,
2.5,2.5,2.5,2.5,2.5,2.5,2.5,2.5,2.5,2.5,2.5,2.5,13.816254517375137,2.5,10.5,20.23747898221405,13.816254517375137,28.52289528704187,13.526994930018075,12.33445940805226,17.455300054711177,11.318541204589927,2.5,19.871811414385174,
2.5,2.5,2.5,2.5,2.5,2.5,2.5,2.5,2.5,2.5,2.5,2.5,20.23747898221405,15.658464164789597,19.031224343168255,9.54512310030625,2.5,9.99999999E8,16.21384867602041,2.5,2.5,13.921406378507724,2.5,11.076726842845787,
2.5,2.5,2.5,2.5,2.5,2.5,2.5,2.5,2.5,2.5,2.5,2.5,5.584576975922169,9.703607576566563,2.5,2.5,2.5,11.5,2.5,8.496322733983215,9.99999999E8,10.469449603489192,2.5,2.5,
2.5,2.5,2.5,2.5,2.5,2.5,2.5,2.5,2.5,2.5,2.5,2.5,2.5,11.5,2.5,12.336429791475327,2.5,3.39934634239519,8.305880707124782,9.99999999E8,11.408768557561329,21.08459153030952,16.048537489614297,11.5,
2.5,2.5,2.5,2.5,2.5,2.5,2.5,2.5,2.5,2.5,2.5,2.5,2.5,2.5,13.056501147789257,11.5,28.52289528704187,15.627610892974724,13.198011213815512,13.816254517375137,22.462413049358698,12.6554336156451,21.452790546272116,2.5,
2.5,2.5,2.5,2.5,2.5,2.5,2.5,2.5,2.5,2.5,2.5,2.5,13.198011213815512,3.39934634239519,12.871965661856,29.227080289043965,2.5,9.364160400164021,24.973736204260668,21.123150806638673,5.520165053893065,2.5,2.5,13.407460609675496,
2.5,2.5,2.5,2.5,2.5,2.5,2.5,2.5,2.5,2.5,2.5,2.5,5.491812087098393,9.99999999E8,18.742073154335117,14.5,10.208928554075703,11.5,2.5,21.452790546272116,13.005340783266268,2.5,9.99999999E8,21.452790546272116,
2.5,2.5,2.5,2.5,2.5,2.5,2.5,2.5,2.5,2.5,2.5,2.5,3.39934634239519,15.769828787910159,2.5,12.345370114553315,27.288962970402523,12.871965661856,13.816254517375137,9.703607576566563,2.5,11.5,2.5,10.842303978193728,
2.5,2.5,2.5,2.5,2.5,2.5,2.5,2.5,2.5,2.5,2.5,2.5,11.214276615100948,23.42135777447584,2.5,18.986106031048656,11.5,23.42135777447584,2.5,11.679390534839825,2.5,2.5,2.5,11.5,
2.5,2.5,2.5,2.5,2.5,2.5,2.5,2.5,2.5,2.5,2.5,2.5,15.658464164789597,10.143416036468626,2.5,11.5,11.5,2.5,9.99999999E8,2.5,9.99999999E8,9.99999999E8,11.776565713313877,2.5,
2.5,2.5,2.5,2.5,2.5,2.5,2.5,2.5,2.5,2.5,2.5,2.5,11.5,2.5,9.99999999E8,2.5,5.491812087098393,13.27487183449325,24.973736204260668,18.18481509391833,11.841546445554407,13.199326582148888,8.3397254396151,2.5,
2.5,2.5,2.5,2.5,2.5,2.5,2.5,2.5,2.5,2.5,2.5,2.5,29.227080289043965,15.769828787910159,2.5,2.5,17.98765008430939,8.211704985289725,9.99999999E8,13.158225142050462,2.5,2.5,2.5,2.5,
2.5,2.5,2.5,2.5,2.5,2.5,2.5,2.5,2.5,2.5,2.5,2.5,12.11172479670094,2.5,11.5,19.871811414385174,2.5,2.5,2.5,15.769828787910159,2.5,22.5,2.5,11.776565713313877,
2.5,2.5,2.5,2.5,2.5,2.5,2.5,2.5,2.5,2.5,2.5,2.5,11.5,5.436502143433363,14.5,10.780641085864152,2.5,22.219079638904937,9.99999999E8,10.780641085864152,17.73583942191629,15.88937450695345,29.5,12.283683848458853,
2.5,2.5,2.5,2.5,2.5,2.5,2.5,2.5,2.5,2.5,2.5,2.5,12.193748398257199,18.18481509391833,13.198011213815512,2.5,12.090802289343747,16.048537489614297,2.5,12.064452760409951,20.23747898221405,2.5,2.5,26.5,
2.5,2.5,2.5,2.5,2.5,2.5,2.5,2.5,2.5,2.5,2.5,2.5,9.99999999E8,2.5,12.090802289343747,12.193748398257199,2.5,10.5,2.5,27.288962970402523,5.706137047074842,19.613452016409553,4.866980583482946,2.5,
2.5,2.5,2.5,2.5,2.5,2.5,2.5,2.5,2.5,2.5,2.5,2.5,8.59283042389861,11.5,10.302372973683728,2.5,26.5,11.495168067013587,2.5,2.5,14.5,10.338708279513883,2.5,2.5,
2.5,2.5,2.5,2.5,2.5,2.5,2.5,2.5,2.5,2.5,2.5,2.5,9.99999999E8,10.656244908763853,12.42868545833477,12.132085558550928,21.967248348393568,21.452790546272116,2.5,2.5,11.089979906248146,2.5,9.99999999E8,28.52289528704187,
2.5,2.5,2.5,2.5,2.5,2.5,2.5,2.5,2.5,2.5,2.5,2.5,22.018300469281353,2.5,11.755317945508747,2.5,2.5,14.330387294138285,11.5,2.5,2.5,11.5,20.23747898221405,11.5,
2.5,2.5,2.5,2.5,2.5,2.5,2.5,2.5,2.5,2.5,2.5,2.5,10.842303978193728,2.5,10.945572417902845,16.048537489614297,29.5,2.5,21.452790546272116,8.496322733983215,2.5,9.99999999E8,2.5,2.5,
2.5,2.5,2.5,2.5,2.5,2.5,2.5,2.5,2.5,2.5,2.5,2.5,15.690363284513205,2.5,2.5,14.5,2.5,9.99999999E8,2.5,9.99999999E8,16.08376510646683,3.39934634239519,12.979684981625024,4.322904116447646,
2.5,2.5,2.5,2.5,2.5,2.5,2.5,2.5,2.5,2.5,2.5,2.5,2.5,11.5,2.5,2.5,3.39934634239519,4.763139720814412,2.5,13.816254517375137,2.5,17.96910929592474,22.5,9.848231024960151,
2.5,2.5,2.5,2.5,2.5,2.5,2.5,2.5,2.5,2.5,2.5,2.5,2.5,11.344332397766756,9.99999999E8,2.5,21.452790546272116,9.703607576566563,2.5,26.5,2.5,10.842303978193728,2.5,15.769828787910159,
2.5,2.5,2.5,2.5,2.5,2.5,2.5,2.5,2.5,2.5,2.5,2.5,20.885933597094056,2.5,15.354478174135387,9.54921462739214,27.288962970402523,22.5,2.5,13.198011213815512,2.5,9.99999999E8,2.5,20.5,
2.5,2.5,2.5,2.5,2.5,2.5,2.5,2.5,2.5,2.5,2.5,2.5,25.586861863073402,10.225458424931373,2.5,9.99999999E8,2.5,11.849395059044411,2.5,3.39934634239519,20.23747898221405,2.5,8.294911425419535,29.5,
2.5,2.5,2.5,2.5,2.5,2.5,2.5,2.5,2.5,2.5,2.5,2.5,2.5,15.584892970081281,9.99999999E8,12.796874618437112,19.613452016409553,2.5,2.5,26.5,13.36740438529485,13.158225142050462,2.5,9.99999999E8,
2.5,2.5,2.5,2.5,2.5,2.5,2.5,2.5,2.5,2.5,2.5,2.5,2.5,23.42135777447584,24.984439601924677,2.5,2.5,14.872373717735847,2.5,13.335544034417103,11.5,2.5,2.5,2.5,
2.5,2.5,2.5,2.5,2.5,2.5,2.5,2.5,2.5,2.5,2.5,2.5,10.780641085864152,2.5,8.153049872423338,15.769828787910159,2.5,11.5,2.5,10.5,10.498677165349081,13.105723940324701,10.656244908763853,20.667338698750957,
2.5,2.5,2.5,2.5,2.5,2.5,2.5,2.5,2.5,2.5,2.5,2.5,9.99999999E8,3.39934634239519,2.5,11.5,2.5,21.452790546272116,7.363574011458174,11.5,2.5,10.940178243520533,2.5,12.746459203332595,
2.5,2.5,2.5,2.5,2.5,2.5,2.5,2.5,2.5,2.5,2.5,2.5,9.99999999E8,15.051910177781423,12.694049349553076,17.5695048308141,20.885933597094056,2.5,19.613452016409553,9.99999999E8,14.5,5.491812087098393,10.842303978193728,9.99999999E8,
2.5,2.5,2.5,2.5,2.5,2.5,2.5,2.5,2.5,2.5,2.5,2.5,2.5,13.50822794530142,19.2142525225417,5.491812087098393,17.19990507804847,11.440668201153676,5.1735318785879185,2.5,21.452790546272116,13.198011213815512,16.08376510646683,15.769828787910159,
2.5,2.5,2.5,2.5,2.5,2.5,2.5,2.5,2.5,2.5,2.5,2.5,2.5,2.5,2.5,2.5,10.842303978193728,2.5,2.5,28.52289528704187,9.99999999E8,2.5,6.2430126230506895,18.18481509391833,
2.5,2.5,2.5,2.5,2.5,2.5,2.5,2.5,2.5,2.5,2.5,2.5,7.099870651308101,15.468203067016187,11.906300852909775,6.190394789859608,22.895899681432525,2.5,20.17148702720969,24.984439601924677,2.5,9.99999999E8,22.498611068241523,13.158225142050462,
2.5,2.5,2.5,2.5,2.5,2.5,2.5,2.5,2.5,2.5,2.5,2.5,13.392535234226564,2.5,10.208928554075703,15.658464164789597,26.5,2.5,2.5,2.5,12.30740517827467,9.15624020512118,2.5,2.5,
2.5,2.5,2.5,2.5,2.5,2.5,2.5,2.5,2.5,2.5,2.5,2.5,9.99999999E8,15.690363284513205,18.06162291219209,11.5,19.871811414385174,2.5,2.5,12.99251921513128,8.270922757788645,2.5,2.5,19.2142525225417,
2.5,2.5,2.5,2.5,2.5,2.5,2.5,2.5,2.5,2.5,2.5,2.5,9.99999999E8,22.5,2.5,2.5,2.5,2.5,3.112474899497183,2.5,13.663363421939708,2.5,12.42868545833477,2.5,
2.5,2.5,2.5,2.5,2.5,2.5,2.5,2.5,2.5,2.5,2.5,2.5,12.99251921513128,2.5,22.17105219775452,16.08376510646683,2.5,21.452790546272116,2.5,9.99999999E8,18.372685039360892,2.5,2.5,10.303397497913005,
2.5,2.5,2.5,2.5,2.5,2.5,2.5,2.5,2.5,2.5,2.5,2.5,2.5,11.5,2.5,2.5,13.921406378507724,16.048537489614297,2.5,2.5,22.5,2.5,2.5,14.584028166148762,
2.5,2.5,2.5,2.5,2.5,2.5,2.5,2.5,2.5,2.5,2.5,2.5,2.5,11.5,2.5,2.5,10.5,2.5,15.270478054075452,18.18481509391833,24.973736204260668,2.5,13.321870072261708,13.22724461102916,
2.5,2.5,2.5,2.5,2.5,2.5,2.5,2.5,2.5,2.5,2.5,2.5,13.663363421939708,16.67999467092907,2.5,2.5,20.5,2.5,2.5,15.594470173750693,10.498677165349081,18.06162291219209,2.5,11.5,
2.5,2.5,2.5,2.5,2.5,2.5,2.5,2.5,2.5,2.5,2.5,2.5,2.5,3.39934634239519,11.5,2.5,2.5,2.5,9.98436277385793,2.5,13.090454537562858,22.018300469281353,11.029701763314108,2.5,
2.5,2.5,2.5,2.5,2.5,2.5,2.5,2.5,2.5,2.5,2.5,2.5,2.5,23.42135777447584,2.5,11.5,11.993195349608774,14.872373717735847,2.5,23.594225988576103,11.417503010728748,10.5,2.5,15.769828787910159,
2.5,2.5,2.5,2.5,2.5,2.5,2.5,2.5,2.5,2.5,2.5,2.5,29.5,9.855906294648346,20.7306536317599,13.644046320648432,12.42868545833477,14.589700990767426,11.5,11.006311320732703,14.359230480774379,15.584892970081281,8.270922757788645,2.5,
2.5,2.5,2.5,2.5,2.5,2.5,2.5,2.5,2.5,2.5,2.5,2.5,13.029197979921864,11.440668201153676,14.133647795243801,10.5,2.5,22.5,2.5,16.048537489614297,2.5,21.452790546272116,2.5,16.08376510646683,
2.5,2.5,2.5,2.5,2.5,2.5,2.5,2.5,2.5,2.5,2.5,2.5,2.5,14.5,10.885311203635842,2.5,2.5,2.5,11.5,2.5,13.497684986693088,2.5,11.5,26.5,
2.5,2.5,2.5,2.5,2.5,2.5,2.5,2.5,2.5,2.5,2.5,2.5,11.71063144706078,10.842303978193728,21.967248348393568,2.5,15.270478054075452,11.393224107141734,12.283683848458853,2.5,2.5,2.5,2.5,10.5,
2.5,2.5,2.5,2.5,2.5,2.5,2.5,2.5,2.5,2.5,2.5,2.5,2.5,2.5,9.99999999E8,2.5,2.5,20.017180121085985,11.454687972319887,8.956685895029603,20.23747898221405,2.5,9.522998477370455,24.973736204260668,
2.5,2.5,2.5,2.5,2.5,2.5,2.5,2.5,2.5,2.5,2.5,2.5,11.5,18.06162291219209,17.122718826167766,12.508885730640527,5.931905258852336,13.27487183449325,12.283683848458853,11.5,2.5,2.5,2.5,8.956685895029603,
2.5,2.5,2.5,2.5,2.5,2.5,2.5,2.5,2.5,2.5,2.5,2.5,2.5,16.08376510646683,2.5,2.5,2.5,10.780641085864152,11.5,12.902411488641269,2.5,29.5,12.24078162103538,10.780641085864152,
2.5,2.5,2.5,2.5,2.5,2.5,2.5,2.5,2.5,2.5,2.5,2.5,2.5,10.925200226998129,2.5,10.5,10.143416036468626,11.910473332323951,2.5,13.199326582148888,18.732028424302822,14.271912976192084,2.5,11.5,
2.5,2.5,2.5,2.5,2.5,2.5,2.5,2.5,2.5,2.5,2.5,2.5,11.5,2.5,2.5,2.5,2.5,2.5,16.21384867602041,2.5,11.376822876595737,11.5,2.5,24.973736204260668,
2.5,2.5,2.5,2.5,2.5,2.5,2.5,2.5,2.5,2.5,2.5,2.5,2.5,13.36740438529485,12.283683848458853,2.5,2.5,28.52289528704187,2.5,19.871811414385174,14.788086421170252,11.5,24.984439601924677,2.5,
2.5,2.5,2.5,2.5,2.5,2.5,2.5,2.5,2.5,2.5,2.5,2.5,25.586861863073402,4.322904116447646,2.5,2.5,2.5,2.5,26.5,13.25745073534124,20.667338698750957,2.5,4.322904116447646,11.5,
2.5,2.5,2.5,2.5,2.5,2.5,2.5,2.5,2.5,2.5,2.5,2.5,14.872373717735847,2.5,2.5,10.925200226998129,10.549407566304374,9.99999999E8,2.5,9.99999999E8,15.658464164789597,12.06445276040995,14.133647795243801,2.5,
2.5,2.5,2.5,2.5,2.5,2.5,2.5,2.5,2.5,2.5,2.5,2.5,9.99999999E8,12.172099243762352,10.842303978193728,11.755317945508747,22.5,2.5,8.59283042389861,26.7242867070386,9.99999999E8,12.302845199383759,2.5,28.52289528704187,
2.5,2.5,2.5,2.5,2.5,2.5,2.5,2.5,2.5,2.5,2.5,2.5,2.5,2.5,2.5,3.112474899497183,2.5,10.498677165349081,10.842303978193728,2.5,2.5,10.656244908763853,9.99999999E8,2.5,
2.5,2.5,2.5,2.5,2.5,2.5,2.5,2.5,2.5,2.5,2.5,2.5,2.5,12.193748398257199,2.5,10.498677165349081,11.956588142108098,12.333792968085358,13.347658970770867,10.387011119662864,2.5,20.017180121085985,2.5,14.133647795243801,
2.5,2.5,2.5,2.5,2.5,2.5,2.5,2.5,2.5,2.5,2.5,2.5,10.498677165349081,15.584892970081281,10.656244908763853,9.855906294648346,13.347658970770867,24.973736204260668,2.5,15.2540978100968,12.283683848458853,2.5,2.5,2.5,
2.5,2.5,2.5,2.5,2.5,2.5,2.5,2.5,2.5,2.5,2.5,2.5,3.867815921162743,2.5,10.303397497913005,2.5,11.5,26.5,23.91150350772615,16.01749044014074,22.46045908306912,2.5,2.5,2.5,
2.5,2.5,2.5,2.5,2.5,2.5,2.5,2.5,2.5,2.5,2.5,2.5,18.18481509391833,9.99999999E8,2.5,10.842303978193728,6.998228819606448,18.06162291219209,2.5,9.99999999E8,13.198011213815512,13.346868130347616,15.769828787910159,2.5,
2.5,2.5,2.5,2.5,2.5,2.5,2.5,2.5,2.5,2.5,2.5,2.5,18.18481509391833,2.5,27.13341523329163,20.23747898221405,3.39934634239519,2.5,9.15624020512118,2.5,20.17148702720969,12.214233500306108,18.06162291219209,29.5,
2.5,2.5,2.5,2.5,2.5,2.5,2.5,2.5,2.5,2.5,2.5,2.5,9.23901374606619,4.9216076867444665,9.99999999E8,13.50822794530142,11.483003744665417,21.452790546272116,23.263436977368585,23.91150350772615,2.5,11.5,2.5,3.39934634239519,
2.5,2.5,2.5,2.5,2.5,2.5,2.5,2.5,2.5,2.5,2.5,2.5,9.99999999E8,2.5,10.137328647072927,12.544321424453376,3.39934634239519,2.5,2.5,13.25745073534124,11.5,11.5,24.689178916188272,11.837332849066627,
2.5,2.5,2.5,2.5,2.5,2.5,2.5,2.5,2.5,2.5,2.5,2.5,2.5,23.42135777447584,2.5,3.39934634239519,13.347658970770867,2.5,2.5,9.458975749108475,10.208928554075703,13.198011213815512,2.5,14.690321832946871,
2.5,2.5,2.5,2.5,2.5,2.5,2.5,2.5,2.5,2.5,2.5,2.5,2.5,12.592060990957755,11.076726842845787,11.5,15.42195625379211,2.5,2.5,18.986106031048656,26.5,2.5,22.5,10.842303978193728,
2.5,2.5,2.5,2.5,2.5,2.5,2.5,2.5,2.5,2.5,2.5,2.5,8.956685895029603,18.757311499622688,3.39934634239519,2.5,2.5,11.654901745354938,3.39934634239519,23.42135777447584,2.5,10.656244908763853,17.676883838002166,2.5,
2.5,2.5,2.5,2.5,2.5,2.5,2.5,2.5,2.5,2.5,2.5,2.5,10.5,10.842303978193728,6.743309441381303,9.855906294648346,11.5,10.656244908763853,2.5,8.863407922464136,15.658464164789597,11.5,9.522998477370455,12.090802289343747,
2.5,2.5,2.5,2.5,2.5,2.5,2.5,2.5,2.5,2.5,2.5,2.5,9.855906294648346,13.198011213815512,12.090802289343747,2.5,9.855906294648346,6.52251560952852,10.225458424931373,10.780641085864152,6.423807758833461,2.5,6.968500556073739,10.498677165349081,
2.5,2.5,2.5,2.5,2.5,2.5,2.5,2.5,2.5,2.5,2.5,2.5,2.5,11.5,12.42868545833477,15.347671497923173,2.5,12.283683848458853,2.5,27.255988129012838,2.5,4.322904116447646,11.5,20.23747898221405,
2.5,2.5,2.5,2.5,2.5,2.5,2.5,2.5,2.5,2.5,2.5,2.5,24.973736204260668,14.61068862929541,9.99999999E8,11.841546445554407,11.5,11.5,2.5,13.663363421939708,13.158225142050462,12.952219886953742,12.560254774486067,2.5,
2.5,2.5,2.5,2.5,2.5,2.5,2.5,2.5,2.5,2.5,2.5,2.5,2.5,2.5,20.49780476051033,10.842303978193728,18.06162291219209,13.644046320648432,2.5,2.5,6.675327707311455,19.2142525225417,10.225458424931373,15.15109090315135,
2.5,2.5,2.5,2.5,2.5,2.5,2.5,2.5,2.5,2.5,2.5,2.5,2.5,12.871965661856,2.5,2.5,2.5,2.5,2.5,9.920088873861268,15.2540978100968,28.52289528704187,2.5,2.5,
2.5,2.5,2.5,2.5,2.5,2.5,2.5,2.5,2.5,2.5,2.5,2.5,10.225458424931373,21.08459153030952,2.5,13.921406378507724,10.208928554075703,8.294911425419535,16.67999467092907,11.5,2.5,22.46045908306912,2.5,2.5,
2.5,2.5,2.5,2.5,2.5,2.5,2.5,2.5,2.5,2.5,2.5,2.5,2.5,18.06162291219209,2.5,2.5,11.440668201153676,23.42135777447584,9.99999999E8,12.508885730640527,2.5,10.656244908763853,15.769828787910159,2.5,
2.5,2.5,2.5,2.5,2.5,2.5,2.5,2.5,2.5,2.5,2.5,2.5,9.934158243152764,28.52289528704187,2.5,2.5,12.82809416865966,15.658464164789597,13.532881765865277,11.443775600735973,10.780641085864152,11.5,2.5,2.5,
