86.99245656952101,59.496717346421725,39.0269399366172,46.7077014527583,41.75867553273835,79.15473594310212,62.71294587441187,47.260768581494524,29.911369075988485,52.55651719815536,115.62940802408356,96.5374135878014,57.602297622213165,93.18362248807459,129.6696657750849,154.5,115.69857388922301,66.18175497339145,123.6,47.502953721267666,53.23762671230925,43.821905195917715,81.46043499230656,97.24310886752966,
29.911369075988485,39.0269399366172,41.75867553273835,43.821905195917715,46.7077014527583,47.260768581494524,47.502953721267666,52.55651719815536,53.23762671230925,57.602297622213165,59.496717346421725,62.71294587441187,56.66910759048567,76.64783101954028,98.21238959208637,78.16751243323533,41.88507341523947,46.20994887467416,53.95188185369956,103.04701596844035,72.6213424208063,66.50533813161167,68.4331939983538,65.80125800891315,
29.911369075988485,39.0269399366172,41.75867553273835,41.88507341523947,43.821905195917715,46.20994887467416,46.7077014527583,47.260768581494524,47.502953721267666,52.55651719815536,53.23762671230925,53.95188185369956,151.5,40.53836917045381,86.54586934106099,56.661544386337525,60.01872135909134,129.6696657750849,41.75867553273835,96.4668822705492,75.2206014924694,32.23067369030024,57.41542138001687,76.50725455798292,
29.911369075988485,32.23067369030024,39.0269399366172,40.53836917045381,41.75867553273835,41.75867553273835,41.88507341523947,43.821905195917715,46.20994887467416,46.7077014527583,47.260768581494524,47.502953721267666,40.21639000073674,55.51294893986447,33.82344616097067,37.610443423940836,39.438052690263504,59.526112124775615,41.26413562512717,32.09742821409815,62.06415377392549,42.1913424176098,39.794223788303505,51.01780401517309,
29.911369075988485,32.09742821409815,32.23067369030024,33.82344616097067,37.610443423940836,39.0269399366172,39.438052690263504,39.794223788303505,40.21639000073674,40.53836917045381,41.26413562512717,41.75867553273835,37.70679606033642,137.0458155346436,92.37077121579098,37.078370454424714,27.2737854908335,52.854330446176114,77.11607412782946,55.85403718074241,35.69159564939623,33.64951708420197,115.69857388922301,85.22215865918096,
27.2737854908335,29.911369075988485,32.09742821409815,32.23067369030024,33.64951708420197,33.82344616097067,35.69159564939623,37.078370454424714,37.610443423940836,37.70679606033642,39.0269399366172,39.438052690263504,33.45280257317763,34.130830348043304,82.07193472275283,83.14180657166405,44.54807080272835,124.37116828268519,38.85819326311337,39.012295288453224,46.83064568207447,96.63015965578263,60.03170458645628,80.80927477021984,
27.2737854908335,29.911369075988485,32.09742821409815,32.23067369030024,33.45280257317763,33.64951708420197,33.82344616097067,34.130830348043304,35.69159564939623,37.078370454424714,37.610443423940836,37.70679606033642,104.83744030111042,45.48645679187697,46.953267990630856,50.2971724409589,54.702462238915714,62.78765802289491,33.90873735684953,33.64951708420197,42.87473679867382,72.10484987155857,35.92000714894482,65.48425383250542,
27.2737854908335,29.911369075988485,32.09742821409815,32.23067369030024,33.45280257317763,33.64951708420197,33.64951708420197,33.82344616097067,33.90873735684953,34.130830348043304,35.69159564939623,35.92000714894482,32.319594877067246,62.88505873611711,34.130830348043304,61.7942603503343,37.078370454424714,32.09742821409815,40.93420788289423,126.69130791021142,39.265792608017,54.37241373159738,36.92071083943115,96.44485146963522,
27.2737854908335,29.911369075988485,32.09742821409815,32.09742821409815,32.23067369030024,32.319594877067246,33.45280257317763,33.64951708420197,33.64951708420197,33.82344616097067,33.90873735684953,34.130830348043304,158.5,93.57468793547869,40.21639000073674,42.823941901697935,60.68244700899923,66.01533678894643,61.97225185516499,54.22738583962904,32.23067369030024,44.52243157757948,32.23067369030024,100.26035551946187,
27.2737854908335,29.911369075988485,32.09742821409815,32.09742821409815,32.23067369030024,32.23067369030024,32.23067369030024,32.319594877067246,33.45280257317763,33.64951708420197,33.64951708420197,33.82344616097067,59.95739227892494,70.8568098350469,54.748144945742226,41.58256094807053,90.28365792815934,55.303616518271205,82.4150891134642,57.9528309252007,74.95972251816303,44.14901813709039,27.2737854908335,133.51287391109517,
27.2737854908335,27.2737854908335,29.911369075988485,32.09742821409815,32.09742821409815,32.23067369030024,32.23067369030024,32.23067369030024,32.319594877067246,33.45280257317763,33.64951708420197,33.64951708420197,40.818003074623824,38.70579916354769,31.434207084003248,57.23465345012195,31.619653210239395,37.078370454424714,56.80633767459402,32.15970947599258,43.42763156877738,79.44057877152933,33.64951708420197,27.2737854908335,
27.2737854908335,27.2737854908335,27.2737854908335,29.911369075988485,31.434207084003248,31.619653210239395,32.09742821409815,32.09742821409815,32.15970947599258,32.23067369030024,32.23067369030024,32.23067369030024,65.53730913677254,33.920633469910314,28.280779146547616,58.098087361823204,52.98748408244871,59.498818265575665,52.60357214552197,64.7098137843094,57.374258649289374,151.5,39.72713050245618,63.66426697048266,
27.2737854908335,27.2737854908335,27.2737854908335,28.280779146547616,29.911369075988485,31.434207084003248,31.619653210239395,32.09742821409815,32.09742821409815,32.15970947599258,32.23067369030024,32.23067369030024,37.09392381069263,132.24556283251582,33.24564222981303,32.09742821409815,144.7234911439359,126.69130791021142,76.15864290340848,31.619653210239395,58.570233243706845,37.262992529383595,50.40306673013528,86.18648023327093,
27.2737854908335,27.2737854908335,27.2737854908335,28.280779146547616,29.911369075988485,31.434207084003248,31.619653210239395,31.619653210239395,32.09742821409815,32.09742821409815,32.09742821409815,32.15970947599258,74.85857035473998,27.98906492010837,27.2737854908335,32.15970947599258,107.47002165978918,96.64789871761627,27.2737854908335,63.66426697048266,67.81878615178866,55.85403718074241,47.22434635745517,31.810218484002906,
27.2737854908335,27.2737854908335,27.2737854908335,27.2737854908335,27.2737854908335,27.98906492010837,28.280779146547616,29.911369075988485,31.434207084003248,31.619653210239395,31.619653210239395,31.810218484002906,29.195267362427707,63.66426697048266,27.2737854908335,66.94893576450636,39.574472692493195,34.31912687024253,42.71506044580633,54.43516786049254,69.59424814594954,39.25687252974091,27.2737854908335,48.14727406614003,
27.2737854908335,27.2737854908335,27.2737854908335,27.2737854908335,27.2737854908335,27.2737854908335,27.2737854908335,27.98906492010837,28.280779146547616,29.195267362427707,29.911369075988485,31.434207084003248,61.21241704098932,46.120915958910544,63.05134591919686,79.80405691442009,82.40728123169698,57.43423506955317,32.09742821409815,58.615744945838195,28.280779146547616,27.2737854908335,64.96561099724144,133.51287391109517,
27.2737854908335,27.2737854908335,27.2737854908335,27.2737854908335,27.2737854908335,27.2737854908335,27.2737854908335,27.2737854908335,27.98906492010837,28.280779146547616,28.280779146547616,29.195267362427707,56.80633767459402,55.99453326086432,27.2737854908335,28.280779146547616,36.16571834864433,61.446509008956355,117.6765057265043,27.2737854908335,27.2737854908335,66.94893576450636,52.98748408244871,84.31303280039214,
27.2737854908335,27.2737854908335,27.2737854908335,27.2737854908335,27.2737854908335,27.2737854908335,27.2737854908335,27.2737854908335,27.2737854908335,27.2737854908335,27.2737854908335,27.98906492010837,27.2737854908335,44.45818948455839,68.6595870136785,115.5,27.2737854908335,117.6765057265043,51.887950190771654,61.25161222367947,65.77592433574934,66.94893576450636,56.15503321254508,83.50664644206472,
27.2737854908335,27.2737854908335,27.2737854908335,27.2737854908335,27.2737854908335,27.2737854908335,27.2737854908335,27.2737854908335,27.2737854908335,27.2737854908335,27.2737854908335,27.2737854908335,52.98748408244871,49.70270993617954,106.91439332475305,59.3978903244888,38.85819326311337,47.10084924924389,47.656435058333265,59.3978903244888,72.75548089319456,83.6215283285351,129.6696657750849,33.431068837779684,
27.2737854908335,27.2737854908335,27.2737854908335,27.2737854908335,27.2737854908335,27.2737854908335,27.2737854908335,27.2737854908335,27.2737854908335,27.2737854908335,27.2737854908335,27.2737854908335,27.2737854908335,58.615744945838195,27.2737854908335,54.37241373159738,59.3978903244888,57.32328657424895,56.80633767459402,32.09742821409815,65.27229291377945,38.67393785726707,56.04298641695152,43.05971306092145,
27.2737854908335,27.2737854908335,27.2737854908335,27.2737854908335,27.2737854908335,27.2737854908335,27.2737854908335,27.2737854908335,27.2737854908335,27.2737854908335,27.2737854908335,27.2737854908335,72.48178650530076,56.04298641695152,52.60357214552197,84.80896179060323,27.2737854908335,126.69130791021142,28.265059353323736,27.2737854908335,43.05971306092145,62.61185908403602,56.80633767459402,27.2737854908335,
27.2737854908335,27.2737854908335,27.2737854908335,27.2737854908335,27.2737854908335,27.2737854908335,27.2737854908335,27.2737854908335,27.2737854908335,27.2737854908335,27.2737854908335,27.2737854908335,79.82911436311943,9.99999999E8,37.262992529383595,61.21241704098932,59.3978903244888,43.05971306092145,103.18376271918412,108.59874538870143,108.82411267729225,27.2737854908335,32.09742821409815,66.94893576450636,
27.2737854908335,27.2737854908335,27.2737854908335,27.2737854908335,27.2737854908335,27.2737854908335,27.2737854908335,27.2737854908335,27.2737854908335,27.2737854908335,27.2737854908335,27.2737854908335,34.111719027337216,126.64393984711626,34.111719027337216,38.67393785726707,38.67393785726707,83.6215283285351,57.05926743308225,27.2737854908335,58.78011603268853,37.262992529383595,48.813989342764806,158.5,
27.2737854908335,27.2737854908335,27.2737854908335,27.2737854908335,27.2737854908335,27.2737854908335,27.2737854908335,27.2737854908335,27.2737854908335,27.2737854908335,27.2737854908335,27.2737854908335,126.69130791021142,58.615744945838195,124.37116828268519,66.94893576450636,38.67393785726707,27.2737854908335,27.2737854908335,127.67232363445973,58.615744945838195,27.2737854908335,9.99999999E8,58.84352130863686,
27.2737854908335,27.2737854908335,27.2737854908335,27.2737854908335,27.2737854908335,27.2737854908335,27.2737854908335,27.2737854908335,27.2737854908335,27.2737854908335,27.2737854908335,27.2737854908335,55.85403718074241,54.37241373159738,27.2737854908335,27.2737854908335,158.5,27.2737854908335,32.09742821409815,66.64653029228154,63.640701511602536,28.24311366311716,68.6595870136785,47.656435058333265,
27.2737854908335,27.2737854908335,27.2737854908335,27.2737854908335,27.2737854908335,27.2737854908335,27.2737854908335,27.2737854908335,27.2737854908335,27.2737854908335,27.2737854908335,27.2737854908335,27.2737854908335,27.2737854908335,57.35098780726567,34.111719027337216,57.163007050014436,84.80896179060323,103.04701596844035,83.6215283285351,56.22374387214,9.99999999E8,52.98748408244871,27.2737854908335,
27.2737854908335,27.2737854908335,27.2737854908335,27.2737854908335,27.2737854908335,27.2737854908335,27.2737854908335,27.2737854908335,27.2737854908335,27.2737854908335,27.2737854908335,27.2737854908335,27.2737854908335,27.2737854908335,57.35098780726567,59.3978903244888,57.374258649289374,65.67956726072086,57.23465345012195,62.493101660119585,27.2737854908335,38.67393785726707,54.37241373159738,27.2737854908335,
27.2737854908335,27.2737854908335,27.2737854908335,27.2737854908335,27.2737854908335,27.2737854908335,27.2737854908335,27.2737854908335,27.2737854908335,27.2737854908335,27.2737854908335,27.2737854908335,51.03740125173511,46.58474953124562,58.615744945838195,106.91439332475305,55.85403718074241,56.08630375936496,27.2737854908335,56.89000107419776,37.262992529383595,55.85403718074241,38.67393785726707,28.24311366311716,
27.2737854908335,27.2737854908335,27.2737854908335,27.2737854908335,27.2737854908335,27.2737854908335,27.2737854908335,27.2737854908335,27.2737854908335,27.2737854908335,27.2737854908335,27.2737854908335,53.793679926177205,66.19431622125876,87.19266024155932,27.2737854908335,111.224817374541,27.2737854908335,32.09742821409815,83.6215283285351,43.87640469419628,27.2737854908335,54.542271450683096,27.2737854908335,
27.2737854908335,27.2737854908335,27.2737854908335,27.2737854908335,27.2737854908335,27.2737854908335,27.2737854908335,27.2737854908335,27.2737854908335,27.2737854908335,27.2737854908335,27.2737854908335,55.808243118736506,144.74191591319433,51.74320607577385,95.09868558502792,104.83744030111042,52.60357214552197,38.67393785726707,9.99999999E8,144.7234911439359,27.2737854908335,59.43180031674027,27.2737854908335,
27.2737854908335,27.2737854908335,27.2737854908335,27.2737854908335,27.2737854908335,27.2737854908335,27.2737854908335,27.2737854908335,27.2737854908335,27.2737854908335,27.2737854908335,27.2737854908335,68.67900374609081,61.55336161844137,45.17539514526256,74.54597266664597,27.2737854908335,27.2737854908335,66.94893576450636,34.234846156482504,144.7234911439359,52.26241479304223,27.98906492010837,26.22897603173767,
26.22897603173767,27.2737854908335,27.2737854908335,27.2737854908335,27.2737854908335,27.2737854908335,27.2737854908335,27.2737854908335,27.2737854908335,27.2737854908335,27.2737854908335,27.2737854908335,26.22897603173767,27.2737854908335,27.2737854908335,126.69130791021142,56.20080615298056,27.2737854908335,64.96561099724144,27.2737854908335,9.99999999E8,38.67393785726707,43.05971306092145,57.374258649289374,
26.22897603173767,26.22897603173767,27.2737854908335,27.2737854908335,27.2737854908335,27.2737854908335,27.2737854908335,27.2737854908335,27.2737854908335,27.2737854908335,27.2737854908335,27.2737854908335,126.64393984711626,27.2737854908335,38.18121993278313,57.10831266111791,26.22897603173767,72.75548089319456,27.2737854908335,34.111719027337216,68.81961122302923,68.6595870136785,62.493101660119585,65.35562733760084,
26.22897603173767,26.22897603173767,26.22897603173767,27.2737854908335,27.2737854908335,27.2737854908335,27.2737854908335,27.2737854908335,27.2737854908335,27.2737854908335,27.2737854908335,27.2737854908335,27.98906492010837,72.44694610540874,58.615744945838195,39.67819772872755,34.111719027337216,34.07872320084777,70.89761788820711,84.164645190246,96.60354495544759,57.32776135714897,54.92242003246236,84.17058571733952,
26.22897603173767,26.22897603173767,26.22897603173767,27.2737854908335,27.2737854908335,27.2737854908335,27.2737854908335,27.2737854908335,27.2737854908335,27.2737854908335,27.2737854908335,27.2737854908335,108.57111724579424,27.2737854908335,28.418468906681092,51.71852236438659,68.6595870136785,27.2737854908335,83.26199613268949,58.615744945838195,72.69497919388931,72.75548089319456,27.2737854908335,126.69130791021142,
26.22897603173767,26.22897603173767,26.22897603173767,27.2737854908335,27.2737854908335,27.2737854908335,27.2737854908335,27.2737854908335,27.2737854908335,27.2737854908335,27.2737854908335,27.2737854908335,27.2737854908335,109.42891528293607,78.10689790281009,127.67232363445973,27.2737854908335,56.22374387214,117.62550743780024,25.988223392568422,54.37241373159738,66.94893576450636,27.2737854908335,68.29119635794939,
25.988223392568422,26.22897603173767,26.22897603173767,26.22897603173767,27.2737854908335,27.2737854908335,27.2737854908335,27.2737854908335,27.2737854908335,27.2737854908335,27.2737854908335,27.2737854908335,72.75548089319456,158.5,9.99999999E8,26.22897603173767,66.94893576450636,51.49580741981023,129.6696657750849,28.206548441806913,145.5,36.61545244872295,26.22897603173767,145.5,
25.988223392568422,26.22897603173767,26.22897603173767,26.22897603173767,26.22897603173767,26.22897603173767,27.2737854908335,27.2737854908335,27.2737854908335,27.2737854908335,27.2737854908335,27.2737854908335,31.824606133549487,36.484106128559596,41.44827117834313,46.99083835056456,136.3239605580113,34.111719027337216,38.85819326311337,51.74320607577385,127.67232363445973,106.91439332475305,66.94893576450636,25.988223392568422,
25.988223392568422,25.988223392568422,26.22897603173767,26.22897603173767,26.22897603173767,26.22897603173767,26.22897603173767,27.2737854908335,27.2737854908335,27.2737854908335,27.2737854908335,27.2737854908335,25.988223392568422,106.91439332475305,61.5603238245849,67.40317129037773,87.43774928484835,35.406346535614205,25.988223392568422,26.22897603173767,26.22897603173767,72.81651528299871,9.99999999E8,108.59874538870143,
25.988223392568422,25.988223392568422,25.988223392568422,25.988223392568422,26.22897603173767,26.22897603173767,26.22897603173767,26.22897603173767,26.22897603173767,26.22897603173767,26.22897603173767,27.2737854908335,91.5,60.957407716827625,38.85819326311337,44.21661876489427,74.0234572431079,61.80703337808732,79.36598767734198,115.69857388922301,79.82911436311943,115.65707933369231,79.80405691442009,26.22897603173767,
25.988223392568422,25.988223392568422,25.988223392568422,25.988223392568422,26.22897603173767,26.22897603173767,26.22897603173767,26.22897603173767,26.22897603173767,26.22897603173767,26.22897603173767,26.22897603173767,46.99083835056456,28.59386953526927,54.21994530738483,56.98754466472108,43.05971306092145,58.31928402243026,39.31505397920439,49.70270993617954,108.57111724579424,25.988223392568422,26.22897603173767,78.1777461941696,
25.988223392568422,25.988223392568422,25.988223392568422,25.988223392568422,25.988223392568422,26.22897603173767,26.22897603173767,26.22897603173767,26.22897603173767,26.22897603173767,26.22897603173767,26.22897603173767,117.61190415940045,96.92508561885421,57.910909761354596,46.83451955793101,26.22897603173767,102.93570809005007,25.988223392568422,77.79580644224983,46.99083835056456,39.73432177010968,61.80703337808732,37.17712857240173,
25.988223392568422,25.988223392568422,25.988223392568422,25.988223392568422,25.988223392568422,25.988223392568422,26.22897603173767,26.22897603173767,26.22897603173767,26.22897603173767,26.22897603173767,26.22897603173767,39.67819772872755,61.035722122376825,45.026522796037014,108.4697538487112,68.55005014586058,55.536384470003085,56.80633767459402,28.206548441806913,28.418468906681092,50.63837376890359,59.24079862917298,66.19431622125876,
25.988223392568422,25.988223392568422,25.988223392568422,25.988223392568422,25.988223392568422,25.988223392568422,26.22897603173767,26.22897603173767,26.22897603173767,26.22897603173767,26.22897603173767,26.22897603173767,37.17712857240173,109.09027225192905,51.217062586602914,44.30356143196115,30.225490019412096,26.22897603173767,44.137726367461305,66.94893576450636,28.59386953526927,56.506282836512966,56.2091827215289,81.43070673892005,
25.988223392568422,25.988223392568422,25.988223392568422,25.988223392568422,25.988223392568422,25.988223392568422,26.22897603173767,26.22897603173767,26.22897603173767,26.22897603173767,26.22897603173767,26.22897603173767,56.26153215119545,68.52816483023604,50.53819718786969,25.988223392568422,43.05971306092145,57.57444160850032,108.4697538487112,38.82509182348499,42.80349155020989,57.828530059901134,61.0131901722898,65.52459249947475,
25.988223392568422,25.988223392568422,25.988223392568422,25.988223392568422,25.988223392568422,25.988223392568422,25.988223392568422,26.22897603173767,26.22897603173767,26.22897603173767,26.22897603173767,26.22897603173767,42.80349155020989,42.06409104095845,52.60950484465711,109.83481916041015,44.30356143196115,72.69497919388931,45.12160440048059,108.4697538487112,82.81883843667454,70.52488922359254,25.988223392568422,43.05971306092145,
25.988223392568422,25.988223392568422,25.988223392568422,25.988223392568422,25.988223392568422,25.988223392568422,25.988223392568422,25.988223392568422,26.22897603173767,26.22897603173767,26.22897603173767,26.22897603173767,62.61185908403602,40.09500436463376,63.65379451026903,63.26329819065067,29.598817543949284,39.15484696453718,43.05971306092145,108.4697538487112,55.920563078352494,26.22897603173767,26.22897603173767,43.05971306092145,
25.988223392568422,25.988223392568422,25.988223392568422,25.988223392568422,25.988223392568422,25.988223392568422,25.988223392568422,25.988223392568422,26.22897603173767,26.22897603173767,26.22897603173767,26.22897603173767,28.418468906681092,25.988223392568422,25.988223392568422,25.988223392568422,57.442784310892826,56.2091827215289,79.80405691442009,42.04370903461962,50.63837376890359,28.418468906681092,25.988223392568422,55.80107525845716,
25.988223392568422,25.988223392568422,25.988223392568422,25.988223392568422,25.988223392568422,25.988223392568422,25.988223392568422,25.988223392568422,25.988223392568422,25.988223392568422,25.988223392568422,25.988223392568422,80.81266918002399,67.39204329889397,27.027192525352483,101.08250822663511,44.14022400260334,45.579295982081845,69.03239980054454,35.50395206515604,54.10045632894421,76.08858141812227,108.4697538487112,57.910909761354596,
25.988223392568422,25.988223392568422,25.988223392568422,25.988223392568422,25.988223392568422,25.988223392568422,25.988223392568422,25.988223392568422,25.988223392568422,25.988223392568422,25.988223392568422,25.988223392568422,39.107024624739736,25.988223392568422,44.137726367461305,25.988223392568422,56.80633767459402,26.22897603173767,115.15014353250089,61.5603238245849,61.5603238245849,85.85196561523796,101.97725236541726,54.55094458903123,
25.988223392568422,25.988223392568422,25.988223392568422,25.988223392568422,25.988223392568422,25.988223392568422,25.988223392568422,25.988223392568422,25.988223392568422,25.988223392568422,25.988223392568422,25.988223392568422,25.988223392568422,25.604870142220992,25.988223392568422,25.988223392568422,57.910909761354596,39.250597129215755,48.418585016499605,81.43070673892005,25.988223392568422,58.27240744458526,57.57444160850032,79.07046786815474,
25.604870142220992,25.988223392568422,25.988223392568422,25.988223392568422,25.988223392568422,25.988223392568422,25.988223392568422,25.988223392568422,25.988223392568422,25.988223392568422,25.988223392568422,25.988223392568422,46.83451955793101,63.529199457206055,54.192798183891554,62.309955964074454,57.57444160850032,72.69497919388931,72.0374052496482,35.50395206515604,25.988223392568422,25.988223392568422,25.988223392568422,58.0672502840935,
25.604870142220992,25.988223392568422,25.988223392568422,25.988223392568422,25.988223392568422,25.988223392568422,25.988223392568422,25.988223392568422,25.988223392568422,25.988223392568422,25.988223392568422,25.988223392568422,28.418468906681092,38.85819326311337,79.80405691442009,28.010879582762122,25.988223392568422,25.988223392568422,46.83064568207447,53.22410690237607,67.18749883720929,36.66394547725577,43.463506403520746,29.17042303853192,
25.604870142220992,25.988223392568422,25.988223392568422,25.988223392568422,25.988223392568422,25.988223392568422,25.988223392568422,25.988223392568422,25.988223392568422,25.988223392568422,25.988223392568422,25.988223392568422,70.52488922359254,25.988223392568422,36.816738343071925,25.789572327131104,68.55005014586058,53.03734533326494,55.85403718074241,79.80405691442009,102.93570809005007,36.9793485911018,99.9334153324102,25.604870142220992,
25.604870142220992,25.604870142220992,25.789572327131104,25.988223392568422,25.988223392568422,25.988223392568422,25.988223392568422,25.988223392568422,25.988223392568422,25.988223392568422,25.988223392568422,25.988223392568422,72.72228415172957,99.9334153324102,66.94893576450636,25.988223392568422,29.578862231483665,56.208178897736936,61.5603238245849,41.27717959787897,40.53836917045381,117.61190415940045,39.72713050245618,99.9334153324102,
25.604870142220992,25.604870142220992,25.789572327131104,25.988223392568422,25.988223392568422,25.988223392568422,25.988223392568422,25.988223392568422,25.988223392568422,25.988223392568422,25.988223392568422,25.988223392568422,52.44005323865976,43.05971306092145,25.988223392568422,103.18376271918412,100.2304289569235,108.67238609692896,54.05422624550277,25.988223392568422,115.65707933369231,43.05971306092145,25.604870142220992,57.910909761354596,
25.604870142220992,25.604870142220992,25.604870142220992,25.789572327131104,25.988223392568422,25.988223392568422,25.988223392568422,25.988223392568422,25.988223392568422,25.988223392568422,25.988223392568422,25.988223392568422,39.225111535851624,53.67057492001458,56.322685464732444,45.17223275691493,54.82845976315585,64.33613983515711,64.84190174742119,69.03239980054454,45.05823895758892,59.825904831342825,25.988223392568422,99.9334153324102,
25.604870142220992,25.604870142220992,25.604870142220992,25.789572327131104,25.988223392568422,25.988223392568422,25.988223392568422,25.988223392568422,25.988223392568422,25.988223392568422,25.988223392568422,25.988223392568422,25.988223392568422,36.46723700803229,43.05971306092145,57.910909761354596,35.342637717300136,123.25456381002692,25.988223392568422,25.988223392568422,72.87789445366819,33.69138428441313,25.604870142220992,106.5442982988766,
25.604870142220992,25.604870142220992,25.604870142220992,25.604870142220992,25.789572327131104,25.988223392568422,25.988223392568422,25.988223392568422,25.988223392568422,25.988223392568422,25.988223392568422,25.988223392568422,22.440593729079012,25.604870142220992,103.18376271918412,79.80405691442009,49.6599373237623,46.83451955793101,101.90858648808745,79.80405691442009,75.33185839264083,55.95625113261544,25.604870142220992,28.418468906681092,
22.440593729079012,25.604870142220992,25.604870142220992,25.604870142220992,25.604870142220992,25.604870142220992,25.604870142220992,25.789572327131104,25.988223392568422,25.988223392568422,25.988223392568422,25.988223392568422,52.47036200455348,52.55651719815536,25.604870142220992,61.5603238245849,93.16189612115508,62.753160746479296,54.14922796207615,25.428514997930964,52.12446642412755,103.18376271918412,32.67219341002716,25.604870142220992,
22.440593729079012,25.428514997930964,25.604870142220992,25.604870142220992,25.604870142220992,25.604870142220992,25.604870142220992,25.604870142220992,25.604870142220992,25.604870142220992,25.789572327131104,25.988223392568422,25.604870142220992,30.346169445252883,52.55651719815536,25.604870142220992,59.27736123981529,41.043993165870205,52.74914427952573,39.023279289811256,25.428514997930964,44.137726367461305,28.010879582762122,79.80405691442009,
22.440593729079012,25.428514997930964,25.428514997930964,25.604870142220992,25.604870142220992,25.604870142220992,25.604870142220992,25.604870142220992,25.604870142220992,25.604870142220992,25.604870142220992,25.604870142220992,99.9334153324102,47.27020438100752,108.82411267729225,42.06409104095845,25.604870142220992,39.32059733778214,66.94893576450636,96.34811881920685,44.137726367461305,56.6187910503218,61.13486911920416,55.12805130617557,
22.440593729079012,25.428514997930964,25.428514997930964,25.604870142220992,25.604870142220992,25.604870142220992,25.604870142220992,25.604870142220992,25.604870142220992,25.604870142220992,25.604870142220992,25.604870142220992,55.85403718074241,72.69497919388931,72.87789445366819,25.604870142220992,115.65707933369231,72.65645188143995,60.39006540814474,23.330023574784487,55.920563078352494,27.027192525352483,42.09939874867573,103.18376271918412,
22.440593729079012,23.330023574784487,25.428514997930964,25.428514997930964,25.604870142220992,25.604870142220992,25.604870142220992,25.604870142220992,25.604870142220992,25.604870142220992,25.604870142220992,25.604870142220992,34.27701241717127,32.63590110317664,44.00157825452275,79.80405691442009,115.15014353250089,57.910909761354596,25.604870142220992,25.604870142220992,45.17223275691493,72.87789445366819,91.5,52.55651719815536,
22.440593729079012,23.330023574784487,25.428514997930964,25.428514997930964,25.604870142220992,25.604870142220992,25.604870142220992,25.604870142220992,25.604870142220992,25.604870142220992,25.604870142220992,25.604870142220992,74.78729095834993,25.604870142220992,25.428514997930964,115.15014353250089,54.72622771578542,25.428514997930964,40.93420788289423,47.94597299597341,42.533398641538156,39.26296278827644,68.38939519399189,72.65645188143995,
22.440593729079012,23.330023574784487,25.428514997930964,25.428514997930964,25.428514997930964,25.428514997930964,25.604870142220992,25.604870142220992,25.604870142220992,25.604870142220992,25.604870142220992,25.604870142220992,35.39053545794412,44.76560268413092,45.959165548986896,25.428514997930964,108.4697538487112,67.18749883720929,36.36268551632544,103.18376271918412,61.54175619124011,25.428514997930964,72.87789445366819,34.17029960360313,
22.440593729079012,23.330023574784487,25.428514997930964,25.428514997930964,25.428514997930964,25.428514997930964,25.428514997930964,25.428514997930964,25.604870142220992,25.604870142220992,25.604870142220992,25.604870142220992,25.428514997930964,54.46429449648641,56.590389839814875,70.4873905193136,52.47246897183322,27.259677180773803,53.15035277399389,50.06854676341226,61.59744230046555,25.604870142220992,25.428514997930964,36.50384380096017,
22.440593729079012,23.330023574784487,25.428514997930964,25.428514997930964,25.428514997930964,25.428514997930964,25.428514997930964,25.428514997930964,25.428514997930964,25.428514997930964,25.604870142220992,25.604870142220992,44.11756311266523,22.440593729079012,69.32229256821776,39.49188999022458,50.13084919305005,72.65645188143995,83.89642051363097,82.81883843667454,61.54175619124011,25.428514997930964,91.5,85.61868954848585,
22.440593729079012,22.440593729079012,23.330023574784487,25.428514997930964,25.428514997930964,25.428514997930964,25.428514997930964,25.428514997930964,25.428514997930964,25.428514997930964,25.428514997930964,25.428514997930964,25.428514997930964,25.428514997930964,89.06267456123243,34.43225590799389,72.27300848243445,23.951481569785095,102.85274668184609,57.56947887517468,33.15252629891121,35.678564993564414,58.92485798785508,25.428514997930964,
22.440593729079012,22.440593729079012,23.330023574784487,23.951481569785095,25.428514997930964,25.428514997930964,25.428514997930964,25.428514997930964,25.428514997930964,25.428514997930964,25.428514997930964,25.428514997930964,25.428514997930964,64.69744971789846,25.428514997930964,68.33819850566738,35.42162274691394,22.440593729079012,23.803558032361465,25.604870142220992,63.33100604388512,69.9295280184908,36.46645676694958,38.9703907861429,
22.440593729079012,22.440593729079012,22.440593729079012,23.330023574784487,23.803558032361465,23.951481569785095,25.428514997930964,25.428514997930964,25.428514997930964,25.428514997930964,25.428514997930964,25.428514997930964,85.61868954848585,85.61868954848585,46.9737225717198,91.5,22.440593729079012,94.81856358329838,117.61190415940045,22.440593729079012,54.192798183891554,115.5,79.9008065596893,71.52454124284894,
22.440593729079012,22.440593729079012,22.440593729079012,22.440593729079012,22.440593729079012,23.330023574784487,23.803558032361465,23.951481569785095,25.428514997930964,25.428514997930964,25.428514997930964,25.428514997930964,34.026496574519726,22.440593729079012,57.075470869717755,100.26309141453798,52.79030523240619,52.863598061425975,35.59128820256956,47.139568187340124,56.76078736459282,78.62753970460986,103.18376271918412,54.72622771578542,
22.440593729079012,22.440593729079012,22.440593729079012,22.440593729079012,22.440593729079012,22.440593729079012,23.330023574784487,23.803558032361465,23.951481569785095,25.428514997930964,25.428514997930964,25.428514997930964,83.83726796598276,39.26296278827644,78.85784678774839,22.440593729079012,25.428514997930964,45.516590381969515,30.039297178862224,22.440593729079012,23.803558032361465,42.04370903461962,96.34811881920685,82.78502280002101,
22.440593729079012,22.440593729079012,22.440593729079012,22.440593729079012,22.440593729079012,22.440593729079012,22.440593729079012,22.440593729079012,23.330023574784487,23.803558032361465,23.803558032361465,23.951481569785095,83.6215283285351,108.38674965142188,69.70624075360828,38.82509182348499,25.573906454783646,75.22281716488835,23.502327012447086,71.98582626929742,101.70821009141788,41.11606270358214,84.05169540229394,22.440593729079012,
22.440593729079012,22.440593729079012,22.440593729079012,22.440593729079012,22.440593729079012,22.440593729079012,22.440593729079012,22.440593729079012,22.440593729079012,23.330023574784487,23.502327012447086,23.803558032361465,51.217062586602914,25.428514997930964,23.780033641691933,22.440593729079012,69.29364599297688,47.0758843665086,24.97158879433946,23.502327012447086,121.38460455190446,22.440593729079012,83.6215283285351,24.306713610247932,
22.440593729079012,22.440593729079012,22.440593729079012,22.440593729079012,22.440593729079012,22.440593729079012,22.440593729079012,22.440593729079012,22.440593729079012,22.440593729079012,22.440593729079012,23.330023574784487,22.440593729079012,22.440593729079012,27.62080901981495,68.65715953602768,25.789572327131104,121.38460455190446,47.852795111675555,39.023279289811256,108.43287093865956,22.141520128036532,22.440593729079012,115.62940802408356,
22.141520128036532,22.440593729079012,22.440593729079012,22.440593729079012,22.440593729079012,22.440593729079012,22.440593729079012,22.440593729079012,22.440593729079012,22.440593729079012,22.440593729079012,22.440593729079012,58.4962012061942,34.582642809268776,23.181013243600894,22.440593729079012,24.116578841120894,22.440593729079012,22.141520128036532,39.023279289811256,86.28839725015177,78.66231626388839,27.59063347506823,24.517155403735345,
22.141520128036532,22.141520128036532,22.440593729079012,22.440593729079012,22.440593729079012,22.440593729079012,22.440593729079012,22.440593729079012,22.440593729079012,22.440593729079012,22.440593729079012,22.440593729079012,114.54120437641643,45.05823895758892,22.141520128036532,25.428514997930964,22.440593729079012,22.141520128036532,33.35205203581933,48.92810218753093,72.65645188143995,22.440593729079012,54.72622771578542,31.2840214806217,
22.141520128036532,22.141520128036532,22.141520128036532,22.141520128036532,22.440593729079012,22.440593729079012,22.440593729079012,22.440593729079012,22.440593729079012,22.440593729079012,22.440593729079012,22.440593729079012,52.62768728899034,113.89770629823938,22.141520128036532,51.842911762361496,38.8030085094926,121.38460455190446,120.95545552897656,52.761751952866405,54.72622771578542,39.023279289811256,22.440593729079012,22.440593729079012,
22.141520128036532,22.141520128036532,22.141520128036532,22.141520128036532,22.141520128036532,22.440593729079012,22.440593729079012,22.440593729079012,22.440593729079012,22.440593729079012,22.440593729079012,22.440593729079012,23.502327012447086,75.5434018002602,55.10731645190693,25.428514997930964,114.2667444573831,68.95911379215949,23.803558032361465,22.141520128036532,83.06479398638149,22.440593729079012,22.141520128036532,44.470320158505714,
22.141520128036532,22.141520128036532,22.141520128036532,22.141520128036532,22.141520128036532,22.141520128036532,22.141520128036532,22.440593729079012,22.440593729079012,22.440593729079012,22.440593729079012,22.440593729079012,46.7572978042913,40.84693650963585,36.89954456207948,79.40490469038352,33.5761727270992,78.43825597245262,23.924033418301356,83.83726796598276,71.95605234716365,120.95545552897656,22.141520128036532,33.5761727270992,
22.141520128036532,22.141520128036532,22.141520128036532,22.141520128036532,22.141520128036532,22.141520128036532,22.141520128036532,22.141520128036532,22.440593729079012,22.440593729079012,22.440593729079012,22.440593729079012,121.38460455190446,95.95383728068872,22.141520128036532,23.502327012447086,56.14094366463353,54.72622771578542,144.7234911439359,103.18376271918412,22.141520128036532,151.5,38.8030085094926,22.141520128036532,
22.141520128036532,22.141520128036532,22.141520128036532,22.141520128036532,22.141520128036532,22.141520128036532,22.141520128036532,22.141520128036532,22.141520128036532,22.141520128036532,22.141520128036532,22.440593729079012,22.618139775710564,27.620463428407568,24.998271545187148,23.347162568500693,65.64400812312678,61.774666126171816,151.5,53.76621202535618,31.48219955608072,22.141520128036532,73.58911621083215,33.35205203581933,
22.141520128036532,22.141520128036532,22.141520128036532,22.141520128036532,22.141520128036532,22.141520128036532,22.141520128036532,22.141520128036532,22.141520128036532,22.141520128036532,22.141520128036532,22.141520128036532,56.506282836512966,101.88110717890731,113.89770629823938,113.89770629823938,27.365854636754907,48.94015620008675,40.84693650963585,33.35205203581933,38.8030085094926,27.42425933366296,37.63682521474013,37.63682521474013,
22.141520128036532,22.141520128036532,22.141520128036532,22.141520128036532,22.141520128036532,22.141520128036532,22.141520128036532,22.141520128036532,22.141520128036532,22.141520128036532,22.141520128036532,22.141520128036532,113.89770629823938,22.141520128036532,34.32311741215954,53.76621202535618,22.141520128036532,43.05971306092145,151.5,51.70757651822173,24.411262200513562,64.69744971789846,38.88024523312263,113.89770629823938,
22.141520128036532,22.141520128036532,22.141520128036532,22.141520128036532,22.141520128036532,22.141520128036532,22.141520128036532,22.141520128036532,22.141520128036532,22.141520128036532,22.141520128036532,22.141520128036532,22.141520128036532,71.65755756063386,57.49224316976471,22.141520128036532,66.66518516872391,120.95545552897656,63.37893971975233,114.18707238562516,25.988223392568422,47.0758843665086,99.9334153324102,22.141520128036532,
22.141520128036532,22.141520128036532,22.141520128036532,22.141520128036532,22.141520128036532,22.141520128036532,22.141520128036532,22.141520128036532,22.141520128036532,22.141520128036532,22.141520128036532,22.141520128036532,95.02309064170687,38.88024523312263,96.85283796679487,85.85196561523796,23.924033418301356,27.365854636754907,22.141520128036532,37.63682521474013,45.821176839029135,78.61181960633007,66.77042758587068,22.141520128036532,
22.141520128036532,22.141520128036532,22.141520128036532,22.141520128036532,22.141520128036532,22.141520128036532,22.141520128036532,22.141520128036532,22.141520128036532,22.141520128036532,22.141520128036532,22.141520128036532,101.88110717890731,38.8030085094926,27.61093327585354,52.80728524550377,114.35771727347482,90.68919788070076,51.70757651822173,115.15014353250089,56.225967088170215,64.99046083849537,38.88024523312263,24.105827284930694,
22.141520128036532,22.141520128036532,22.141520128036532,22.141520128036532,22.141520128036532,22.141520128036532,22.141520128036532,22.141520128036532,22.141520128036532,22.141520128036532,22.141520128036532,22.141520128036532,23.30429145028872,38.8030085094926,22.141520128036532,22.141520128036532,61.446509008956355,39.12300314393055,47.74032769984816,37.09123885771409,33.16157414840254,39.15494062056537,107.1361750297256,39.71876441826433,
22.141520128036532,22.141520128036532,22.141520128036532,22.141520128036532,22.141520128036532,22.141520128036532,22.141520128036532,22.141520128036532,22.141520128036532,22.141520128036532,22.141520128036532,22.141520128036532,44.82619496568988,38.8030085094926,56.26864135555434,56.506282836512966,120.95545552897656,75.35563829085534,52.62768728899034,22.141520128036532,27.365854636754907,61.34621442836842,41.804740922966666,78.66231626388839,
22.141520128036532,22.141520128036532,22.141520128036532,22.141520128036532,22.141520128036532,22.141520128036532,22.141520128036532,22.141520128036532,22.141520128036532,22.141520128036532,22.141520128036532,22.141520128036532,108.43287093865956,113.89770629823938,29.788577928461102,69.84606089266755,44.19965356199073,45.735762812048954,120.95545552897656,47.0758843665086,27.62080901981495,93.81982732876884,30.645322685022194,83.06479398638149,
22.141520128036532,22.141520128036532,22.141520128036532,22.141520128036532,22.141520128036532,22.141520128036532,22.141520128036532,22.141520128036532,22.141520128036532,22.141520128036532,22.141520128036532,22.141520128036532,61.59744230046555,22.440593729079012,77.8347280971623,56.14094366463353,22.440593729079012,22.141520128036532,120.74859097406572,44.19965356199073,23.181013243600894,83.06479398638149,38.8030085094926,23.30429145028872,
22.141520128036532,22.141520128036532,22.141520128036532,22.141520128036532,22.141520128036532,22.141520128036532,22.141520128036532,22.141520128036532,22.141520128036532,22.141520128036532,22.141520128036532,22.141520128036532,113.89770629823938,73.75709711614198,75.22281716488835,22.141520128036532,86.18648023327093,95.95383728068872,63.60664710197792,57.036294487710975,79.87368500047782,22.141520128036532,113.89770629823938,73.58911621083215,
22.141520128036532,22.141520128036532,22.141520128036532,22.141520128036532,22.141520128036532,22.141520128036532,22.141520128036532,22.141520128036532,22.141520128036532,22.141520128036532,22.141520128036532,22.141520128036532,68.29428508301409,81.64642606317123,84.79910900999425,114.3183602926494,71.99773239059516,108.24826788452552,55.13841580929927,80.74944100253711,25.8187795025249,94.77772062320666,22.141520128036532,23.803558032361465,
22.141520128036532,22.141520128036532,22.141520128036532,22.141520128036532,22.141520128036532,22.141520128036532,22.141520128036532,22.141520128036532,22.141520128036532,22.141520128036532,22.141520128036532,22.141520128036532,22.141520128036532,22.141520128036532,50.01135673493707,114.2667444573831,145.5,40.84693650963585,58.17917433696196,75.22281716488835,57.828530059901134,47.32306226589973,24.323509946031113,43.05971306092145,
22.141520128036532,22.141520128036532,22.141520128036532,22.141520128036532,22.141520128036532,22.141520128036532,22.141520128036532,22.141520128036532,22.141520128036532,22.141520128036532,22.141520128036532,22.141520128036532,47.32671742069359,22.141520128036532,83.06479398638149,52.8498064406704,113.89770629823938,86.12599781715159,80.7879167945306,36.905618696318115,66.17262520506961,115.62940802408356,74.29743854938742,22.141520128036532,
22.141520128036532,22.141520128036532,22.141520128036532,22.141520128036532,22.141520128036532,22.141520128036532,22.141520128036532,22.141520128036532,22.141520128036532,22.141520128036532,22.141520128036532,22.141520128036532,30.717751332309145,94.9888882390403,83.83726796598276,38.8030085094926,27.365854636754907,23.181013243600894,22.618139775710564,52.60357214552197,47.0758843665086,106.70595109927093,27.365854636754907,75.22281716488835,
22.141520128036532,22.141520128036532,22.141520128036532,22.141520128036532,22.141520128036532,22.141520128036532,22.141520128036532,22.141520128036532,22.141520128036532,22.141520128036532,22.141520128036532,22.141520128036532,73.64346542633636,84.76178384154028,54.72622771578542,38.8030085094926,36.91015273606979,72.67296608781011,22.141520128036532,61.59744230046555,108.43287093865956,78.49292254011752,83.06479398638149,120.95545552897656,
22.141520128036532,22.141520128036532,22.141520128036532,22.141520128036532,22.141520128036532,22.141520128036532,22.141520128036532,22.141520128036532,22.141520128036532,22.141520128036532,22.141520128036532,22.141520128036532,67.8019324268588,22.141520128036532,23.30429145028872,22.141520128036532,63.950554879436,27.365854636754907,38.8030085094926,108.24826788452552,22.141520128036532,38.8030085094926,101.6255873291761,64.66034333345284,
22.141520128036532,22.141520128036532,22.141520128036532,22.141520128036532,22.141520128036532,22.141520128036532,22.141520128036532,22.141520128036532,22.141520128036532,22.141520128036532,22.141520128036532,22.141520128036532,27.365854636754907,30.18872927103756,52.79545434978281,30.625311789796076,89.91306565232887,70.4873905193136,54.192798183891554,151.5,124.37116828268519,43.05971306092145,22.141520128036532,22.141520128036532,
22.141520128036532,22.141520128036532,22.141520128036532,22.141520128036532,22.141520128036532,22.141520128036532,22.141520128036532,22.141520128036532,22.141520128036532,22.141520128036532,22.141520128036532,22.141520128036532,23.803558032361465,23.181013243600894,61.59744230046555,27.365854636754907,43.05971306092145,22.141520128036532,101.05989333467717,82.39999999999999,39.161324990352405,23.441203040799763,22.141520128036532,48.14727406614003,
22.141520128036532,22.141520128036532,22.141520128036532,22.141520128036532,22.141520128036532,22.141520128036532,22.141520128036532,22.141520128036532,22.141520128036532,22.141520128036532,22.141520128036532,22.141520128036532,24.5542200491529,27.62080901981495,23.41559309520047,23.803558032361465,115.5,22.141520128036532,61.59744230046555,24.308621740219888,33.35205203581933,108.20415375062498,27.62080901981495,54.72622771578542,
22.141520128036532,22.141520128036532,22.141520128036532,22.141520128036532,22.141520128036532,22.141520128036532,22.141520128036532,22.141520128036532,22.141520128036532,22.141520128036532,22.141520128036532,22.141520128036532,22.8332657473993,120.95545552897656,42.80276146335525,33.159861110820245,22.141520128036532,22.141520128036532,22.141520128036532,56.552090048811536,27.620463428407568,22.141520128036532,23.347162568500693,68.96455158267905,
22.141520128036532,22.141520128036532,22.141520128036532,22.141520128036532,22.141520128036532,22.141520128036532,22.141520128036532,22.141520128036532,22.141520128036532,22.141520128036532,22.141520128036532,22.141520128036532,23.803558032361465,23.181013243600894,43.487191246033994,23.93929823532845,22.141520128036532,23.181013243600894,120.95545552897656,44.00157825452275,24.308621740219888,54.72622771578542,22.141520128036532,22.141520128036532,
22.141520128036532,22.141520128036532,22.141520128036532,22.141520128036532,22.141520128036532,22.141520128036532,22.141520128036532,22.141520128036532,22.141520128036532,22.141520128036532,22.141520128036532,22.141520128036532,108.4259539962642,133.5166188157864,120.95545552897656,52.62768728899034,77.8347280971623,22.141520128036532,70.4873905193136,22.141520128036532,83.06479398638149,57.46711351549222,40.43685063019731,39.205986468905486,
22.141520128036532,22.141520128036532,22.141520128036532,22.141520128036532,22.141520128036532,22.141520128036532,22.141520128036532,22.141520128036532,22.141520128036532,22.141520128036532,22.141520128036532,22.141520128036532,65.67108464175608,23.181013243600894,27.365854636754907,22.141520128036532,23.803558032361465,22.141520128036532,33.35205203581933,40.43685063019731,29.788577928461102,25.599961419724014,22.141520128036532,71.75724382120823,
22.141520128036532,22.141520128036532,22.141520128036532,22.141520128036532,22.141520128036532,22.141520128036532,22.141520128036532,22.141520128036532,22.141520128036532,22.141520128036532,22.141520128036532,22.141520128036532,33.35205203581933,22.141520128036532,24.308621740219888,120.95545552897656,65.89235516458493,38.8030085094926,48.80033014460274,27.62080901981495,33.35205203581933,22.8332657473993,47.0758843665086,22.141520128036532,
22.141520128036532,22.141520128036532,22.141520128036532,22.141520128036532,22.141520128036532,22.141520128036532,22.141520128036532,22.141520128036532,22.141520128036532,22.141520128036532,22.141520128036532,22.141520128036532,75.22281716488835,91.5,120.95545552897656,33.35205203581933,120.95545552897656,75.22281716488835,22.141520128036532,69.63575869399924,72.67296608781011,151.5,108.15331196449274,22.141520128036532,
22.141520128036532,22.141520128036532,22.141520128036532,22.141520128036532,22.141520128036532,22.141520128036532,22.141520128036532,22.141520128036532,22.141520128036532,22.141520128036532,22.141520128036532,22.141520128036532,120.95545552897656,75.22281716488835,25.513008059554906,23.181013243600894,22.141520128036532,41.56452062757371,30.64707254462579,43.05971306092145,29.788577928461102,33.35205203581933,55.70036456114895,38.8030085094926,
22.141520128036532,22.141520128036532,22.141520128036532,22.141520128036532,22.141520128036532,22.141520128036532,22.141520128036532,22.141520128036532,22.141520128036532,22.141520128036532,22.141520128036532,22.141520128036532,22.141520128036532,100.1133732325507,43.25921144681211,120.95545552897656,27.365854636754907,27.42425933366296,65.63723724822859,113.89770629823938,40.105762955244,70.62216365985964,22.141520128036532,75.92192627224951,
22.141520128036532,22.141520128036532,22.141520128036532,22.141520128036532,22.141520128036532,22.141520128036532,22.141520128036532,22.141520128036532,22.141520128036532,22.141520128036532,22.141520128036532,22.141520128036532,27.61093327585354,38.8030085094926,22.141520128036532,23.41559309520047,75.22281716488835,93.15678987599347,47.83858915399677,33.35205203581933,108.24826788452552,22.141520128036532,45.30297313642892,51.217062586602914,
22.141520128036532,22.141520128036532,22.141520128036532,22.141520128036532,22.141520128036532,22.141520128036532,22.141520128036532,22.141520128036532,22.141520128036532,22.141520128036532,22.141520128036532,22.141520128036532,47.264777410598995,120.95545552897656,22.141520128036532,75.22281716488835,56.14094366463353,101.92036106686434,113.98985700491075,22.141520128036532,89.02913848847466,27.3378743687215,68.78809831021499,43.487191246033994,
22.141520128036532,22.141520128036532,22.141520128036532,22.141520128036532,22.141520128036532,22.141520128036532,22.141520128036532,22.141520128036532,22.141520128036532,22.141520128036532,22.141520128036532,22.141520128036532,38.8030085094926,120.95545552897656,22.141520128036532,108.43287093865956,41.49649604091253,30.717751332309145,61.102145807019106,38.8030085094926,75.53236980850588,40.84693650963585,23.803558032361465,29.17042303853192,
22.141520128036532,22.141520128036532,22.141520128036532,22.141520128036532,22.141520128036532,22.141520128036532,22.141520128036532,22.141520128036532,22.141520128036532,22.141520128036532,22.141520128036532,22.141520128036532,103.18376271918412,64.99046083849537,27.673420132289067,108.24826788452552,120.95545552897656,22.141520128036532,77.82555060216801,84.97874884406126,33.35205203581933,22.141520128036532,27.365854636754907,38.8030085094926,
22.141520128036532,22.141520128036532,22.141520128036532,22.141520128036532,22.141520128036532,22.141520128036532,22.141520128036532,22.141520128036532,22.141520128036532,22.141520128036532,22.141520128036532,22.141520128036532,47.666958041067495,103.18376271918412,22.141520128036532,22.618139775710564,108.43287093865956,22.141520128036532,33.35205203581933,77.8347280971623,22.141520128036532,40.84693650963585,54.72622771578542,33.35205203581933,
22.141520128036532,22.141520128036532,22.141520128036532,22.141520128036532,22.141520128036532,22.141520128036532,22.141520128036532,22.141520128036532,22.141520128036532,22.141520128036532,22.141520128036532,22.141520128036532,43.05971306092145,30.717751332309145,51.70757651822173,115.62940802408356,47.0758843665086,23.803558032361465,23.500851048419502,82.79951690680326,43.05971306092145,24.9448775018088,22.141520128036532,54.72622771578542,
22.141520128036532,22.141520128036532,22.141520128036532,22.141520128036532,22.141520128036532,22.141520128036532,22.141520128036532,22.141520128036532,22.141520128036532,22.141520128036532,22.141520128036532,22.141520128036532,114.2667444573831,114.3183602926494,27.365854636754907,62.696136687642536,48.663527296003615,108.43287093865956,33.35205203581933,22.141520128036532,47.0758843665086,62.91390943185775,27.365854636754907,35.8704803149427,
22.141520128036532,22.141520128036532,22.141520128036532,22.141520128036532,22.141520128036532,22.141520128036532,22.141520128036532,22.141520128036532,22.141520128036532,22.141520128036532,22.141520128036532,22.141520128036532,144.7234911439359,40.84693650963585,67.18749883720929,75.22281716488835,43.05971306092145,44.19965356199073,80.47476312484554,69.63575869399924,23.181013243600894,120.95545552897656,22.141520128036532,120.95545552897656,
22.141520128036532,22.141520128036532,22.141520128036532,22.141520128036532,22.141520128036532,22.141520128036532,22.141520128036532,22.141520128036532,22.141520128036532,22.141520128036532,22.141520128036532,22.141520128036532,71.72538331891226,22.141520128036532,61.551040708057066,32.4439420385378,22.141520128036532,38.4251219906977,22.141520128036532,72.67296608781011,24.46922670530386,120.95545552897656,40.105762955244,44.19965356199073,
22.141520128036532,22.141520128036532,22.141520128036532,22.141520128036532,22.141520128036532,22.141520128036532,22.141520128036532,22.141520128036532,22.141520128036532,22.141520128036532,22.141520128036532,22.141520128036532,22.141520128036532,22.141520128036532,50.2971724409589,22.141520128036532,23.500851048419502,22.141520128036532,27.365854636754907,120.95545552897656,27.365854636754907,37.63682521474013,93.18362248807459,64.99046083849537,
22.141520128036532,22.141520128036532,22.141520128036532,22.141520128036532,22.141520128036532,22.141520128036532,22.141520128036532,22.141520128036532,22.141520128036532,22.141520128036532,22.141520128036532,22.141520128036532,51.842911762361496,38.8030085094926,48.80033014460274,99.9334153324102,83.03107851882932,23.475306174787153,22.141520128036532,22.141520128036532,34.582642809268776,69.00342181531451,68.78809831021499,120.95545552897656,
22.141520128036532,22.141520128036532,22.141520128036532,22.141520128036532,22.141520128036532,22.141520128036532,22.141520128036532,22.141520128036532,22.141520128036532,22.141520128036532,22.141520128036532,22.141520128036532,90.66399055674458,114.2045861601013,23.30429145028872,22.141520128036532,22.141520128036532,38.8030085094926,61.59744230046555,84.54915729917123,53.76621202535618,23.693023762280745,44.19965356199073,48.88222808160673,
22.141520128036532,22.141520128036532,22.141520128036532,22.141520128036532,22.141520128036532,22.141520128036532,22.141520128036532,22.141520128036532,22.141520128036532,22.141520128036532,22.141520128036532,22.141520128036532,113.98985700491075,47.0758843665086,23.803558032361465,38.8030085094926,22.141520128036532,22.618139775710564,22.141520128036532,23.181013243600894,27.61093327585354,22.141520128036532,27.410316375171266,68.96715983569621,
22.141520128036532,22.141520128036532,22.141520128036532,22.141520128036532,22.141520128036532,22.141520128036532,22.141520128036532,22.141520128036532,22.141520128036532,22.141520128036532,22.141520128036532,22.141520128036532,22.141520128036532,115.62940802408356,75.33185839264083,33.35205203581933,56.56682380649948,26.345587865902708,72.1171885814255,95.95383728068872,96.32320592671321,108.24826788452552,23.181013243600894,47.139568187340124,
22.141520128036532,22.141520128036532,22.141520128036532,22.141520128036532,22.141520128036532,22.141520128036532,22.141520128036532,22.141520128036532,22.141520128036532,22.141520128036532,22.141520128036532,22.141520128036532,22.141520128036532,29.821321642237724,30.645322685022194,39.023279289811256,117.5,50.18781053732682,79.26340580621047,39.205986468905486,25.460693501557397,22.141520128036532,83.06479398638149,22.141520128036532,
22.141520128036532,22.141520128036532,22.141520128036532,22.141520128036532,22.141520128036532,22.141520128036532,22.141520128036532,22.141520128036532,22.141520128036532,22.141520128036532,22.141520128036532,22.141520128036532,120.95545552897656,79.26340580621047,48.33362068880097,120.95545552897656,120.95545552897656,43.05971306092145,102.6201193182355,103.18376271918412,27.61093327585354,36.905618696318115,39.18047185780181,22.8332657473993,
22.141520128036532,22.141520128036532,22.141520128036532,22.141520128036532,22.141520128036532,22.141520128036532,22.141520128036532,22.141520128036532,22.141520128036532,22.141520128036532,22.141520128036532,22.141520128036532,61.54175619124011,40.84693650963585,69.22768392935173,64.99046083849537,72.67296608781011,22.141520128036532,38.8030085094926,103.18376271918412,120.95545552897656,23.803558032361465,26.60455730012816,24.415050164933373,
22.141520128036532,22.141520128036532,22.141520128036532,22.141520128036532,22.141520128036532,22.141520128036532,22.141520128036532,22.141520128036532,22.141520128036532,22.141520128036532,22.141520128036532,22.141520128036532,44.19965356199073,22.8332657473993,108.92055591117776,33.35205203581933,22.141520128036532,27.55160447398498,35.67014683176956,40.43685063019731,22.141520128036532,93.02788560426384,63.407333960670506,22.141520128036532,
22.141520128036532,22.141520128036532,22.141520128036532,22.141520128036532,22.141520128036532,22.141520128036532,22.141520128036532,22.141520128036532,22.141520128036532,22.141520128036532,22.141520128036532,22.141520128036532,27.61093327585354,23.181013243600894,46.15937066295423,22.141520128036532,79.48043085495253,22.141520128036532,27.62080901981495,27.105190610373715,38.8030085094926,33.35205203581933,120.95545552897656,36.11433092221402,
22.141520128036532,22.141520128036532,22.141520128036532,22.141520128036532,22.141520128036532,22.141520128036532,22.141520128036532,22.141520128036532,22.141520128036532,22.141520128036532,22.141520128036532,22.141520128036532,22.141520128036532,43.487191246033994,22.141520128036532,103.18376271918412,72.69497919388931,22.24665323699081,44.19965356199073,44.19965356199073,34.582642809268776,44.2448796472541,38.8030085094926,43.05971306092145,
22.141520128036532,22.141520128036532,22.141520128036532,22.141520128036532,22.141520128036532,22.141520128036532,22.141520128036532,22.141520128036532,22.141520128036532,22.141520128036532,22.141520128036532,22.141520128036532,64.14171809360893,44.963207180982984,22.141520128036532,47.0758843665086,43.25921144681211,63.44135524683845,46.315246310651595,23.30429145028872,29.788577928461102,120.95545552897656,23.181013243600894,23.181013243600894,
22.141520128036532,22.141520128036532,22.141520128036532,22.141520128036532,22.141520128036532,22.141520128036532,22.141520128036532,22.141520128036532,22.141520128036532,22.141520128036532,22.141520128036532,22.141520128036532,52.62768728899034,22.141520128036532,23.441203040799763,25.660653456263912,24.411262200513562,51.842911762361496,63.45448937799612,40.84693650963585,73.75709711614198,23.41559309520047,50.69102728208988,120.95545552897656,
22.141520128036532,22.141520128036532,22.141520128036532,22.141520128036532,22.141520128036532,22.141520128036532,22.141520128036532,22.141520128036532,22.141520128036532,22.141520128036532,22.141520128036532,22.141520128036532,22.141520128036532,22.141520128036532,38.8030085094926,108.24826788452552,22.141520128036532,60.73022311831236,43.479525478119804,108.24826788452552,95.98683358785318,30.717751332309145,22.141520128036532,22.141520128036532,
22.141520128036532,22.141520128036532,22.141520128036532,22.141520128036532,22.141520128036532,22.141520128036532,22.141520128036532,22.141520128036532,22.141520128036532,22.141520128036532,22.141520128036532,22.141520128036532,22.141520128036532,36.88152536948881,82.39999999999999,55.85403718074241,57.762963912874135,151.5,22.141520128036532,120.95545552897656,30.617147519359516,33.69837157658483,27.365854636754907,30.875115016348154,
22.141520128036532,22.141520128036532,22.141520128036532,22.141520128036532,22.141520128036532,22.141520128036532,22.141520128036532,22.141520128036532,22.141520128036532,22.141520128036532,22.141520128036532,22.141520128036532,99.9334153324102,41.33783166217856,54.72622771578542,39.32059733778214,51.67359093386098,22.141520128036532,43.511952380926324,47.83858915399677,25.8187795025249,79.36291465301802,113.98985700491075,120.95545552897656,
22.141520128036532,22.141520128036532,22.141520128036532,22.141520128036532,22.141520128036532,22.141520128036532,22.141520128036532,22.141520128036532,22.141520128036532,22.141520128036532,22.141520128036532,22.141520128036532,56.88374108653544,25.428514997930964,23.347162568500693,24.302456151590935,58.99602200356308,22.141520128036532,43.05971306092145,22.141520128036532,34.89464663292012,22.141520128036532,36.84575111189891,23.803558032361465,
22.141520128036532,22.141520128036532,22.141520128036532,22.141520128036532,22.141520128036532,22.141520128036532,22.141520128036532,22.141520128036532,22.141520128036532,22.141520128036532,22.141520128036532,22.141520128036532,47.264777410598995,22.141520128036532,45.97159726507271,40.43685063019731,47.852795111675555,83.6215283285351,75.22281716488835,68.78809831021499,59.400944623989126,39.269700469955204,39.574472692493195,23.951481569785095,
22.141520128036532,22.141520128036532,22.141520128036532,22.141520128036532,22.141520128036532,22.141520128036532,22.141520128036532,22.141520128036532,22.141520128036532,22.141520128036532,22.141520128036532,22.141520128036532,68.85753408306167,54.72622771578542,45.17223275691493,120.95545552897656,26.48155447236297,22.141520128036532,56.14094366463353,86.12309504424466,103.18376271918412,113.90209611767467,43.05971306092145,81.68724230597796,
22.141520128036532,22.141520128036532,22.141520128036532,22.141520128036532,22.141520128036532,22.141520128036532,22.141520128036532,22.141520128036532,22.141520128036532,22.141520128036532,22.141520128036532,22.141520128036532,86.00981048694388,50.2971724409589,37.63682521474013,38.8030085094926,22.24665323699081,23.30429145028872,114.40143137216423,22.141520128036532,22.141520128036532,56.56682380649948,68.85753408306167,37.64933229450719,
22.141520128036532,22.141520128036532,22.141520128036532,22.141520128036532,22.141520128036532,22.141520128036532,22.141520128036532,22.141520128036532,22.141520128036532,22.141520128036532,22.141520128036532,22.141520128036532,47.291971964012006,66.20022005856528,27.365854636754907,120.95545552897656,99.9334153324102,120.95545552897656,22.141520128036532,35.67014683176956,54.192798183891554,27.62080901981495,54.192798183891554,63.45448937799612,
22.141520128036532,22.141520128036532,22.141520128036532,22.141520128036532,22.141520128036532,22.141520128036532,22.141520128036532,22.141520128036532,22.141520128036532,22.141520128036532,22.141520128036532,22.141520128036532,27.978854989627653,22.141520128036532,47.0758843665086,47.666958041067495,66.17167067559954,27.365854636754907,47.96088941606741,23.441203040799763,44.185510917041576,23.347162568500693,38.8030085094926,30.955563531944414,
22.141520128036532,22.141520128036532,22.141520128036532,22.141520128036532,22.141520128036532,22.141520128036532,22.141520128036532,22.141520128036532,22.141520128036532,22.141520128036532,22.141520128036532,22.141520128036532,56.14094366463353,24.411262200513562,38.8030085094926,113.89770629823938,23.181013243600894,22.141520128036532,63.4912504908266,22.24665323699081,115.62940802408356,22.141520128036532,63.15449311015012,37.64933229450719,
22.141520128036532,22.141520128036532,22.141520128036532,22.141520128036532,22.141520128036532,22.141520128036532,22.141520128036532,22.141520128036532,22.141520128036532,22.141520128036532,22.141520128036532,22.141520128036532,120.95545552897656,23.30429145028872,87.19266024155932,55.956316667557736,52.62768728899034,48.80033014460274,22.8332657473993,113.89770629823938,64.69744971789846,23.803558032361465,48.80033014460274,22.141520128036532,
22.141520128036532,22.141520128036532,22.141520128036532,22.141520128036532,22.141520128036532,22.141520128036532,22.141520128036532,22.141520128036532,22.141520128036532,22.141520128036532,22.141520128036532,22.141520128036532,22.141520128036532,69.40398821571361,22.141520128036532,158.5,27.541703915071313,77.8347280971623,34.582642809268776,30.254345866122804,48.80033014460274,23.46678503758024,47.0758843665086,151.5,
22.141520128036532,22.141520128036532,22.141520128036532,22.141520128036532,22.141520128036532,22.141520128036532,22.141520128036532,22.141520128036532,22.141520128036532,22.141520128036532,22.141520128036532,22.141520128036532,44.438905550548974,54.72622771578542,106.91439332475305,79.40490469038352,127.2092272596607,35.8704803149427,83.83726796598276,67.18749883720929,22.141520128036532,27.61093327585354,77.8347280971623,22.141520128036532,
22.141520128036532,22.141520128036532,22.141520128036532,22.141520128036532,22.141520128036532,22.141520128036532,22.141520128036532,22.141520128036532,22.141520128036532,22.141520128036532,22.141520128036532,22.141520128036532,39.205986468905486,120.95545552897656,38.8030085094926,85.97592322854113,23.347162568500693,22.24665323699081,58.570233243706845,29.788577928461102,23.803558032361465,22.141520128036532,80.54786889591475,63.45448937799612,
22.141520128036532,22.141520128036532,22.141520128036532,22.141520128036532,22.141520128036532,22.141520128036532,22.141520128036532,22.141520128036532,22.141520128036532,22.141520128036532,22.141520128036532,22.141520128036532,23.355727348982306,43.44629152083731,44.4365769946336,49.91380325222714,22.141520128036532,22.141520128036532,22.141520128036532,70.41642011791158,120.95545552897656,61.788828885163376,23.803558032361465,114.35771727347482,
22.141520128036532,22.141520128036532,22.141520128036532,22.141520128036532,22.141520128036532,22.141520128036532,22.141520128036532,22.141520128036532,22.141520128036532,22.141520128036532,22.141520128036532,22.141520128036532,86.00981048694388,80.7879167945306,91.5,94.9888882390403,22.141520128036532,25.23607289179519,80.7879167945306,22.141520128036532,22.141520128036532,23.803558032361465,113.29116862707741,120.95545552897656,
22.141520128036532,22.141520128036532,22.141520128036532,22.141520128036532,22.141520128036532,22.141520128036532,22.141520128036532,22.141520128036532,22.141520128036532,22.141520128036532,22.141520128036532,22.141520128036532,83.06479398638149,54.72622771578542,79.82911436311943,52.51163892150218,23.347162568500693,108.92055591117776,54.72622771578542,66.13223285374707,38.8030085094926,113.98985700491075,120.95545552897656,25.460693501557397,
22.141520128036532,22.141520128036532,22.141520128036532,22.141520128036532,22.141520128036532,22.141520128036532,22.141520128036532,22.141520128036532,22.141520128036532,22.141520128036532,22.141520128036532,22.141520128036532,27.61093327585354,38.8030085094926,22.618139775710564,22.141520128036532,22.141520128036532,27.365854636754907,89.82126349033396,40.84693650963585,26.61290877713759,48.03268563060876,22.141520128036532,71.49397006113202,
22.141520128036532,22.141520128036532,22.141520128036532,22.141520128036532,22.141520128036532,22.141520128036532,22.141520128036532,22.141520128036532,22.141520128036532,22.141520128036532,22.141520128036532,22.141520128036532,74.64321385765754,113.96353583493274,47.3583817980578,79.20111316471893,38.8030085094926,31.091660586477065,133.52036361544256,22.141520128036532,38.8030085094926,120.95545552897656,39.225111535851624,22.141520128036532,
22.141520128036532,22.141520128036532,22.141520128036532,22.141520128036532,22.141520128036532,22.141520128036532,22.141520128036532,22.141520128036532,22.141520128036532,22.141520128036532,22.141520128036532,22.141520128036532,151.5,23.181013243600894,44.19965356199073,38.8030085094926,22.141520128036532,53.76621202535618,90.78681015411426,22.141520128036532,52.62768728899034,38.8030085094926,22.141520128036532,40.43685063019731,
22.141520128036532,22.141520128036532,22.141520128036532,22.141520128036532,22.141520128036532,22.141520128036532,22.141520128036532,22.141520128036532,22.141520128036532,22.141520128036532,22.141520128036532,22.141520128036532,75.22281716488835,86.00981048694388,32.653461083169404,50.53891389990309,47.264777410598995,55.956316667557736,120.95545552897656,25.604870142220992,42.85510471344108,78.1777461941696,22.141520128036532,47.666958041067495,
22.141520128036532,22.141520128036532,22.141520128036532,22.141520128036532,22.141520128036532,22.141520128036532,22.141520128036532,22.141520128036532,22.141520128036532,22.141520128036532,22.141520128036532,22.141520128036532,22.141520128036532,56.14094366463353,22.141520128036532,27.365854636754907,38.8030085094926,86.42735388752799,108.24826788452552,40.84693650963585,38.8030085094926,24.46922670530386,23.803558032361465,120.95545552897656,
22.141520128036532,22.141520128036532,22.141520128036532,22.141520128036532,22.141520128036532,22.141520128036532,22.141520128036532,22.141520128036532,22.141520128036532,22.141520128036532,22.141520128036532,22.141520128036532,120.95545552897656,151.5,52.863598061425975,22.141520128036532,120.95545552897656,46.15937066295423,38.8030085094926,38.8030085094926,50.12896947122405,22.141520128036532,22.8332657473993,47.36743047060665,
22.141520128036532,22.141520128036532,22.141520128036532,22.141520128036532,22.141520128036532,22.141520128036532,22.141520128036532,22.141520128036532,22.141520128036532,22.141520128036532,22.141520128036532,22.141520128036532,81.36682370597983,27.365854636754907,22.141520128036532,30.254345866122804,23.951481569785095,23.803558032361465,50.56497133916534,26.60455730012816,34.582642809268776,86.00981048694388,39.64600302118179,120.95545552897656,
22.141520128036532,22.141520128036532,22.141520128036532,22.141520128036532,22.141520128036532,22.141520128036532,22.141520128036532,22.141520128036532,22.141520128036532,22.141520128036532,22.141520128036532,22.141520128036532,94.77018389294199,114.35771727347482,42.80349155020989,94.9888882390403,42.85510471344108,46.544211631132356,101.88110717890731,61.55336161844137,101.05989333467717,52.62768728899034,83.06479398638149,86.00981048694388,
22.141520128036532,22.141520128036532,22.141520128036532,22.141520128036532,22.141520128036532,22.141520128036532,22.141520128036532,22.141520128036532,22.141520128036532,22.141520128036532,22.141520128036532,22.141520128036532,113.91087524902967,90.02755133846527,38.8030085094926,38.8030085094926,22.141520128036532,113.96353583493274,22.141520128036532,22.141520128036532,123.60161811238555,59.36165054608536,39.225111535851624,22.141520128036532,
22.141520128036532,22.141520128036532,22.141520128036532,22.141520128036532,22.141520128036532,22.141520128036532,22.141520128036532,22.141520128036532,22.141520128036532,22.141520128036532,22.141520128036532,22.141520128036532,44.39717755668709,100.6618376325187,87.74452712743016,57.3681273950643,72.67296608781011,87.19266024155932,44.185510917041576,23.181013243600894,56.60216917712214,51.842911762361496,9.99999999E8,27.365854636754907,
22.141520128036532,22.141520128036532,22.141520128036532,22.141520128036532,22.141520128036532,22.141520128036532,22.141520128036532,22.141520128036532,22.141520128036532,22.141520128036532,22.141520128036532,22.141520128036532,22.141520128036532,59.555970147810655,23.63662412443875,51.67359093386098,45.55974100014178,83.06479398638149,56.18816045218067,22.141520128036532,22.141520128036532,68.85753408306167,58.570233243706845,50.01135673493707,
22.141520128036532,22.141520128036532,22.141520128036532,22.141520128036532,22.141520128036532,22.141520128036532,22.141520128036532,22.141520128036532,22.141520128036532,22.141520128036532,22.141520128036532,22.141520128036532,38.8030085094926,37.64933229450719,37.63682521474013,120.95545552897656,27.365854636754907,22.141520128036532,114.40143137216423,24.05675108420239,38.8030085094926,27.61093327585354,29.130900689817334,61.59744230046555,
22.141520128036532,22.141520128036532,22.141520128036532,22.141520128036532,22.141520128036532,22.141520128036532,22.141520128036532,22.141520128036532,22.141520128036532,22.141520128036532,22.141520128036532,22.141520128036532,22.141520128036532,87.63423988373494,51.67359093386098,83.06479398638149,27.62080901981495,108.43287093865956,61.58816477876513,108.15331196449274,23.30429145028872,27.594465848328095,54.72622771578542,33.67221676424322,
22.141520128036532,22.141520128036532,22.141520128036532,22.141520128036532,22.141520128036532,22.141520128036532,22.141520128036532,22.141520128036532,22.141520128036532,22.141520128036532,22.141520128036532,22.141520128036532,22.141520128036532,57.72659157615318,33.35205203581933,61.21241704098932,54.72622771578542,39.24422728249341,22.8332657473993,27.365854636754907,42.56711387530836,23.355727348982306,57.49513022856805,22.141520128036532,
22.141520128036532,22.141520128036532,22.141520128036532,22.141520128036532,22.141520128036532,22.141520128036532,22.141520128036532,22.141520128036532,22.141520128036532,22.141520128036532,22.141520128036532,22.141520128036532,78.54018079938446,22.141520128036532,23.181013243600894,57.22027612656199,75.22281716488835,101.70427719619268,38.8030085094926,54.72622771578542,22.141520128036532,120.95545552897656,85.61868954848585,37.09123885771409,
22.141520128036532,22.141520128036532,22.141520128036532,22.141520128036532,22.141520128036532,22.141520128036532,22.141520128036532,22.141520128036532,22.141520128036532,22.141520128036532,22.141520128036532,22.141520128036532,43.49356274208863,34.582642809268776,43.479525478119804,59.46585154523561,151.5,23.41559309520047,151.5,22.141520128036532,38.8030085094926,61.75645209206889,59.39533277586342,83.14180657166405,
22.141520128036532,22.141520128036532,22.141520128036532,22.141520128036532,22.141520128036532,22.141520128036532,22.141520128036532,22.141520128036532,22.141520128036532,22.141520128036532,22.141520128036532,22.141520128036532,23.41559309520047,29.608951349211946,38.8030085094926,81.64642606317123,34.64867403299725,52.62768728899034,120.95545552897656,144.73040070727674,22.141520128036532,22.141520128036532,120.95545552897656,24.308621740219888,
22.141520128036532,22.141520128036532,22.141520128036532,22.141520128036532,22.141520128036532,22.141520128036532,22.141520128036532,22.141520128036532,22.141520128036532,22.141520128036532,22.141520128036532,22.141520128036532,24.05675108420239,39.574472692493195,34.15932339786607,79.44687253476725,48.60295169617013,83.25719188154258,39.053026629044886,38.8030085094926,61.59744230046555,22.141520128036532,58.570233243706845,47.83858915399677,
22.141520128036532,22.141520128036532,22.141520128036532,22.141520128036532,22.141520128036532,22.141520128036532,22.141520128036532,22.141520128036532,22.141520128036532,22.141520128036532,22.141520128036532,22.141520128036532,94.6540424657185,50.166635904998564,26.374919215731516,22.141520128036532,22.141520128036532,75.21173815007572,44.00157825452275,41.44827117834313,22.141520128036532,67.99759899722751,27.61093327585354,41.63397356849381,
22.141520128036532,22.141520128036532,22.141520128036532,22.141520128036532,22.141520128036532,22.141520128036532,22.141520128036532,22.141520128036532,22.141520128036532,22.141520128036532,22.141520128036532,22.141520128036532,23.63662412443875,114.2045861601013,43.69111557567411,26.60455730012816,58.68282090516572,38.8030085094926,48.46245324991297,38.8030085094926,41.43103440954496,43.487191246033994,86.00981048694388,36.923678374335324,
22.141520128036532,22.141520128036532,22.141520128036532,22.141520128036532,22.141520128036532,22.141520128036532,22.141520128036532,22.141520128036532,22.141520128036532,22.141520128036532,22.141520128036532,22.141520128036532,87.19266024155932,23.803558032361465,108.43287093865956,75.22281716488835,123.60161811238555,23.803558032361465,47.666958041067495,151.5,53.06561206349616,54.72622771578542,89.69469822062445,72.67296608781011,
22.141520128036532,22.141520128036532,22.141520128036532,22.141520128036532,22.141520128036532,22.141520128036532,22.141520128036532,22.141520128036532,22.141520128036532,22.141520128036532,22.141520128036532,22.141520128036532,38.88024523312263,22.141520128036532,83.06479398638149,39.71876441826433,34.60329110217756,38.8030085094926,50.58764053600444,55.95625113261544,23.803558032361465,44.610641947858134,38.8030085094926,83.83726796598276,
22.141520128036532,22.141520128036532,22.141520128036532,22.141520128036532,22.141520128036532,22.141520128036532,22.141520128036532,22.141520128036532,22.141520128036532,22.141520128036532,22.141520128036532,22.141520128036532,61.774666126171816,120.95545552897656,35.67014683176956,30.717751332309145,120.95545552897656,144.74191591319433,33.5761727270992,59.3978903244888,74.33276111513685,23.803558032361465,37.262992529383595,27.365854636754907,
22.141520128036532,22.141520128036532,22.141520128036532,22.141520128036532,22.141520128036532,22.141520128036532,22.141520128036532,22.141520128036532,22.141520128036532,22.141520128036532,22.141520128036532,22.141520128036532,39.023279289811256,46.7077014527583,69.98649423281609,23.693023762280745,24.105827284930694,106.63845460245567,80.75327181663235,38.8030085094926,22.141520128036532,26.60455730012816,45.70044433312326,108.16255770315757,
22.141520128036532,22.141520128036532,22.141520128036532,22.141520128036532,22.141520128036532,22.141520128036532,22.141520128036532,22.141520128036532,22.141520128036532,22.141520128036532,22.141520128036532,22.141520128036532,23.347162568500693,23.41559309520047,38.8030085094926,48.88222808160673,22.141520128036532,22.8332657473993,38.8030085094926,59.43180031674027,38.67393785726707,23.441203040799763,144.73040070727674,22.141520128036532,
22.141520128036532,22.141520128036532,22.141520128036532,22.141520128036532,22.141520128036532,22.141520128036532,22.141520128036532,22.141520128036532,22.141520128036532,22.141520128036532,22.141520128036532,22.141520128036532,37.09123885771409,22.141520128036532,41.81343846616344,31.065897701498987,60.499081719385536,38.8030085094926,40.84693650963585,54.192798183891554,76.18849978835388,87.19266024155932,47.27020438100752,22.141520128036532,
22.141520128036532,22.141520128036532,22.141520128036532,22.141520128036532,22.141520128036532,22.141520128036532,22.141520128036532,22.141520128036532,22.141520128036532,22.141520128036532,22.141520128036532,22.141520128036532,64.69744971789846,27.365854636754907,120.95545552897656,35.67014683176956,54.72622771578542,52.106965009191775,37.63682521474013,61.54175619124011,39.53301626488928,91.5,22.141520128036532,72.69497919388931,
22.141520128036532,22.141520128036532,22.141520128036532,22.141520128036532,22.141520128036532,22.141520128036532,22.141520128036532,22.141520128036532,22.141520128036532,22.141520128036532,22.141520128036532,22.141520128036532,22.141520128036532,33.468916435208044,44.19965356199073,56.56682380649948,64.47559259763594,115.62940802408356,47.852795111675555,22.141520128036532,22.618139775710564,22.141520128036532,91.5,23.181013243600894,
22.141520128036532,22.141520128036532,22.141520128036532,22.141520128036532,22.141520128036532,22.141520128036532,22.141520128036532,22.141520128036532,22.141520128036532,22.141520128036532,22.141520128036532,22.141520128036532,61.492763801930394,54.72622771578542,33.35205203581933,23.181013243600894,77.8347280971623,54.72622771578542,56.16546981909793,22.141520128036532,23.500851048419502,108.24826788452552,77.8347280971623,51.239362039570935,
22.141520128036532,22.141520128036532,22.141520128036532,22.141520128036532,22.141520128036532,22.141520128036532,22.141520128036532,22.141520128036532,22.141520128036532,22.141520128036532,22.141520128036532,22.141520128036532,83.06479398638149,77.91163085330857,47.35168231627909,101.65313571159524,27.59063347506823,27.59063347506823,78.88687399617815,22.141520128036532,27.365854636754907,47.83858915399677,55.95625113261544,38.8030085094926,
22.141520128036532,22.141520128036532,22.141520128036532,22.141520128036532,22.141520128036532,22.141520128036532,22.141520128036532,22.141520128036532,22.141520128036532,22.141520128036532,22.141520128036532,22.141520128036532,23.181013243600894,30.62259060816958,22.141520128036532,30.717751332309145,42.04370903461962,40.105762955244,86.22753330578348,44.2448796472541,46.185883151338956,77.8347280971623,55.5102490996216,63.45448937799612,
22.141520128036532,22.141520128036532,22.141520128036532,22.141520128036532,22.141520128036532,22.141520128036532,22.141520128036532,22.141520128036532,22.141520128036532,22.141520128036532,22.141520128036532,22.141520128036532,38.8030085094926,61.59744230046555,103.37055781131406,75.22281716488835,38.8030085094926,48.35452409030617,47.264777410598995,47.264777410598995,54.192798183891554,55.77283725076213,22.141520128036532,120.95545552897656,
22.141520128036532,22.141520128036532,22.141520128036532,22.141520128036532,22.141520128036532,22.141520128036532,22.141520128036532,22.141520128036532,22.141520128036532,22.141520128036532,22.141520128036532,22.141520128036532,45.12359569990947,22.141520128036532,114.40143137216423,38.88024523312263,103.18376271918412,23.181013243600894,101.89288493314928,108.24826788452552,47.0758843665086,52.62768728899034,43.05971306092145,34.582642809268776,
22.141520128036532,22.141520128036532,22.141520128036532,22.141520128036532,22.141520128036532,22.141520128036532,22.141520128036532,22.141520128036532,22.141520128036532,22.141520128036532,22.141520128036532,22.141520128036532,39.15484696453718,43.479525478119804,80.7879167945306,59.07545786722454,23.441203040799763,48.35452409030617,38.8030085094926,45.30297313642892,34.60329110217756,57.30449856298854,39.205986468905486,58.79469641498809,
22.141520128036532,22.141520128036532,22.141520128036532,22.141520128036532,22.141520128036532,22.141520128036532,22.141520128036532,22.141520128036532,22.141520128036532,22.141520128036532,22.141520128036532,22.141520128036532,38.8030085094926,50.2971724409589,40.84693650963585,64.7098137843094,83.83726796598276,71.80919161221632,39.205986468905486,76.50986864450886,63.39056425339371,46.73445597201277,31.04205816307933,38.8030085094926,
22.141520128036532,22.141520128036532,22.141520128036532,22.141520128036532,22.141520128036532,22.141520128036532,22.141520128036532,22.141520128036532,22.141520128036532,22.141520128036532,22.141520128036532,22.141520128036532,120.95545552897656,82.39999999999999,55.30948281162001,48.33362068880097,115.3074392897334,35.35688582157654,120.95545552897656,22.141520128036532,61.55336161844137,30.625311789796076,49.529172099772566,80.71434541365961,
22.141520128036532,22.141520128036532,22.141520128036532,22.141520128036532,22.141520128036532,22.141520128036532,22.141520128036532,22.141520128036532,22.141520128036532,22.141520128036532,22.141520128036532,22.141520128036532,108.27828729713082,53.22689208300938,22.141520128036532,24.308621740219888,114.35771727347482,48.35452409030617,22.141520128036532,56.22374387214,56.506282836512966,43.69111557567411,120.95545552897656,115.62940802408356,
22.141520128036532,22.141520128036532,22.141520128036532,22.141520128036532,22.141520128036532,22.141520128036532,22.141520128036532,22.141520128036532,22.141520128036532,22.141520128036532,22.141520128036532,22.141520128036532,65.36241196558757,39.43239252501569,33.35205203581933,103.18376271918412,33.35205203581933,66.17262520506961,87.99822441390508,22.141520128036532,52.49178750149437,22.141520128036532,33.45825078294658,145.5,
22.141520128036532,22.141520128036532,22.141520128036532,22.141520128036532,22.141520128036532,22.141520128036532,22.141520128036532,22.141520128036532,22.141520128036532,22.141520128036532,22.141520128036532,22.141520128036532,108.27828729713082,30.969178226100865,29.72535851382638,23.803558032361465,55.4408694015525,94.61479368298316,23.181013243600894,23.181013243600894,33.35205203581933,39.99511688944039,27.365854636754907,37.63682521474013,
22.141520128036532,22.141520128036532,22.141520128036532,22.141520128036532,22.141520128036532,22.141520128036532,22.141520128036532,22.141520128036532,22.141520128036532,22.141520128036532,22.141520128036532,22.141520128036532,70.44954853573506,25.513008059554906,74.33276111513685,42.71786893713932,22.141520128036532,114.2667444573831,83.06479398638149,26.42316396175901,75.85485603225062,52.60357214552197,43.05971306092145,22.141520128036532,
22.141520128036532,22.141520128036532,22.141520128036532,22.141520128036532,22.141520128036532,22.141520128036532,22.141520128036532,22.141520128036532,22.141520128036532,22.141520128036532,22.141520128036532,22.141520128036532,23.441203040799763,39.002199907609516,66.94893576450636,38.8030085094926,27.61093327585354,51.30408731280579,38.8030085094926,27.418734147449634,47.0758843665086,43.940041792507124,70.42115370319411,61.13486911920416,
22.141520128036532,22.141520128036532,22.141520128036532,22.141520128036532,22.141520128036532,22.141520128036532,22.141520128036532,22.141520128036532,22.141520128036532,22.141520128036532,22.141520128036532,22.141520128036532,83.06479398638149,104.83744030111042,22.141520128036532,108.15331196449274,51.425765672472004,79.87368500047782,80.7507739900987,24.128444172424754,108.24826788452552,24.308621740219888,54.076287760525716,48.80033014460274,
22.141520128036532,22.141520128036532,22.141520128036532,22.141520128036532,22.141520128036532,22.141520128036532,22.141520128036532,22.141520128036532,22.141520128036532,22.141520128036532,22.141520128036532,22.141520128036532,23.803558032361465,120.95545552897656,38.8030085094926,38.8030085094926,68.37111506330726,34.582642809268776,39.161324990352405,36.11433092221402,34.997375994931566,66.60548025500604,22.141520128036532,22.141520128036532,
22.141520128036532,22.141520128036532,22.141520128036532,22.141520128036532,22.141520128036532,22.141520128036532,22.141520128036532,22.141520128036532,22.141520128036532,22.141520128036532,22.141520128036532,22.141520128036532,22.141520128036532,23.771621736852534,33.35205203581933,23.181013243600894,38.8030085094926,48.80033014460274,35.83141080113927,120.95545552897656,63.61974710907159,87.19266024155932,151.5,27.62080901981495,
22.141520128036532,22.141520128036532,22.141520128036532,22.141520128036532,22.141520128036532,22.141520128036532,22.141520128036532,22.141520128036532,22.141520128036532,22.141520128036532,22.141520128036532,22.141520128036532,22.141520128036532,121.38460455190446,34.582642809268776,96.24520190060848,99.9334153324102,50.52613185273537,37.63682521474013,120.95545552897656,38.8030085094926,66.28073477617109,39.02452536863086,115.62940802408356,
22.141520128036532,22.141520128036532,22.141520128036532,22.141520128036532,22.141520128036532,22.141520128036532,22.141520128036532,22.141520128036532,22.141520128036532,22.141520128036532,22.141520128036532,22.141520128036532,25.57262567030357,56.221137719994715,49.25920356443524,39.225111535851624,106.64220552858048,47.83858915399677,22.8332657473993,60.51446108162907,9.99999999E8,40.84693650963585,59.93445493944939,23.803558032361465,
22.141520128036532,22.141520128036532,22.141520128036532,22.141520128036532,22.141520128036532,22.141520128036532,22.141520128036532,22.141520128036532,22.141520128036532,22.141520128036532,22.141520128036532,22.141520128036532,51.84939126932929,22.141520128036532,51.67359093386098,87.19266024155932,38.8030085094926,22.618139775710564,22.141520128036532,23.41559309520047,108.24826788452552,26.60455730012816,63.60664710197792,91.5,
22.141520128036532,22.141520128036532,22.141520128036532,22.141520128036532,22.141520128036532,22.141520128036532,22.141520128036532,22.141520128036532,22.141520128036532,22.141520128036532,22.141520128036532,22.141520128036532,38.8030085094926,56.60216917712214,54.192798183891554,37.09123885771409,22.8332657473993,38.531675281513515,22.141520128036532,151.5,79.24943042206816,23.181013243600894,23.181013243600894,47.666958041067495,
22.141520128036532,22.141520128036532,22.141520128036532,22.141520128036532,22.141520128036532,22.141520128036532,22.141520128036532,22.141520128036532,22.141520128036532,22.141520128036532,22.141520128036532,22.141520128036532,40.84693650963585,64.99046083849537,27.365854636754907,115.62940802408356,40.84693650963585,57.910909761354596,54.192798183891554,75.22281716488835,56.221137719994715,44.185510917041576,46.15937066295423,38.8030085094926,
22.141520128036532,22.141520128036532,22.141520128036532,22.141520128036532,22.141520128036532,22.141520128036532,22.141520128036532,22.141520128036532,22.141520128036532,22.141520128036532,22.141520128036532,22.141520128036532,108.24826788452552,22.141520128036532,108.24826788452552,113.89770629823938,115.62940802408356,22.141520128036532,101.84576574408972,26.60455730012816,120.95545552897656,100.10074924794519,22.141520128036532,60.30316925520766,
22.141520128036532,22.141520128036532,22.141520128036532,22.141520128036532,22.141520128036532,22.141520128036532,22.141520128036532,22.141520128036532,22.141520128036532,22.141520128036532,22.141520128036532,22.141520128036532,65.46943495693426,65.30589081392276,52.62768728899034,22.141520128036532,66.17262520506961,22.141520128036532,22.141520128036532,44.335497782661285,115.62940802408356,151.5,76.18849978835388,85.55517225743866,
