315.0,78.40892285750053,181.64158848310777,112.1160113453917,99.67168326282267,158.85108330340927,83.55811859821563,292.7404994188539,100.75603097471524,158.90877886385007,189.27905325207016,196.5581390856566,130.64011635022376,175.60911138093033,317.52270260040723,175.6079724841671,166.67933285203657,292.7575788942107,207.81000938357133,292.73025125531524,99.21861384505094,166.73781814573442,275.3406980451673,191.5718142107549,
78.40892285750053,83.55811859821563,99.21861384505094,99.67168326282267,100.75603097471524,112.1160113453917,130.64011635022376,158.85108330340927,158.90877886385007,166.67933285203657,166.73781814573442,175.6079724841671,210.18920048375463,96.19193775410126,115.65105562279432,99.63265863494091,100.0587827229574,85.76906979403084,102.52926411517835,189.74280838369958,110.58462822653065,189.88564980008366,166.67933285203657,65.9377508127819,
65.9377508127819,78.40892285750053,83.55811859821563,85.76906979403084,96.19193775410126,99.21861384505094,99.63265863494091,99.67168326282267,100.0587827229574,100.75603097471524,102.52926411517835,110.58462822653065,126.5485306601578,99.21861384505094,88.35577967316509,125.02212049171497,125.14967039509132,110.50791826833044,108.59864946981001,270.9083978026521,82.61204512660366,72.07457111667674,170.02635089891214,85.83182417271769,
65.9377508127819,72.07457111667674,78.40892285750053,82.61204512660366,83.55811859821563,85.76906979403084,85.83182417271769,88.35577967316509,96.19193775410126,99.21861384505094,99.21861384505094,99.63265863494091,139.84773060404677,89.80812880803163,83.55811859821563,96.19193775410126,111.67139293480672,170.66329184588426,101.29385195777898,86.64743376337107,317.5038057514692,124.80206550997285,172.53890421985344,317.5038057514692,
65.9377508127819,72.07457111667674,78.40892285750053,82.61204512660366,83.55811859821563,83.55811859821563,85.76906979403084,85.83182417271769,86.64743376337107,88.35577967316509,89.80812880803163,96.19193775410126,122.62819198450147,158.70894937666526,65.9377508127819,166.27186572999454,69.21343800159042,202.11754006023327,79.21647555906536,83.57697715944931,79.44675564331448,152.5543061553184,99.35341987479005,102.00120047312768,
65.9377508127819,65.9377508127819,69.21343800159042,72.07457111667674,78.40892285750053,79.21647555906536,79.44675564331448,82.61204512660366,83.55811859821563,83.55811859821563,83.57697715944931,85.76906979403084,111.52303688073617,164.55685947416472,275.169947487003,80.52052878338267,87.11550442436244,292.7276891583712,65.9377508127819,153.6069726308553,109.79526401443735,139.21221210799,91.28739099734443,125.62819924063405,
65.9377508127819,65.9377508127819,65.9377508127819,69.21343800159042,72.07457111667674,78.40892285750053,79.21647555906536,79.44675564331448,80.52052878338267,82.61204512660366,83.55811859821563,83.55811859821563,245.76547085924554,296.02139562313175,98.24988549611648,86.02906485601247,72.07457111667674,91.65696918401787,124.75445270365203,292.7404994188539,152.03124678828362,210.18920048375463,61.78575313080539,107.32585895300349,
61.78575313080539,65.9377508127819,65.9377508127819,65.9377508127819,69.21343800159042,72.07457111667674,72.07457111667674,78.40892285750053,79.21647555906536,79.44675564331448,80.52052878338267,82.61204512660366,317.49120722732886,80.86872077632984,79.62882643867107,315.0,104.12413126045183,65.9377508127819,68.60191121406329,90.71016113607854,134.50561326576673,148.58751629931768,106.55280381106824,127.85669060840475,
61.78575313080539,65.9377508127819,65.9377508127819,65.9377508127819,65.9377508127819,68.60191121406329,69.21343800159042,72.07457111667674,72.07457111667674,78.40892285750053,79.21647555906536,79.44675564331448,72.04930284753856,166.73781814573442,65.42048608807488,140.43622514626819,66.75452543960347,64.65168211268752,57.12851010368349,72.44154731766693,166.3570457379749,88.30767179559874,304.9338726128448,102.35233265539189,
57.12851010368349,61.78575313080539,64.65168211268752,65.42048608807488,65.9377508127819,65.9377508127819,65.9377508127819,65.9377508127819,66.75452543960347,68.60191121406329,69.21343800159042,72.04930284753856,57.83213823660466,213.43122753919795,99.15523183372625,65.9377508127819,57.12851010368349,270.1656899015861,77.26215114789387,165.6733734390251,324.5643233628736,63.667678875025224,66.75452543960347,101.11642108107317,
57.12851010368349,57.12851010368349,57.83213823660466,61.78575313080539,63.667678875025224,64.65168211268752,65.42048608807488,65.9377508127819,65.9377508127819,65.9377508127819,65.9377508127819,65.9377508127819,157.50996081233097,57.83213823660466,159.2543851316926,99.8445072091335,275.3406980451673,234.9666643022651,67.84865510826283,64.9323038374017,144.73270382175397,67.0547040358343,99.15523183372625,57.12851010368349,
57.12851010368349,57.12851010368349,57.12851010368349,57.83213823660466,57.83213823660466,61.78575313080539,63.667678875025224,64.65168211268752,64.9323038374017,65.42048608807488,65.9377508127819,65.9377508127819,63.94143153438674,57.12851010368349,64.65168211268752,64.65168211268752,304.9338726128448,64.30914916764695,290.0149421437914,61.78575313080539,64.72626820633465,99.15523183372625,66.66088410295617,165.22560334282335,
57.12851010368349,57.12851010368349,57.12851010368349,57.12851010368349,57.83213823660466,57.83213823660466,61.78575313080539,61.78575313080539,63.667678875025224,63.94143153438674,64.30914916764695,64.65168211268752,117.68099390526326,99.15523183372625,123.14782886881133,57.12851010368349,234.9666643022651,304.9338726128448,180.68204116624318,63.78218141978735,66.66088410295617,142.38991849456508,135.03635187063745,104.32002044989574,
57.12851010368349,57.12851010368349,57.12851010368349,57.12851010368349,57.12851010368349,57.83213823660466,57.83213823660466,61.78575313080539,61.78575313080539,63.667678875025224,63.78218141978735,63.94143153438674,99.15523183372625,114.88472483319966,164.3918083928353,67.47592163134935,153.3468291162227,70.48758755979665,157.22518882163888,157.50905383760113,157.8125987572938,99.4191128505983,69.21343800159042,304.9338726128448,
57.12851010368349,57.12851010368349,57.12851010368349,57.12851010368349,57.12851010368349,57.83213823660466,57.83213823660466,61.78575313080539,61.78575313080539,63.667678875025224,63.78218141978735,63.94143153438674,80.61482493933731,164.3918083928353,63.78218141978735,148.889220563478,152.43687217992897,152.5543061553184,144.8685227676768,57.83213823660466,191.57703411421735,57.12851010368349,68.15607089614248,189.610548229786,
57.12851010368349,57.12851010368349,57.12851010368349,57.12851010368349,57.12851010368349,57.12851010368349,57.83213823660466,57.83213823660466,57.83213823660466,61.78575313080539,61.78575313080539,63.667678875025224,292.7276891583712,166.67933285203657,104.83243772802386,57.83213823660466,67.61837692490988,58.59323055325305,57.12851010368349,64.30914916764695,151.19193100162457,104.99368299753921,88.29779159186259,103.38641109933162,
57.12851010368349,57.12851010368349,57.12851010368349,57.12851010368349,57.12851010368349,57.12851010368349,57.12851010368349,57.83213823660466,57.83213823660466,57.83213823660466,57.83213823660466,58.59323055325305,64.30914916764695,104.29841801293057,183.9395281063861,188.17367864112487,172.50661034361815,118.29048989669458,110.45763390951704,57.83213823660466,317.49330701606925,57.12851010368349,103.359808436355,161.46310208011406,
57.12851010368349,57.12851010368349,57.12851010368349,57.12851010368349,57.12851010368349,57.12851010368349,57.12851010368349,57.12851010368349,57.83213823660466,57.83213823660466,57.83213823660466,57.83213823660466,57.12851010368349,163.82917933017916,57.146071338174735,114.88472483319966,148.3602035587711,99.15523183372625,57.83213823660466,324.5643233628736,80.36227146214952,292.7276891583712,57.12851010368349,80.9229918641476,
57.12851010368349,57.12851010368349,57.12851010368349,57.12851010368349,57.12851010368349,57.12851010368349,57.12851010368349,57.12851010368349,57.12851010368349,57.12851010368349,57.146071338174735,57.83213823660466,70.48758755979665,121.2161705384228,161.68289952867622,66.103505726911,57.12851010368349,143.80658306674744,57.12851010368349,105.29802215325678,157.22518882163888,74.36423871727592,70.48758755979665,57.12851010368349,
57.12851010368349,57.12851010368349,57.12851010368349,57.12851010368349,57.12851010368349,57.12851010368349,57.12851010368349,57.12851010368349,57.12851010368349,57.12851010368349,57.12851010368349,57.12851010368349,57.12851010368349,111.44615245919971,198.7045545527329,111.44615245919971,198.14176742928282,99.15523183372625,164.47662447898182,68.20586485046574,86.24526014778543,173.26681088743464,57.12851010368349,57.12851010368349,
57.12851010368349,57.12851010368349,57.12851010368349,57.12851010368349,57.12851010368349,57.12851010368349,57.12851010368349,57.12851010368349,57.12851010368349,57.12851010368349,57.12851010368349,57.12851010368349,99.15523183372625,57.12851010368349,234.95531490051465,86.62434864273311,157.22518882163888,99.15523183372625,57.12851010368349,110.64067967976335,57.12851010368349,70.41335100675154,99.15523183372625,61.956082937979154,
57.12851010368349,57.12851010368349,57.12851010368349,57.12851010368349,57.12851010368349,57.12851010368349,57.12851010368349,57.12851010368349,57.12851010368349,57.12851010368349,57.12851010368349,57.12851010368349,317.49330701606925,304.9338726128448,66.66088410295617,70.48758755979665,53.539990775539906,139.38665646323537,58.42659211922827,296.02139562313175,66.66088410295617,57.12851010368349,99.15523183372625,56.569647338480024,
53.539990775539906,56.569647338480024,57.12851010368349,57.12851010368349,57.12851010368349,57.12851010368349,57.12851010368349,57.12851010368349,57.12851010368349,57.12851010368349,57.12851010368349,57.12851010368349,99.15523183372625,64.30914916764695,57.12851010368349,64.30914916764695,333.0,57.12851010368349,270.9054447588678,131.70208806241453,56.569647338480024,64.30914916764695,139.2107754450064,159.62560362715416,
53.539990775539906,56.569647338480024,56.569647338480024,57.12851010368349,57.12851010368349,57.12851010368349,57.12851010368349,57.12851010368349,57.12851010368349,57.12851010368349,57.12851010368349,57.12851010368349,61.806148561449774,59.8957427535547,66.65231137961307,57.12851010368349,132.27800676749013,57.12851010368349,99.15523183372625,57.12851010368349,125.62819924063405,57.12851010368349,53.539990775539906,164.51671647586454,
53.539990775539906,53.539990775539906,56.569647338480024,56.569647338480024,57.12851010368349,57.12851010368349,57.12851010368349,57.12851010368349,57.12851010368349,57.12851010368349,57.12851010368349,57.12851010368349,157.22518882163888,100.88359628799917,82.26380329970974,64.39017529527476,112.53888216967503,152.5543061553184,68.69672481275946,57.12851010368349,89.41454020459985,83.87093258890908,134.50561326576673,58.48325108472892,
53.539990775539906,53.539990775539906,56.569647338480024,56.569647338480024,57.12851010368349,57.12851010368349,57.12851010368349,57.12851010368349,57.12851010368349,57.12851010368349,57.12851010368349,57.12851010368349,57.12851010368349,57.93275482516478,86.52552609875694,83.87093258890908,67.7624527301071,119.81886328955054,53.539990775539906,164.3918083928353,95.0929369967437,99.15523183372625,147.57454014144574,73.35332343644423,
53.539990775539906,53.539990775539906,53.539990775539906,56.569647338480024,56.569647338480024,57.12851010368349,57.12851010368349,57.12851010368349,57.12851010368349,57.12851010368349,57.12851010368349,57.12851010368349,69.81881312845891,144.82172949296432,93.90598135014262,62.74320727514332,64.30914916764695,57.146071338174735,165.04847772699995,234.9666643022651,151.60092348003687,105.18436195556828,67.43470916375335,53.539990775539906,
53.539990775539906,53.539990775539906,53.539990775539906,53.539990775539906,56.569647338480024,56.569647338480024,57.12851010368349,57.12851010368349,57.12851010368349,57.12851010368349,57.12851010368349,57.12851010368349,99.15523183372625,99.15523183372625,57.12851010368349,57.12851010368349,86.41887653876451,85.41808941904519,324.5643233628736,53.539990775539906,95.0929369967437,96.35001527652697,143.5238727209391,172.84167581332687,
53.539990775539906,53.539990775539906,53.539990775539906,53.539990775539906,53.539990775539906,56.569647338480024,56.569647338480024,57.12851010368349,57.12851010368349,57.12851010368349,57.12851010368349,57.12851010368349,53.539990775539906,165.10198868174382,53.539990775539906,76.93219081419086,157.3103004009747,157.22518882163888,113.54734695271397,90.49681469194236,105.12215117027746,82.26380329970974,164.72692554649345,188.6001060445089,
53.539990775539906,53.539990775539906,53.539990775539906,53.539990775539906,53.539990775539906,53.539990775539906,53.539990775539906,56.569647338480024,56.569647338480024,57.12851010368349,57.12851010368349,57.12851010368349,102.45974819410792,130.37765657248687,57.12851010368349,59.35384480160964,57.12851010368349,57.12851010368349,70.48758755979665,73.64536645302269,55.681310190208976,95.0929369967437,99.15523183372625,116.29989968468016,
53.539990775539906,53.539990775539906,53.539990775539906,53.539990775539906,53.539990775539906,53.539990775539906,53.539990775539906,55.681310190208976,56.569647338480024,56.569647338480024,57.12851010368349,57.12851010368349,164.72692554649345,114.87928446852374,85.79772724262573,107.32585895300349,53.539990775539906,172.13023071654382,60.465002513235866,95.0929369967437,57.12851010368349,68.69672481275946,101.93767339015713,296.02139562313175,
53.539990775539906,53.539990775539906,53.539990775539906,53.539990775539906,53.539990775539906,53.539990775539906,53.539990775539906,53.539990775539906,55.681310190208976,56.569647338480024,56.569647338480024,57.12851010368349,57.12851010368349,53.539990775539906,78.61770666747341,57.12851010368349,94.56223627286751,69.79570187339618,56.29777970755152,251.1114493606375,82.26380329970974,304.9338726128448,109.00152904126315,53.539990775539906,
53.539990775539906,53.539990775539906,53.539990775539906,53.539990775539906,53.539990775539906,53.539990775539906,53.539990775539906,53.539990775539906,53.539990775539906,53.539990775539906,55.681310190208976,56.29777970755152,93.8,324.5643233628736,251.1114493606375,77.94125993336263,105.96055869992381,86.22206734913739,57.12851010368349,304.9338726128448,59.8957427535547,53.539990775539906,53.539990775539906,86.53836657164781,
53.539990775539906,53.539990775539906,53.539990775539906,53.539990775539906,53.539990775539906,53.539990775539906,53.539990775539906,53.539990775539906,53.539990775539906,53.539990775539906,53.539990775539906,53.539990775539906,166.6553329479738,97.34670084440077,296.02139562313175,152.6051550024878,175.20273970460622,114.46178401545207,88.92941020832197,123.14086839627109,164.72692554649345,172.13604017326125,296.02139562313175,56.29777970755152,
53.539990775539906,53.539990775539906,53.539990775539906,53.539990775539906,53.539990775539906,53.539990775539906,53.539990775539906,53.539990775539906,53.539990775539906,53.539990775539906,53.539990775539906,53.539990775539906,53.539990775539906,98.62752027249817,80.33955715862793,57.12851010368349,275.9002718374884,324.5643233628736,66.31406755399307,177.89322640280602,86.22206734913739,304.9338726128448,53.539990775539906,96.93865091291671,
53.539990775539906,53.539990775539906,53.539990775539906,53.539990775539906,53.539990775539906,53.539990775539906,53.539990775539906,53.539990775539906,53.539990775539906,53.539990775539906,53.539990775539906,53.539990775539906,159.62560362715416,53.539990775539906,62.73931958686054,165.93472612245253,53.539990775539906,53.539990775539906,324.5643233628736,59.90200330539873,53.539990775539906,95.0929369967437,95.0929369967437,317.49330701606925,
53.539990775539906,53.539990775539906,53.539990775539906,53.539990775539906,53.539990775539906,53.539990775539906,53.539990775539906,53.539990775539906,53.539990775539906,53.539990775539906,53.539990775539906,53.539990775539906,64.1037382388761,95.52402839076669,53.539990775539906,53.539990775539906,53.539990775539906,102.00120047312768,95.0929369967437,59.8957427535547,53.539990775539906,172.13604017326125,161.10762448334552,53.539990775539906,
53.539990775539906,53.539990775539906,53.539990775539906,53.539990775539906,53.539990775539906,53.539990775539906,53.539990775539906,53.539990775539906,53.539990775539906,53.539990775539906,53.539990775539906,53.539990775539906,53.539990775539906,57.12851010368349,176.3240199178773,57.12851010368349,95.0929369967437,59.8957427535547,53.539990775539906,106.09325038746705,315.0,95.0929369967437,80.02916135176395,177.89322640280602,
53.539990775539906,53.539990775539906,53.539990775539906,53.539990775539906,53.539990775539906,53.539990775539906,53.539990775539906,53.539990775539906,53.539990775539906,53.539990775539906,53.539990775539906,53.539990775539906,251.1114493606375,180.94013743040358,53.539990775539906,100.88359628799917,106.09325038746705,164.33502365594498,57.146071338174735,180.00544209460298,94.95144958228799,180.2623088723763,57.12851010368349,116.29989968468016,
53.539990775539906,53.539990775539906,53.539990775539906,53.539990775539906,53.539990775539906,53.539990775539906,53.539990775539906,53.539990775539906,53.539990775539906,53.539990775539906,53.539990775539906,53.539990775539906,53.539990775539906,128.71480101371404,64.30914916764695,95.0929369967437,53.539990775539906,164.49972644354153,324.5643233628736,68.20586485046574,53.539990775539906,81.891696770796,296.02139562313175,95.0929369967437,
53.539990775539906,53.539990775539906,53.539990775539906,53.539990775539906,53.539990775539906,53.539990775539906,53.539990775539906,53.539990775539906,53.539990775539906,53.539990775539906,53.539990775539906,53.539990775539906,95.0929369967437,59.8957427535547,152.54868744376768,59.8957427535547,59.8957427535547,57.12851010368349,95.571748878387,164.72692554649345,95.0929369967437,304.9338726128448,99.15523183372625,95.0929369967437,
53.539990775539906,53.539990775539906,53.539990775539906,53.539990775539906,53.539990775539906,53.539990775539906,53.539990775539906,53.539990775539906,53.539990775539906,53.539990775539906,53.539990775539906,53.539990775539906,79.13615237200314,82.87659870098976,79.06256313128793,140.74010721104975,59.8957427535547,165.68142120748882,95.0929369967437,95.0929369967437,180.94013743040358,315.0,97.02963464838977,77.95155190529849,
53.539990775539906,53.539990775539906,53.539990775539906,53.539990775539906,53.539990775539906,53.539990775539906,53.539990775539906,53.539990775539906,53.539990775539906,53.539990775539906,53.539990775539906,53.539990775539906,53.539990775539906,157.22518882163888,86.22206734913739,53.539990775539906,95.0929369967437,163.82917933017916,53.539990775539906,95.0929369967437,60.11621398319649,189.49758133900636,93.71104524014231,64.43084147621644,
53.539990775539906,53.539990775539906,53.539990775539906,53.539990775539906,53.539990775539906,53.539990775539906,53.539990775539906,53.539990775539906,53.539990775539906,53.539990775539906,53.539990775539906,53.539990775539906,324.5643233628736,53.539990775539906,59.8957427535547,324.5643233628736,53.539990775539906,298.49120590060943,210.18920048375463,177.89322640280602,57.12851010368349,130.0778612985315,166.6553329479738,172.13604017326125,
53.539990775539906,53.539990775539906,53.539990775539906,53.539990775539906,53.539990775539906,53.539990775539906,53.539990775539906,53.539990775539906,53.539990775539906,53.539990775539906,53.539990775539906,53.539990775539906,77.94125993336263,53.539990775539906,71.38802420574476,53.539990775539906,57.12851010368349,83.10034095397363,134.24339557757895,62.73931958686054,95.0929369967437,53.539990775539906,255.76974019613812,317.49330701606925,
53.539990775539906,53.539990775539906,53.539990775539906,53.539990775539906,53.539990775539906,53.539990775539906,53.539990775539906,53.539990775539906,53.539990775539906,53.539990775539906,53.539990775539906,53.539990775539906,189.610548229786,164.33578429544795,152.6084313966084,95.0929369967437,80.12821358451028,275.3406980451673,126.6794121765165,177.89322640280602,83.87093258890908,59.8957427535547,166.8002797759444,87.87743990606715,
53.539990775539906,53.539990775539906,53.539990775539906,53.539990775539906,53.539990775539906,53.539990775539906,53.539990775539906,53.539990775539906,53.539990775539906,53.539990775539906,53.539990775539906,53.539990775539906,53.539990775539906,59.90200330539873,53.539990775539906,95.0929369967437,304.9338726128448,80.12821358451028,231.57180311946445,104.29841801293057,164.49972644354153,164.72692554649345,96.93422975378297,95.0929369967437,
53.539990775539906,53.539990775539906,53.539990775539906,53.539990775539906,53.539990775539906,53.539990775539906,53.539990775539906,53.539990775539906,53.539990775539906,53.539990775539906,53.539990775539906,53.539990775539906,87.6109209481772,161.10762448334552,106.09325038746705,53.539990775539906,163.83121395712928,53.539990775539906,86.22206734913739,62.73931958686054,154.4343199670121,166.69583078169651,95.0929369967437,60.11621398319649,
53.539990775539906,53.539990775539906,53.539990775539906,53.539990775539906,53.539990775539906,53.539990775539906,53.539990775539906,53.539990775539906,53.539990775539906,53.539990775539906,53.539990775539906,53.539990775539906,53.539990775539906,53.539990775539906,59.8957427535547,79.14568844858196,181.9661140615655,126.6794121765165,100.88359628799917,177.89322640280602,95.0929369967437,57.12851010368349,74.6541358532801,126.6794121765165,
53.539990775539906,53.539990775539906,53.539990775539906,53.539990775539906,53.539990775539906,53.539990775539906,53.539990775539906,53.539990775539906,53.539990775539906,53.539990775539906,53.539990775539906,53.539990775539906,304.9338726128448,119.81886328955054,95.0929369967437,73.44891967655408,53.539990775539906,242.2656943660548,57.146071338174735,59.90200330539873,59.90200330539873,80.12821358451028,84.23775875461075,99.57241920665916,
53.539990775539906,53.539990775539906,53.539990775539906,53.539990775539906,53.539990775539906,53.539990775539906,53.539990775539906,53.539990775539906,53.539990775539906,53.539990775539906,53.539990775539906,53.539990775539906,88.33516876542618,53.539990775539906,53.539990775539906,161.10762448334552,53.539990775539906,57.146071338174735,83.87093258890908,53.539990775539906,130.05767951182276,324.5643233628736,76.92095509894123,324.5643233628736,
53.539990775539906,53.539990775539906,53.539990775539906,53.539990775539906,53.539990775539906,53.539990775539906,53.539990775539906,53.539990775539906,53.539990775539906,53.539990775539906,53.539990775539906,53.539990775539906,59.90200330539873,59.90200330539873,180.6857308514796,157.34217489281124,80.19237075015685,53.539990775539906,95.0929369967437,99.57241920665916,172.13604017326125,86.22206734913739,95.0929369967437,79.06256313128793,
53.539990775539906,53.539990775539906,53.539990775539906,53.539990775539906,53.539990775539906,53.539990775539906,53.539990775539906,53.539990775539906,53.539990775539906,53.539990775539906,53.539990775539906,53.539990775539906,95.0929369967437,95.0929369967437,298.49036835382145,80.19237075015685,275.169947487003,95.0929369967437,95.0929369967437,53.539990775539906,171.2482384834176,53.539990775539906,59.90200330539873,173.6598975008335,
53.539990775539906,53.539990775539906,53.539990775539906,53.539990775539906,53.539990775539906,53.539990775539906,53.539990775539906,53.539990775539906,53.539990775539906,53.539990775539906,53.539990775539906,53.539990775539906,57.12851010368349,166.6553329479738,53.539990775539906,95.0929369967437,95.0929369967437,324.5643233628736,60.82557028092708,60.11621398319649,53.539990775539906,275.169947487003,95.0929369967437,123.8788084527514,
53.539990775539906,53.539990775539906,53.539990775539906,53.539990775539906,53.539990775539906,53.539990775539906,53.539990775539906,53.539990775539906,53.539990775539906,53.539990775539906,53.539990775539906,53.539990775539906,95.0929369967437,61.7942603503343,57.12851010368349,96.93422975378297,95.0929369967437,317.49330701606925,317.49330701606925,169.10943202553784,324.5643233628736,136.54791588791582,191.2269855433589,157.22518882163888,
53.539990775539906,53.539990775539906,53.539990775539906,53.539990775539906,53.539990775539906,53.539990775539906,53.539990775539906,53.539990775539906,53.539990775539906,53.539990775539906,53.539990775539906,53.539990775539906,53.539990775539906,251.1114493606375,121.12704074648236,166.6553329479738,180.2623088723763,95.75663597544212,315.0,53.539990775539906,141.71097346359596,157.3305084492162,83.87093258890908,177.89322640280602,
53.539990775539906,53.539990775539906,53.539990775539906,53.539990775539906,53.539990775539906,53.539990775539906,53.539990775539906,53.539990775539906,53.539990775539906,53.539990775539906,53.539990775539906,53.539990775539906,53.539990775539906,119.33728568683821,53.539990775539906,157.22518882163888,275.169947487003,110.47963613263758,87.7835929070659,125.61316279222757,87.21047337715045,80.9477029460682,53.539990775539906,95.0929369967437,
53.539990775539906,53.539990775539906,53.539990775539906,53.539990775539906,53.539990775539906,53.539990775539906,53.539990775539906,53.539990775539906,53.539990775539906,53.539990775539906,53.539990775539906,53.539990775539906,87.7835929070659,53.539990775539906,95.0929369967437,53.539990775539906,62.73931958686054,83.87093258890908,251.1114493606375,93.07776895897413,176.3240199178773,210.18920048375463,157.22518882163888,152.6400995806803,
53.539990775539906,53.539990775539906,53.539990775539906,53.539990775539906,53.539990775539906,53.539990775539906,53.539990775539906,53.539990775539906,53.539990775539906,53.539990775539906,53.539990775539906,53.539990775539906,157.22518882163888,157.22518882163888,53.539990775539906,102.71968328092399,177.89322640280602,166.6553329479738,95.0929369967437,157.22518882163888,324.5643233628736,53.539990775539906,122.57014318340335,161.68289952867622,
53.539990775539906,53.539990775539906,53.539990775539906,53.539990775539906,53.539990775539906,53.539990775539906,53.539990775539906,53.539990775539906,53.539990775539906,53.539990775539906,53.539990775539906,53.539990775539906,60.11621398319649,157.3103004009747,158.90877886385007,57.146071338174735,110.57727313211036,117.68342175133267,53.539990775539906,126.6794121765165,53.539990775539906,53.539990775539906,166.6553329479738,324.5643233628736,
53.539990775539906,53.539990775539906,53.539990775539906,53.539990775539906,53.539990775539906,53.539990775539906,53.539990775539906,53.539990775539906,53.539990775539906,53.539990775539906,53.539990775539906,53.539990775539906,87.7835929070659,106.09325038746705,173.6598975008335,158.8741640418605,88.97302033261228,53.539990775539906,161.10762448334552,95.0929369967437,59.8957427535547,95.0929369967437,56.29777970755152,157.22518882163888,
53.539990775539906,53.539990775539906,53.539990775539906,53.539990775539906,53.539990775539906,53.539990775539906,53.539990775539906,53.539990775539906,53.539990775539906,53.539990775539906,53.539990775539906,53.539990775539906,164.72692554649345,304.9338726128448,79.71198153351854,171.7106869126089,118.32793414912642,76.61959268666908,53.539990775539906,67.67754428168918,77.94125993336263,166.6553329479738,86.25566648052752,95.0929369967437,
53.539990775539906,53.539990775539906,53.539990775539906,53.539990775539906,53.539990775539906,53.539990775539906,53.539990775539906,53.539990775539906,53.539990775539906,53.539990775539906,53.539990775539906,53.539990775539906,189.27905325207016,298.49120590060943,53.539990775539906,164.18054086888617,90.56953130054279,80.12821358451028,104.78907385791707,95.0929369967437,57.12851010368349,64.14683411151802,53.539990775539906,120.56012525562875,
53.539990775539906,53.539990775539906,53.539990775539906,53.539990775539906,53.539990775539906,53.539990775539906,53.539990775539906,53.539990775539906,53.539990775539906,53.539990775539906,53.539990775539906,53.539990775539906,157.22518882163888,161.10762448334552,275.169947487003,53.539990775539906,57.12851010368349,153.05167861389373,95.0929369967437,180.2623088723763,83.10034095397363,53.539990775539906,83.87093258890908,53.539990775539906,
53.539990775539906,53.539990775539906,53.539990775539906,53.539990775539906,53.539990775539906,53.539990775539906,53.539990775539906,53.539990775539906,53.539990775539906,53.539990775539906,53.539990775539906,53.539990775539906,53.539990775539906,251.1114493606375,147.57454014144574,53.539990775539906,92.3040627491553,95.0929369967437,60.833789952624194,53.539990775539906,164.3918083928353,74.5385806143369,75.3823586789376,53.539990775539906,
53.539990775539906,53.539990775539906,53.539990775539906,53.539990775539906,53.539990775539906,53.539990775539906,53.539990775539906,53.539990775539906,53.539990775539906,53.539990775539906,53.539990775539906,53.539990775539906,53.539990775539906,130.0778612985315,275.169947487003,62.73931958686054,87.7835929070659,103.01713746869935,177.89322640280602,168.2645536053271,126.6794121765165,53.539990775539906,53.539990775539906,275.169947487003,
53.539990775539906,53.539990775539906,53.539990775539906,53.539990775539906,53.539990775539906,53.539990775539906,53.539990775539906,53.539990775539906,53.539990775539906,53.539990775539906,53.539990775539906,53.539990775539906,53.539990775539906,324.5643233628736,53.539990775539906,95.0929369967437,53.539990775539906,53.539990775539906,91.39061712210496,147.57454014144574,53.539990775539906,119.78000667891115,56.29777970755152,88.60045146611839,
53.539990775539906,53.539990775539906,53.539990775539906,53.539990775539906,53.539990775539906,53.539990775539906,53.539990775539906,53.539990775539906,53.539990775539906,53.539990775539906,53.539990775539906,53.539990775539906,126.6794121765165,88.11167156890548,57.12851010368349,170.82084181972644,61.23774346340495,57.12851010368349,116.29989968468016,89.41454020459985,161.73775700440612,80.33955715862793,95.0929369967437,80.19237075015685,
53.539990775539906,53.539990775539906,53.539990775539906,53.539990775539906,53.539990775539906,53.539990775539906,53.539990775539906,53.539990775539906,53.539990775539906,53.539990775539906,53.539990775539906,53.539990775539906,131.43378561085424,53.539990775539906,152.6051550024878,83.10034095397363,324.5643233628736,53.539990775539906,173.70241970751272,99.15523183372625,147.57454014144574,95.0929369967437,77.47502930163535,304.9338726128448,
53.539990775539906,53.539990775539906,53.539990775539906,53.539990775539906,53.539990775539906,53.539990775539906,53.539990775539906,53.539990775539906,53.539990775539906,53.539990775539906,53.539990775539906,53.539990775539906,53.539990775539906,186.62998151422508,153.74269519730234,77.95155190529849,77.88426788301646,116.29989968468016,105.61095335895683,155.21308592002262,53.539990775539906,53.539990775539906,141.89873149538724,210.18920048375463,
53.539990775539906,53.539990775539906,53.539990775539906,53.539990775539906,53.539990775539906,53.539990775539906,53.539990775539906,53.539990775539906,53.539990775539906,53.539990775539906,53.539990775539906,53.539990775539906,163.82917933017916,187.8776197422141,93.26744515923342,126.6794121765165,114.42259659807104,126.6794121765165,163.78649678445908,180.68204116624318,144.62873529966362,129.90090414604197,130.0777545248311,117.57411904576514,
53.539990775539906,53.539990775539906,53.539990775539906,53.539990775539906,53.539990775539906,53.539990775539906,53.539990775539906,53.539990775539906,53.539990775539906,53.539990775539906,53.539990775539906,53.539990775539906,125.55811403489619,53.539990775539906,68.3861584435525,99.2555623966066,95.0929369967437,95.0929369967437,270.9054447588678,128.11729001192617,80.55432949258531,53.539990775539906,53.539990775539906,193.91895214238343,
53.539990775539906,53.539990775539906,53.539990775539906,53.539990775539906,53.539990775539906,53.539990775539906,53.539990775539906,53.539990775539906,53.539990775539906,53.539990775539906,53.539990775539906,53.539990775539906,119.78418092552955,207.81000938357133,53.539990775539906,180.2623088723763,53.539990775539906,83.10034095397363,324.5643233628736,157.3103004009747,120.36919789403306,62.73931958686054,150.71662151202833,116.29989968468016,
53.539990775539906,53.539990775539906,53.539990775539906,53.539990775539906,53.539990775539906,53.539990775539906,53.539990775539906,53.539990775539906,53.539990775539906,53.539990775539906,53.539990775539906,53.539990775539906,84.66191587721129,172.13604017326125,88.06815542521599,148.14773032348486,57.12851010368349,66.65445466381533,95.0929369967437,172.3914624525548,95.0929369967437,53.539990775539906,96.93422975378297,255.76974019613812,
53.539990775539906,53.539990775539906,53.539990775539906,53.539990775539906,53.539990775539906,53.539990775539906,53.539990775539906,53.539990775539906,53.539990775539906,53.539990775539906,53.539990775539906,53.539990775539906,172.13604017326125,178.06365902863692,53.539990775539906,53.539990775539906,317.49330701606925,160.9741180024499,83.10034095397363,105.2521568849096,151.4661678395542,324.5643233628736,90.53153695631964,113.5825690852254,
53.539990775539906,53.539990775539906,53.539990775539906,53.539990775539906,53.539990775539906,53.539990775539906,53.539990775539906,53.539990775539906,53.539990775539906,53.539990775539906,53.539990775539906,53.539990775539906,59.8957427535547,70.38307877450217,96.93422975378297,115.0600553038743,83.10034095397363,96.93422975378297,53.539990775539906,122.18565109428084,87.7835929070659,67.3349834781297,53.539990775539906,86.31627888179611,
53.539990775539906,53.539990775539906,53.539990775539906,53.539990775539906,53.539990775539906,53.539990775539906,53.539990775539906,53.539990775539906,53.539990775539906,53.539990775539906,53.539990775539906,53.539990775539906,86.97266753388206,177.89322640280602,165.37533068750005,171.8885495586828,142.95376097807912,53.539990775539906,57.12851010368349,140.1985734592189,54.72752544027847,324.5643233628736,172.13604017326125,57.12851010368349,
53.539990775539906,53.539990775539906,53.539990775539906,53.539990775539906,53.539990775539906,53.539990775539906,53.539990775539906,53.539990775539906,53.539990775539906,53.539990775539906,53.539990775539906,53.539990775539906,147.57454014144574,53.539990775539906,53.539990775539906,89.40730768045007,71.38802420574476,146.7386959801646,86.17400526651566,101.91281677111188,88.11167156890548,59.90200330539873,53.539990775539906,78.88482950815455,
53.539990775539906,53.539990775539906,53.539990775539906,53.539990775539906,53.539990775539906,53.539990775539906,53.539990775539906,53.539990775539906,53.539990775539906,53.539990775539906,53.539990775539906,53.539990775539906,157.47004898243543,157.22518882163888,53.539990775539906,172.4452376843153,59.8957427535547,118.22841952624364,270.3211053543545,53.539990775539906,104.79251440050557,114.8292210197387,57.12851010368349,68.4311064248607,
53.539990775539906,53.539990775539906,53.539990775539906,53.539990775539906,53.539990775539906,53.539990775539906,53.539990775539906,53.539990775539906,53.539990775539906,53.539990775539906,53.539990775539906,53.539990775539906,53.539990775539906,315.0,134.53502692380061,324.5643233628736,53.539990775539906,166.67933285203657,99.41951518690885,53.539990775539906,166.6553329479738,95.0929369967437,53.539990775539906,304.9338726128448,
53.539990775539906,53.539990775539906,53.539990775539906,53.539990775539906,53.539990775539906,53.539990775539906,53.539990775539906,53.539990775539906,53.539990775539906,53.539990775539906,53.539990775539906,53.539990775539906,157.22518882163888,175.6079724841671,196.5850285993004,157.22518882163888,172.4452376843153,53.539990775539906,130.0777545248311,164.21226101198008,164.3918083928353,172.13604017326125,60.11621398319649,296.02139562313175,
53.539990775539906,53.539990775539906,53.539990775539906,53.539990775539906,53.539990775539906,53.539990775539906,53.539990775539906,53.539990775539906,53.539990775539906,53.539990775539906,53.539990775539906,53.539990775539906,122.16240376057597,304.9338726128448,101.91281677111188,83.10034095397363,166.67933285203657,173.6598975008335,53.539990775539906,196.5850285993004,324.5643233628736,97.60819637714857,83.10034095397363,53.539990775539906,
53.539990775539906,53.539990775539906,53.539990775539906,53.539990775539906,53.539990775539906,53.539990775539906,53.539990775539906,53.539990775539906,53.539990775539906,53.539990775539906,53.539990775539906,53.539990775539906,59.8957427535547,57.12851010368349,159.62560362715416,65.12679939932562,118.34553927658898,53.539990775539906,96.93422975378297,167.75386731756737,53.539990775539906,168.6349904379278,141.71097346359596,57.12851010368349,
53.539990775539906,53.539990775539906,53.539990775539906,53.539990775539906,53.539990775539906,53.539990775539906,53.539990775539906,53.539990775539906,53.539990775539906,53.539990775539906,53.539990775539906,53.539990775539906,98.24377842896719,182.43263596918908,97.60819637714857,53.539990775539906,94.86832980505137,177.89322640280602,122.8332202622727,126.6794121765165,53.539990775539906,324.5643233628736,95.11775730694055,83.87093258890908,
53.539990775539906,53.539990775539906,53.539990775539906,53.539990775539906,53.539990775539906,53.539990775539906,53.539990775539906,53.539990775539906,53.539990775539906,53.539990775539906,53.539990775539906,53.539990775539906,164.33578429544795,97.3755616158387,163.9135531082222,89.41454020459985,91.27431182978046,53.539990775539906,53.539990775539906,66.66088410295617,89.41454020459985,164.47054447529504,166.6553329479738,159.06602402776025,
53.539990775539906,53.539990775539906,53.539990775539906,53.539990775539906,53.539990775539906,53.539990775539906,53.539990775539906,53.539990775539906,53.539990775539906,53.539990775539906,53.539990775539906,53.539990775539906,275.169947487003,95.0929369967437,87.7835929070659,57.12851010368349,53.539990775539906,53.539990775539906,99.15523183372625,95.0929369967437,120.09170049976652,53.539990775539906,95.0929369967437,65.13255714310624,
53.539990775539906,53.539990775539906,53.539990775539906,53.539990775539906,53.539990775539906,53.539990775539906,53.539990775539906,53.539990775539906,53.539990775539906,53.539990775539906,53.539990775539906,53.539990775539906,59.8957427535547,53.539990775539906,162.22412479858434,99.15523183372625,123.14086839627109,182.04486626470228,53.539990775539906,126.6794121765165,57.12851010368349,95.0929369967437,57.12851010368349,317.49330701606925,
53.539990775539906,53.539990775539906,53.539990775539906,53.539990775539906,53.539990775539906,53.539990775539906,53.539990775539906,53.539990775539906,53.539990775539906,53.539990775539906,53.539990775539906,53.539990775539906,59.8957427535547,298.49036835382145,53.539990775539906,95.0929369967437,57.12851010368349,57.146071338174735,164.3918083928353,85.26908189097976,53.539990775539906,53.539990775539906,53.539990775539906,57.146071338174735,
53.539990775539906,53.539990775539906,53.539990775539906,53.539990775539906,53.539990775539906,53.539990775539906,53.539990775539906,53.539990775539906,53.539990775539906,53.539990775539906,53.539990775539906,53.539990775539906,251.1114493606375,128.71480101371404,333.0,53.539990775539906,176.3240199178773,126.6794121765165,147.57454014144574,95.0929369967437,95.0929369967437,95.0929369967437,85.0744771753942,91.51870557098016,
53.539990775539906,53.539990775539906,53.539990775539906,53.539990775539906,53.539990775539906,53.539990775539906,53.539990775539906,53.539990775539906,53.539990775539906,53.539990775539906,53.539990775539906,53.539990775539906,157.8415635492549,164.3918083928353,57.12851010368349,324.5643233628736,96.93422975378297,53.539990775539906,128.71480101371404,53.539990775539906,113.4581420612906,80.33955715862793,53.539990775539906,88.9175648189565,
53.539990775539906,53.539990775539906,53.539990775539906,53.539990775539906,53.539990775539906,53.539990775539906,53.539990775539906,53.539990775539906,53.539990775539906,53.539990775539906,53.539990775539906,53.539990775539906,251.1114493606375,251.1114493606375,79.06256313128793,251.1114493606375,74.82201102171294,189.88564980008366,296.02139562313175,53.539990775539906,82.1127273935046,128.43675486401858,147.57454014144574,145.97945060863876,
53.539990775539906,53.539990775539906,53.539990775539906,53.539990775539906,53.539990775539906,53.539990775539906,53.539990775539906,53.539990775539906,53.539990775539906,53.539990775539906,53.539990775539906,53.539990775539906,107.88467009179908,53.539990775539906,89.13613184337763,96.93865091291671,304.9338726128448,126.6794121765165,96.93422975378297,99.15523183372625,53.539990775539906,317.49330701606925,304.9338726128448,95.0929369967437,
53.539990775539906,53.539990775539906,53.539990775539906,53.539990775539906,53.539990775539906,53.539990775539906,53.539990775539906,53.539990775539906,53.539990775539906,53.539990775539906,53.539990775539906,53.539990775539906,53.539990775539906,166.715326230074,122.96747537458837,53.539990775539906,62.73931958686054,95.0929369967437,53.539990775539906,53.539990775539906,53.539990775539906,95.0929369967437,99.17773047525449,53.539990775539906,
53.539990775539906,53.539990775539906,53.539990775539906,53.539990775539906,53.539990775539906,53.539990775539906,53.539990775539906,53.539990775539906,53.539990775539906,53.539990775539906,53.539990775539906,53.539990775539906,275.169947487003,116.92376433671072,95.0929369967437,317.49330701606925,207.59736671419188,62.73931958686054,95.0929369967437,134.93053768513636,53.539990775539906,159.1449089377864,162.22412479858434,60.11621398319649,
53.539990775539906,53.539990775539906,53.539990775539906,53.539990775539906,53.539990775539906,53.539990775539906,53.539990775539906,53.539990775539906,53.539990775539906,53.539990775539906,53.539990775539906,53.539990775539906,160.9741180024499,62.73931958686054,53.539990775539906,324.5643233628736,98.83541875259091,53.539990775539906,95.0929369967437,63.527771704804636,53.539990775539906,99.57241920665916,164.41816606851364,53.539990775539906,
53.539990775539906,53.539990775539906,53.539990775539906,53.539990775539906,53.539990775539906,53.539990775539906,53.539990775539906,53.539990775539906,53.539990775539906,53.539990775539906,53.539990775539906,53.539990775539906,53.539990775539906,73.0906970824605,181.68103918681223,95.75663597544212,126.6794121765165,95.0929369967437,53.539990775539906,157.51268170518583,164.72692554649345,53.539990775539906,53.539990775539906,157.22518882163888,
53.539990775539906,53.539990775539906,53.539990775539906,53.539990775539906,53.539990775539906,53.539990775539906,53.539990775539906,53.539990775539906,53.539990775539906,53.539990775539906,53.539990775539906,53.539990775539906,57.12851010368349,150.77549535650678,324.5643233628736,125.61316279222757,59.8957427535547,59.90200330539873,157.22518882163888,88.29779159186259,83.10034095397363,57.146071338174735,251.1114493606375,317.49330701606925,
53.539990775539906,53.539990775539906,53.539990775539906,53.539990775539906,53.539990775539906,53.539990775539906,53.539990775539906,53.539990775539906,53.539990775539906,53.539990775539906,53.539990775539906,53.539990775539906,83.41952005694237,159.0628806478746,97.23147218711372,184.46047453768156,157.22518882163888,78.22937242969422,154.4528195579082,90.8418956209083,141.71097346359596,275.169947487003,182.43263596918908,148.24894603335298,
53.539990775539906,53.539990775539906,53.539990775539906,53.539990775539906,53.539990775539906,53.539990775539906,53.539990775539906,53.539990775539906,53.539990775539906,53.539990775539906,53.539990775539906,53.539990775539906,86.22206734913739,132.6225614352735,178.08424972467387,172.13604017326125,116.29989968468016,77.13261307644127,173.3544346130205,141.47968051985416,60.471067462051636,57.12851010368349,110.96546009156783,196.5850285993004,
53.539990775539906,53.539990775539906,53.539990775539906,53.539990775539906,53.539990775539906,53.539990775539906,53.539990775539906,53.539990775539906,53.539990775539906,53.539990775539906,53.539990775539906,53.539990775539906,57.12851010368349,116.29989968468016,59.90200330539873,79.06256313128793,53.539990775539906,96.93422975378297,53.539990775539906,141.7470360262331,74.3694582912274,101.31359456876676,53.539990775539906,95.0929369967437,
53.539990775539906,53.539990775539906,53.539990775539906,53.539990775539906,53.539990775539906,53.539990775539906,53.539990775539906,53.539990775539906,53.539990775539906,53.539990775539906,53.539990775539906,53.539990775539906,115.0600553038743,172.46379330166664,60.11621398319649,324.5643233628736,85.27406796128977,125.62819924063405,57.12851010368349,117.8586724287469,126.6794121765165,275.169947487003,53.539990775539906,304.9338726128448,
53.539990775539906,53.539990775539906,53.539990775539906,53.539990775539906,53.539990775539906,53.539990775539906,53.539990775539906,53.539990775539906,53.539990775539906,53.539990775539906,53.539990775539906,53.539990775539906,80.9229918641476,173.70241970751272,53.539990775539906,121.74358299310892,182.04486626470228,166.8002797759444,57.12851010368349,64.43084147621644,95.0929369967437,53.539990775539906,53.539990775539906,90.35208907380061,
53.539990775539906,53.539990775539906,53.539990775539906,53.539990775539906,53.539990775539906,53.539990775539906,53.539990775539906,53.539990775539906,53.539990775539906,53.539990775539906,53.539990775539906,53.539990775539906,126.6794121765165,59.8957427535547,199.56327317419905,251.1114493606375,117.8586724287469,111.58516926545391,83.87093258890908,53.539990775539906,110.47397883664732,53.539990775539906,95.0929369967437,95.0929369967437,
53.539990775539906,53.539990775539906,53.539990775539906,53.539990775539906,53.539990775539906,53.539990775539906,53.539990775539906,53.539990775539906,53.539990775539906,53.539990775539906,53.539990775539906,53.539990775539906,53.539990775539906,193.91895214238343,324.5643233628736,59.8957427535547,176.3240199178773,53.539990775539906,70.48758755979665,163.81036203715504,60.11621398319649,193.17494661575552,57.12851010368349,53.539990775539906,
53.539990775539906,53.539990775539906,53.539990775539906,53.539990775539906,53.539990775539906,53.539990775539906,53.539990775539906,53.539990775539906,53.539990775539906,53.539990775539906,53.539990775539906,53.539990775539906,126.6794121765165,53.539990775539906,95.0929369967437,172.13604017326125,53.539990775539906,147.68293740307308,157.4627911992065,53.539990775539906,53.539990775539906,53.539990775539906,53.539990775539906,59.8957427535547,
53.539990775539906,53.539990775539906,53.539990775539906,53.539990775539906,53.539990775539906,53.539990775539906,53.539990775539906,53.539990775539906,53.539990775539906,53.539990775539906,53.539990775539906,53.539990775539906,106.24395407635099,53.539990775539906,53.539990775539906,130.37765657248687,60.833789952624194,53.539990775539906,177.89322640280602,53.539990775539906,99.15523183372625,53.539990775539906,53.539990775539906,157.3103004009747,
53.539990775539906,53.539990775539906,53.539990775539906,53.539990775539906,53.539990775539906,53.539990775539906,53.539990775539906,53.539990775539906,53.539990775539906,53.539990775539906,53.539990775539906,53.539990775539906,53.539990775539906,141.71097346359596,275.169947487003,96.93422975378297,53.539990775539906,57.12851010368349,147.57454014144574,57.146071338174735,53.539990775539906,95.0929369967437,53.539990775539906,57.146071338174735,
53.539990775539906,53.539990775539906,53.539990775539906,53.539990775539906,53.539990775539906,53.539990775539906,53.539990775539906,53.539990775539906,53.539990775539906,53.539990775539906,53.539990775539906,53.539990775539906,62.73931958686054,173.66335249556826,147.57454014144574,53.539990775539906,53.539990775539906,53.539990775539906,95.0929369967437,59.90200330539873,53.539990775539906,99.15523183372625,53.539990775539906,57.12851010368349,
53.539990775539906,53.539990775539906,53.539990775539906,53.539990775539906,53.539990775539906,53.539990775539906,53.539990775539906,53.539990775539906,53.539990775539906,53.539990775539906,53.539990775539906,53.539990775539906,147.57454014144574,97.94610763067617,166.6553329479738,53.539990775539906,304.9338726128448,98.70481244599982,80.59042329291125,126.6794121765165,53.539990775539906,53.539990775539906,95.7635978160108,119.94020548824312,
53.539990775539906,53.539990775539906,53.539990775539906,53.539990775539906,53.539990775539906,53.539990775539906,53.539990775539906,53.539990775539906,53.539990775539906,53.539990775539906,53.539990775539906,53.539990775539906,139.3758946159629,95.0929369967437,95.0929369967437,53.539990775539906,53.539990775539906,92.9898441288677,59.8957427535547,62.73931958686054,53.539990775539906,251.1114493606375,95.0929369967437,53.539990775539906,
53.539990775539906,53.539990775539906,53.539990775539906,53.539990775539906,53.539990775539906,53.539990775539906,53.539990775539906,53.539990775539906,53.539990775539906,53.539990775539906,53.539990775539906,53.539990775539906,99.60042619366236,59.90200330539873,147.57454014144574,59.8957427535547,91.59802589088608,164.72692554649345,123.14086839627109,103.68542166894373,96.93422975378297,57.146071338174735,167.63460263322725,169.1054897591047,
53.539990775539906,53.539990775539906,53.539990775539906,53.539990775539906,53.539990775539906,53.539990775539906,53.539990775539906,53.539990775539906,53.539990775539906,53.539990775539906,53.539990775539906,53.539990775539906,275.9002718374884,95.0929369967437,126.6794121765165,166.69583078169651,95.75663597544212,53.539990775539906,315.0,106.58161192250753,53.539990775539906,102.64136593011611,110.47963613263758,53.539990775539906,
53.539990775539906,53.539990775539906,53.539990775539906,53.539990775539906,53.539990775539906,53.539990775539906,53.539990775539906,53.539990775539906,53.539990775539906,53.539990775539906,53.539990775539906,53.539990775539906,315.0,177.89322640280602,113.4273335664733,126.6794121765165,99.57241920665916,126.6794121765165,324.5643233628736,304.9338726128448,57.146071338174735,103.92184563411102,167.1877985978642,177.89322640280602,
53.539990775539906,53.539990775539906,53.539990775539906,53.539990775539906,53.539990775539906,53.539990775539906,53.539990775539906,53.539990775539906,53.539990775539906,53.539990775539906,53.539990775539906,53.539990775539906,123.14086839627109,53.539990775539906,99.15523183372625,95.0929369967437,59.90200330539873,100.88359628799917,53.539990775539906,304.9338726128448,79.9791639532864,198.14176742928282,62.73931958686054,87.02011261771614,
53.539990775539906,53.539990775539906,53.539990775539906,53.539990775539906,53.539990775539906,53.539990775539906,53.539990775539906,53.539990775539906,53.539990775539906,53.539990775539906,53.539990775539906,53.539990775539906,103.53139620424328,53.539990775539906,157.3103004009747,60.11621398319649,93.7221425277933,53.539990775539906,53.539990775539906,170.26614460896212,164.72692554649345,147.30712051731254,146.99937525898065,53.539990775539906,
53.539990775539906,53.539990775539906,53.539990775539906,53.539990775539906,53.539990775539906,53.539990775539906,53.539990775539906,53.539990775539906,53.539990775539906,53.539990775539906,53.539990775539906,53.539990775539906,53.539990775539906,304.9338726128448,157.22518882163888,95.0929369967437,95.0929369967437,107.54120657269524,181.68103918681223,59.8957427535547,53.539990775539906,143.86104406683555,83.10034095397363,53.539990775539906,
53.539990775539906,53.539990775539906,53.539990775539906,53.539990775539906,53.539990775539906,53.539990775539906,53.539990775539906,53.539990775539906,53.539990775539906,53.539990775539906,53.539990775539906,53.539990775539906,168.3833721006917,207.7225713943159,164.72692554649345,123.33213825491964,99.15523183372625,53.539990775539906,75.79357932349328,251.1114493606375,108.89903580840374,141.71097346359596,315.0,162.22412479858434,
53.539990775539906,53.539990775539906,53.539990775539906,53.539990775539906,53.539990775539906,53.539990775539906,53.539990775539906,53.539990775539906,53.539990775539906,53.539990775539906,53.539990775539906,53.539990775539906,304.9338726128448,53.539990775539906,315.0,126.6794121765165,163.5236985883086,53.539990775539906,158.86157496386593,170.00517639177932,53.539990775539906,53.539990775539906,62.73931958686054,53.539990775539906,
53.539990775539906,53.539990775539906,53.539990775539906,53.539990775539906,53.539990775539906,53.539990775539906,53.539990775539906,53.539990775539906,53.539990775539906,53.539990775539906,53.539990775539906,53.539990775539906,57.12851010368349,53.539990775539906,317.49330701606925,147.57454014144574,109.8424326023418,81.69999320005412,95.0929369967437,141.71097346359596,164.37355829532518,59.90200330539873,95.0929369967437,92.28814680562355,
53.539990775539906,53.539990775539906,53.539990775539906,53.539990775539906,53.539990775539906,53.539990775539906,53.539990775539906,53.539990775539906,53.539990775539906,53.539990775539906,53.539990775539906,53.539990775539906,304.9338726128448,161.10762448334552,53.539990775539906,53.539990775539906,97.90301323248433,57.12851010368349,79.9583224769838,113.63819780337947,95.0929369967437,53.539990775539906,132.68289264257092,110.50140270602904,
53.539990775539906,53.539990775539906,53.539990775539906,53.539990775539906,53.539990775539906,53.539990775539906,53.539990775539906,53.539990775539906,53.539990775539906,53.539990775539906,53.539990775539906,53.539990775539906,157.22518882163888,53.539990775539906,97.06927652169065,53.539990775539906,157.22518882163888,57.12851010368349,95.0929369967437,53.539990775539906,164.3918083928353,89.41454020459985,74.5385806143369,53.539990775539906,
53.539990775539906,53.539990775539906,53.539990775539906,53.539990775539906,53.539990775539906,53.539990775539906,53.539990775539906,53.539990775539906,53.539990775539906,53.539990775539906,53.539990775539906,53.539990775539906,177.89322640280602,198.4023689374701,89.40730768045007,304.9338726128448,165.72072893877822,105.12215117027746,165.34962957321676,53.539990775539906,126.6794121765165,296.02139562313175,113.49559462816167,173.6598975008335,
53.539990775539906,53.539990775539906,53.539990775539906,53.539990775539906,53.539990775539906,53.539990775539906,53.539990775539906,53.539990775539906,53.539990775539906,53.539990775539906,53.539990775539906,53.539990775539906,53.539990775539906,53.539990775539906,157.78149447891536,53.539990775539906,53.539990775539906,95.0929369967437,191.2269855433589,164.72692554649345,59.90200330539873,154.4343199670121,53.539990775539906,95.0929369967437,
53.539990775539906,53.539990775539906,53.539990775539906,53.539990775539906,53.539990775539906,53.539990775539906,53.539990775539906,53.539990775539906,53.539990775539906,53.539990775539906,53.539990775539906,53.539990775539906,53.539990775539906,95.0929369967437,333.0,53.539990775539906,324.5643233628736,95.0929369967437,53.539990775539906,53.539990775539906,53.539990775539906,173.05074400302357,53.539990775539906,324.5643233628736,
53.539990775539906,53.539990775539906,53.539990775539906,53.539990775539906,53.539990775539906,53.539990775539906,53.539990775539906,53.539990775539906,53.539990775539906,53.539990775539906,53.539990775539906,53.539990775539906,158.14339484573276,53.539990775539906,64.30914916764695,78.36524172814828,191.20815882174065,251.1114493606375,60.11621398319649,139.3758946159629,304.9338726128448,59.8957427535547,53.539990775539906,90.24965373894794,
53.539990775539906,53.539990775539906,53.539990775539906,53.539990775539906,53.539990775539906,53.539990775539906,53.539990775539906,53.539990775539906,53.539990775539906,53.539990775539906,53.539990775539906,53.539990775539906,296.02139562313175,90.14016862642315,92.64800533504206,53.539990775539906,86.22206734913739,315.0,95.87839520281233,304.9338726128448,95.0929369967437,106.55280381106824,128.7624168769754,168.49134498048656,
53.539990775539906,53.539990775539906,53.539990775539906,53.539990775539906,53.539990775539906,53.539990775539906,53.539990775539906,53.539990775539906,53.539990775539906,53.539990775539906,53.539990775539906,53.539990775539906,53.539990775539906,189.49758133900636,86.68477374948844,53.539990775539906,157.4229970493511,324.5643233628736,96.93865091291671,53.539990775539906,198.56107372795907,173.70488696378706,112.92586063431175,317.49330701606925,
53.539990775539906,53.539990775539906,53.539990775539906,53.539990775539906,53.539990775539906,53.539990775539906,53.539990775539906,53.539990775539906,53.539990775539906,53.539990775539906,53.539990775539906,53.539990775539906,81.43248737451165,142.83542692089196,80.33955715862793,166.6553329479738,53.539990775539906,57.12851010368349,102.00120047312768,324.5643233628736,111.96576857831742,53.539990775539906,124.71904425547848,60.8276253029822,
53.539990775539906,53.539990775539906,53.539990775539906,53.539990775539906,53.539990775539906,53.539990775539906,53.539990775539906,53.539990775539906,53.539990775539906,53.539990775539906,53.539990775539906,53.539990775539906,151.59736145461108,304.9338726128448,304.9338726128448,324.5643233628736,216.39815156327006,53.539990775539906,53.539990775539906,154.62383584766258,96.93865091291671,157.22518882163888,96.93422975378297,157.52447169780785,
53.539990775539906,53.539990775539906,53.539990775539906,53.539990775539906,53.539990775539906,53.539990775539906,53.539990775539906,53.539990775539906,53.539990775539906,53.539990775539906,53.539990775539906,53.539990775539906,96.1499678966697,304.9338726128448,57.12851010368349,78.94453749310334,150.72989086442013,123.14086839627109,275.169947487003,193.47340691597248,53.539990775539906,129.98984575727442,304.9338726128448,53.539990775539906,
53.539990775539906,53.539990775539906,53.539990775539906,53.539990775539906,53.539990775539906,53.539990775539906,53.539990775539906,53.539990775539906,53.539990775539906,53.539990775539906,53.539990775539906,53.539990775539906,190.90563113748112,53.539990775539906,66.66088410295617,172.4452376843153,164.72692554649345,59.90200330539873,176.3240199178773,292.7404994188539,53.539990775539906,74.21617074465644,53.539990775539906,89.40730768045007,
53.539990775539906,53.539990775539906,53.539990775539906,53.539990775539906,53.539990775539906,53.539990775539906,53.539990775539906,53.539990775539906,53.539990775539906,53.539990775539906,53.539990775539906,53.539990775539906,79.69246444231028,324.5643233628736,53.539990775539906,95.0929369967437,170.62778202860164,152.6040628554823,139.43256434563625,275.169947487003,95.0929369967437,72.55728771115965,315.0,221.6018050468001,
53.539990775539906,53.539990775539906,53.539990775539906,53.539990775539906,53.539990775539906,53.539990775539906,53.539990775539906,53.539990775539906,53.539990775539906,53.539990775539906,53.539990775539906,53.539990775539906,66.66088410295617,53.539990775539906,98.62752027249817,324.5643233628736,160.9741180024499,111.44615245919971,146.99937525898065,95.75663597544212,164.363418476659,95.0929369967437,317.49330701606925,324.5643233628736,
53.539990775539906,53.539990775539906,53.539990775539906,53.539990775539906,53.539990775539906,53.539990775539906,53.539990775539906,53.539990775539906,53.539990775539906,53.539990775539906,53.539990775539906,53.539990775539906,134.37741348976155,83.9900787791828,164.3918083928353,251.1114493606375,251.1114493606375,166.6553329479738,275.169947487003,275.169947487003,140.1588384655067,275.169947487003,157.3339098340643,141.66862743741115,
53.539990775539906,53.539990775539906,53.539990775539906,53.539990775539906,53.539990775539906,53.539990775539906,53.539990775539906,53.539990775539906,53.539990775539906,53.539990775539906,53.539990775539906,53.539990775539906,60.11621398319649,207.44878886125124,304.9338726128448,95.0929369967437,123.14086839627109,63.875190802063365,99.23541034664323,53.539990775539906,97.5106831754005,53.539990775539906,95.0929369967437,100.88359628799917,
53.539990775539906,53.539990775539906,53.539990775539906,53.539990775539906,53.539990775539906,53.539990775539906,53.539990775539906,53.539990775539906,53.539990775539906,53.539990775539906,53.539990775539906,53.539990775539906,76.84706288714075,52.81136241378365,173.3544346130205,298.49036835382145,304.9338726128448,53.539990775539906,95.0929369967437,95.0929369967437,95.0929369967437,104.82485392310356,62.34131856160888,53.539990775539906,
52.81136241378365,53.539990775539906,53.539990775539906,53.539990775539906,53.539990775539906,53.539990775539906,53.539990775539906,53.539990775539906,53.539990775539906,53.539990775539906,53.539990775539906,53.539990775539906,53.539990775539906,164.49607898062493,74.5385806143369,53.539990775539906,104.41024853911613,166.6553329479738,100.89103032480142,96.45076464186275,53.539990775539906,159.66917328638982,53.539990775539906,95.0929369967437,
52.81136241378365,53.539990775539906,53.539990775539906,53.539990775539906,53.539990775539906,53.539990775539906,53.539990775539906,53.539990775539906,53.539990775539906,53.539990775539906,53.539990775539906,53.539990775539906,53.539990775539906,164.72692554649345,71.52777238403432,113.4273335664733,251.1114493606375,53.539990775539906,53.539990775539906,122.18565109428084,157.3305084492162,166.6553329479738,157.22518882163888,125.61316279222757,
52.81136241378365,53.539990775539906,53.539990775539906,53.539990775539906,53.539990775539906,53.539990775539906,53.539990775539906,53.539990775539906,53.539990775539906,53.539990775539906,53.539990775539906,53.539990775539906,53.539990775539906,59.90200330539873,153.7010084547268,53.539990775539906,255.76974019613812,333.0,164.72692554649345,77.48548251124207,324.5643233628736,220.4326654559165,86.52552609875694,54.94643856621747,
52.81136241378365,53.539990775539906,53.539990775539906,53.539990775539906,53.539990775539906,53.539990775539906,53.539990775539906,53.539990775539906,53.539990775539906,53.539990775539906,53.539990775539906,53.539990775539906,315.0,59.8957427535547,53.539990775539906,87.7835929070659,53.539990775539906,79.40107437714491,166.6553329479738,164.72692554649345,251.1114493606375,157.22518882163888,124.62808672205475,95.0929369967437,
52.81136241378365,53.539990775539906,53.539990775539906,53.539990775539906,53.539990775539906,53.539990775539906,53.539990775539906,53.539990775539906,53.539990775539906,53.539990775539906,53.539990775539906,53.539990775539906,104.20172743289817,179.59584256509578,60.11621398319649,141.71097346359596,159.62560362715416,146.77373951850137,164.72692554649345,161.68289952867622,80.33955715862793,86.53836657164781,89.41454020459985,77.20103626247513,
52.81136241378365,53.539990775539906,53.539990775539906,53.539990775539906,53.539990775539906,53.539990775539906,53.539990775539906,53.539990775539906,53.539990775539906,53.539990775539906,53.539990775539906,53.539990775539906,62.73931958686054,57.12851010368349,118.88299570025423,57.12851010368349,324.5643233628736,126.6794121765165,105.12215117027746,104.66537154188103,137.60995603516483,200.26921880309015,181.15279002359676,57.12851010368349,
52.81136241378365,53.539990775539906,53.539990775539906,53.539990775539906,53.539990775539906,53.539990775539906,53.539990775539906,53.539990775539906,53.539990775539906,53.539990775539906,53.539990775539906,53.539990775539906,60.11621398319649,57.12851010368349,234.9666643022651,53.539990775539906,113.4273335664733,57.12851010368349,71.85633815700139,80.33955715862793,141.37892346456738,95.0929369967437,79.06256313128793,140.82258341615523,
52.81136241378365,53.539990775539906,53.539990775539906,53.539990775539906,53.539990775539906,53.539990775539906,53.539990775539906,53.539990775539906,53.539990775539906,53.539990775539906,53.539990775539906,53.539990775539906,98.06970310277617,123.14086839627109,53.539990775539906,172.13604017326125,117.87493372214468,153.05167861389373,95.0929369967437,315.0,131.3368189046773,53.539990775539906,107.8316904689329,104.10211333109429,
52.81136241378365,53.539990775539906,53.539990775539906,53.539990775539906,53.539990775539906,53.539990775539906,53.539990775539906,53.539990775539906,53.539990775539906,53.539990775539906,53.539990775539906,53.539990775539906,150.71993895964795,251.1114493606375,79.26602072020725,53.539990775539906,298.49120590060943,63.87675633593177,304.9338726128448,94.95261976375376,64.1037382388761,94.95261976375376,180.2623088723763,60.11621398319649,
52.81136241378365,53.539990775539906,53.539990775539906,53.539990775539906,53.539990775539906,53.539990775539906,53.539990775539906,53.539990775539906,53.539990775539906,53.539990775539906,53.539990775539906,53.539990775539906,152.58333286892037,53.539990775539906,53.539990775539906,105.12215117027746,88.98452055250499,122.79234171426764,57.12851010368349,304.9338726128448,180.2623088723763,73.0984798412528,164.25665892133566,172.13604017326125,
52.81136241378365,53.539990775539906,53.539990775539906,53.539990775539906,53.539990775539906,53.539990775539906,53.539990775539906,53.539990775539906,53.539990775539906,53.539990775539906,53.539990775539906,53.539990775539906,57.12851010368349,53.539990775539906,324.5643233628736,140.6799203866707,138.97481786280562,157.5380744390358,100.68432516202974,95.0929369967437,147.57454014144574,96.09183107840124,304.9338726128448,157.22518882163888,
52.81136241378365,53.539990775539906,53.539990775539906,53.539990775539906,53.539990775539906,53.539990775539906,53.539990775539906,53.539990775539906,53.539990775539906,53.539990775539906,53.539990775539906,53.539990775539906,110.47963613263758,60.11621398319649,53.539990775539906,147.64228695722366,53.539990775539906,53.539990775539906,95.0929369967437,86.47543003651384,57.12851010368349,153.7010084547268,64.1037382388761,53.539990775539906,
52.81136241378365,53.539990775539906,53.539990775539906,53.539990775539906,53.539990775539906,53.539990775539906,53.539990775539906,53.539990775539906,53.539990775539906,53.539990775539906,53.539990775539906,53.539990775539906,83.87093258890908,150.96108770143385,158.83429520520224,296.02139562313175,220.44718188264508,96.05185674245693,164.72692554649345,159.62560362715416,53.539990775539906,324.5643233628736,53.539990775539906,304.9338726128448,
52.81136241378365,53.539990775539906,53.539990775539906,53.539990775539906,53.539990775539906,53.539990775539906,53.539990775539906,53.539990775539906,53.539990775539906,53.539990775539906,53.539990775539906,53.539990775539906,315.0,103.01887637170621,53.539990775539906,123.33213825491964,78.28281003584017,125.62444029726063,125.61316279222757,190.2539355703319,53.539990775539906,164.55685947416472,60.11621398319649,53.539990775539906,
52.81136241378365,53.539990775539906,53.539990775539906,53.539990775539906,53.539990775539906,53.539990775539906,53.539990775539906,53.539990775539906,53.539990775539906,53.539990775539906,53.539990775539906,53.539990775539906,74.03152481657168,57.146071338174735,54.99494926304091,53.539990775539906,172.76975358870556,53.539990775539906,193.79721360226003,53.539990775539906,59.56509044734172,317.5352998749378,84.1501039809221,80.33955715862793,
52.81136241378365,53.539990775539906,53.539990775539906,53.539990775539906,53.539990775539906,53.539990775539906,53.539990775539906,53.539990775539906,53.539990775539906,53.539990775539906,53.539990775539906,53.539990775539906,61.28621378417825,145.98518236241566,63.34904924950592,165.1567437315231,53.539990775539906,78.39158118063445,176.3240199178773,99.19509396470507,189.610548229786,123.35530232724047,72.55728771115965,53.539990775539906,
52.81136241378365,53.539990775539906,53.539990775539906,53.539990775539906,53.539990775539906,53.539990775539906,53.539990775539906,53.539990775539906,53.539990775539906,53.539990775539906,53.539990775539906,53.539990775539906,83.87093258890908,324.5643233628736,317.49330701606925,53.539990775539906,126.6794121765165,53.539990775539906,61.28621378417825,101.5160085897786,53.539990775539906,53.539990775539906,53.539990775539906,324.5643233628736,
52.81136241378365,53.539990775539906,53.539990775539906,53.539990775539906,53.539990775539906,53.539990775539906,53.539990775539906,53.539990775539906,53.539990775539906,53.539990775539906,53.539990775539906,53.539990775539906,98.45430412125211,52.81136241378365,87.43954179539,324.5643233628736,95.0929369967437,53.539990775539906,110.47963613263758,53.539990775539906,110.40229466214308,304.9338726128448,53.539990775539906,53.539990775539906,
52.81136241378365,52.81136241378365,53.539990775539906,53.539990775539906,53.539990775539906,53.539990775539906,53.539990775539906,53.539990775539906,53.539990775539906,53.539990775539906,53.539990775539906,53.539990775539906,63.875190802063365,152.75457172757044,69.92995314675564,304.9338726128448,53.539990775539906,118.353988807588,171.30995896566063,78.96100303314289,95.0929369967437,53.539990775539906,189.610548229786,193.16832038406298,
52.81136241378365,52.81136241378365,53.539990775539906,53.539990775539906,53.539990775539906,53.539990775539906,53.539990775539906,53.539990775539906,53.539990775539906,53.539990775539906,53.539990775539906,53.539990775539906,173.02506601468977,76.90409611977765,292.73025125531524,146.46671976937287,304.9338726128448,96.45076464186275,83.10034095397363,74.5385806143369,304.9338726128448,53.539990775539906,85.27406796128977,53.539990775539906,
52.81136241378365,52.81136241378365,53.539990775539906,53.539990775539906,53.539990775539906,53.539990775539906,53.539990775539906,53.539990775539906,53.539990775539906,53.539990775539906,53.539990775539906,53.539990775539906,81.02400193084077,95.75663597544212,53.539990775539906,172.13604017326125,251.33356321828566,99.15523183372625,64.1037382388761,53.539990775539906,95.0929369967437,79.06256313128793,315.0,181.68103918681223,
52.81136241378365,52.81136241378365,53.539990775539906,53.539990775539906,53.539990775539906,53.539990775539906,53.539990775539906,53.539990775539906,53.539990775539906,53.539990775539906,53.539990775539906,53.539990775539906,175.5325424797002,164.72692554649345,91.14457380082116,139.6187227956983,58.17422109491454,125.61316279222757,57.146071338174735,141.00443255444137,53.539990775539906,234.9666643022651,164.3918083928353,108.03287481510583,
52.81136241378365,52.81136241378365,53.539990775539906,53.539990775539906,53.539990775539906,53.539990775539906,53.539990775539906,53.539990775539906,53.539990775539906,53.539990775539906,53.539990775539906,53.539990775539906,180.6857308514796,275.169947487003,57.12851010368349,95.0929369967437,59.8957427535547,99.15523183372625,53.539990775539906,53.539990775539906,304.9338726128448,90.75654246389072,58.42659211922827,53.539990775539906,
52.81136241378365,52.81136241378365,53.539990775539906,53.539990775539906,53.539990775539906,53.539990775539906,53.539990775539906,53.539990775539906,53.539990775539906,53.539990775539906,53.539990775539906,53.539990775539906,168.6349904379278,53.539990775539906,176.3240199178773,324.5643233628736,109.44843534742742,53.539990775539906,53.539990775539906,172.13604017326125,57.146071338174735,324.5643233628736,53.539990775539906,88.49028541170436,
52.81136241378365,52.81136241378365,53.539990775539906,53.539990775539906,53.539990775539906,53.539990775539906,53.539990775539906,53.539990775539906,53.539990775539906,53.539990775539906,53.539990775539906,53.539990775539906,109.8424326023418,158.8741640418605,80.33955715862793,52.541792889089734,53.539990775539906,53.539990775539906,123.14782886881133,75.96867775603312,96.93865091291671,164.3918083928353,99.57241920665916,304.9338726128448,
52.541792889089734,52.81136241378365,52.81136241378365,53.539990775539906,53.539990775539906,53.539990775539906,53.539990775539906,53.539990775539906,53.539990775539906,53.539990775539906,53.539990775539906,53.539990775539906,182.41162243672963,52.81136241378365,175.60911138093033,83.10034095397363,181.15279002359676,87.6109209481772,171.48469319446562,176.3240199178773,112.57590032210861,122.18565109428084,153.52138719582564,52.541792889089734,
52.541792889089734,52.541792889089734,52.81136241378365,52.81136241378365,52.81136241378365,53.539990775539906,53.539990775539906,53.539990775539906,53.539990775539906,53.539990775539906,53.539990775539906,53.539990775539906,158.8741640418605,54.70730197047638,164.55685947416472,188.6001060445089,53.539990775539906,54.99494926304091,53.539990775539906,87.23671760193173,315.0,53.539990775539906,166.69583078169651,104.87916857031237,
52.541792889089734,52.541792889089734,52.81136241378365,52.81136241378365,52.81136241378365,53.539990775539906,53.539990775539906,53.539990775539906,53.539990775539906,53.539990775539906,53.539990775539906,53.539990775539906,68.02952689035563,75.96867775603312,99.57241920665916,98.97598141953019,112.64208804882834,165.36172471282464,61.28621378417825,159.30461130699723,159.77560795678164,52.81136241378365,52.541792889089734,180.2623088723763,
52.541792889089734,52.541792889089734,52.541792889089734,52.81136241378365,52.81136241378365,52.81136241378365,52.81136241378365,53.539990775539906,53.539990775539906,53.539990775539906,53.539990775539906,53.539990775539906,46.861498055439924,95.0929369967437,100.14540449175053,54.99494926304091,112.53888216967503,52.81136241378365,63.87675633593177,165.75961510573075,186.78798141208122,131.10830543906073,54.70730197047638,73.97803728134453,
46.861498055439924,52.541792889089734,52.541792889089734,52.541792889089734,52.81136241378365,52.81136241378365,52.81136241378365,52.81136241378365,52.81136241378365,53.539990775539906,53.539990775539906,53.539990775539906,122.18565109428084,54.72752544027847,182.41162243672963,52.81136241378365,52.541792889089734,207.83246457984694,52.81136241378365,95.0929369967437,55.710322203340375,52.15203457913988,46.861498055439924,112.57590032210861,
46.861498055439924,46.861498055439924,52.15203457913988,52.541792889089734,52.541792889089734,52.541792889089734,52.541792889089734,52.81136241378365,52.81136241378365,52.81136241378365,52.81136241378365,52.81136241378365,52.81136241378365,290.0149421437914,49.9037089331971,99.8060619401447,59.56509044734172,103.15987196421615,135.46586285850765,74.3507901773747,62.73931958686054,290.0149421437914,251.1114493606375,52.15203457913988,
46.861498055439924,46.861498055439924,49.9037089331971,52.15203457913988,52.15203457913988,52.541792889089734,52.541792889089734,52.541792889089734,52.541792889089734,52.81136241378365,52.81136241378365,52.81136241378365,52.541792889089734,102.2814743734172,169.10647533432893,101.44949482377919,50.365067258964324,50.83148630524195,196.4847192479842,83.90957231764808,52.541792889089734,46.861498055439924,83.66234371030995,163.84952446274193,
46.861498055439924,46.861498055439924,46.861498055439924,49.9037089331971,50.365067258964324,50.83148630524195,52.15203457913988,52.15203457913988,52.541792889089734,52.541792889089734,52.541792889089734,52.541792889089734,96.93422975378297,164.55685947416472,88.49028541170436,123.15478894795902,52.15203457913988,115.80875038902141,292.7575788942107,207.83246457984694,50.72119872400494,47.728571410902504,143.03845636750978,53.09526756704903,
46.861498055439924,46.861498055439924,46.861498055439924,47.728571410902504,49.9037089331971,50.365067258964324,50.72119872400494,50.83148630524195,52.15203457913988,52.15203457913988,52.15203457913988,52.541792889089734,55.116603668948976,49.9037089331971,188.1798784850991,173.20908681446835,79.54174305915662,170.63012629661856,87.83317520542376,55.116603668948976,292.74818530607496,88.49028541170436,148.2573775567341,50.04196585974054,
46.861498055439924,46.861498055439924,46.861498055439924,47.728571410902504,49.9037089331971,49.9037089331971,50.04196585974054,50.365067258964324,50.72119872400494,50.83148630524195,52.15203457913988,52.15203457913988,173.20908681446835,71.85633815700139,140.80213066569695,134.0242515368021,79.06256313128793,189.27905325207016,52.07178770102065,165.16355530200966,50.72119872400494,275.3406980451673,207.69047482572074,50.72119872400494,
46.861498055439924,46.861498055439924,46.861498055439924,47.728571410902504,49.9037089331971,49.9037089331971,50.04196585974054,50.365067258964324,50.72119872400494,50.72119872400494,50.72119872400494,50.83148630524195,116.8501569689723,172.63417969799607,304.9338726128448,50.72119872400494,119.80087645756186,81.15392278672344,108.90343972379141,122.9827223637532,119.80087645756186,51.627899434317484,76.29183733823983,290.0149421437914,
46.861498055439924,46.861498055439924,46.861498055439924,47.728571410902504,49.9037089331971,49.9037089331971,50.04196585974054,50.365067258964324,50.72119872400494,50.72119872400494,50.72119872400494,50.72119872400494,141.77270541257226,292.7575788942107,99.770848559197,178.21896644296868,158.85737838283328,119.60583412006103,117.45164489648023,125.93188635131294,163.66123548354386,65.3834841531101,108.9572093502204,54.70730197047638,
46.861498055439924,46.861498055439924,46.861498055439924,47.728571410902504,49.9037089331971,49.9037089331971,50.04196585974054,50.365067258964324,50.72119872400494,50.72119872400494,50.72119872400494,50.72119872400494,46.861498055439924,46.861498055439924,166.11542172036084,66.60747865681265,151.67214642115405,55.14828495368948,157.3305084492162,52.15203457913988,54.84377813389592,83.90957231764808,59.825078353479825,114.29494010380921,
46.861498055439924,46.861498055439924,46.861498055439924,46.861498055439924,46.861498055439924,47.728571410902504,49.9037089331971,49.9037089331971,50.04196585974054,50.365067258964324,50.72119872400494,50.72119872400494,125.05198918849712,237.4410345706049,50.72119872400494,157.46675134064898,108.9572093502204,57.310072800899874,88.49028541170436,164.55685947416472,46.861498055439924,97.66268478799874,290.0149421437914,46.861498055439924,
46.861498055439924,46.861498055439924,46.861498055439924,46.861498055439924,46.861498055439924,46.861498055439924,46.861498055439924,47.728571410902504,49.9037089331971,49.9037089331971,50.04196585974054,50.365067258964324,84.23775875461075,237.43140792529485,103.08006596815895,88.49028541170436,67.43886120034946,79.83107164506812,141.77270541257226,333.0,50.72119872400494,270.3211053543545,88.49028541170436,82.89300332356163,
46.861498055439924,46.861498055439924,46.861498055439924,46.861498055439924,46.861498055439924,46.861498055439924,46.861498055439924,47.728571410902504,49.9037089331971,49.9037089331971,50.04196585974054,50.365067258964324,46.861498055439924,89.01123524589467,49.9037089331971,154.6241895694202,292.7575788942107,89.53630548554034,64.03311643204631,152.56179744882505,173.41515598854275,49.9037089331971,275.9002718374884,164.55685947416472,
46.861498055439924,46.861498055439924,46.861498055439924,46.861498055439924,46.861498055439924,46.861498055439924,46.861498055439924,46.861498055439924,47.728571410902504,49.9037089331971,49.9037089331971,49.9037089331971,88.49028541170436,140.45906877094123,46.861498055439924,315.0,315.0,46.861498055439924,46.861498055439924,127.11117181428232,136.35818844336248,52.15203457913988,49.9037089331971,317.49330701606925,
46.861498055439924,46.861498055439924,46.861498055439924,46.861498055439924,46.861498055439924,46.861498055439924,46.861498055439924,46.861498055439924,46.861498055439924,46.861498055439924,46.861498055439924,47.728571410902504,88.49028541170436,46.861498055439924,46.861498055439924,172.94330792228428,292.7575788942107,81.43248737451165,191.3587207315099,46.861498055439924,46.861498055439924,252.69151153135317,172.76975358870556,46.861498055439924,
46.861498055439924,46.861498055439924,46.861498055439924,46.861498055439924,46.861498055439924,46.861498055439924,46.861498055439924,46.861498055439924,46.861498055439924,46.861498055439924,46.861498055439924,46.861498055439924,103.15987196421615,126.68843350390543,46.861498055439924,130.09707913708132,172.76975358870556,164.55685947416472,80.43354745102043,50.04196585974054,74.3507901773747,152.58426912258506,175.5325424797002,102.2814743734172,
46.861498055439924,46.861498055439924,46.861498055439924,46.861498055439924,46.861498055439924,46.861498055439924,46.861498055439924,46.861498055439924,46.861498055439924,46.861498055439924,46.861498055439924,46.861498055439924,116.09909560371261,54.84377813389592,96.45076464186275,108.9572093502204,50.74193336534283,80.60465936353253,79.83107164506812,64.6735391537116,119.14799577818832,145.82498283845163,292.7575788942107,239.17775816325397,
46.861498055439924,46.861498055439924,46.861498055439924,46.861498055439924,46.861498055439924,46.861498055439924,46.861498055439924,46.861498055439924,46.861498055439924,46.861498055439924,46.861498055439924,46.861498055439924,65.3834841531101,46.861498055439924,178.21896644296868,79.83107164506812,46.861498055439924,52.541792889089734,113.40855346930407,53.307156110244556,52.541792889089734,86.29739277637535,108.9572093502204,54.84377813389592,
46.861498055439924,46.861498055439924,46.861498055439924,46.861498055439924,46.861498055439924,46.861498055439924,46.861498055439924,46.861498055439924,46.861498055439924,46.861498055439924,46.861498055439924,46.861498055439924,135.60143804547207,46.861498055439924,103.15987196421615,54.84377813389592,66.60747865681265,46.861498055439924,166.27186572999454,113.40855346930407,50.04196585974054,46.861498055439924,315.0,113.40855346930407,
46.861498055439924,46.861498055439924,46.861498055439924,46.861498055439924,46.861498055439924,46.861498055439924,46.861498055439924,46.861498055439924,46.861498055439924,46.861498055439924,46.861498055439924,46.861498055439924,46.861498055439924,158.21153209829203,141.4959756004075,292.7575788942107,46.861498055439924,134.56475567319904,102.2814743734172,66.60747865681265,89.99629622008527,275.3406980451673,58.06031346797914,74.3507901773747,
46.861498055439924,46.861498055439924,46.861498055439924,46.861498055439924,46.861498055439924,46.861498055439924,46.861498055439924,46.861498055439924,46.861498055439924,46.861498055439924,46.861498055439924,46.861498055439924,46.861498055439924,96.53665336952065,120.81597576479693,50.72119872400494,152.75457172757044,46.861498055439924,122.9827223637532,46.861498055439924,164.55685947416472,116.15937327654622,49.9037089331971,112.57590032210861,
46.861498055439924,46.861498055439924,46.861498055439924,46.861498055439924,46.861498055439924,46.861498055439924,46.861498055439924,46.861498055439924,46.861498055439924,46.861498055439924,46.861498055439924,46.861498055439924,78.28473669879716,166.8002797759444,47.728571410902504,251.1114493606375,123.32742149482402,151.95143961147588,84.706847420973,72.80109889280519,168.49134498048656,145.89722409970656,270.9157802712865,292.7575788942107,
46.861498055439924,46.861498055439924,46.861498055439924,46.861498055439924,46.861498055439924,46.861498055439924,46.861498055439924,46.861498055439924,46.861498055439924,46.861498055439924,46.861498055439924,46.861498055439924,255.9174867022572,47.728571410902504,64.03311643204631,46.861498055439924,117.4696021871894,53.307156110244556,46.861498055439924,101.44949482377919,62.73931958686054,141.3798076105637,182.71106516391757,119.14799577818832,
46.861498055439924,46.861498055439924,46.861498055439924,46.861498055439924,46.861498055439924,46.861498055439924,46.861498055439924,46.861498055439924,46.861498055439924,46.861498055439924,46.861498055439924,46.861498055439924,46.861498055439924,101.44949482377919,292.7575788942107,172.79455773742836,46.861498055439924,46.861498055439924,292.7575788942107,46.861498055439924,46.861498055439924,173.6835029116855,50.04196585974054,103.32008517224517,
46.861498055439924,46.861498055439924,46.861498055439924,46.861498055439924,46.861498055439924,46.861498055439924,46.861498055439924,46.861498055439924,46.861498055439924,46.861498055439924,46.861498055439924,46.861498055439924,172.76975358870556,87.60602905354524,74.3507901773747,78.54250836225381,74.29670248402685,54.86144163050929,292.7575788942107,52.541792889089734,117.52530938954145,76.29183733823983,54.84377813389592,87.98204362254835,
46.861498055439924,46.861498055439924,46.861498055439924,46.861498055439924,46.861498055439924,46.861498055439924,46.861498055439924,46.861498055439924,46.861498055439924,46.861498055439924,46.861498055439924,46.861498055439924,64.42235636795661,59.299615887832225,46.861498055439924,46.861498055439924,207.69047482572074,49.9037089331971,292.7575788942107,255.9174867022572,91.98822388400231,64.42235636795661,175.6079724841671,125.05198918849712,
46.861498055439924,46.861498055439924,46.861498055439924,46.861498055439924,46.861498055439924,46.861498055439924,46.861498055439924,46.861498055439924,46.861498055439924,46.861498055439924,46.861498055439924,46.861498055439924,133.29416091237204,151.94489132576982,46.861498055439924,172.84911433539546,49.9037089331971,95.17373587287618,152.56179744882505,46.861498055439924,270.9334973752784,125.62444029726063,182.41162243672963,114.47925576278001,
46.861498055439924,46.861498055439924,46.861498055439924,46.861498055439924,46.861498055439924,46.861498055439924,46.861498055439924,46.861498055439924,46.861498055439924,46.861498055439924,46.861498055439924,46.861498055439924,76.30550840040907,107.76517681205435,46.861498055439924,46.60903739473607,122.9827223637532,196.4847192479842,46.861498055439924,46.861498055439924,157.6458760076591,50.19252191510551,158.65125975617786,292.7575788942107,
46.60903739473607,46.861498055439924,46.861498055439924,46.861498055439924,46.861498055439924,46.861498055439924,46.861498055439924,46.861498055439924,46.861498055439924,46.861498055439924,46.861498055439924,46.861498055439924,164.47662447898182,46.861498055439924,101.19782606360673,161.31955864060626,168.49134498048656,117.95260203374325,88.7624667875115,108.08046888824104,47.6794854558366,59.825078353479825,140.94561598952507,46.861498055439924,
46.60903739473607,46.861498055439924,46.861498055439924,46.861498055439924,46.861498055439924,46.861498055439924,46.861498055439924,46.861498055439924,46.861498055439924,46.861498055439924,46.861498055439924,46.861498055439924,84.15098190218603,172.76975358870556,110.67068265805538,304.9338726128448,166.27186572999454,54.84377813389592,98.91823050646737,134.0242515368021,88.29779159186259,164.55685947416472,74.3507901773747,104.1189223916575,
46.60903739473607,46.861498055439924,46.861498055439924,46.861498055439924,46.861498055439924,46.861498055439924,46.861498055439924,46.861498055439924,46.861498055439924,46.861498055439924,46.861498055439924,46.861498055439924,172.79455773742836,168.49134498048656,49.9037089331971,46.861498055439924,46.861498055439924,98.91823050646737,82.26380329970974,135.01018480099935,154.93764380997845,46.861498055439924,74.17978161197296,178.06116302489372,
46.60903739473607,46.861498055439924,46.861498055439924,46.861498055439924,46.861498055439924,46.861498055439924,46.861498055439924,46.861498055439924,46.861498055439924,46.861498055439924,46.861498055439924,46.861498055439924,103.27202482333301,164.44908026498658,317.5122044898432,275.9002718374884,89.01123524589467,140.3233408952338,46.861498055439924,117.63971285589032,88.49028541170436,144.36814052968887,46.861498055439924,78.28281003584017,
46.60903739473607,46.861498055439924,46.861498055439924,46.861498055439924,46.861498055439924,46.861498055439924,46.861498055439924,46.861498055439924,46.861498055439924,46.861498055439924,46.861498055439924,46.861498055439924,91.03845341392834,54.84377813389592,132.6568306222631,292.7575788942107,147.64228695722366,151.4306441906657,292.7575788942107,151.15038868623526,83.8567778040241,255.9174867022572,46.861498055439924,77.77662940519248,
46.60903739473607,46.861498055439924,46.861498055439924,46.861498055439924,46.861498055439924,46.861498055439924,46.861498055439924,46.861498055439924,46.861498055439924,46.861498055439924,46.861498055439924,46.861498055439924,252.69151153135317,54.84377813389592,92.28217596047462,210.18920048375463,69.26066704847709,292.7575788942107,80.43354745102043,46.861498055439924,164.54786537661315,56.395429286817595,290.0149421437914,292.7575788942107,
46.60903739473607,46.861498055439924,46.861498055439924,46.861498055439924,46.861498055439924,46.861498055439924,46.861498055439924,46.861498055439924,46.861498055439924,46.861498055439924,46.861498055439924,46.861498055439924,57.310072800899874,172.6556086076368,188.1798784850991,46.861498055439924,317.5352998749378,164.55685947416472,164.54786537661315,96.87538387020719,106.0895847856895,46.60903739473607,46.861498055439924,119.56309352527364,
46.60903739473607,46.60903739473607,46.861498055439924,46.861498055439924,46.861498055439924,46.861498055439924,46.861498055439924,46.861498055439924,46.861498055439924,46.861498055439924,46.861498055439924,46.861498055439924,113.87859032027633,70.62460414574939,96.45076464186275,90.04936917540783,92.28217596047462,53.09526756704903,172.76975358870556,163.80247250881166,173.41515598854275,46.861498055439924,46.861498055439924,50.72119872400494,
