157.3305967276126,154.26897506195687,71.98147909937204,147.7361133361558,139.24270398209345,211.45685139053782,99.14635646356349,116.33726563315815,73.78516110980581,82.98258476933579,113.55527288505805,106.27976173807522,132.24825140620953,99.13248710690154,116.0835378298837,117.67977996344527,57.78119648005453,164.67422384817849,81.50337416328234,90.97692015011279,103.48912986396203,68.0969896544627,96.64937682580434,66.62851773077351,
57.78119648005453,66.62851773077351,68.0969896544627,71.98147909937204,73.78516110980581,81.50337416328234,82.98258476933579,90.97692015011279,96.64937682580434,99.13248710690154,99.14635646356349,103.48912986396203,52.06406310178516,87.28419451564469,57.86648954485573,137.96376335835436,181.60580020105817,62.41533040357758,102.74171195283832,73.49607791840157,64.13150551795896,114.76897083561683,88.46797914123128,127.22421153223941,
52.06406310178516,57.78119648005453,57.86648954485573,62.41533040357758,64.13150551795896,66.62851773077351,68.0969896544627,71.98147909937204,73.49607791840157,73.78516110980581,81.50337416328234,82.98258476933579,71.79910243945332,51.70154736562534,137.6294277216904,167.33559095422586,58.360945845659494,70.77859404509248,80.19923108525833,61.47645213141912,86.8724140710422,46.51545442108461,147.57003986807982,160.4281381179748,
46.51545442108461,51.70154736562534,52.06406310178516,57.78119648005453,57.86648954485573,58.360945845659494,61.47645213141912,62.41533040357758,64.13150551795896,66.62851773077351,68.0969896544627,70.77859404509248,126.34717794632375,54.36089990072394,125.0507397019306,129.19407639284395,132.07993555040827,53.645781031551834,45.41743940000242,81.34699338840578,57.04135321265933,62.82369239809621,43.60169077015854,54.56087324162699,
43.60169077015854,45.41743940000242,46.51545442108461,51.70154736562534,52.06406310178516,53.645781031551834,54.36089990072394,54.56087324162699,57.04135321265933,57.78119648005453,57.86648954485573,58.360945845659494,106.57821853768559,63.05905521369984,147.82619298802675,81.34030303582095,51.70154736562534,43.25337173754974,66.8447621150844,109.8204471500863,132.24480141011216,72.44556145824257,67.76821240260729,102.4597481941079,
43.25337173754974,43.60169077015854,45.41743940000242,46.51545442108461,51.70154736562534,51.70154736562534,52.06406310178516,53.645781031551834,54.36089990072394,54.56087324162699,57.04135321265933,57.78119648005453,55.370118294979285,57.321704246975926,182.0010988977814,43.60169077015854,145.24841493392046,123.13102777123238,116.02956250456174,98.1967890259147,102.10832177153829,53.645781031551834,214.25374364679527,112.96065410132857,
43.25337173754974,43.60169077015854,43.60169077015854,45.41743940000242,46.51545442108461,51.70154736562534,51.70154736562534,52.06406310178516,53.645781031551834,53.645781031551834,54.36089990072394,54.56087324162699,194.45741821797387,66.65102681129527,102.12193147844829,84.40443930860509,105.39765968306254,88.87456047711291,69.0669595245019,45.41743940000242,180.0122218072984,118.0918010252522,227.5,123.08093543139273,
43.25337173754974,43.60169077015854,43.60169077015854,45.41743940000242,45.41743940000242,46.51545442108461,51.70154736562534,51.70154736562534,52.06406310178516,53.645781031551834,53.645781031551834,54.36089990072394,68.20270797409734,80.47608340370448,78.57639594687453,102.18341352685377,44.42035982910245,51.73441794395681,63.967569908509105,53.950440220632125,43.60169077015854,57.722047007567234,63.607070165194685,69.23284986189721,
43.25337173754974,43.60169077015854,43.60169077015854,43.60169077015854,44.42035982910245,45.41743940000242,45.41743940000242,46.51545442108461,51.70154736562534,51.70154736562534,51.73441794395681,52.06406310178516,50.183257915364564,118.16936997377958,63.21874227632182,136.00214459093405,45.11152846002893,64.17203440752054,66.62288927238146,135.5245980133004,125.85176465455963,121.82523447587548,121.82523447587548,123.86114537389574,
43.25337173754974,43.60169077015854,43.60169077015854,43.60169077015854,44.42035982910245,45.11152846002893,45.41743940000242,45.41743940000242,46.51545442108461,50.183257915364564,51.70154736562534,51.70154736562534,53.36249202909808,50.26153819992204,59.79986345000341,48.46910807792755,51.16655674291186,70.14686973296337,51.796325883212994,67.77242832314869,68.5,121.46270003585462,67.63105191902214,120.29297568852472,
43.25337173754974,43.60169077015854,43.60169077015854,43.60169077015854,44.42035982910245,45.11152846002893,45.41743940000242,45.41743940000242,46.51545442108461,48.46910807792755,50.183257915364564,50.26153819992204,120.49974066362135,57.524873846981286,50.379652390622944,69.51898221988645,90.97692015011279,66.65477758570648,116.07369228561795,77.93010997564629,81.85772718564814,44.94054842302198,69.04213442913401,52.061928935110004,
43.25337173754974,43.60169077015854,43.60169077015854,43.60169077015854,44.42035982910245,44.94054842302198,45.11152846002893,45.41743940000242,45.41743940000242,46.51545442108461,48.46910807792755,50.183257915364564,58.03304843573015,46.39953304362735,105.39765968306254,123.98622235286199,76.05261336732617,100.91263238564338,147.91636150203263,45.41743940000242,45.41743940000242,54.80317285615898,194.44713291792195,51.713151131989626,
43.25337173754974,43.60169077015854,43.60169077015854,43.60169077015854,44.42035982910245,44.94054842302198,45.11152846002893,45.41743940000242,45.41743940000242,45.41743940000242,45.41743940000242,46.39953304362735,43.25337173754974,102.35341822441603,43.27070795199296,105.39765968306254,61.50292167856743,50.102395152327794,43.338060639581,62.41533040357758,57.013026643922274,43.60169077015854,49.21239046215902,53.019912401956226,
43.25337173754974,43.25337173754974,43.27070795199296,43.338060639581,43.60169077015854,43.60169077015854,43.60169077015854,43.60169077015854,44.42035982910245,44.94054842302198,45.11152846002893,45.41743940000242,60.40051508242477,43.60169077015854,66.62269383125643,128.36205173855166,154.70617311536085,43.338060639581,43.25337173754974,50.07853207712862,165.0224227188536,105.39765968306254,98.30386564118422,67.0604904172345,
43.25337173754974,43.25337173754974,43.25337173754974,43.27070795199296,43.338060639581,43.338060639581,43.60169077015854,43.60169077015854,43.60169077015854,43.60169077015854,43.60169077015854,44.42035982910245,43.60169077015854,43.49540205584953,43.25337173754974,57.722047007567234,121.80412512702179,130.58936914363792,56.94075868830692,128.36205173855166,139.2488595930293,100.53287708506109,43.25337173754974,71.23278300754505,
43.25337173754974,43.25337173754974,43.25337173754974,43.25337173754974,43.25337173754974,43.27070795199296,43.338060639581,43.338060639581,43.49540205584953,43.60169077015854,43.60169077015854,43.60169077015854,81.71358133749861,196.7325278137807,47.28269125760486,105.39765968306254,106.9309226660942,81.73805340843394,128.36205173855166,64.06442070291435,43.338060639581,42.81652061844613,50.27445507743802,86.15248110182318,
42.81652061844613,43.25337173754974,43.25337173754974,43.25337173754974,43.25337173754974,43.25337173754974,43.27070795199296,43.338060639581,43.338060639581,43.338060639581,43.49540205584953,43.60169077015854,154.56778448305457,43.25337173754974,43.25337173754974,47.48801018268834,107.55360420635738,60.00740695021648,47.28269125760486,47.459924614820494,43.27070795199296,139.26116999863154,128.36205173855166,97.84196441200473,
42.81652061844613,43.25337173754974,43.25337173754974,43.25337173754974,43.25337173754974,43.25337173754974,43.25337173754974,43.25337173754974,43.27070795199296,43.27070795199296,43.338060639581,43.338060639581,112.02277465237293,50.567886164156704,60.816527358934266,120.39372907257254,49.097055240954454,98.30386564118422,44.509556184217075,94.32803283106131,65.40981917452795,72.93719703103349,81.85772718564814,43.49540205584953,
42.81652061844613,43.25337173754974,43.25337173754974,43.25337173754974,43.25337173754974,43.25337173754974,43.25337173754974,43.25337173754974,43.27070795199296,43.27070795199296,43.338060639581,43.338060639581,196.7325278137807,98.16368664124224,43.27070795199296,43.25337173754974,50.36119537898202,46.20227267137408,72.93719703103349,43.25337173754974,47.31860099368958,210.73205736194956,42.82550254975478,196.7325278137807,
42.81652061844613,42.82550254975478,43.25337173754974,43.25337173754974,43.25337173754974,43.25337173754974,43.25337173754974,43.25337173754974,43.25337173754974,43.25337173754974,43.25337173754974,43.27070795199296,67.74252726316018,43.25337173754974,125.85176465455963,43.509854493166586,130.523561091475,105.39765968306254,43.25337173754974,44.590965078888644,105.39765968306254,63.10955812339849,43.25337173754974,100.53287708506109,
42.81652061844613,42.82550254975478,43.25337173754974,43.25337173754974,43.25337173754974,43.25337173754974,43.25337173754974,43.25337173754974,43.25337173754974,43.25337173754974,43.25337173754974,43.25337173754974,151.47579564625718,196.7325278137807,64.84356174671468,121.82523447587548,128.36205173855166,58.891850030373476,92.49185802897946,42.58232541641922,114.41503397718326,121.46270003585462,36.96600069118367,196.7325278137807,
36.96600069118367,42.58232541641922,42.81652061844613,42.82550254975478,43.25337173754974,43.25337173754974,43.25337173754974,43.25337173754974,43.25337173754974,43.25337173754974,43.25337173754974,43.25337173754974,112.38598389034105,198.46583459124645,76.34481391846403,44.94054842302198,43.338060639581,196.7325278137807,57.226644920778725,164.67422384817849,43.5137909173632,49.890955473076765,42.923704924487176,56.94075868830692,
36.96600069118367,42.58232541641922,42.81652061844613,42.82550254975478,42.923704924487176,43.25337173754974,43.25337173754974,43.25337173754974,43.25337173754974,43.25337173754974,43.25337173754974,43.25337173754974,49.07475278538595,43.29621211458428,58.88845387679999,106.83098508859683,50.25783521004461,43.25337173754974,48.87590578870807,84.19001831377321,82.41472865938466,196.7325278137807,68.89766969128121,196.7325278137807,
36.96600069118367,42.58232541641922,42.81652061844613,42.82550254975478,42.923704924487176,43.25337173754974,43.25337173754974,43.25337173754974,43.25337173754974,43.25337173754974,43.25337173754974,43.25337173754974,42.58232541641922,63.42121096289474,62.925427094299486,92.47477133431222,77.15153514350833,66.6211690477528,45.61414254373308,64.3245676238869,196.7325278137807,36.96600069118367,44.94054842302198,43.25337173754974,
36.96600069118367,36.96600069118367,42.58232541641922,42.58232541641922,42.81652061844613,42.82550254975478,42.923704924487176,43.25337173754974,43.25337173754974,43.25337173754974,43.25337173754974,43.25337173754974,43.55972910843225,105.39765968306254,42.8470515028188,59.50336124959665,74.23330339768891,62.06985312264455,105.39765968306254,127.39940884870698,62.925427094299486,36.66579012225505,215.66795465869905,122.30974396746873,
36.66579012225505,36.96600069118367,36.96600069118367,42.58232541641922,42.58232541641922,42.81652061844613,42.82550254975478,42.8470515028188,42.923704924487176,43.25337173754974,43.25337173754974,43.25337173754974,88.29621861791264,57.80426743185431,63.15481464025445,57.899742359437624,43.55972910843225,36.78932021161377,36.66579012225505,108.31127980655262,58.13819742647686,63.42121096289474,43.338060639581,154.57333750251584,
36.66579012225505,36.66579012225505,36.78932021161377,36.96600069118367,36.96600069118367,42.58232541641922,42.58232541641922,42.81652061844613,42.82550254975478,42.8470515028188,42.923704924487176,43.25337173754974,80.15984031920223,97.69011912675714,89.19018381463786,48.92532575262019,39.271490931717885,40.705610738105015,46.8899420629485,105.39765968306254,65.68612232935254,124.14608330511277,112.42712917708074,112.27359161886646,
36.66579012225505,36.66579012225505,36.78932021161377,36.96600069118367,36.96600069118367,39.271490931717885,40.705610738105015,42.58232541641922,42.58232541641922,42.81652061844613,42.82550254975478,42.8470515028188,61.87083319303208,42.05129278024394,43.690833007495854,73.6129022318778,198.46457492459453,36.66579012225505,102.0134491214413,157.8225560041196,104.30704282872497,83.75708925219405,121.49348405024307,43.61708380898475,
36.66579012225505,36.66579012225505,36.66579012225505,36.78932021161377,36.96600069118367,36.96600069118367,39.271490931717885,40.705610738105015,42.05129278024394,42.58232541641922,42.58232541641922,42.81652061844613,105.39765968306254,42.89549706716374,86.27672611653594,86.4842230313329,123.47570611257909,105.39765968306254,43.53909613855096,120.39372907257254,43.63087086641732,227.5,39.768339584817134,37.71803282251077,
36.66579012225505,36.66579012225505,36.66579012225505,36.78932021161377,36.96600069118367,36.96600069118367,37.71803282251077,39.271490931717885,39.768339584817134,40.705610738105015,42.05129278024394,42.58232541641922,47.673302818798824,59.9754116284332,46.70502515789923,36.33486235314814,38.328937345255596,47.80638032731614,68.5,36.66579012225505,42.05129278024394,43.46780417734487,44.18574617780327,227.5,
36.33486235314814,36.66579012225505,36.66579012225505,36.66579012225505,36.66579012225505,36.78932021161377,36.96600069118367,36.96600069118367,37.71803282251077,38.328937345255596,39.271490931717885,39.768339584817134,128.1826821376429,101.60380570300175,36.66579012225505,137.94636638926013,38.16630276391292,109.53652358916636,137.94636638926013,68.35971035632026,39.344631145812,53.72112418475128,137.94056691198568,105.39765968306254,
36.33486235314814,36.66579012225505,36.66579012225505,36.66579012225505,36.66579012225505,36.66579012225505,36.78932021161377,36.96600069118367,36.96600069118367,37.71803282251077,38.16630276391292,38.328937345255596,72.569829580131,71.76774606325603,88.7432215721291,36.66579012225505,116.52204836468522,45.53415613580645,106.81694329552779,105.39765968306254,105.39765968306254,106.28198048117093,51.796325883212994,36.66579012225505,
36.33486235314814,36.66579012225505,36.66579012225505,36.66579012225505,36.66579012225505,36.66579012225505,36.66579012225505,36.66579012225505,36.78932021161377,36.96600069118367,36.96600069118367,37.71803282251077,72.55730137946887,66.64436266016928,105.36854659833216,42.96340497058708,63.50670862843017,39.768339584817134,99.09898775971428,98.5291834940288,116.02956250456174,111.1714983294564,119.56971467167874,36.63994005317956,
36.33486235314814,36.63994005317956,36.66579012225505,36.66579012225505,36.66579012225505,36.66579012225505,36.66579012225505,36.66579012225505,36.66579012225505,36.78932021161377,36.96600069118367,36.96600069118367,62.76454218029508,71.53398570687301,104.95285627755123,43.934610502427354,194.43427552774742,89.03852747546985,68.46057259474244,43.5349199631554,39.80185297194089,44.94054842302198,81.73499480026899,36.59946493233655,
36.33486235314814,36.59946493233655,36.63994005317956,36.66579012225505,36.66579012225505,36.66579012225505,36.66579012225505,36.66579012225505,36.66579012225505,36.66579012225505,36.78932021161377,36.96600069118367,68.5,72.02811950898067,68.10225155357689,56.96392620675728,43.98238283676773,36.66579012225505,50.27445507743802,44.347350540928595,36.98901864067226,43.568910934288915,38.319448916826246,106.07096680996172,
36.33486235314814,36.59946493233655,36.63994005317956,36.66579012225505,36.66579012225505,36.66579012225505,36.66579012225505,36.66579012225505,36.66579012225505,36.66579012225505,36.66579012225505,36.78932021161377,36.483222311140246,90.75562425179683,36.66579012225505,36.59946493233655,67.28374276759823,86.27672611653594,37.71803282251077,115.932739120578,76.17250159998686,83.89642051363097,36.66579012225505,43.95884626885988,
36.33486235314814,36.483222311140246,36.59946493233655,36.59946493233655,36.63994005317956,36.66579012225505,36.66579012225505,36.66579012225505,36.66579012225505,36.66579012225505,36.66579012225505,36.66579012225505,37.23601527195591,63.43018015977915,76.9576845227336,91.88906354947797,68.21766633358253,97.61147473529944,57.78888782071823,36.98901864067226,227.5,101.60380570300175,86.6371744691619,36.66579012225505,
36.33486235314814,36.483222311140246,36.59946493233655,36.59946493233655,36.63994005317956,36.66579012225505,36.66579012225505,36.66579012225505,36.66579012225505,36.66579012225505,36.66579012225505,36.66579012225505,36.59946493233655,92.98171863328834,57.67243167233371,55.09953886988047,83.89642051363097,39.271490931717885,168.79454967504134,39.84692933938295,86.09729264996021,43.27100836922172,36.66579012225505,68.5,
36.33486235314814,36.483222311140246,36.59946493233655,36.59946493233655,36.59946493233655,36.63994005317956,36.66579012225505,36.66579012225505,36.66579012225505,36.66579012225505,36.66579012225505,36.66579012225505,61.945540598173814,60.80533904352764,85.20514460211113,36.63994005317956,106.69165560155115,113.5103932466098,40.29742737522117,176.6329173738576,43.568910934288915,42.90087653067932,88.46797914123128,117.89445296881583,
36.33486235314814,36.483222311140246,36.59946493233655,36.59946493233655,36.59946493233655,36.63994005317956,36.63994005317956,36.66579012225505,36.66579012225505,36.66579012225505,36.66579012225505,36.66579012225505,131.44124162529812,119.85694598144907,39.65712420234226,137.99275343292487,134.6684818359515,60.37060025376591,36.33953746914061,43.170046242296095,36.66579012225505,36.63994005317956,85.60244025597505,89.51273994379179,
36.33486235314814,36.33953746914061,36.483222311140246,36.59946493233655,36.59946493233655,36.59946493233655,36.63994005317956,36.63994005317956,36.63994005317956,36.66579012225505,36.66579012225505,36.66579012225505,60.40051508242477,214.25374364679527,116.40797363810871,43.85946753623422,37.23601527195591,88.28615092099352,43.34575142579335,43.165379646193315,36.63994005317956,176.6329173738576,43.605860550849876,101.22924169922445,
36.33486235314814,36.33953746914061,36.483222311140246,36.59946493233655,36.59946493233655,36.59946493233655,36.63994005317956,36.63994005317956,36.63994005317956,36.63994005317956,36.66579012225505,36.66579012225505,42.928477339251934,76.06576102294646,61.83129769784878,70.3183238328863,85.55175065898024,61.87083319303208,154.26897506195687,40.77560545227992,91.66165706008157,41.045630725485175,111.1714983294564,88.74177167949897,
36.33486235314814,36.33953746914061,36.483222311140246,36.59946493233655,36.59946493233655,36.59946493233655,36.63994005317956,36.63994005317956,36.63994005317956,36.63994005317956,36.66579012225505,36.66579012225505,130.58936914363792,65.1939414363022,86.55865063643263,43.62670347617783,36.63994005317956,43.165379646193315,38.93648674444062,36.66579012225505,68.10225155357689,45.98097432634502,68.48101926811545,45.057987329908805,
36.33486235314814,36.33953746914061,36.483222311140246,36.59946493233655,36.59946493233655,36.59946493233655,36.63994005317956,36.63994005317956,36.63994005317956,36.63994005317956,36.63994005317956,36.66579012225505,36.483222311140246,38.52948005532041,85.59468441439573,43.17846876962239,36.184711320298426,38.178527996768025,70.3183238328863,126.89242491181261,54.673576799035196,71.79704956703034,42.951765582647084,36.33953746914061,
36.184711320298426,36.33486235314814,36.33953746914061,36.33953746914061,36.483222311140246,36.483222311140246,36.59946493233655,36.59946493233655,36.59946493233655,36.63994005317956,36.63994005317956,36.63994005317956,38.93648674444062,72.10138261503728,91.45046473364692,176.6329173738576,39.0280347955159,71.50912917631955,64.8525571328276,220.5,105.39765968306254,131.4762335937564,69.04587846738814,36.483222311140246,
36.184711320298426,36.33486235314814,36.33953746914061,36.33953746914061,36.483222311140246,36.483222311140246,36.483222311140246,36.59946493233655,36.59946493233655,36.59946493233655,36.63994005317956,36.63994005317956,36.483222311140246,116.6121777517254,43.17846876962239,111.18389890177444,36.483222311140246,105.39765968306254,95.03815023452424,227.5,72.10138261503728,87.01723967122837,42.08015917173279,106.66353348262939,
36.184711320298426,36.33486235314814,36.33953746914061,36.33953746914061,36.483222311140246,36.483222311140246,36.483222311140246,36.483222311140246,36.483222311140246,36.59946493233655,36.59946493233655,36.59946493233655,102.30745977948338,36.483222311140246,63.42121096289474,72.17744338318816,42.53352315193248,43.17846876962239,68.5,83.93693039433637,54.78765828176999,108.23058428651302,63.42121096289474,81.85772718564814,
36.184711320298426,36.33486235314814,36.33953746914061,36.33953746914061,36.483222311140246,36.483222311140246,36.483222311140246,36.483222311140246,36.483222311140246,36.483222311140246,36.59946493233655,36.59946493233655,68.74481798652172,132.07804274367484,46.581749376767725,97.62402368269811,111.78662710718129,42.90804809958123,138.00401941610252,36.59946493233655,36.63994005317956,59.25696376884358,57.825899999427605,36.33953746914061,
36.184711320298426,36.33486235314814,36.33953746914061,36.33953746914061,36.33953746914061,36.483222311140246,36.483222311140246,36.483222311140246,36.483222311140246,36.483222311140246,36.483222311140246,36.59946493233655,51.8887699261068,36.483222311140246,70.15696686716153,36.33953746914061,94.56896560816529,36.483222311140246,81.305169652642,39.26860920174094,37.23347097635064,43.587093396369085,78.46687199066878,68.74670446646878,
36.184711320298426,36.33486235314814,36.33953746914061,36.33953746914061,36.33953746914061,36.33953746914061,36.483222311140246,36.483222311140246,36.483222311140246,36.483222311140246,36.483222311140246,36.483222311140246,83.51437002097303,80.31604239917868,117.90638942256975,42.90087653067932,161.54875425084526,36.63994005317956,124.38749937192242,105.39765968306254,105.39765968306254,36.63994005317956,60.84701615527256,71.57295229344672,
36.184711320298426,36.33486235314814,36.33953746914061,36.33953746914061,36.33953746914061,36.33953746914061,36.483222311140246,36.483222311140246,36.483222311140246,36.483222311140246,36.483222311140246,36.483222311140246,119.11674945195574,88.29042983245692,57.68599023495874,44.814722748221925,36.33953746914061,86.15248110182318,53.206098230267635,36.97195720860218,36.61473819726748,38.47141796191037,45.171278977293134,87.61910429818676,
36.184711320298426,36.33486235314814,36.33953746914061,36.33953746914061,36.33953746914061,36.33953746914061,36.33953746914061,36.483222311140246,36.483222311140246,36.483222311140246,36.483222311140246,36.483222311140246,60.341544899151586,48.43149156282511,123.13102777123238,81.07995549871416,116.3494735699307,117.88233496991474,38.47141796191037,68.46057259474244,38.178527996768025,36.33486235314814,101.82755029951373,42.53352315193248,
36.184711320298426,36.33486235314814,36.33486235314814,36.33953746914061,36.33953746914061,36.33953746914061,36.33953746914061,36.33953746914061,36.483222311140246,36.483222311140246,36.483222311140246,36.483222311140246,78.95795954177134,41.71597082919469,72.10138261503728,71.25763117028238,227.5,87.48776700202149,63.23455839175284,138.9100428334827,131.4823182028671,68.5,49.19735933248101,130.17368205593633,
36.184711320298426,36.33486235314814,36.33486235314814,36.33953746914061,36.33953746914061,36.33953746914061,36.33953746914061,36.33953746914061,36.483222311140246,36.483222311140246,36.483222311140246,36.483222311140246,95.99316381909703,47.279311895725954,106.66353348262939,65.38284688407707,61.72949548023941,111.18049307687176,138.9100428334827,36.33953746914061,86.180636112855,36.69553083784283,138.9100428334827,152.19949901363015,
36.184711320298426,36.33486235314814,36.33486235314814,36.33953746914061,36.33953746914061,36.33953746914061,36.33953746914061,36.33953746914061,36.33953746914061,36.483222311140246,36.483222311140246,36.483222311140246,35.82504143403047,136.6535308727879,80.15984031920223,36.20313061969457,198.46583459124645,81.85772718564814,121.95730127111429,167.94220235942285,198.46583459124645,133.70373031445308,181.49431809288134,36.483222311140246,
35.82504143403047,36.184711320298426,36.20313061969457,36.33486235314814,36.33486235314814,36.33953746914061,36.33953746914061,36.33953746914061,36.33953746914061,36.33953746914061,36.33953746914061,36.483222311140246,42.61302409457943,36.33953746914061,120.5,36.33953746914061,85.29627237829712,40.86513408363503,176.6329173738576,38.910480724402284,43.20997617236472,45.85694467580674,132.33362195602447,137.74472539810736,
35.82504143403047,36.184711320298426,36.20313061969457,36.33486235314814,36.33486235314814,36.33953746914061,36.33953746914061,36.33953746914061,36.33953746914061,36.33953746914061,36.33953746914061,36.33953746914061,106.07850866221678,176.6329173738576,90.49419870908852,84.32565639549217,93.551906360445,36.984724177492616,150.37183080617194,36.33486235314814,86.07361190670848,194.45741821797387,36.33486235314814,41.07662664092984,
35.82504143403047,36.184711320298426,36.20313061969457,36.33486235314814,36.33486235314814,36.33486235314814,36.33486235314814,36.33953746914061,36.33953746914061,36.33953746914061,36.33953746914061,36.33953746914061,111.78662710718129,96.24344133498137,72.95838279344403,38.333680678747314,36.277403435196405,65.13716297168614,66.6211690477528,103.17309484550708,43.40344888370048,198.46583459124645,154.26573393552655,97.84400850333147,
35.82504143403047,36.184711320298426,36.20313061969457,36.277403435196405,36.33486235314814,36.33486235314814,36.33486235314814,36.33486235314814,36.33953746914061,36.33953746914061,36.33953746914061,36.33953746914061,117.14930295854718,120.04660553301788,56.454424457400386,66.62269383125643,46.467730738653465,40.041644987854,43.165379646193315,183.50040871889087,164.81106607263968,36.238791370574155,43.284186873884245,131.04197800704932,
35.82504143403047,36.184711320298426,36.20313061969457,36.238791370574155,36.277403435196405,36.33486235314814,36.33486235314814,36.33486235314814,36.33486235314814,36.33953746914061,36.33953746914061,36.33953746914061,53.710799658914034,36.33953746914061,148.90489134567295,183.50040871889087,167.97525859482997,63.04387846765853,92.33850767691668,118.72159166103953,123.91455252120555,119.85694598144907,60.5424458962639,55.27302631498052,
35.82504143403047,36.184711320298426,36.20313061969457,36.238791370574155,36.277403435196405,36.33486235314814,36.33486235314814,36.33486235314814,36.33486235314814,36.33953746914061,36.33953746914061,36.33953746914061,121.46270003585462,45.74081571443848,105.39765968306254,38.36295056863276,111.20413380355966,125.67259048814105,39.84692933938295,122.19701049943897,89.69732089087165,38.93648674444062,108.2123683627092,54.15873306630186,
35.82504143403047,36.184711320298426,36.20313061969457,36.238791370574155,36.277403435196405,36.33486235314814,36.33486235314814,36.33486235314814,36.33486235314814,36.33953746914061,36.33953746914061,36.33953746914061,50.66228051190221,108.28049993727709,36.33953746914061,43.230306209880126,131.03689047999674,106.33055769627093,72.8824395859524,51.796325883212994,38.319448916826246,43.230306209880126,89.69732089087165,70.88976918427652,
35.82504143403047,36.184711320298426,36.20313061969457,36.238791370574155,36.277403435196405,36.33486235314814,36.33486235314814,36.33486235314814,36.33486235314814,36.33953746914061,36.33953746914061,36.33953746914061,41.3323042546626,45.181405190631246,58.470644998414485,63.04387846765853,132.33362195602447,111.8083272427252,60.73803894595215,37.28074793598791,104.82932557257058,92.33850767691668,137.74381791935346,120.56775411913972,
35.82504143403047,36.184711320298426,36.20313061969457,36.238791370574155,36.277403435196405,36.33486235314814,36.33486235314814,36.33486235314814,36.33486235314814,36.33953746914061,36.33953746914061,36.33953746914061,43.863661877838396,74.64080653369174,121.11435711756059,36.33486235314814,96.15950291052881,140.0071426749364,183.50040871889087,76.04549077142357,148.90489134567295,59.76621118993574,46.295672110882535,38.46020670771284,
35.82504143403047,36.184711320298426,36.20313061969457,36.238791370574155,36.277403435196405,36.33486235314814,36.33486235314814,36.33486235314814,36.33486235314814,36.33486235314814,36.33953746914061,36.33953746914061,36.33486235314814,36.33953746914061,95.35853396524088,45.85466170412775,36.33953746914061,45.6608877122058,46.444670717064284,36.33953746914061,101.83865234335688,71.4858183293877,89.93358660700684,58.603168523099036,
35.82504143403047,36.184711320298426,36.20313061969457,36.238791370574155,36.277403435196405,36.33486235314814,36.33486235314814,36.33486235314814,36.33486235314814,36.33486235314814,36.33486235314814,36.33953746914061,59.01228685621326,37.760429022986486,211.45685139053782,61.68198008062538,73.31818025261917,36.33486235314814,98.17896605179747,55.02045074333724,41.27783152007867,99.15938348604904,91.4343748158163,106.99636546267458,
35.82504143403047,36.184711320298426,36.20313061969457,36.238791370574155,36.277403435196405,36.33486235314814,36.33486235314814,36.33486235314814,36.33486235314814,36.33486235314814,36.33486235314814,36.33486235314814,36.33486235314814,42.4247495573044,36.33486235314814,43.230306209880126,57.68599023495874,70.27879747832912,77.77146006087322,37.28074793598791,114.2522793353959,36.33486235314814,36.33486235314814,94.24059240156733,
35.82504143403047,36.184711320298426,36.20313061969457,36.238791370574155,36.277403435196405,36.33486235314814,36.33486235314814,36.33486235314814,36.33486235314814,36.33486235314814,36.33486235314814,36.33486235314814,36.33486235314814,68.5,36.33953746914061,183.50040871889087,94.0803439147153,54.10946969564387,36.33486235314814,112.90812591642457,51.796325883212994,110.96441790419273,36.33486235314814,41.98839732835824,
35.82504143403047,36.184711320298426,36.20313061969457,36.238791370574155,36.277403435196405,36.33486235314814,36.33486235314814,36.33486235314814,36.33486235314814,36.33486235314814,36.33486235314814,36.33486235314814,60.54716495157696,65.96016829612317,36.33486235314814,68.5,147.57681615574538,71.57435915807342,213.54780885475427,43.752142804667294,81.04456935675717,37.9619692733545,227.5,154.61047829949948,
35.82504143403047,36.184711320298426,36.20313061969457,36.238791370574155,36.277403435196405,36.33486235314814,36.33486235314814,36.33486235314814,36.33486235314814,36.33486235314814,36.33486235314814,36.33486235314814,74.21309408273808,36.33486235314814,130.60468342802005,86.1574785559043,36.33486235314814,34.479840124339326,214.25374364679527,66.76367092290567,41.27783152007867,36.277403435196405,198.46583459124645,94.14660553271867,
34.479840124339326,35.82504143403047,36.184711320298426,36.20313061969457,36.238791370574155,36.277403435196405,36.277403435196405,36.33486235314814,36.33486235314814,36.33486235314814,36.33486235314814,36.33486235314814,129.5453588516393,129.26942149376754,36.33486235314814,105.39765968306254,69.19698130859628,105.39765968306254,37.22933881549675,66.51585807159071,172.98320005133448,136.06126071246976,129.1804938835581,56.43757613505385,
34.479840124339326,35.82504143403047,36.184711320298426,36.20313061969457,36.238791370574155,36.277403435196405,36.277403435196405,36.33486235314814,36.33486235314814,36.33486235314814,36.33486235314814,36.33486235314814,38.58048835399383,65.40221708780216,124.0806189539688,43.43191638584171,157.9923521355807,213.54780885475427,89.43293576753477,42.09939874867573,36.33486235314814,36.277403435196405,54.72760830797479,38.52948005532041,
34.479840124339326,35.82504143403047,36.184711320298426,36.20313061969457,36.238791370574155,36.277403435196405,36.277403435196405,36.277403435196405,36.33486235314814,36.33486235314814,36.33486235314814,36.33486235314814,119.38697583907552,72.02950784227254,81.76361816968685,43.587093396369085,121.11435711756059,45.181405190631246,110.64470163546017,147.57681615574538,116.3494735699307,36.33486235314814,66.05194452096016,42.87449384216941,
34.479840124339326,35.82504143403047,36.184711320298426,36.20313061969457,36.238791370574155,36.277403435196405,36.277403435196405,36.277403435196405,36.33486235314814,36.33486235314814,36.33486235314814,36.33486235314814,36.33953746914061,57.78912815861936,38.47921516871154,131.21737689803132,176.6329173738576,68.5,133.06803538346963,39.60277976719887,145.3732704285834,43.230306209880126,75.88093743929807,45.87874644102648,
34.479840124339326,35.82504143403047,36.184711320298426,36.20313061969457,36.238791370574155,36.277403435196405,36.277403435196405,36.277403435196405,36.33486235314814,36.33486235314814,36.33486235314814,36.33486235314814,69.0716214438961,74.24553858650363,60.13526419664255,43.34575142579335,177.02312702017215,78.37320572108813,63.65545168267694,119.85694598144907,67.29435795254234,73.31818025261917,140.75577252816313,58.3042687554011,
34.479840124339326,35.82504143403047,36.184711320298426,36.20313061969457,36.238791370574155,36.277403435196405,36.277403435196405,36.277403435196405,36.33486235314814,36.33486235314814,36.33486235314814,36.33486235314814,46.09380710306362,58.412327466040935,220.5,142.83542692089196,125.39377975003386,220.5,169.92847760160743,214.25374364679527,43.81334699609241,48.64112646386254,98.53324312129384,109.4034328122802,
34.479840124339326,35.82504143403047,36.184711320298426,36.20313061969457,36.238791370574155,36.277403435196405,36.277403435196405,36.277403435196405,36.33486235314814,36.33486235314814,36.33486235314814,36.33486235314814,117.97291797272796,76.05553526499202,147.57681615574538,69.76646311086725,99.47989746677466,42.928477339251934,167.97525859482997,36.483222311140246,66.62269383125643,36.238791370574155,180.31413560783304,38.48960898736177,
34.479840124339326,35.82504143403047,36.184711320298426,36.20313061969457,36.238791370574155,36.238791370574155,36.277403435196405,36.277403435196405,36.277403435196405,36.33486235314814,36.33486235314814,36.33486235314814,73.78706263461703,73.40544513181567,164.75679045186575,36.277403435196405,80.1131036410399,147.57681615574538,138.0449202252658,36.238791370574155,116.3494735699307,69.87739262451055,36.238791370574155,157.20432564023167,
34.479840124339326,35.82504143403047,36.184711320298426,36.20313061969457,36.238791370574155,36.238791370574155,36.238791370574155,36.238791370574155,36.277403435196405,36.277403435196405,36.277403435196405,36.277403435196405,50.99259650144502,74.8595964701485,227.5,106.5938553576143,131.04197800704932,52.61305287980667,198.46583459124645,98.87972491871122,36.33953746914061,96.48790943256397,71.84551327520583,130.60468342802005,
34.479840124339326,35.82504143403047,36.184711320298426,36.20313061969457,36.238791370574155,36.238791370574155,36.238791370574155,36.238791370574155,36.277403435196405,36.277403435196405,36.277403435196405,36.277403435196405,59.07587649517753,102.5936157857788,60.54716495157696,109.9763610963738,101.19713125874665,36.238791370574155,130.2005664350198,43.747571361162436,61.917008780555285,37.28074793598791,43.72896319628699,58.73065005768578,
34.479840124339326,35.82504143403047,36.184711320298426,36.20313061969457,36.238791370574155,36.238791370574155,36.238791370574155,36.238791370574155,36.238791370574155,36.277403435196405,36.277403435196405,36.277403435196405,91.13863066779092,55.733492822738306,41.344084623236405,103.44684625448956,117.00598275301994,36.238791370574155,122.47686856436742,102.10901037616611,61.72949548023941,157.74240605070872,67.01575270868119,45.34158549279017,
34.479840124339326,35.82504143403047,36.184711320298426,36.20313061969457,36.238791370574155,36.238791370574155,36.238791370574155,36.238791370574155,36.238791370574155,36.238791370574155,36.277403435196405,36.277403435196405,125.86677259882548,80.13769400226089,194.4317039476844,34.479840124339326,36.238791370574155,64.82969141441974,92.50056306134934,140.0071426749364,92.04635034722939,41.020574106172624,37.0427910307382,116.3494735699307,
34.479840124339326,34.479840124339326,35.82504143403047,36.184711320298426,36.20313061969457,36.238791370574155,36.238791370574155,36.238791370574155,36.238791370574155,36.238791370574155,36.238791370574155,36.238791370574155,47.67715502325103,86.5262965808661,125.12713534641476,213.54780885475427,36.238791370574155,37.01578538065806,36.483222311140246,80.48408227718075,43.57981183988751,58.910478222846265,118.21271039088471,35.82504143403047,
34.479840124339326,34.479840124339326,35.82504143403047,35.82504143403047,36.184711320298426,36.20313061969457,36.238791370574155,36.238791370574155,36.238791370574155,36.238791370574155,36.238791370574155,36.238791370574155,81.74111190215118,83.17601817831869,183.50040871889087,68.5,54.673576799035196,36.184711320298426,55.8949908310217,36.72782777858409,42.80884182941078,56.51259567023758,180.01333283954276,90.49419870908852,
34.479840124339326,34.479840124339326,35.82504143403047,35.82504143403047,36.184711320298426,36.184711320298426,36.20313061969457,36.238791370574155,36.238791370574155,36.238791370574155,36.238791370574155,36.238791370574155,48.64112646386254,99.2692307076531,36.5903561975921,39.84692933938295,37.9619692733545,86.47543003651384,67.07167341732276,64.8525571328276,102.9465880930495,43.649619198778204,95.3291665756079,43.26719311441406,
34.479840124339326,34.479840124339326,35.82504143403047,35.82504143403047,36.184711320298426,36.184711320298426,36.20313061969457,36.238791370574155,36.238791370574155,36.238791370574155,36.238791370574155,36.238791370574155,132.10170087852768,93.37906617652588,65.02775849589159,36.62677754503299,68.1878532682569,56.1499475422421,111.25246564059202,123.55727416870283,34.479840124339326,86.15248110182318,186.40731611178785,41.39726238935774,
34.479840124339326,34.479840124339326,34.479840124339326,35.82504143403047,35.82504143403047,36.184711320298426,36.184711320298426,36.20313061969457,36.238791370574155,36.238791370574155,36.238791370574155,36.238791370574155,37.9619692733545,42.95216978091898,46.54507970177347,65.25208587274281,58.899160529765716,105.39765968306254,81.305169652642,65.02775849589159,61.72949548023941,38.58048835399383,98.89064351595655,87.66096305907462,
34.479840124339326,34.479840124339326,34.479840124339326,35.82504143403047,35.82504143403047,36.184711320298426,36.184711320298426,36.20313061969457,36.238791370574155,36.238791370574155,36.238791370574155,36.238791370574155,98.9141877029055,55.733492822738306,168.21619274017587,91.45046473364692,38.02214609605828,43.349596307232204,63.0189475880234,182.50150684309432,43.72896319628699,36.98451252438873,96.38464608017192,36.72782777858409,
34.479840124339326,34.479840124339326,34.479840124339326,35.82504143403047,35.82504143403047,36.184711320298426,36.184711320298426,36.20313061969457,36.238791370574155,36.238791370574155,36.238791370574155,36.238791370574155,50.22692307570604,92.33850767691668,109.1231385866444,118.531318517039,183.50040871889087,74.24553858650363,98.1967890259147,211.45685139053782,36.238791370574155,36.238791370574155,36.3837570596795,67.00912044059542,
34.479840124339326,34.479840124339326,34.479840124339326,35.82504143403047,35.82504143403047,36.184711320298426,36.184711320298426,36.20313061969457,36.238791370574155,36.238791370574155,36.238791370574155,36.238791370574155,105.39765968306254,125.57343469062236,58.991948603178045,124.2990345899758,50.809010574459684,36.184711320298426,36.238791370574155,44.79895920177309,36.33953746914061,62.76454218029508,73.2666363360568,82.40294228945459,
34.479840124339326,34.479840124339326,34.479840124339326,35.82504143403047,35.82504143403047,36.184711320298426,36.184711320298426,36.184711320298426,36.20313061969457,36.238791370574155,36.238791370574155,36.238791370574155,40.92102897343734,69.85222497052857,62.61414067321293,83.41095704463557,58.470644998414485,64.58993245854961,94.24059240156733,81.5455300392839,61.9524767462932,37.03507714013176,54.99252235343365,183.50040871889087,
34.479840124339326,34.479840124339326,34.479840124339326,35.82504143403047,35.82504143403047,36.184711320298426,36.184711320298426,36.184711320298426,36.20313061969457,36.238791370574155,36.238791370574155,36.238791370574155,77.13857254966545,94.24059240156733,39.621139695165276,148.90489134567295,86.1574785559043,124.29635285612098,107.52364081137381,36.3837570596795,80.48408227718075,36.184711320298426,35.41840860089664,42.928477339251934,
34.479840124339326,34.479840124339326,34.479840124339326,35.41840860089664,35.82504143403047,35.82504143403047,36.184711320298426,36.184711320298426,36.184711320298426,36.184711320298426,36.20313061969457,36.238791370574155,41.39726238935774,50.1422975141746,66.62269383125643,164.74950682778993,49.39815294920347,35.480824241960455,66.6238981271202,46.64314883595804,36.31712535085892,36.184711320298426,54.79526287311097,36.184711320298426,
34.479840124339326,34.479840124339326,34.479840124339326,35.41840860089664,35.480824241960455,35.82504143403047,35.82504143403047,36.184711320298426,36.184711320298426,36.184711320298426,36.184711320298426,36.184711320298426,105.39765968306254,42.59858041360578,80.02282732172104,47.5646927878232,74.33228945887747,88.12343499840645,91.9609500088522,40.776017384609794,73.45647804425874,68.50693395562233,35.41840860089664,108.03726209044729,
34.479840124339326,34.479840124339326,34.479840124339326,35.41840860089664,35.41840860089664,35.480824241960455,35.82504143403047,35.82504143403047,36.184711320298426,36.184711320298426,36.184711320298426,36.184711320298426,59.078337823605025,47.17320451792305,48.64112646386254,94.52569723634167,111.26329508572597,38.02214609605828,74.33351245824566,35.82504143403047,35.82504143403047,94.09097252718303,36.63994005317956,108.0465177597131,
34.479840124339326,34.479840124339326,34.479840124339326,35.41840860089664,35.41840860089664,35.480824241960455,35.82504143403047,35.82504143403047,35.82504143403047,35.82504143403047,36.184711320298426,36.184711320298426,37.5845305780917,139.28168492340276,69.10776116371608,99.29679837067592,128.83322552819982,82.75294556691018,41.388655853184375,36.65253448294768,97.74251889530984,123.9076351191335,168.11662618551443,73.0607269501557,
34.479840124339326,34.479840124339326,34.479840124339326,35.41840860089664,35.41840860089664,35.480824241960455,35.82504143403047,35.82504143403047,35.82504143403047,35.82504143403047,36.184711320298426,36.184711320298426,72.35578328647959,39.81436416357795,68.33630074857726,112.99665879113056,105.39765968306254,41.4680599980274,105.39765968306254,87.2099956044795,86.27672611653594,114.23926371874076,82.91109696536405,71.57295229344672,
34.479840124339326,34.479840124339326,34.479840124339326,35.41840860089664,35.41840860089664,35.480824241960455,35.82504143403047,35.82504143403047,35.82504143403047,35.82504143403047,36.184711320298426,36.184711320298426,41.08751140857767,88.46797914123128,91.13863066779092,55.12277962270529,41.37103008359249,65.42820492723303,105.39765968306254,53.645781031551834,99.58102311830932,35.41840860089664,86.72536685536906,131.368517918107,
34.479840124339326,34.479840124339326,34.479840124339326,35.41840860089664,35.41840860089664,35.41840860089664,35.480824241960455,35.82504143403047,35.82504143403047,35.82504143403047,35.82504143403047,36.184711320298426,42.09939874867573,41.4680599980274,63.96444324779197,40.92102897343734,136.54010399878857,227.5,94.07680077704835,36.70240682389462,167.97525859482997,35.82504143403047,46.218063297805976,147.57003986807982,
34.479840124339326,34.479840124339326,34.479840124339326,35.41840860089664,35.41840860089664,35.41840860089664,35.480824241960455,35.82504143403047,35.82504143403047,35.82504143403047,35.82504143403047,35.82504143403047,108.0465177597131,36.79902671738668,38.58048835399383,145.3209809353075,36.483222311140246,123.91570538400823,90.58283501856188,36.69553083784283,109.07043309256639,34.479840124339326,127.42841127472319,91.29028790986841,
34.479840124339326,34.479840124339326,34.479840124339326,34.479840124339326,35.41840860089664,35.41840860089664,35.41840860089664,35.480824241960455,35.82504143403047,35.82504143403047,35.82504143403047,35.82504143403047,90.97996574338038,79.55683035540284,103.88382934797889,36.33953746914061,45.6608877122058,74.3530777122861,86.1574785559043,59.425480688859736,36.343629084063686,34.479840124339326,157.17124418926002,34.479840124339326,
34.479840124339326,34.479840124339326,34.479840124339326,34.479840124339326,34.479840124339326,34.479840124339326,35.41840860089664,35.41840860089664,35.41840860089664,35.480824241960455,35.82504143403047,35.82504143403047,82.47572308236639,34.479840124339326,44.777784670526074,38.46361917448747,36.34121068085101,82.28342471890116,86.15248110182318,41.627110475393465,95.99316381909703,129.31711668091995,74.93970365349378,41.07434772234766,
34.479840124339326,34.479840124339326,34.479840124339326,34.479840124339326,34.479840124339326,34.479840124339326,34.479840124339326,35.41840860089664,35.41840860089664,35.41840860089664,35.480824241960455,35.82504143403047,40.92102897343734,64.12799700598795,90.97996574338038,35.82504143403047,132.09129182122493,66.62269383125643,44.00692417108926,41.07434772234766,35.41840860089664,86.15248110182318,131.03689047999674,70.65486094388694,
34.479840124339326,34.479840124339326,34.479840124339326,34.479840124339326,34.479840124339326,34.479840124339326,34.479840124339326,35.41840860089664,35.41840860089664,35.41840860089664,35.41840860089664,35.480824241960455,157.18651341638696,72.32833300375475,48.482955136578774,194.45741821797387,111.44104916060567,105.39765968306254,68.5,59.81365621150203,75.41588397383906,43.63542139134215,43.32051092342595,55.09953886988047,
34.479840124339326,34.479840124339326,34.479840124339326,34.479840124339326,34.479840124339326,34.479840124339326,34.479840124339326,35.41840860089664,35.41840860089664,35.41840860089664,35.41840860089664,35.480824241960455,128.96080369200902,42.4247495573044,76.63515345820174,68.5,45.79907810814051,181.49431809288134,36.277403435196405,52.311088690639956,68.17887777750525,38.16630276391292,35.41840860089664,198.46457492459453,
34.479840124339326,34.479840124339326,34.479840124339326,34.479840124339326,34.479840124339326,34.479840124339326,34.479840124339326,35.41840860089664,35.41840860089664,35.41840860089664,35.41840860089664,35.41840860089664,38.488800385333406,98.79701412492182,92.33850767691668,126.39663514113025,34.479840124339326,34.479840124339326,81.50337416328234,61.9524767462932,157.17124418926002,44.00692417108926,92.56694363137652,189.16835535222762,
34.479840124339326,34.479840124339326,34.479840124339326,34.479840124339326,34.479840124339326,34.479840124339326,34.479840124339326,34.479840124339326,34.479840124339326,35.41840860089664,35.41840860089664,35.41840860089664,145.27968715550017,61.59477791717953,91.13863066779092,40.92102897343734,54.78320910644063,38.48960898736177,38.500216449608004,105.39765968306254,37.11279260578487,40.92102897343734,41.627110475393465,68.46592826606043,
34.479840124339326,34.479840124339326,34.479840124339326,34.479840124339326,34.479840124339326,34.479840124339326,34.479840124339326,34.479840124339326,34.479840124339326,35.41840860089664,35.41840860089664,35.41840860089664,81.85772718564814,96.45309741008839,60.65939440991408,34.421786342373345,58.470644998414485,91.13863066779092,68.96557112066861,71.97777434736365,65.81793068761735,105.39765968306254,123.91570538400823,68.5,
34.421786342373345,34.479840124339326,34.479840124339326,34.479840124339326,34.479840124339326,34.479840124339326,34.479840124339326,34.479840124339326,34.479840124339326,34.479840124339326,35.41840860089664,35.41840860089664,58.37354772823188,145.27968715550017,61.36048708248656,65.51984432215937,36.343629084063686,40.92102897343734,147.57681615574538,43.40344888370048,51.048596294839186,95.47872799739217,125.8729518204765,40.86513408363503,
34.421786342373345,34.479840124339326,34.479840124339326,34.479840124339326,34.479840124339326,34.479840124339326,34.479840124339326,34.479840124339326,34.479840124339326,34.479840124339326,35.41840860089664,35.41840860089664,58.88216516909004,71.57295229344672,34.479840124339326,72.10138261503728,36.343629084063686,91.13863066779092,34.479840124339326,34.479840124339326,55.06405361031823,91.62073659930923,105.39765968306254,43.20997617236472,
34.421786342373345,34.479840124339326,34.479840124339326,34.479840124339326,34.479840124339326,34.479840124339326,34.479840124339326,34.479840124339326,34.479840124339326,34.479840124339326,34.479840124339326,34.479840124339326,60.75925855373813,34.479840124339326,37.142368739157654,140.0071426749364,45.181405190631246,34.479840124339326,105.39765968306254,58.470644998414485,81.822470426324,78.43185293970528,41.07434772234766,92.76214921254581,
34.421786342373345,34.479840124339326,34.479840124339326,34.479840124339326,34.479840124339326,34.479840124339326,34.479840124339326,34.479840124339326,34.479840124339326,34.479840124339326,34.479840124339326,34.479840124339326,52.645565393065695,55.8949908310217,125.46015303673114,34.479840124339326,34.479840124339326,125.86588982811118,80.19923108525833,196.7325278137807,143.70664563617092,34.479840124339326,147.5564863591793,131.40319630815682,
34.421786342373345,34.479840124339326,34.479840124339326,34.479840124339326,34.479840124339326,34.479840124339326,34.479840124339326,34.479840124339326,34.479840124339326,34.479840124339326,34.479840124339326,34.479840124339326,50.99259650144502,34.479840124339326,40.682945331137546,180.31413560783304,41.627110475393465,34.479840124339326,38.51038820889761,40.92102897343734,55.942430726198836,90.49419870908852,97.55613768492478,81.822470426324,
34.421786342373345,34.479840124339326,34.479840124339326,34.479840124339326,34.479840124339326,34.479840124339326,34.479840124339326,34.479840124339326,34.479840124339326,34.479840124339326,34.479840124339326,34.479840124339326,43.20997617236472,158.7286993583706,37.15433278158073,34.479840124339326,81.822470426324,105.39765968306254,78.32374719713044,38.46361917448747,165.0224227188536,54.28075165286494,34.479840124339326,59.91626810536074,
34.421786342373345,34.479840124339326,34.479840124339326,34.479840124339326,34.479840124339326,34.479840124339326,34.479840124339326,34.479840124339326,34.479840124339326,34.479840124339326,34.479840124339326,34.479840124339326,96.47912842797773,52.87721626560915,168.21619274017587,116.6121777517254,68.5,72.35578328647959,68.45333720864163,34.479840124339326,34.479840124339326,60.13526419664255,34.479840124339326,34.421786342373345,
34.421786342373345,34.421786342373345,34.479840124339326,34.479840124339326,34.479840124339326,34.479840124339326,34.479840124339326,34.479840124339326,34.479840124339326,34.479840124339326,34.479840124339326,34.479840124339326,41.74861369629092,105.39765968306254,86.55865063643263,65.38284688407707,120.5,34.421786342373345,87.05311538342085,34.479840124339326,96.6271183467664,34.479840124339326,46.64314883595804,150.37183080617194,
34.421786342373345,34.421786342373345,34.421786342373345,34.479840124339326,34.479840124339326,34.479840124339326,34.479840124339326,34.479840124339326,34.479840124339326,34.479840124339326,34.479840124339326,34.479840124339326,131.82867669820553,34.421786342373345,67.75345461483789,34.479840124339326,58.88216516909004,95.8953422574145,71.80301852560068,61.72159715655093,34.421786342373345,80.08033076230392,65.38284688407707,113.01941317801132,
34.421786342373345,34.421786342373345,34.421786342373345,34.421786342373345,34.421786342373345,34.479840124339326,34.479840124339326,34.479840124339326,34.479840124339326,34.479840124339326,34.479840124339326,34.479840124339326,41.5721649419318,66.62269383125643,58.71044767898356,145.27968715550017,80.38098059128369,34.421786342373345,39.52885796788086,86.65720439975067,77.56448929761608,44.27465299648529,117.4695792144346,43.599184497979884,
34.421786342373345,34.421786342373345,34.421786342373345,34.421786342373345,34.421786342373345,34.421786342373345,34.479840124339326,34.479840124339326,34.479840124339326,34.479840124339326,34.479840124339326,34.479840124339326,34.479840124339326,129.1982488271416,105.39765968306254,227.5,40.86513408363503,42.14687859142121,40.92102897343734,110.79083615082973,176.6329173738576,61.09214352107806,36.3837570596795,40.682945331137546,
34.421786342373345,34.421786342373345,34.421786342373345,34.421786342373345,34.421786342373345,34.421786342373345,34.479840124339326,34.479840124339326,34.479840124339326,34.479840124339326,34.479840124339326,34.479840124339326,40.86513408363503,34.479840124339326,135.36912498793808,82.86404527899901,82.1598740137738,68.5,48.99234634103576,68.5,41.5721649419318,160.4281381179748,113.12553980026809,34.421786342373345,
34.421786342373345,34.421786342373345,34.421786342373345,34.421786342373345,34.421786342373345,34.421786342373345,34.421786342373345,34.479840124339326,34.479840124339326,34.479840124339326,34.479840124339326,34.479840124339326,97.01159724486553,118.88474811065267,126.35935857703615,63.448195162571444,86.1602189721761,73.78706263461703,46.80865304620504,38.54684649877341,137.52158921420303,44.16163493350309,34.421786342373345,102.18219022902181,
34.421786342373345,34.421786342373345,34.421786342373345,34.421786342373345,34.421786342373345,34.421786342373345,34.421786342373345,34.421786342373345,34.479840124339326,34.479840124339326,34.479840124339326,34.479840124339326,111.45262446438845,66.62832230615847,105.39765968306254,34.421786342373345,61.15213269652444,89.43293576753477,58.88216516909004,81.822470426324,51.1753521401335,126.00634904638734,81.99339404285364,41.5721649419318,
34.421786342373345,34.421786342373345,34.421786342373345,34.421786342373345,34.421786342373345,34.421786342373345,34.421786342373345,34.421786342373345,34.421786342373345,34.479840124339326,34.479840124339326,34.479840124339326,34.421786342373345,65.02775849589159,34.421786342373345,34.479840124339326,44.27465299648529,88.7263172626927,46.07222590672172,34.421786342373345,220.5,67.75345461483789,145.65208756569507,128.65441766093176,
34.421786342373345,34.421786342373345,34.421786342373345,34.421786342373345,34.421786342373345,34.421786342373345,34.421786342373345,34.421786342373345,34.421786342373345,34.421786342373345,34.421786342373345,34.421786342373345,96.24344133498137,176.6329173738576,38.416793202973096,90.49419870908852,86.74213709096311,34.421786342373345,38.468818541774844,48.99234634103576,94.14660553271867,46.07222590672172,96.8916921103146,38.488800385333406,
34.421786342373345,34.421786342373345,34.421786342373345,34.421786342373345,34.421786342373345,34.421786342373345,34.421786342373345,34.421786342373345,34.421786342373345,34.421786342373345,34.421786342373345,34.421786342373345,34.421786342373345,34.421786342373345,105.39765968306254,140.75577252816313,89.59887936616991,38.416793202973096,61.83129769784878,48.99234634103576,66.62269383125643,40.86513408363503,34.421786342373345,34.421786342373345,
34.421786342373345,34.421786342373345,34.421786342373345,34.421786342373345,34.421786342373345,34.421786342373345,34.421786342373345,34.421786342373345,34.421786342373345,34.421786342373345,34.421786342373345,34.421786342373345,38.54684649877341,41.5721649419318,179.72670224538143,42.724556815747555,59.145962651386306,37.10645346686866,43.816199915099894,51.796325883212994,34.421786342373345,38.488800385333406,34.421786342373345,44.16163493350309,
34.421786342373345,34.421786342373345,34.421786342373345,34.421786342373345,34.421786342373345,34.421786342373345,34.421786342373345,34.421786342373345,34.421786342373345,34.421786342373345,34.421786342373345,34.421786342373345,105.39765968306254,41.5721649419318,43.20997617236472,44.317039612320684,34.421786342373345,36.33486235314814,81.50337416328234,184.15392112759008,96.24344133498137,88.46797914123128,40.86513408363503,34.421786342373345,
34.421786342373345,34.421786342373345,34.421786342373345,34.421786342373345,34.421786342373345,34.421786342373345,34.421786342373345,34.421786342373345,34.421786342373345,34.421786342373345,34.421786342373345,34.421786342373345,150.37183080617194,125.86677259882548,135.01259200533852,80.42895204172818,176.6329173738576,129.57468888637163,60.341544899151586,94.09348188548097,39.84692933938295,60.13526419664255,73.22264373508754,34.421786342373345,
34.421786342373345,34.421786342373345,34.421786342373345,34.421786342373345,34.421786342373345,34.421786342373345,34.421786342373345,34.421786342373345,34.421786342373345,34.421786342373345,34.421786342373345,34.421786342373345,130.93051592352333,139.26629901313643,93.65851091420718,37.16928241916375,95.47872799739217,57.15107083825449,137.52158921420303,34.421786342373345,53.00314456080255,79.56409016914883,176.6329173738576,89.7997772825746,
34.421786342373345,34.421786342373345,34.421786342373345,34.421786342373345,34.421786342373345,34.421786342373345,34.421786342373345,34.421786342373345,34.421786342373345,34.421786342373345,34.421786342373345,34.421786342373345,129.1982488271416,111.30438745470308,85.6478578573659,50.99259650144502,34.421786342373345,46.585942085569116,86.7456991817497,68.5,60.011110082495,36.33486235314814,34.421786342373345,176.6329173738576,
34.421786342373345,34.421786342373345,34.421786342373345,34.421786342373345,34.421786342373345,34.421786342373345,34.421786342373345,34.421786342373345,34.421786342373345,34.421786342373345,34.421786342373345,34.421786342373345,66.62269383125643,48.293374286748694,94.088167871063,137.52158921420303,89.53351327854838,34.421786342373345,57.78912815861936,129.1982488271416,34.421786342373345,41.118655153748556,196.7325278137807,44.596629637227075,
34.421786342373345,34.421786342373345,34.421786342373345,34.421786342373345,34.421786342373345,34.421786342373345,34.421786342373345,34.421786342373345,34.421786342373345,34.421786342373345,34.421786342373345,34.421786342373345,159.99746091735332,34.421786342373345,51.58407376959158,34.421786342373345,89.3788752073628,59.4855496086646,39.10056478705476,40.86513408363503,40.86513408363503,138.41852296567825,44.62745091308712,184.15392112759008,
34.421786342373345,34.421786342373345,34.421786342373345,34.421786342373345,34.421786342373345,34.421786342373345,34.421786342373345,34.421786342373345,34.421786342373345,34.421786342373345,34.421786342373345,34.421786342373345,34.421786342373345,176.6329173738576,105.39765968306254,38.488800385333406,137.74381791935346,87.92496801250485,41.07434772234766,111.92222001610465,36.33486235314814,34.421786342373345,34.421786342373345,116.52467549836815,
34.421786342373345,34.421786342373345,34.421786342373345,34.421786342373345,34.421786342373345,34.421786342373345,34.421786342373345,34.421786342373345,34.421786342373345,34.421786342373345,34.421786342373345,34.421786342373345,213.54780885475427,67.16335806573899,90.78133067982645,45.62729446285414,79.05188169803424,56.94558806439705,47.69346566005312,48.64112646386254,154.26897506195687,128.8251398860745,115.74627423809373,142.23637896122074,
34.421786342373345,34.421786342373345,34.421786342373345,34.421786342373345,34.421786342373345,34.421786342373345,34.421786342373345,34.421786342373345,34.421786342373345,34.421786342373345,34.421786342373345,34.421786342373345,44.12039636041363,41.5721649419318,34.421786342373345,86.35947651342885,48.99234634103576,58.470644998414485,73.78706263461703,129.77512601933134,186.37378436893962,137.38517933168774,44.596629637227075,118.78657331533728,
34.421786342373345,34.421786342373345,34.421786342373345,34.421786342373345,34.421786342373345,34.421786342373345,34.421786342373345,34.421786342373345,34.421786342373345,34.421786342373345,34.421786342373345,34.421786342373345,73.92299625285762,96.90820398707223,116.14301528718806,129.6328147756835,50.99259650144502,34.421786342373345,63.04387846765853,44.317039612320684,34.479840124339326,38.98272556610149,97.89080332186471,34.421786342373345,
34.421786342373345,34.421786342373345,34.421786342373345,34.421786342373345,34.421786342373345,34.421786342373345,34.421786342373345,34.421786342373345,34.421786342373345,34.421786342373345,34.421786342373345,34.421786342373345,65.00298266312124,34.421786342373345,77.6530746332687,92.33850767691668,50.99259650144502,34.421786342373345,94.47706952836052,45.63167759353145,38.488800385333406,34.421786342373345,81.86374942175416,52.9830161466861,
34.421786342373345,34.421786342373345,34.421786342373345,34.421786342373345,34.421786342373345,34.421786342373345,34.421786342373345,34.421786342373345,34.421786342373345,34.421786342373345,34.421786342373345,34.421786342373345,44.16163493350309,60.13526419664255,40.86513408363503,75.08401544270258,94.14660553271867,83.72191693338131,34.421786342373345,102.73266277090262,43.69957542770848,102.29628836006171,169.92847760160743,115.84299719879489,
34.421786342373345,34.421786342373345,34.421786342373345,34.421786342373345,34.421786342373345,34.421786342373345,34.421786342373345,34.421786342373345,34.421786342373345,34.421786342373345,34.421786342373345,34.421786342373345,34.421786342373345,34.421786342373345,88.46797914123128,71.94518312576596,38.488800385333406,36.33486235314814,176.6329173738576,85.4749038237158,68.99659855561649,88.46797914123128,44.16163493350309,94.93462662976737,
34.421786342373345,34.421786342373345,34.421786342373345,34.421786342373345,34.421786342373345,34.421786342373345,34.421786342373345,34.421786342373345,34.421786342373345,34.421786342373345,34.421786342373345,34.421786342373345,50.99259650144502,129.1982488271416,55.8949908310217,95.30608584975043,150.37183080617194,34.421786342373345,88.68624470570394,75.74430671674274,86.74051341020912,34.421786342373345,58.771671534847464,34.421786342373345,
34.421786342373345,34.421786342373345,34.421786342373345,34.421786342373345,34.421786342373345,34.421786342373345,34.421786342373345,34.421786342373345,34.421786342373345,34.421786342373345,34.421786342373345,34.421786342373345,84.31849960121444,34.421786342373345,81.50337416328234,89.43293576753477,34.421786342373345,79.61381397094351,116.31852818876277,68.5,86.77776308069514,147.57681615574538,34.421786342373345,79.59654122510601,
34.421786342373345,34.421786342373345,34.421786342373345,34.421786342373345,34.421786342373345,34.421786342373345,34.421786342373345,34.421786342373345,34.421786342373345,34.421786342373345,34.421786342373345,34.421786342373345,34.421786342373345,34.421786342373345,125.2181429878807,41.5721649419318,176.6329173738576,116.52467549836815,80.09437792379687,36.343629084063686,40.86513408363503,57.3811549097394,45.793558498985426,94.9855252130555,
34.421786342373345,34.421786342373345,34.421786342373345,34.421786342373345,34.421786342373345,34.421786342373345,34.421786342373345,34.421786342373345,34.421786342373345,34.421786342373345,34.421786342373345,34.421786342373345,75.40501751651986,55.8949908310217,96.24344133498137,61.05393790193499,134.99185160593953,34.421786342373345,61.06169513078471,128.42969866818189,60.95535707019979,129.1982488271416,37.20215047547655,75.65685153159275,
34.421786342373345,34.421786342373345,34.421786342373345,34.421786342373345,34.421786342373345,34.421786342373345,34.421786342373345,34.421786342373345,34.421786342373345,34.421786342373345,34.421786342373345,34.421786342373345,60.5424458962639,71.63171113980404,106.5938553576143,105.39765968306254,71.75724382120822,34.421786342373345,38.468818541774844,34.421786342373345,96.6271183467664,124.86359223835692,135.36912498793808,62.61414067321293,
34.421786342373345,34.421786342373345,34.421786342373345,34.421786342373345,34.421786342373345,34.421786342373345,34.421786342373345,34.421786342373345,34.421786342373345,34.421786342373345,34.421786342373345,34.421786342373345,43.69591895513051,130.93051592352333,78.36204039584472,84.79337631364061,50.99259650144502,98.53324312129384,83.64687680959761,116.52467549836815,106.56570742973558,194.4239890034149,91.45046473364692,39.10056478705476,
34.421786342373345,34.421786342373345,34.421786342373345,34.421786342373345,34.421786342373345,34.421786342373345,34.421786342373345,34.421786342373345,34.421786342373345,34.421786342373345,34.421786342373345,34.421786342373345,51.796325883212994,129.1982488271416,129.1982488271416,34.421786342373345,41.5721649419318,91.16422909599284,40.86513408363503,67.16335806573899,45.915121116114214,90.49419870908852,111.53110552666462,54.030447492116394,
34.421786342373345,34.421786342373345,34.421786342373345,34.421786342373345,34.421786342373345,34.421786342373345,34.421786342373345,34.421786342373345,34.421786342373345,34.421786342373345,34.421786342373345,34.421786342373345,93.65851091420718,102.73266277090262,86.44304483299972,157.17124418926002,130.93051592352333,55.8949908310217,34.421786342373345,105.39765968306254,41.5721649419318,66.6051799787374,134.1586024533831,86.73407634834189,
34.421786342373345,34.421786342373345,34.421786342373345,34.421786342373345,34.421786342373345,34.421786342373345,34.421786342373345,34.421786342373345,34.421786342373345,34.421786342373345,34.421786342373345,34.421786342373345,105.39765968306254,122.90748553281854,105.39765968306254,124.30285596075417,137.52158921420303,105.39765968306254,164.53084817139916,157.74240605070872,58.41112372656428,147.57681615574538,34.421786342373345,60.13526419664255,
34.421786342373345,34.421786342373345,34.421786342373345,34.421786342373345,34.421786342373345,34.421786342373345,34.421786342373345,34.421786342373345,34.421786342373345,34.421786342373345,34.421786342373345,34.421786342373345,90.49419870908852,34.421786342373345,55.09953886988047,73.2666363360568,107.31635476477945,59.295524145364205,123.93647566394648,90.49419870908852,39.52885796788086,101.6334559827619,91.99822535999135,36.33486235314814,
34.421786342373345,34.421786342373345,34.421786342373345,34.421786342373345,34.421786342373345,34.421786342373345,34.421786342373345,34.421786342373345,34.421786342373345,34.421786342373345,34.421786342373345,34.421786342373345,90.89114368297938,68.5,137.52158921420303,129.1982488271416,129.89226304903613,36.343629084063686,58.470644998414485,36.33486235314814,58.76741763086073,88.46797914123128,120.5,129.5453588516393,
34.421786342373345,34.421786342373345,34.421786342373345,34.421786342373345,34.421786342373345,34.421786342373345,34.421786342373345,34.421786342373345,34.421786342373345,34.421786342373345,34.421786342373345,34.421786342373345,39.10269598548587,68.5,34.421786342373345,130.93051592352333,106.5938553576143,119.89031445450462,85.20514460211113,34.421786342373345,93.65851091420718,81.822470426324,89.43293576753477,95.8953422574145,
34.421786342373345,34.421786342373345,34.421786342373345,34.421786342373345,34.421786342373345,34.421786342373345,34.421786342373345,34.421786342373345,34.421786342373345,34.421786342373345,34.421786342373345,34.421786342373345,78.60449520648719,81.822470426324,81.822470426324,34.421786342373345,34.421786342373345,41.5721649419318,74.64656304881022,69.2525571128364,66.42473107178668,34.421786342373345,74.24553858650363,34.421786342373345,
34.421786342373345,34.421786342373345,34.421786342373345,34.421786342373345,34.421786342373345,34.421786342373345,34.421786342373345,34.421786342373345,34.421786342373345,34.421786342373345,34.421786342373345,34.421786342373345,34.421786342373345,94.14660553271867,89.43293576753477,123.12926673431711,123.48245489407256,65.38284688407707,94.37396062709482,140.0071426749364,34.421786342373345,34.421786342373345,106.5938553576143,164.67422384817849,
34.421786342373345,34.421786342373345,34.421786342373345,34.421786342373345,34.421786342373345,34.421786342373345,34.421786342373345,34.421786342373345,34.421786342373345,34.421786342373345,34.421786342373345,34.421786342373345,34.421786342373345,92.4465217030906,138.60983911685346,34.421786342373345,46.585942085569116,34.421786342373345,94.47706952836052,34.421786342373345,176.6329173738576,210.71940268201848,89.43293576753477,40.682945331137546,
34.421786342373345,34.421786342373345,34.421786342373345,34.421786342373345,34.421786342373345,34.421786342373345,34.421786342373345,34.421786342373345,34.421786342373345,34.421786342373345,34.421786342373345,34.421786342373345,135.01259200533852,76.20750181795316,101.86111868617976,41.5721649419318,40.86513408363503,34.421786342373345,143.70664563617092,34.421786342373345,89.53351327854838,46.491397053648534,61.7017182971133,38.488800385333406,
34.421786342373345,34.421786342373345,34.421786342373345,34.421786342373345,34.421786342373345,34.421786342373345,34.421786342373345,34.421786342373345,34.421786342373345,34.421786342373345,34.421786342373345,34.421786342373345,34.421786342373345,118.83987826763652,81.822470426324,116.52467549836815,102.73266277090262,93.65851091420718,93.14624105256325,34.421786342373345,46.661011562116826,34.421786342373345,59.4855496086646,157.74240605070872,
34.421786342373345,34.421786342373345,34.421786342373345,34.421786342373345,34.421786342373345,34.421786342373345,34.421786342373345,34.421786342373345,34.421786342373345,34.421786342373345,34.421786342373345,34.421786342373345,34.421786342373345,34.421786342373345,92.33850767691668,105.39765968306254,38.488800385333406,85.68523317161171,34.421786342373345,68.5,54.324130099902305,62.61414067321293,70.15596464307222,94.07231261109722,
34.421786342373345,34.421786342373345,34.421786342373345,34.421786342373345,34.421786342373345,34.421786342373345,34.421786342373345,34.421786342373345,34.421786342373345,34.421786342373345,34.421786342373345,34.421786342373345,141.34598508624148,56.54797493622345,34.421786342373345,75.65685153159275,91.74965939991276,196.7325278137807,94.29386689140144,63.08465320018614,43.20997617236472,56.14587585032404,68.10225155357689,48.62350149834115,
34.421786342373345,34.421786342373345,34.421786342373345,34.421786342373345,34.421786342373345,34.421786342373345,34.421786342373345,34.421786342373345,34.421786342373345,34.421786342373345,34.421786342373345,34.421786342373345,37.10645346686866,113.53647260790207,88.46797914123128,62.61414067321293,72.5098163657015,74.71222568406503,87.57806041850132,112.03208245855292,71.57295229344672,72.80013306993332,181.60580020105817,65.38284688407707,
34.421786342373345,34.421786342373345,34.421786342373345,34.421786342373345,34.421786342373345,34.421786342373345,34.421786342373345,34.421786342373345,34.421786342373345,34.421786342373345,34.421786342373345,34.421786342373345,38.98272556610149,36.343629084063686,38.44801685392889,220.5,116.10937841148767,125.72668769994699,106.5938553576143,41.5721649419318,43.230306209880126,45.15641749315734,66.62269383125643,66.36598861197236,
34.421786342373345,34.421786342373345,34.421786342373345,34.421786342373345,34.421786342373345,34.421786342373345,34.421786342373345,34.421786342373345,34.421786342373345,34.421786342373345,34.421786342373345,34.421786342373345,34.421786342373345,213.54780885475427,86.95928165909989,147.85437655567273,122.96666214873038,184.15392112759008,113.3248896414415,89.80116925742114,34.421786342373345,148.90489134567295,34.421786342373345,72.32833300375475,
34.421786342373345,34.421786342373345,34.421786342373345,34.421786342373345,34.421786342373345,34.421786342373345,34.421786342373345,34.421786342373345,34.421786342373345,34.421786342373345,34.421786342373345,34.421786342373345,140.31282015553674,105.39765968306254,34.421786342373345,38.54684649877341,220.5,196.7325278137807,215.66795465869905,34.421786342373345,38.488800385333406,63.95662592726417,176.6329173738576,43.20997617236472,
34.421786342373345,34.421786342373345,34.421786342373345,34.421786342373345,34.421786342373345,34.421786342373345,34.421786342373345,34.421786342373345,34.421786342373345,34.421786342373345,34.421786342373345,34.421786342373345,118.07365394152093,86.99488131493715,74.24553858650363,34.421786342373345,58.470644998414485,58.76741763086073,52.645565393065695,123.54756169184401,140.9102107726761,43.20997617236472,34.421786342373345,57.793679368941376,
34.421786342373345,34.421786342373345,34.421786342373345,34.421786342373345,34.421786342373345,34.421786342373345,34.421786342373345,34.421786342373345,34.421786342373345,34.421786342373345,34.421786342373345,34.421786342373345,44.596629637227075,176.6329173738576,214.25374364679527,176.6329173738576,90.49419870908852,67.75345461483789,77.96309959178883,147.57681615574538,69.56570818371678,34.421786342373345,85.74523250863095,133.70373031445308,
34.421786342373345,34.421786342373345,34.421786342373345,34.421786342373345,34.421786342373345,34.421786342373345,34.421786342373345,34.421786342373345,34.421786342373345,34.421786342373345,34.421786342373345,34.421786342373345,34.421786342373345,99.47989746677466,34.421786342373345,88.46797914123128,38.98272556610149,147.85775822278202,102.73266277090262,104.82932557257058,154.1936688064721,55.278146399709854,136.01560534717765,94.14660553271867,
34.421786342373345,34.421786342373345,34.421786342373345,34.421786342373345,34.421786342373345,34.421786342373345,34.421786342373345,34.421786342373345,34.421786342373345,34.421786342373345,34.421786342373345,34.421786342373345,46.78524740770321,81.01594493266947,34.421786342373345,46.109109728989566,66.62269383125643,40.86513408363503,38.98272556610149,34.421786342373345,157.74240605070872,38.2862208992191,81.50337416328234,40.682945331137546,
34.421786342373345,34.421786342373345,34.421786342373345,34.421786342373345,34.421786342373345,34.421786342373345,34.421786342373345,34.421786342373345,34.421786342373345,34.421786342373345,34.421786342373345,34.421786342373345,122.96666214873038,60.02999250374766,137.00364958642524,124.72369462135092,96.8916921103146,93.87051437692112,62.76454218029508,90.97692015011279,88.46797914123128,34.421786342373345,60.13526419664255,67.75345461483789,
34.421786342373345,34.421786342373345,34.421786342373345,34.421786342373345,34.421786342373345,34.421786342373345,34.421786342373345,34.421786342373345,34.421786342373345,34.421786342373345,34.421786342373345,34.421786342373345,129.1982488271416,94.01846134871687,169.92847760160743,147.57681615574538,65.38284688407707,131.04197800704932,94.29386689140144,58.470644998414485,75.65685153159275,68.5,111.51494668130069,93.32738076256076,
34.421786342373345,34.421786342373345,34.421786342373345,34.421786342373345,34.421786342373345,34.421786342373345,34.421786342373345,34.421786342373345,34.421786342373345,34.421786342373345,34.421786342373345,34.421786342373345,105.39765968306254,120.5,176.6329173738576,36.33486235314814,38.468818541774844,41.5721649419318,88.46797914123128,44.16163493350309,176.6329173738576,108.03290875932204,89.43293576753477,34.421786342373345,
34.421786342373345,34.421786342373345,34.421786342373345,34.421786342373345,34.421786342373345,34.421786342373345,34.421786342373345,34.421786342373345,34.421786342373345,34.421786342373345,34.421786342373345,34.421786342373345,73.2666363360568,102.0649303139918,34.421786342373345,58.80781729498214,39.01769041459599,34.421786342373345,34.421786342373345,93.3779952665509,90.44584014757119,72.8086673467955,94.14660553271867,38.54684649877341,
34.421786342373345,34.421786342373345,34.421786342373345,34.421786342373345,34.421786342373345,34.421786342373345,34.421786342373345,34.421786342373345,34.421786342373345,34.421786342373345,34.421786342373345,34.421786342373345,94.29386689140144,91.16422909599284,43.599184497979884,34.421786342373345,34.421786342373345,46.585942085569116,106.7197359480257,99.6151971337707,38.488800385333406,41.5721649419318,66.62269383125643,34.421786342373345,
34.421786342373345,34.421786342373345,34.421786342373345,34.421786342373345,34.421786342373345,34.421786342373345,34.421786342373345,34.421786342373345,34.421786342373345,34.421786342373345,34.421786342373345,34.421786342373345,34.421786342373345,117.44608692218458,60.13526419664255,73.87286375929932,34.421786342373345,67.50694408725668,34.421786342373345,124.22124080311976,134.42539752591398,40.86513408363503,39.10056478705476,34.421786342373345,
34.421786342373345,34.421786342373345,34.421786342373345,34.421786342373345,34.421786342373345,34.421786342373345,34.421786342373345,34.421786342373345,34.421786342373345,34.421786342373345,34.421786342373345,34.421786342373345,59.4855496086646,124.18500983076285,89.43293576753477,85.66446170962612,34.421786342373345,34.421786342373345,61.72949548023941,119.85694598144907,105.39765968306254,34.421786342373345,56.621190235400995,44.596629637227075,
34.421786342373345,34.421786342373345,34.421786342373345,34.421786342373345,34.421786342373345,34.421786342373345,34.421786342373345,34.421786342373345,34.421786342373345,34.421786342373345,34.421786342373345,34.421786342373345,79.11268119922755,87.57806041850132,50.9247811319139,88.46797914123128,129.8313810293952,34.421786342373345,66.79487671637366,124.524696345745,81.822470426324,34.479840124339326,137.94056691198568,144.1457595630201,
34.421786342373345,34.421786342373345,34.421786342373345,34.421786342373345,34.421786342373345,34.421786342373345,34.421786342373345,34.421786342373345,34.421786342373345,34.421786342373345,34.421786342373345,34.421786342373345,83.47866493901302,104.6575367567955,34.421786342373345,99.8667080412687,37.20215047547655,164.67179479194365,36.33486235314814,36.33486235314814,58.71967302361279,66.62269383125643,43.39226761634945,34.421786342373345,
34.421786342373345,34.421786342373345,34.421786342373345,34.421786342373345,34.421786342373345,34.421786342373345,34.421786342373345,34.421786342373345,34.421786342373345,34.421786342373345,34.421786342373345,34.421786342373345,34.421786342373345,98.19042404939496,38.488800385333406,93.65851091420718,39.52885796788086,34.421786342373345,44.87715659078089,101.83537913929737,34.421786342373345,176.6329173738576,48.64112646386254,40.86513408363503,
34.421786342373345,34.421786342373345,34.421786342373345,34.421786342373345,34.421786342373345,34.421786342373345,34.421786342373345,34.421786342373345,34.421786342373345,34.421786342373345,34.421786342373345,34.421786342373345,77.77146006087322,75.82660133085061,44.596629637227075,96.6271183467664,36.33486235314814,75.2758261329625,44.62745091308712,62.61414067321293,135.36912498793808,49.77810135993538,66.62269383125643,99.47989746677466,
34.421786342373345,34.421786342373345,34.421786342373345,34.421786342373345,34.421786342373345,34.421786342373345,34.421786342373345,34.421786342373345,34.421786342373345,34.421786342373345,34.421786342373345,34.421786342373345,39.10056478705476,40.86513408363503,34.421786342373345,40.86513408363503,178.31059045010946,39.10056478705476,78.66135884282701,38.54684649877341,34.421786342373345,90.67294708640132,68.5,65.02775849589159,
34.421786342373345,34.421786342373345,34.421786342373345,34.421786342373345,34.421786342373345,34.421786342373345,34.421786342373345,34.421786342373345,34.421786342373345,34.421786342373345,34.421786342373345,34.421786342373345,48.64112646386254,34.421786342373345,44.596629637227075,86.27672611653594,36.343629084063686,184.15392112759008,83.1206953772645,176.6329173738576,76.7684033642881,105.39765968306254,34.421786342373345,71.57295229344672,
34.421786342373345,34.421786342373345,34.421786342373345,34.421786342373345,34.421786342373345,34.421786342373345,34.421786342373345,34.421786342373345,34.421786342373345,34.421786342373345,34.421786342373345,34.421786342373345,43.599184497979884,74.71222568406503,68.5,42.4247495573044,220.5,171.42399919497853,88.46797914123128,34.421786342373345,34.421786342373345,78.78362377423369,77.77146006087322,82.40294228945459,
34.421786342373345,34.421786342373345,34.421786342373345,34.421786342373345,34.421786342373345,34.421786342373345,34.421786342373345,34.421786342373345,34.421786342373345,34.421786342373345,34.421786342373345,34.421786342373345,34.421786342373345,62.61414067321293,220.5,34.421786342373345,77.96309959178883,68.5,68.5,66.33551085203158,141.3194961779867,34.421786342373345,168.11662618551443,38.416793202973096,
34.421786342373345,34.421786342373345,34.421786342373345,34.421786342373345,34.421786342373345,34.421786342373345,34.421786342373345,34.421786342373345,34.421786342373345,34.421786342373345,34.421786342373345,34.421786342373345,81.822470426324,38.488800385333406,122.5367291876195,111.85667913301675,39.01769041459599,220.5,147.57681615574538,116.52467549836815,66.62269383125643,53.95469743219769,97.89080332186471,115.73292260631804,
34.421786342373345,34.421786342373345,34.421786342373345,34.421786342373345,34.421786342373345,34.421786342373345,34.421786342373345,34.421786342373345,34.421786342373345,34.421786342373345,34.421786342373345,34.421786342373345,66.62269383125643,145.27968715550017,60.13526419664255,42.1598149901064,45.181405190631246,101.06978797255057,150.37183080617194,124.18500983076285,58.797188495709555,34.479840124339326,50.414376669755626,75.88093743929807,
34.421786342373345,34.421786342373345,34.421786342373345,34.421786342373345,34.421786342373345,34.421786342373345,34.421786342373345,34.421786342373345,34.421786342373345,34.421786342373345,34.421786342373345,34.421786342373345,68.5,152.11354513075057,34.421786342373345,68.5,42.13798019601794,55.09953886988047,54.99863634673136,68.03540494867809,94.14660553271867,34.421786342373345,67.75345461483789,57.78912815861936,
34.421786342373345,34.421786342373345,34.421786342373345,34.421786342373345,34.421786342373345,34.421786342373345,34.421786342373345,34.421786342373345,34.421786342373345,34.421786342373345,34.421786342373345,34.421786342373345,110.6688001802375,73.78706263461703,43.96145328580483,38.488800385333406,189.16835535222762,68.50693395562233,68.5,52.04271749672998,73.2666363360568,34.421786342373345,98.19042404939496,70.44579032845043,
34.421786342373345,34.421786342373345,34.421786342373345,34.421786342373345,34.421786342373345,34.421786342373345,34.421786342373345,34.421786342373345,34.421786342373345,34.421786342373345,34.421786342373345,34.421786342373345,80.15984031920223,135.67677583138538,55.8949908310217,34.421786342373345,68.45333720864163,38.468818541774844,110.76149771017003,129.1982488271416,46.39953304362735,189.16835535222762,50.880412012193965,135.36912498793808,
34.421786342373345,34.421786342373345,34.421786342373345,34.421786342373345,34.421786342373345,34.421786342373345,34.421786342373345,34.421786342373345,34.421786342373345,34.421786342373345,34.421786342373345,34.421786342373345,90.97692015011279,128.1880942209533,176.6329173738576,176.6329173738576,41.5721649419318,66.62269383125643,34.421786342373345,41.5721649419318,45.28428719397785,38.468818541774844,86.27672611653594,85.46604263942753,
34.421786342373345,34.421786342373345,34.421786342373345,34.421786342373345,34.421786342373345,34.421786342373345,34.421786342373345,34.421786342373345,34.421786342373345,34.421786342373345,34.421786342373345,34.421786342373345,86.10458756651704,44.62745091308712,41.627110475393465,36.33486235314814,72.10678022975398,124.86359223835692,70.5927286151579,86.95928165909989,68.5,45.24992326574218,38.98272556610149,74.24553858650363,
34.421786342373345,34.421786342373345,34.421786342373345,34.421786342373345,34.421786342373345,34.421786342373345,34.421786342373345,34.421786342373345,34.421786342373345,34.421786342373345,34.421786342373345,34.421786342373345,94.14660553271867,129.1982488271416,68.5,34.421786342373345,54.99644874898742,34.421786342373345,43.20997617236472,46.585942085569116,57.27442164701447,59.26687087632579,55.579756881440204,81.822470426324,
34.421786342373345,34.421786342373345,34.421786342373345,34.421786342373345,34.421786342373345,34.421786342373345,34.421786342373345,34.421786342373345,34.421786342373345,34.421786342373345,34.421786342373345,34.421786342373345,86.55865063643263,53.05758605530908,124.87960869039695,123.65435697944493,44.3004583751105,68.5,40.86513408363503,93.57943743745797,137.01678729265257,68.73463464658847,132.9756767692682,94.47706952836052,
34.421786342373345,34.421786342373345,34.421786342373345,34.421786342373345,34.421786342373345,34.421786342373345,34.421786342373345,34.421786342373345,34.421786342373345,34.421786342373345,34.421786342373345,34.421786342373345,145.37130503139406,44.46253104206582,220.5,88.46797914123128,137.01678729265257,34.421786342373345,93.551906360445,115.71780059696952,112.03208245855292,105.39765968306254,88.46797914123128,134.14171610651178,
34.421786342373345,34.421786342373345,34.421786342373345,34.421786342373345,34.421786342373345,34.421786342373345,34.421786342373345,34.421786342373345,34.421786342373345,34.421786342373345,34.421786342373345,34.421786342373345,72.27696163836349,148.90489134567295,34.421786342373345,213.54780885475427,50.99259650144502,70.5927286151579,45.777238400274385,186.40597495788595,40.86513408363503,34.421786342373345,128.42969866818189,40.86513408363503,
34.421786342373345,34.421786342373345,34.421786342373345,34.421786342373345,34.421786342373345,34.421786342373345,34.421786342373345,34.421786342373345,34.421786342373345,34.421786342373345,34.421786342373345,34.421786342373345,69.2525571128364,41.5721649419318,154.61047829949948,182.50150684309432,92.33850767691668,37.10645346686866,34.421786342373345,81.822470426324,50.71078123371137,60.54716495157696,137.01678729265257,119.89031445450462,
34.421786342373345,34.421786342373345,34.421786342373345,34.421786342373345,34.421786342373345,34.421786342373345,34.421786342373345,34.421786342373345,34.421786342373345,34.421786342373345,34.421786342373345,34.421786342373345,122.48095089985762,34.421786342373345,49.81352983981401,68.5,68.5,99.3702671828953,142.30249470757707,45.915121116114214,176.6329173738576,64.73831940975917,92.31291063219572,92.76214921254581,
34.421786342373345,34.421786342373345,34.421786342373345,34.421786342373345,34.421786342373345,34.421786342373345,34.421786342373345,34.421786342373345,34.421786342373345,34.421786342373345,34.421786342373345,34.421786342373345,74.68321989130713,36.33486235314814,84.1934119289918,92.33850767691668,66.57408936665976,34.421786342373345,90.81767449125748,60.02999250374766,122.2501617210232,68.5,167.60906896704606,44.27489883293543,
34.421786342373345,34.421786342373345,34.421786342373345,34.421786342373345,34.421786342373345,34.421786342373345,34.421786342373345,34.421786342373345,34.421786342373345,34.421786342373345,34.421786342373345,34.421786342373345,106.07096680996172,86.63364101261149,36.33486235314814,105.39765968306254,105.39765968306254,45.27937965809848,89.53351327854838,34.421786342373345,105.65036677645753,80.09744065823827,71.70850280824443,122.47686856436742,
34.421786342373345,34.421786342373345,34.421786342373345,34.421786342373345,34.421786342373345,34.421786342373345,34.421786342373345,34.421786342373345,34.421786342373345,34.421786342373345,34.421786342373345,34.421786342373345,52.417643737581336,57.21327970847328,50.99259650144502,105.39765968306254,34.421786342373345,48.64112646386254,66.62269383125643,130.8892661756494,34.421786342373345,34.421786342373345,88.46797914123128,176.6329173738576,
34.421786342373345,34.421786342373345,34.421786342373345,34.421786342373345,34.421786342373345,34.421786342373345,34.421786342373345,34.421786342373345,34.421786342373345,34.421786342373345,34.421786342373345,34.421786342373345,38.416793202973096,86.95928165909989,64.12799700598795,34.421786342373345,61.9524767462932,43.230306209880126,62.01814250685037,38.416793202973096,91.4343748158163,98.53324312129384,47.96300657798675,135.67677583138538,
34.421786342373345,34.421786342373345,34.421786342373345,34.421786342373345,34.421786342373345,34.421786342373345,34.421786342373345,34.421786342373345,34.421786342373345,34.421786342373345,34.421786342373345,34.421786342373345,85.20514460211113,45.777238400274385,106.5938553576143,52.78218623431081,220.5,38.54684649877341,45.24992326574218,105.39765968306254,39.36952099878114,137.52158921420303,58.605318302465804,107.31635476477945,
34.421786342373345,34.421786342373345,34.421786342373345,34.421786342373345,34.421786342373345,34.421786342373345,34.421786342373345,34.421786342373345,34.421786342373345,34.421786342373345,34.421786342373345,34.421786342373345,34.421786342373345,34.421786342373345,85.68523317161171,142.65583584277232,149.8372033241411,98.79959197790242,176.6329173738576,76.13671913078473,102.87784017950611,43.599184497979884,38.54684649877341,50.99259650144502,
