9.99999999E8,224.46216898649635,410.48291343516627,132.40715358691028,230.17968524611376,142.2578839838255,245.96585128834448,359.8872045516484,127.14534006403852,495.923605227884,226.70509478174503,267.4962616561211,138.90934293831916,362.7605270698564,132.35907834309936,142.06882494202648,309.82127464430556,161.47041177116947,123.43338284273018,172.67773452301253,205.77581855018826,167.70307387658198,203.3488229659884,226.31547423353757,
123.43338284273018,127.14534006403852,132.35907834309936,132.40715358691028,138.90934293831916,142.06882494202648,142.2578839838255,161.47041177116947,167.70307387658198,172.67773452301253,203.3488229659884,205.77581855018826,171.45608038212,135.15519087269536,299.82061303386064,206.96454041128473,171.688612295157,180.7202257634712,130.63996325780255,195.86323841718053,172.5439074554648,144.4047914774745,132.40715358691028,132.4634364021675,
123.43338284273018,127.14534006403852,130.63996325780255,132.35907834309936,132.40715358691028,132.40715358691028,132.4634364021675,135.15519087269536,138.90934293831916,142.06882494202648,142.2578839838255,144.4047914774745,207.5438206740928,166.0056521423589,148.78849595625874,281.4825705083709,119.52324274196862,146.79556362506327,130.06104929305266,259.63358796581,176.53894754416092,144.22066426140188,132.47762447920903,206.11191729004798,
119.52324274196862,123.43338284273018,127.14534006403852,130.06104929305266,130.63996325780255,132.35907834309936,132.40715358691028,132.40715358691028,132.4634364021675,132.47762447920903,135.15519087269536,138.90934293831916,159.55876660340542,145.2528829318028,197.10796792724582,186.59921035771413,170.29503809565327,163.18462618219345,163.79556665038584,257.21547387356,189.947068650424,177.78110824544768,245.85450473806657,140.598028277624,
119.52324274196862,123.43338284273018,127.14534006403852,130.06104929305266,130.63996325780255,132.35907834309936,132.40715358691028,132.40715358691028,132.4634364021675,132.47762447920903,135.15519087269536,138.90934293831916,190.38714585318633,175.58312019885463,320.56308876343047,173.4568110686993,286.92877591656713,134.57211038161654,169.3060637126637,254.1919570332786,162.53828434418466,186.8602831853221,296.2129680634857,138.90934293831916,
119.52324274196862,123.43338284273018,127.14534006403852,130.06104929305266,130.63996325780255,132.35907834309936,132.40715358691028,132.40715358691028,132.4634364021675,132.47762447920903,134.57211038161654,135.15519087269536,446.0,247.24227753693927,201.9510391709392,142.3889040620792,135.2039154959356,190.11230233732903,191.0377907640266,330.2507396212886,348.5297398958039,130.06104929305266,162.33059545945804,128.66556805286666,
119.52324274196862,123.43338284273018,127.14534006403852,128.66556805286666,130.06104929305266,130.06104929305266,130.63996325780255,132.35907834309936,132.40715358691028,132.40715358691028,132.4634364021675,132.47762447920903,254.35733588986116,9.99999999E8,145.13304241281514,177.78972833096967,247.16652130941674,144.64166023847767,192.06504692036162,132.35907834309936,132.44010029175175,259.62588468794866,150.13860263103555,238.83253461753642,
119.52324274196862,123.43338284273018,127.14534006403852,128.66556805286666,130.06104929305266,130.06104929305266,130.63996325780255,132.35907834309936,132.35907834309936,132.40715358691028,132.40715358691028,132.44010029175175,239.77038335602228,174.68668380846893,306.8724390973406,257.2955499032193,149.6221908675314,134.67340353549665,132.35907834309936,350.37202450474774,185.83295964087986,259.62588468794866,211.5953685693522,151.46077665159822,
119.52324274196862,123.43338284273018,127.14534006403852,128.66556805286666,130.06104929305266,130.06104929305266,130.63996325780255,132.35907834309936,132.35907834309936,132.35907834309936,132.40715358691028,132.40715358691028,127.14534006403852,130.06104929305266,250.0597706327207,202.3360790587998,137.6996732022266,173.63521388243802,98.44747495717596,230.4646122509918,157.12181677323633,134.78878487814043,199.7678652836837,268.62838620768133,
98.44747495717596,119.52324274196862,123.43338284273018,127.14534006403852,127.14534006403852,128.66556805286666,130.06104929305266,130.06104929305266,130.06104929305266,130.63996325780255,132.35907834309936,132.35907834309936,244.74385703333917,269.57225376510837,138.44784417084853,90.59384580620906,456.39703110340236,136.70315094865202,142.00966094478534,132.54135157204038,99.22968614404107,98.81345437455417,185.03188914346632,102.26916567822734,
90.59384580620906,98.44747495717596,98.81345437455417,99.22968614404107,102.26916567822734,119.52324274196862,123.43338284273018,127.14534006403852,127.14534006403852,128.66556805286666,130.06104929305266,130.06104929305266,111.86900137834321,137.58197556366167,109.10227108339933,135.35762815593364,421.0347372842293,152.77172513263048,259.62588468794866,330.02659138379767,95.38765934624644,163.1349134918703,172.11097437409387,209.01647994569444,
90.59384580620906,95.38765934624644,98.44747495717596,98.81345437455417,99.22968614404107,102.26916567822734,109.10227108339933,111.86900137834321,119.52324274196862,123.43338284273018,127.14534006403852,127.14534006403852,111.86900137834321,119.52324274196862,258.8266794594406,139.4517837820657,126.32272993711555,171.0590175933441,158.7936947740684,312.69721939986636,245.08529127632283,383.85465999516015,268.5965352818835,189.35786226085253,
90.59384580620906,95.38765934624644,98.44747495717596,98.81345437455417,99.22968614404107,102.26916567822734,109.10227108339933,111.86900137834321,111.86900137834321,119.52324274196862,119.52324274196862,123.43338284273018,168.2726582068519,243.99200553590296,237.39465499926956,128.54493377803732,88.7241355112701,86.71873435935794,104.7086688170745,120.70105136929376,270.7238445353493,222.8903290083087,89.57355760614972,184.8611758076521,
86.71873435935794,88.7241355112701,89.57355760614972,90.59384580620906,95.38765934624644,98.44747495717596,98.81345437455417,99.22968614404107,102.26916567822734,104.7086688170745,109.10227108339933,111.86900137834321,98.81345437455417,158.12147229266492,263.4428257686658,139.31592019519778,162.9460033262553,118.1960471232247,178.1781061185689,446.0,156.79345490166355,220.2275811518621,142.84299929985926,295.82689367332404,
86.71873435935794,88.7241355112701,89.57355760614972,90.59384580620906,95.38765934624644,98.44747495717596,98.81345437455417,98.81345437455417,99.22968614404107,102.26916567822734,104.7086688170745,109.10227108339933,393.40126532022686,89.0230725037983,241.62274524640299,369.5402549114237,100.25766803591634,113.53844983897189,120.39605423992603,252.15449408822536,193.03522994520975,221.20048445016494,227.4880216626801,130.2275311773329,
86.71873435935794,88.7241355112701,89.0230725037983,89.57355760614972,90.59384580620906,95.38765934624644,98.44747495717596,98.81345437455417,98.81345437455417,99.22968614404107,100.25766803591634,102.26916567822734,252.77104264531567,289.0033520566846,86.79461708859343,201.67613965494888,225.01911029954766,116.7946388081276,281.74158547799493,148.67786465380962,91.07448590835456,88.26270761513922,104.72703318288904,296.2129680634857,
86.71873435935794,86.79461708859343,88.26270761513922,88.7241355112701,89.0230725037983,89.57355760614972,90.59384580620906,91.07448590835456,95.38765934624644,98.44747495717596,98.81345437455417,98.81345437455417,227.4880216626801,180.8340053750953,90.59384580620906,168.49398274781868,177.5841278070188,220.32375168273518,330.16940611554827,88.7241355112701,86.84945827330682,127.97520420988585,172.29208334532112,312.7817729663927,
86.71873435935794,86.79461708859343,86.84945827330682,88.26270761513922,88.7241355112701,88.7241355112701,89.0230725037983,89.57355760614972,90.59384580620906,90.59384580620906,91.07448590835456,95.38765934624644,205.76974388864852,150.64395108997905,240.43319747692826,298.10305617146133,178.70422490808662,313.1013214600028,132.79987031452836,312.827328569612,127.01482367069902,188.2961430831763,85.03065928094101,93.05180755304482,
85.03065928094101,86.71873435935794,86.79461708859343,86.84945827330682,88.26270761513922,88.7241355112701,88.7241355112701,89.0230725037983,89.57355760614972,90.59384580620906,90.59384580620906,91.07448590835456,170.7353015924842,129.98728352247008,404.6989621928873,88.26270761513922,114.43623941987077,259.62896602652023,237.39465499926956,96.43549945717892,132.3336629399619,163.723004560209,346.81810794709094,330.28274838015835,
85.03065928094101,86.71873435935794,86.79461708859343,86.84945827330682,88.26270761513922,88.26270761513922,88.7241355112701,88.7241355112701,89.0230725037983,89.57355760614972,90.59384580620906,90.59384580620906,330.1382518069096,86.84945827330682,174.66329123809172,149.4489879524114,210.07670556780496,236.89013803871194,141.43363186393194,237.0183273504393,90.58405529882269,152.92296131963124,105.33856377296719,154.02532259339696,
85.03065928094101,86.71873435935794,86.79461708859343,86.84945827330682,86.84945827330682,88.26270761513922,88.26270761513922,88.7241355112701,88.7241355112701,89.0230725037983,89.57355760614972,90.58405529882269,93.83076796952841,446.0,91.86560804146676,95.95123182580247,87.06303591204606,332.89698106170925,195.08828129849317,250.06243664777446,155.29645087483806,83.55469918024983,143.36525950569785,145.13304241281514,
83.55469918024983,85.03065928094101,86.71873435935794,86.79461708859343,86.84945827330682,86.84945827330682,87.06303591204606,88.26270761513922,88.26270761513922,88.7241355112701,88.7241355112701,89.0230725037983,142.84299929985926,86.96247594349083,131.95841095671858,274.2713984359288,178.35572721978613,81.87633586696464,89.0230725037983,330.09324594788086,104.62538995015608,240.43319747692826,133.2111106477234,205.76974388864852,
81.87633586696464,83.55469918024983,85.03065928094101,86.71873435935794,86.79461708859343,86.84945827330682,86.84945827330682,86.96247594349083,87.06303591204606,88.26270761513922,88.26270761513922,88.7241355112701,128.61104151665984,230.42719864970587,130.1248332264915,97.40636529508737,251.72251036055997,205.7770334609769,138.01879401009126,89.0230725037983,88.04863419423992,85.03065928094101,180.5874766828915,251.0881624173518,
81.87633586696464,83.55469918024983,85.03065928094101,85.03065928094101,86.71873435935794,86.79461708859343,86.84945827330682,86.84945827330682,86.96247594349083,87.06303591204606,88.04863419423992,88.26270761513922,86.84945827330682,85.60857668695856,87.06303591204606,177.40472795278032,112.54080192874686,107.9504018343533,130.46253187111702,207.19690044871703,107.27033895646416,220.99296117498602,109.95690387628768,87.5090550214308,
81.87633586696464,83.55469918024983,85.03065928094101,85.03065928094101,85.60857668695856,86.71873435935794,86.79461708859343,86.84945827330682,86.84945827330682,86.84945827330682,86.96247594349083,87.06303591204606,120.28684724372283,221.18340526683303,225.1426433986756,87.96496297244603,96.2053588651909,227.4880216626801,262.7417405404444,82.77573450125479,168.79036554258658,86.84945827330682,85.03065928094101,162.74413759330213,
81.87633586696464,82.77573450125479,83.55469918024983,85.03065928094101,85.03065928094101,85.03065928094101,85.60857668695856,86.71873435935794,86.79461708859343,86.84945827330682,86.84945827330682,86.84945827330682,183.36390317522782,105.8782241403181,194.1080562470296,177.5833233574985,87.96496297244603,161.89564540159813,174.03850148745823,205.77217377478422,215.14276228417563,227.4880216626801,83.7141515611168,346.81810794709094,
81.87633586696464,82.77573450125479,83.55469918024983,83.7141515611168,85.03065928094101,85.03065928094101,85.03065928094101,85.60857668695856,86.71873435935794,86.79461708859343,86.84945827330682,86.84945827330682,262.74427787404915,86.9040019536244,85.27488232507598,89.94390099080529,142.43239678640876,251.08588659854937,104.95228558026122,215.97051953014895,210.07670556780496,240.24062011981977,103.55902771956784,404.6989621928873,
81.87633586696464,82.77573450125479,83.55469918024983,83.7141515611168,85.03065928094101,85.03065928094101,85.03065928094101,85.27488232507598,85.60857668695856,86.71873435935794,86.79461708859343,86.84945827330682,85.0469414413047,137.48050366829796,162.74413759330213,446.0,95.9677029005071,202.20317121395396,95.40440241414439,93.26821100285706,132.97989657298575,137.85644707448398,187.55527076527795,162.9038192338892,
81.87633586696464,82.77573450125479,83.55469918024983,83.7141515611168,85.03065928094101,85.03065928094101,85.03065928094101,85.0469414413047,85.27488232507598,85.60857668695856,86.71873435935794,86.79461708859343,404.6989621928873,116.0887591457502,89.41724546742786,86.9040019536244,82.77573450125479,224.4910911372654,153.74397509022333,110.94515943639391,251.08588659854937,377.4064122401738,128.32380917039518,317.373339672213,
81.87633586696464,82.77573450125479,82.77573450125479,83.55469918024983,83.7141515611168,85.03065928094101,85.03065928094101,85.03065928094101,85.0469414413047,85.27488232507598,85.60857668695856,86.71873435935794,250.62167149355264,184.34535490904892,130.8536873763976,377.4064122401738,85.27488232507598,85.94722578323696,213.3115954060957,220.33736758787774,139.54320318652412,171.6636483454354,202.20317121395396,346.8186846177697,
81.87633586696464,82.77573450125479,82.77573450125479,83.55469918024983,83.7141515611168,85.03065928094101,85.03065928094101,85.03065928094101,85.0469414413047,85.27488232507598,85.27488232507598,85.60857668695856,87.96496297244603,90.93394442407472,174.54913348395633,88.12002547031456,121.28933193325918,257.43385072674494,366.8154849512218,491.69932094952316,403.1615060989826,202.20317121395396,208.12120867417622,190.0531175750611,
81.87633586696464,82.77573450125479,82.77573450125479,83.55469918024983,83.7141515611168,85.03065928094101,85.03065928094101,85.03065928094101,85.0469414413047,85.27488232507598,85.27488232507598,85.60857668695856,84.51264849182067,85.0469414413047,133.2111106477234,119.67026456986807,259.62896602652023,366.8154849512218,85.27488232507598,259.62896602652023,171.45261736118232,83.55469918024983,163.16637308625343,222.41003174817052,
81.87633586696464,82.77573450125479,82.77573450125479,83.55469918024983,83.55469918024983,83.7141515611168,84.51264849182067,85.03065928094101,85.03065928094101,85.03065928094101,85.0469414413047,85.0469414413047,86.70143533349888,143.6478119483587,144.59353116996053,324.7207277344767,87.7523345685015,81.6477529118564,199.16907638399672,178.15938210517785,85.86260976177023,85.03065928094101,348.52152013900087,85.03970531046036,
81.6477529118564,81.87633586696464,82.77573450125479,82.77573450125479,83.55469918024983,83.55469918024983,83.7141515611168,84.51264849182067,85.03065928094101,85.03065928094101,85.03065928094101,85.03065928094101,84.51264849182067,151.67834712856782,174.22227182538978,226.74483946106076,258.8266794594406,350.5451310300699,85.27488232507598,83.85188661496466,84.36038499327168,259.62896602652023,205.77217377478422,259.62896602652023,
81.6477529118564,81.87633586696464,82.77573450125479,82.77573450125479,83.55469918024983,83.55469918024983,83.7141515611168,83.85188661496466,84.36038499327168,84.51264849182067,84.51264849182067,85.03065928094101,84.51264849182067,116.7373119443822,142.6330957386819,168.17977732176956,157.65785740013087,152.5961991662964,254.03776786139497,90.15202579588569,198.53879802443566,178.70422490808662,148.42064377976536,198.50185806264128,
81.6477529118564,81.87633586696464,82.77573450125479,82.77573450125479,83.55469918024983,83.55469918024983,83.7141515611168,83.85188661496466,84.36038499327168,84.51264849182067,84.51264849182067,84.51264849182067,278.63226213057237,205.54075021756634,111.80551069702344,152.1239215245255,213.2519827885905,84.51264849182067,143.18946267872585,236.38316352904664,230.4654442376434,85.08672916083883,82.81154194488798,158.4493609958715,
81.6477529118564,81.87633586696464,82.77573450125479,82.77573450125479,82.81154194488798,83.55469918024983,83.55469918024983,83.7141515611168,83.85188661496466,84.36038499327168,84.51264849182067,84.51264849182067,83.55469918024983,350.37202450474774,124.0454163043619,262.8083374290515,81.6477529118564,86.9040019536244,92.97177786452156,274.25243845770996,139.04289129558086,82.77573450125479,142.2174391556816,86.26844671117699,
81.6477529118564,81.6477529118564,81.87633586696464,82.77573450125479,82.77573450125479,82.77573450125479,82.81154194488798,83.55469918024983,83.55469918024983,83.55469918024983,83.7141515611168,83.85188661496466,83.55469918024983,161.89626308225894,83.33042171784244,144.59353116996053,222.45423998856234,169.94613117102725,421.0347372842293,120.26031435962798,161.75811417051077,86.9040019536244,215.832239379467,82.77573450125479,
81.6477529118564,81.6477529118564,81.87633586696464,82.77573450125479,82.77573450125479,82.77573450125479,82.77573450125479,82.81154194488798,83.33042171784244,83.55469918024983,83.55469918024983,83.55469918024983,220.32375168273518,141.37612909025063,422.00047393338315,287.2301994916273,171.18684967017765,118.33943646233162,220.5596137326064,330.1382518069096,82.77573450125479,124.98097814451279,346.8186846177697,133.2111106477234,
81.6477529118564,81.6477529118564,81.87633586696464,82.77573450125479,82.77573450125479,82.77573450125479,82.77573450125479,82.77573450125479,82.81154194488798,83.33042171784244,83.55469918024983,83.55469918024983,262.74427787404915,328.02743787677275,137.37479649027256,422.0014217985527,274.57057380571575,123.08284915089527,215.14276228417563,81.86717519861058,128.45615740399523,225.01911029954766,173.89418477913514,204.0996999017882,
81.6477529118564,81.6477529118564,81.86717519861058,81.87633586696464,82.77573450125479,82.77573450125479,82.77573450125479,82.77573450125479,82.77573450125479,82.81154194488798,83.33042171784244,83.55469918024983,90.25734183490029,330.37962085690305,91.16036977629851,128.11442368272026,82.81154194488798,79.88184634195682,139.7947137179052,240.27569199414515,82.77573450125479,350.1264850815424,84.85341502153184,259.62896602652023,
79.88184634195682,81.6477529118564,81.6477529118564,81.86717519861058,81.87633586696464,82.77573450125479,82.77573450125479,82.77573450125479,82.77573450125479,82.77573450125479,82.77573450125479,82.81154194488798,83.77936648436004,205.77217377478422,330.1382518069096,346.8186846177697,163.18738446638451,90.60937684145959,135.06442906998126,87.96448987682439,103.30537256115966,297.9401298711779,82.77573450125479,82.77573450125479,
79.88184634195682,81.6477529118564,81.6477529118564,81.86717519861058,81.87633586696464,82.77573450125479,82.77573450125479,82.77573450125479,82.77573450125479,82.77573450125479,82.77573450125479,82.77573450125479,82.77573450125479,143.1738992697299,143.1738992697299,81.6477529118564,231.15968506640598,82.77573450125479,81.87633586696464,223.74949549595382,201.64992902937263,239.34546162398817,123.74974747448982,126.41530129840638,
79.88184634195682,81.6477529118564,81.6477529118564,81.6477529118564,81.86717519861058,81.87633586696464,81.87633586696464,82.77573450125479,82.77573450125479,82.77573450125479,82.77573450125479,82.77573450125479,87.69473680846146,346.3389869442235,82.77573450125479,142.56296854372806,152.00040279216233,184.60133502378034,132.98190666402704,205.77217377478422,143.18946267872585,92.8318451787421,299.69624077504517,259.62896602652023,
79.88184634195682,81.6477529118564,81.6477529118564,81.6477529118564,81.86717519861058,81.87633586696464,81.87633586696464,82.77573450125479,82.77573450125479,82.77573450125479,82.77573450125479,82.77573450125479,434.60643115352076,83.43274070904194,198.53879802443566,82.77573450125479,120.26031435962798,157.4155420934095,90.93394442407472,79.88184634195682,175.44853233925897,94.3735495989492,83.90454232174932,237.39465499926956,
79.88184634195682,79.88184634195682,81.6477529118564,81.6477529118564,81.6477529118564,81.86717519861058,81.87633586696464,81.87633586696464,82.77573450125479,82.77573450125479,82.77573450125479,82.77573450125479,182.44889695473634,188.69225058835553,157.80437960405985,239.77097916340833,80.16223783677698,97.0350452156333,84.51264849182067,389.90625653981095,157.80437960405985,92.10220587222986,82.77573450125479,97.97346579559182,
79.88184634195682,79.88184634195682,80.16223783677698,81.6477529118564,81.6477529118564,81.6477529118564,81.86717519861058,81.87633586696464,81.87633586696464,82.77573450125479,82.77573450125479,82.77573450125479,81.6477529118564,133.35736762548967,195.11839354607244,251.12741704528545,262.8083374290515,228.59615044877722,89.79079994688789,174.80391346667645,78.96199427441273,131.31426997855183,331.5189285696972,271.1700573440954,
78.96199427441273,79.88184634195682,79.88184634195682,80.16223783677698,81.6477529118564,81.6477529118564,81.6477529118564,81.6477529118564,81.86717519861058,81.87633586696464,81.87633586696464,82.77573450125479,125.28287991581291,158.3603485724883,433.5361064035561,138.01879401009126,83.76283792799452,79.23789244178518,117.52370919189975,257.43385072674494,85.0939612929185,90.15202579588569,85.87251532876448,251.08588659854937,
78.96199427441273,79.23789244178518,79.88184634195682,79.88184634195682,80.16223783677698,81.6477529118564,81.6477529118564,81.6477529118564,81.6477529118564,81.86717519861058,81.87633586696464,81.87633586696464,96.63811680612734,220.32375168273518,80.16223783677698,139.02196746563664,224.25863974438087,86.9779026854267,130.2138736562352,259.62896602652023,85.97519627776374,82.48690131705088,139.29355289298573,158.97029771487362,
78.96199427441273,79.23789244178518,79.88184634195682,79.88184634195682,80.16223783677698,80.16223783677698,81.6477529118564,81.6477529118564,81.6477529118564,81.6477529118564,81.86717519861058,81.87633586696464,357.17533820551245,177.5833233574985,259.62896602652023,81.6477529118564,251.30894830865057,376.56724351553584,176.06851634798196,118.36807001890332,276.84905634659475,83.76283792799452,113.23488371031644,205.77217377478422,
78.96199427441273,79.23789244178518,79.88184634195682,79.88184634195682,80.16223783677698,80.16223783677698,81.6477529118564,81.6477529118564,81.6477529118564,81.6477529118564,81.6477529118564,81.86717519861058,163.28686413793363,80.29856396598883,220.33736758787774,81.6044661087179,94.80294105741707,80.16223783677698,262.74427787404915,205.77217377478422,346.8186846177697,259.62896602652023,81.6477529118564,233.419365092102,
78.96199427441273,79.23789244178518,79.88184634195682,79.88184634195682,80.16223783677698,80.16223783677698,80.16223783677698,80.29856396598883,81.6044661087179,81.6477529118564,81.6477529118564,81.6477529118564,80.16223783677698,330.372702336285,93.42896885988961,132.98190666402704,278.07772694378497,330.517528634555,213.6871252555942,320.72348061906564,151.53151487396937,108.0668196071301,456.3992221728692,99.77311539795186,
78.96199427441273,79.23789244178518,79.88184634195682,79.88184634195682,80.16223783677698,80.16223783677698,80.16223783677698,80.16223783677698,80.29856396598883,81.6044661087179,81.6477529118564,81.6477529118564,251.0881624173518,198.50185806264128,209.00815334159887,346.8186846177697,103.33075485042768,118.54150702976949,177.843189355117,391.48997432884534,115.44522510697443,195.13312763341852,101.13994704808229,330.09324594788086,
78.96199427441273,79.23789244178518,79.88184634195682,79.88184634195682,80.16223783677698,80.16223783677698,80.16223783677698,80.16223783677698,80.29856396598883,81.6044661087179,81.6477529118564,81.6477529118564,269.34364666722695,278.6848578591955,83.07648537429426,80.16223783677698,151.69006738481553,297.87187567977554,132.37656724494542,330.09324594788086,255.89036039524794,259.62896602652023,95.64622313505119,80.80754528507842,
78.96199427441273,79.23789244178518,79.88184634195682,79.88184634195682,80.16223783677698,80.16223783677698,80.16223783677698,80.16223783677698,80.16223783677698,80.29856396598883,80.80754528507842,81.6044661087179,456.3992221728692,172.57828747012888,83.93680810646805,422.0033175225048,226.74483946106076,178.70422490808662,81.35901233968423,323.36391607942625,92.05381754953885,80.29856396598883,177.5833233574985,125.84498076472288,
78.96199427441273,79.23789244178518,79.88184634195682,79.88184634195682,80.16223783677698,80.16223783677698,80.16223783677698,80.16223783677698,80.16223783677698,80.29856396598883,80.29856396598883,80.80754528507842,346.8186846177697,91.2006335260647,113.23856331754753,292.1168430611285,145.31073558599587,167.59902177150505,219.03452341806664,152.66990130812326,456.3992221728692,213.2519827885905,167.59902177150505,213.39821929903727,
78.96199427441273,79.23789244178518,79.88184634195682,79.88184634195682,80.16223783677698,80.16223783677698,80.16223783677698,80.16223783677698,80.16223783677698,80.29856396598883,80.29856396598883,80.80754528507842,87.343510857355,433.5361064035561,80.29856396598883,79.2289835471214,197.46133695444468,312.82093520095486,81.69264892809444,87.09586034300878,177.52210782162342,80.29856396598883,82.3467326309915,143.1182322500067,
78.96199427441273,79.2289835471214,79.23789244178518,79.88184634195682,79.88184634195682,80.16223783677698,80.16223783677698,80.16223783677698,80.16223783677698,80.16223783677698,80.29856396598883,80.29856396598883,84.03788945413447,202.82251409106985,126.62141307267389,78.34949647965784,144.59353116996053,139.31592019519778,101.13994704808229,330.09324594788086,85.9664723889494,78.34949647965784,79.88184634195682,259.62896602652023,
78.34949647965784,78.34949647965784,78.96199427441273,79.2289835471214,79.23789244178518,79.88184634195682,79.88184634195682,79.88184634195682,80.16223783677698,80.16223783677698,80.16223783677698,80.16223783677698,105.13953104163211,236.92759970083688,146.89669461525978,198.53879802443566,342.83290390509484,166.6089529703507,176.06851634798196,205.77217377478422,80.16223783677698,456.3992221728692,144.94287667905587,94.73545036339647,
78.34949647965784,78.34949647965784,78.96199427441273,79.2289835471214,79.23789244178518,79.88184634195682,79.88184634195682,79.88184634195682,80.16223783677698,80.16223783677698,80.16223783677698,80.16223783677698,78.34949647965784,142.88736823106512,80.16223783677698,149.66068617928462,79.35880587057842,262.74427787404915,177.5833233574985,113.04512373384357,87.09586034300878,88.27786952866902,198.50185806264128,346.8186846177697,
78.34949647965784,78.34949647965784,78.34949647965784,78.96199427441273,79.2289835471214,79.23789244178518,79.35880587057842,79.88184634195682,79.88184634195682,79.88184634195682,80.16223783677698,80.16223783677698,98.39901861251118,112.60390263613819,226.74483946106076,91.82025475718018,142.6070314959917,128.85058099295566,250.0597706327207,136.83191229469176,348.52152013900087,456.3992221728692,82.36392612382323,373.0,
78.34949647965784,78.34949647965784,78.34949647965784,78.96199427441273,79.2289835471214,79.23789244178518,79.35880587057842,79.88184634195682,79.88184634195682,79.88184634195682,80.16223783677698,80.16223783677698,85.88589962911281,81.89234125091036,79.23789244178518,128.41069097063357,83.08974260065911,78.96199427441273,77.38304596272452,190.55183021949696,78.34949647965784,145.6598777975596,212.2280612925633,80.16223783677698,
77.38304596272452,78.34949647965784,78.34949647965784,78.34949647965784,78.34949647965784,78.96199427441273,78.96199427441273,79.2289835471214,79.23789244178518,79.23789244178518,79.35880587057842,79.88184634195682,168.12402416073678,190.55183021949696,240.1784492830279,102.56208972383857,81.6044661087179,142.2385320509179,79.35880587057842,85.12187953164567,172.05940107997586,350.37202450474774,80.11622416839177,77.39166063473809,
77.38304596272452,77.39166063473809,78.34949647965784,78.34949647965784,78.34949647965784,78.34949647965784,78.96199427441273,78.96199427441273,79.2289835471214,79.23789244178518,79.23789244178518,79.35880587057842,163.18462618219345,422.00568716546934,108.11632110319371,122.35522056700319,259.62896602652023,125.01961976203489,205.77217377478422,205.77217377478422,213.6871252555942,172.6971944985046,139.63595525508464,135.41304914058696,
77.38304596272452,77.39166063473809,78.34949647965784,78.34949647965784,78.34949647965784,78.34949647965784,78.96199427441273,78.96199427441273,79.2289835471214,79.23789244178518,79.23789244178518,79.35880587057842,103.43561098497322,167.59902177150505,251.02158619268957,126.83558375362352,122.6858001382212,79.23789244178518,78.34949647965784,128.45664395040063,177.74191261489227,251.02158619268957,198.53879802443566,78.34949647965784,
77.38304596272452,77.39166063473809,78.34949647965784,78.34949647965784,78.34949647965784,78.34949647965784,78.34949647965784,78.34949647965784,78.96199427441273,78.96199427441273,79.2289835471214,79.23789244178518,312.82093520095486,163.97658670570723,81.71878109512812,87.37022121727492,456.3992221728692,169.06503971643866,79.88184634195682,81.43853126745348,330.41767013084194,190.6777386062673,297.87187567977554,78.97093328876309,
77.38304596272452,77.39166063473809,78.34949647965784,78.34949647965784,78.34949647965784,78.34949647965784,78.34949647965784,78.34949647965784,78.96199427441273,78.96199427441273,78.97093328876309,79.2289835471214,85.36896025488421,162.74413759330213,81.02482472811788,205.77217377478422,148.46132638535454,82.58544396899224,198.49514096736553,79.27868171835351,232.51666606933793,247.67367643736384,156.8580170090136,132.98190666402704,
77.38304596272452,77.39166063473809,78.34949647965784,78.34949647965784,78.34949647965784,78.34949647965784,78.34949647965784,78.34949647965784,78.96199427441273,78.96199427441273,78.97093328876309,79.2289835471214,456.3992221728692,79.8865406373314,259.62896602652023,100.36004627783353,206.8929372888306,456.39703110340236,154.32609374268677,9.99999999E8,115.41655968066587,172.07320389880582,456.3992221728692,79.88184634195682,
77.38304596272452,77.39166063473809,78.34949647965784,78.34949647965784,78.34949647965784,78.34949647965784,78.34949647965784,78.34949647965784,78.96199427441273,78.96199427441273,78.97093328876309,79.2289835471214,79.88184634195682,208.02629040580425,78.34949647965784,309.61894142459835,236.96663794720135,128.85058099295566,101.56118626824433,82.62368588599611,86.34787522316664,213.6871252555942,91.25452183372636,78.34949647965784,
77.38304596272452,77.39166063473809,78.34949647965784,78.34949647965784,78.34949647965784,78.34949647965784,78.34949647965784,78.34949647965784,78.34949647965784,78.34949647965784,78.96199427441273,78.96199427441273,149.92310529067893,132.16910936140772,288.9631248100698,346.8186846177697,79.88184634195682,89.38282799748733,137.89482313894422,80.11622416839177,192.69690907077907,89.07117080957089,195.31471202829007,205.77217377478422,
77.38304596272452,77.39166063473809,78.34949647965784,78.34949647965784,78.34949647965784,78.34949647965784,78.34949647965784,78.34949647965784,78.34949647965784,78.34949647965784,78.96199427441273,78.96199427441273,78.34949647965784,205.77217377478422,124.43333283725728,78.34949647965784,142.84299929985926,262.7201722153989,81.71878109512812,100.24977071757132,342.83290390509484,80.98202818458482,100.24977071757132,80.11622416839177,
77.38304596272452,77.39166063473809,78.34949647965784,78.34949647965784,78.34949647965784,78.34949647965784,78.34949647965784,78.34949647965784,78.34949647965784,78.34949647965784,78.34949647965784,78.34949647965784,176.5607190175663,421.0347372842293,81.71878109512812,135.7564596125378,186.76809413723296,113.15537498894557,251.0881624173518,166.07190172696244,100.79131355870351,156.46439671061444,111.64141505532592,81.71878109512812,
77.38304596272452,77.39166063473809,78.34949647965784,78.34949647965784,78.34949647965784,78.34949647965784,78.34949647965784,78.34949647965784,78.34949647965784,78.34949647965784,78.34949647965784,78.34949647965784,222.85690476177757,226.74483946106076,138.84714837635266,251.0881624173518,80.53405723667473,167.59902177150505,78.34949647965784,192.1869837806241,259.63358796581,135.88342634609842,77.39166063473809,198.50465678525555,
77.38304596272452,77.39166063473809,77.39166063473809,78.34949647965784,78.34949647965784,78.34949647965784,78.34949647965784,78.34949647965784,78.34949647965784,78.34949647965784,78.34949647965784,78.34949647965784,143.9432280191117,391.48997432884534,162.74413759330213,250.6449458674339,201.02712584485656,340.975398265362,259.62896602652023,80.98202818458482,101.56118626824433,205.77217377478422,189.16982376220108,82.62368588599611,
77.38304596272452,77.39166063473809,77.39166063473809,78.34949647965784,78.34949647965784,78.34949647965784,78.34949647965784,78.34949647965784,78.34949647965784,78.34949647965784,78.34949647965784,78.34949647965784,205.77217377478422,219.5264825555447,226.74483946106076,99.01570266881915,151.8492262081042,78.34949647965784,312.83052520494226,161.14965056289515,115.34831760801715,374.16894579855233,77.39166063473809,100.79330305545305,
77.38304596272452,77.39166063473809,77.39166063473809,77.39166063473809,78.34949647965784,78.34949647965784,78.34949647965784,78.34949647965784,78.34949647965784,78.34949647965784,78.34949647965784,78.34949647965784,85.36896025488421,456.3992221728692,149.92310529067893,177.43393136601577,142.6070314959917,128.47645698726285,142.84299929985926,259.62896602652023,213.1500351864855,340.975398265362,148.46132638535454,163.78095127333947,
77.38304596272452,77.39166063473809,77.39166063473809,77.39166063473809,78.34949647965784,78.34949647965784,78.34949647965784,78.34949647965784,78.34949647965784,78.34949647965784,78.34949647965784,78.34949647965784,148.87847393092125,148.56122475262515,84.19907585597362,225.01911029954766,165.40329500950094,149.39344028437125,309.1912389156947,151.304684124506,138.98141858084412,128.99993943797028,78.34949647965784,79.88184634195682,
77.38304596272452,77.39166063473809,77.39166063473809,77.39166063473809,78.34949647965784,78.34949647965784,78.34949647965784,78.34949647965784,78.34949647965784,78.34949647965784,78.34949647965784,78.34949647965784,118.27171406176305,78.34949647965784,79.27868171835351,106.57228951543635,178.70422490808662,142.84299929985926,278.07772694378497,189.16982376220108,85.0939612929185,142.84299929985926,452.3928049825726,374.16894579855233,
77.38304596272452,77.39166063473809,77.39166063473809,77.39166063473809,78.34949647965784,78.34949647965784,78.34949647965784,78.34949647965784,78.34949647965784,78.34949647965784,78.34949647965784,78.34949647965784,79.19408072668897,121.5779585286741,262.74427787404915,100.24977071757132,346.8186846177697,227.4880216626801,214.96845698846144,213.41068963146992,176.68775278289968,90.22170224261764,78.34949647965784,79.27868171835351,
77.38304596272452,77.39166063473809,77.39166063473809,77.39166063473809,78.34949647965784,78.34949647965784,78.34949647965784,78.34949647965784,78.34949647965784,78.34949647965784,78.34949647965784,78.34949647965784,79.6842818571298,79.6842818571298,143.9432280191117,119.63284051181607,78.34949647965784,141.09059343399034,77.39166063473809,172.25591068358756,129.07867970953046,77.39166063473809,86.15077222843423,91.31555514940976,
77.38304596272452,77.39166063473809,77.39166063473809,77.39166063473809,77.39166063473809,77.39166063473809,78.34949647965784,78.34949647965784,78.34949647965784,78.34949647965784,78.34949647965784,78.34949647965784,89.07117080957089,84.11041542800199,132.16910936140772,232.80979360843048,178.94346993421908,77.39166063473809,324.53590796020643,421.0347372842293,77.38304596272452,78.34949647965784,183.4220660689102,274.35925353448533,
77.38304596272452,77.38304596272452,77.39166063473809,77.39166063473809,77.39166063473809,77.39166063473809,77.39166063473809,77.39166063473809,78.34949647965784,78.34949647965784,78.34949647965784,78.34949647965784,178.70422490808662,197.44503845343024,81.03924589357923,456.3992221728692,171.21167454353105,158.76256177200014,114.89290737590922,226.74483946106076,148.67052707189382,297.88679596430006,150.64395108997905,78.34949647965784,
77.38304596272452,77.38304596272452,77.39166063473809,77.39166063473809,77.39166063473809,77.39166063473809,77.39166063473809,77.39166063473809,78.34949647965784,78.34949647965784,78.34949647965784,78.34949647965784,82.28675090802894,125.95993539790257,213.2519827885905,77.39166063473809,163.73292955976274,161.29336942480978,77.38304596272452,205.76974388864852,346.8186846177697,171.6636483454354,205.76974388864852,80.44469827756741,
77.38304596272452,77.38304596272452,77.38304596272452,77.39166063473809,77.39166063473809,77.39166063473809,77.39166063473809,77.39166063473809,77.39166063473809,77.39166063473809,78.34949647965784,78.34949647965784,79.2289835471214,167.51745809148397,88.4712131461729,91.30382114184509,77.38304596272452,175.09654479743455,422.0014217985527,142.84299929985926,77.38304596272452,161.14965056289515,120.34155096594398,144.49199804833484,
77.38304596272452,77.38304596272452,77.38304596272452,77.38304596272452,77.38304596272452,77.39166063473809,77.39166063473809,77.39166063473809,77.39166063473809,77.39166063473809,77.39166063473809,77.39166063473809,77.39166063473809,252.13003699590328,132.08704574757127,177.767931584974,289.1944537828577,168.50416707306576,136.13872145458814,83.43274070904194,173.87879897990402,77.39166063473809,127.20051974037773,263.7794533317559,
77.38304596272452,77.38304596272452,77.38304596272452,77.38304596272452,77.38304596272452,77.39166063473809,77.39166063473809,77.39166063473809,77.39166063473809,77.39166063473809,77.39166063473809,77.39166063473809,163.18462618219345,158.66253496021045,228.27965305738485,212.3262524983663,87.84430671490455,189.72319017159944,247.02892392632558,182.8879438344693,275.6601951858058,80.98202818458482,160.9641919011187,168.50416707306576,
77.38304596272452,77.38304596272452,77.38304596272452,77.38304596272452,77.38304596272452,77.39166063473809,77.39166063473809,77.39166063473809,77.39166063473809,77.39166063473809,77.39166063473809,77.39166063473809,113.34007332899614,142.4010504581958,77.38304596272452,162.56789654681,102.91025561166958,93.25902046429172,130.9366258920704,213.89812566561986,95.5680118970735,80.45347255199579,80.98202818458482,115.44522510697443,
77.38304596272452,77.38304596272452,77.38304596272452,77.38304596272452,77.38304596272452,77.38304596272452,77.39166063473809,77.39166063473809,77.39166063473809,77.39166063473809,77.39166063473809,77.39166063473809,79.19408072668897,205.77217377478422,198.84626407024567,251.0881624173518,158.3603485724883,389.90625653981095,340.975398265362,135.5899660332168,404.6989621928873,339.4709936880551,168.10840996214318,145.10796321241062,
77.38304596272452,77.38304596272452,77.38304596272452,77.38304596272452,77.38304596272452,77.38304596272452,77.39166063473809,77.39166063473809,77.39166063473809,77.39166063473809,77.39166063473809,77.39166063473809,85.36896025488421,180.7395916781932,77.39166063473809,169.06832573084793,195.1497683799943,227.4880216626801,142.6070314959917,133.33716661156407,117.62096478955054,114.89290737590922,96.70394455533851,237.39465499926956,
77.38304596272452,77.38304596272452,77.38304596272452,77.38304596272452,77.38304596272452,77.38304596272452,77.39166063473809,77.39166063473809,77.39166063473809,77.39166063473809,77.39166063473809,77.39166063473809,94.61662409722487,88.21136490248398,184.81789502368989,177.74191261489227,171.6636483454354,198.4940214293868,109.6451511540644,346.8186846177697,82.30840460966154,77.39166063473809,85.66264582003576,80.7572558659592,
77.38304596272452,77.38304596272452,77.38304596272452,77.38304596272452,77.38304596272452,77.38304596272452,77.39166063473809,77.39166063473809,77.39166063473809,77.39166063473809,77.39166063473809,77.39166063473809,205.77217377478422,208.02629040580425,185.01377993390682,86.21040757936365,84.20106928777183,205.77217377478422,85.30890560193583,340.975398265362,205.78735991309088,213.00678132136753,77.39166063473809,213.6871252555942,
77.38304596272452,77.38304596272452,77.38304596272452,77.38304596272452,77.38304596272452,77.38304596272452,77.39166063473809,77.39166063473809,77.39166063473809,77.39166063473809,77.39166063473809,77.39166063473809,237.39465499926956,389.90625653981095,78.97093328876309,78.34949647965784,137.99633203212682,388.09116197099877,120.38143083087562,101.56118626824433,252.11351059041286,145.18126600908258,77.15296654642373,84.19268557599449,
77.15296654642373,77.38304596272452,77.38304596272452,77.38304596272452,77.38304596272452,77.38304596272452,77.38304596272452,77.39166063473809,77.39166063473809,77.39166063473809,77.39166063473809,77.39166063473809,336.1198529625341,221.96756519816134,101.56118626824433,177.5841278070188,158.29207233872853,205.77217377478422,79.23789244178518,340.9934831570181,79.23789244178518,77.39166063473809,131.50168773651166,177.5833233574985,
77.15296654642373,77.38304596272452,77.38304596272452,77.38304596272452,77.38304596272452,77.38304596272452,77.38304596272452,77.39166063473809,77.39166063473809,77.39166063473809,77.39166063473809,77.39166063473809,77.38304596272452,77.38304596272452,77.38304596272452,132.0819984743858,77.38304596272452,113.17452108236297,77.15296654642373,189.16982376220108,177.74191261489227,86.08489632333885,78.0571174220962,162.02468947663502,
77.15296654642373,77.15296654642373,77.38304596272452,77.38304596272452,77.38304596272452,77.38304596272452,77.38304596272452,77.38304596272452,77.38304596272452,77.38304596272452,77.38304596272452,77.38304596272452,256.47078840702784,77.39166063473809,82.49005621891646,237.39465499926956,350.5070929699172,189.16982376220108,200.2679837271111,168.50416707306576,123.7645889153588,77.38304596272452,314.50784966356565,181.42543234067267,
77.15296654642373,77.15296654642373,77.38304596272452,77.38304596272452,77.38304596272452,77.38304596272452,77.38304596272452,77.38304596272452,77.38304596272452,77.38304596272452,77.38304596272452,77.38304596272452,323.58701388584115,102.50329565352868,132.98190666402704,320.6473044913227,77.38304596272452,80.97544209340398,144.33256350833963,78.34949647965784,80.72645939018223,83.2247292308936,132.23417312937633,189.16982376220108,
77.15296654642373,77.15296654642373,77.38304596272452,77.38304596272452,77.38304596272452,77.38304596272452,77.38304596272452,77.38304596272452,77.38304596272452,77.38304596272452,77.38304596272452,77.38304596272452,259.62896602652023,422.0014217985527,90.19657544620097,77.38304596272452,78.96199427441273,179.20971639110303,198.50465678525555,158.3603485724883,164.16516073759377,77.38304596272452,137.3676692064398,80.98202818458482,
77.15296654642373,77.15296654642373,77.38304596272452,77.38304596272452,77.38304596272452,77.38304596272452,77.38304596272452,77.38304596272452,77.38304596272452,77.38304596272452,77.38304596272452,77.38304596272452,341.1356849635575,151.69442969338064,84.60219035134314,245.96585128834448,84.23618210127997,208.02629040580425,78.96646390807511,77.15296654642373,456.3992221728692,136.849020168168,289.1944537828577,173.8495122011045,
77.15296654642373,77.15296654642373,77.15296654642373,77.38304596272452,77.38304596272452,77.38304596272452,77.38304596272452,77.38304596272452,77.38304596272452,77.38304596272452,77.38304596272452,77.38304596272452,170.9986643511479,142.84299929985926,177.89445606876006,340.975398265362,237.39465499926956,201.35135178067551,77.38304596272452,92.78625575050621,77.38304596272452,237.39465499926956,168.79036554258658,340.975398265362,
77.15296654642373,77.15296654642373,77.15296654642373,77.38304596272452,77.38304596272452,77.38304596272452,77.38304596272452,77.38304596272452,77.38304596272452,77.38304596272452,77.38304596272452,77.38304596272452,237.39465499926956,107.42021244075217,77.15296654642373,189.16982376220108,350.5070929699172,113.124439839006,79.18516690289569,88.08152789067385,289.35261792491184,114.94432716366406,321.7862771518781,142.19493661871368,
77.15296654642373,77.15296654642373,77.15296654642373,77.15296654642373,77.38304596272452,77.38304596272452,77.38304596272452,77.38304596272452,77.38304596272452,77.38304596272452,77.38304596272452,77.38304596272452,179.8966369891333,84.19268557599449,82.03419637565787,85.78451053961146,80.98202818458482,169.22007002352123,77.5300817763461,90.19657544620097,128.5075873246401,240.1690810658191,156.78903022852077,78.34949647965784,
77.15296654642373,77.15296654642373,77.15296654642373,77.15296654642373,77.38304596272452,77.38304596272452,77.38304596272452,77.38304596272452,77.38304596272452,77.38304596272452,77.38304596272452,77.38304596272452,89.85148239672448,78.34949647965784,82.1848864180973,91.56162193978926,138.74164802956312,215.48427106027987,77.38304596272452,241.53513662037292,168.5965763458901,173.63521388243802,217.47924549763874,81.12479173415507,
77.15296654642373,77.15296654642373,77.15296654642373,77.15296654642373,77.38304596272452,77.38304596272452,77.38304596272452,77.38304596272452,77.38304596272452,77.38304596272452,77.38304596272452,77.38304596272452,76.46124070167767,77.15296654642373,229.3957457392471,293.5177914157011,142.6070314959917,163.18738446638451,348.5297398958039,173.25603277393253,80.44469827756741,404.6989621928873,223.98660674245681,456.40250875734677,
76.46124070167767,77.15296654642373,77.15296654642373,77.15296654642373,77.15296654642373,77.15296654642373,77.38304596272452,77.38304596272452,77.38304596272452,77.38304596272452,77.38304596272452,77.38304596272452,77.38304596272452,138.90479908871595,78.96646390807511,154.66233381143581,185.95665232308812,190.17737010161179,78.72324612824892,77.15296654642373,129.50278847276695,170.05750661336756,215.4825835227824,194.3236668550694,
76.46124070167767,77.15296654642373,77.15296654642373,77.15296654642373,77.15296654642373,77.15296654642373,77.15296654642373,77.38304596272452,77.38304596272452,77.38304596272452,77.38304596272452,77.38304596272452,192.1915710950925,161.98394982219688,456.3992221728692,77.38304596272452,189.87624299611835,346.8186846177697,78.34949647965784,312.8624897618761,80.44469827756741,148.46132638535454,77.38304596272452,77.38304596272452,
76.46124070167767,77.15296654642373,77.15296654642373,77.15296654642373,77.15296654642373,77.15296654642373,77.15296654642373,77.38304596272452,77.38304596272452,77.38304596272452,77.38304596272452,77.38304596272452,78.34949647965784,77.15296654642373,341.12347064108945,177.5833233574985,113.17746634771821,169.22007002352123,93.1180552966084,195.12129813952734,259.62896602652023,164.30337793240892,81.12479173415507,180.20040926701583,
76.46124070167767,77.15296654642373,77.15296654642373,77.15296654642373,77.15296654642373,77.15296654642373,77.15296654642373,77.15296654642373,77.38304596272452,77.38304596272452,77.38304596272452,77.38304596272452,80.98202818458482,78.10887619081706,205.78735991309088,141.930969136408,188.66221693483152,142.84299929985926,78.10887619081706,177.767931584974,312.8624897618761,326.4907689693879,187.67575096426282,376.56724351553584,
76.46124070167767,77.15296654642373,77.15296654642373,77.15296654642373,77.15296654642373,77.15296654642373,77.15296654642373,77.15296654642373,77.38304596272452,77.38304596272452,77.38304596272452,77.38304596272452,79.18516690289569,389.90625653981095,187.97130067258462,77.15296654642373,76.46124070167767,111.25257792372523,90.19657544620097,186.41497581974616,220.66087605695353,142.85985265287096,147.04735842521862,177.77004106429183,
76.46124070167767,76.46124070167767,77.15296654642373,77.15296654642373,77.15296654642373,77.15296654642373,77.15296654642373,77.15296654642373,77.15296654642373,77.15296654642373,77.38304596272452,77.38304596272452,178.01843158356124,92.1632202757566,186.98332928926783,82.32402382026271,220.33736758787774,201.6803897056844,132.0819984743858,237.39465499926956,120.20408571351568,142.84299929985926,183.9054104696216,142.84299929985926,
76.46124070167767,76.46124070167767,77.15296654642373,77.15296654642373,77.15296654642373,77.15296654642373,77.15296654642373,77.15296654642373,77.15296654642373,77.15296654642373,77.38304596272452,77.38304596272452,78.43342698834344,215.68246479450923,167.75219819722184,81.74527911408369,161.2485889489162,76.46124070167767,297.88679596430006,219.94362914165075,237.39465499926956,205.77217377478422,233.6805511804523,77.38304596272452,
76.46124070167767,76.46124070167767,76.46124070167767,77.15296654642373,77.15296654642373,77.15296654642373,77.15296654642373,77.15296654642373,77.15296654642373,77.15296654642373,77.15296654642373,77.38304596272452,193.2456697804349,177.5833233574985,102.82820084436413,77.39166063473809,330.88047523069247,77.38304596272452,77.39166063473809,103.2237186632731,85.19747282050096,321.230415110146,77.15296654642373,93.25902046429172,
76.46124070167767,76.46124070167767,76.46124070167767,77.15296654642373,77.15296654642373,77.15296654642373,77.15296654642373,77.15296654642373,77.15296654642373,77.15296654642373,77.15296654642373,77.15296654642373,186.62512558602606,140.13895111579333,132.0819984743858,171.6636483454354,190.17737010161179,161.2485889489162,223.98660674245681,85.36896025488421,76.46124070167767,251.0335370716309,352.9980169915973,138.98141858084412,
76.46124070167767,76.46124070167767,76.46124070167767,76.46124070167767,77.15296654642373,77.15296654642373,77.15296654642373,77.15296654642373,77.15296654642373,77.15296654642373,77.15296654642373,77.15296654642373,158.86248536453894,143.3966526805978,348.85421784195535,178.52786897288613,186.62914429423932,138.44168001520387,77.20479419643303,77.15296654642373,77.15296654642373,115.44522510697443,77.15296654642373,132.0819984743858,
76.46124070167767,76.46124070167767,76.46124070167767,76.46124070167767,77.15296654642373,77.15296654642373,77.15296654642373,77.15296654642373,77.15296654642373,77.15296654642373,77.15296654642373,77.15296654642373,133.66926002032093,77.15296654642373,125.53765340385063,83.06304314075224,129.98247492251502,77.15296654642373,77.38304596272452,148.5331571247043,321.41225355405146,84.19268557599449,77.15296654642373,77.15296654642373,
76.46124070167767,76.46124070167767,76.46124070167767,76.46124070167767,77.15296654642373,77.15296654642373,77.15296654642373,77.15296654642373,77.15296654642373,77.15296654642373,77.15296654642373,77.15296654642373,77.38304596272452,142.6070314959917,81.43853126745348,289.1944537828577,101.57027473655455,81.13494248924789,77.38304596272452,312.8624897618761,185.01377993390682,91.31555514940976,163.18738446638451,177.5841278070188,
76.46124070167767,76.46124070167767,76.46124070167767,76.46124070167767,77.15296654642373,77.15296654642373,77.15296654642373,77.15296654642373,77.15296654642373,77.15296654642373,77.15296654642373,77.15296654642373,185.01377993390682,144.46517746502096,78.10887619081706,77.15296654642373,87.78213042610282,113.18482917580234,78.34949647965784,80.12990995337385,125.53765340385063,120.20963170875933,205.77217377478422,330.2119584448752,
76.46124070167767,76.46124070167767,76.46124070167767,76.46124070167767,77.15296654642373,77.15296654642373,77.15296654642373,77.15296654642373,77.15296654642373,77.15296654642373,77.15296654642373,77.15296654642373,135.73554762437468,452.9649544942743,166.58961181728017,79.8661966979773,174.61511246166523,243.42803839439534,168.12402416073678,180.90384186080738,278.07772694378497,77.15296654642373,120.16414699161403,208.02629040580425,
76.46124070167767,76.46124070167767,76.46124070167767,76.46124070167767,77.15296654642373,77.15296654642373,77.15296654642373,77.15296654642373,77.15296654642373,77.15296654642373,77.15296654642373,77.15296654642373,101.56118626824433,111.24912073317849,205.77217377478422,125.53765340385063,136.26725737351128,198.50185806264128,113.124439839006,173.25603277393253,186.62914429423932,205.77217377478422,370.3721851807389,189.38288344834618,
76.46124070167767,76.46124070167767,76.46124070167767,76.46124070167767,77.15296654642373,77.15296654642373,77.15296654642373,77.15296654642373,77.15296654642373,77.15296654642373,77.15296654642373,77.15296654642373,77.39166063473809,154.07618594182608,456.3992221728692,77.15296654642373,78.06494605435358,77.15296654642373,78.10887619081706,89.9187842172148,139.76649623349564,141.44841575990753,76.46124070167767,160.8465106864305,
76.46124070167767,76.46124070167767,76.46124070167767,76.46124070167767,76.46124070167767,77.15296654642373,77.15296654642373,77.15296654642373,77.15296654642373,77.15296654642373,77.15296654642373,77.15296654642373,390.67150167656484,77.15296654642373,340.975398265362,81.86183100199995,179.8966369891333,84.20106928777183,78.10887619081706,77.15296654642373,239.34546162398817,158.3603485724883,178.32498422823426,143.18946267872585,
76.46124070167767,76.46124070167767,76.46124070167767,76.46124070167767,76.46124070167767,77.15296654642373,77.15296654642373,77.15296654642373,77.15296654642373,77.15296654642373,77.15296654642373,77.15296654642373,132.95111883696202,95.56502220680825,116.0887591457502,96.8880278508568,141.09059343399034,81.87633586696464,456.3992221728692,220.2241755575441,101.67333538360823,231.15727870867488,199.27950468538987,177.5833233574985,
76.46124070167767,76.46124070167767,76.46124070167767,76.46124070167767,76.46124070167767,77.15296654642373,77.15296654642373,77.15296654642373,77.15296654642373,77.15296654642373,77.15296654642373,77.15296654642373,90.19657544620097,82.24724539460273,186.77047378143905,77.68563684327465,84.19268557599449,136.05932121280367,185.03080824554596,86.08489632333885,168.12402416073678,78.10887619081706,205.77217377478422,117.7756739526461,
76.46124070167767,76.46124070167767,76.46124070167767,76.46124070167767,76.46124070167767,77.15296654642373,77.15296654642373,77.15296654642373,77.15296654642373,77.15296654642373,77.15296654642373,77.15296654642373,132.5609293872067,166.04659308272534,332.89698106170925,276.6604416970377,78.94709366794902,237.39465499926956,142.19493661871368,85.35546587978743,82.17839672863477,78.99104237245199,81.35215430694275,223.98660674245681,
76.46124070167767,76.46124070167767,76.46124070167767,76.46124070167767,76.46124070167767,77.15296654642373,77.15296654642373,77.15296654642373,77.15296654642373,77.15296654642373,77.15296654642373,77.15296654642373,113.78480675608985,113.124439839006,173.12477436808402,76.46124070167767,138.97095243191907,78.94709366794902,222.39354507019507,147.0547769982891,224.85595021503755,77.15296654642373,77.15296654642373,131.8832817304756,
76.46124070167767,76.46124070167767,76.46124070167767,76.46124070167767,76.46124070167767,76.46124070167767,77.15296654642373,77.15296654642373,77.15296654642373,77.15296654642373,77.15296654642373,77.15296654642373,117.61742802408153,134.2528759868622,301.1032837748536,205.76974388864852,153.72952036645,77.15296654642373,80.44469827756741,192.1869837806241,184.11867775975364,340.975398265362,125.34033009014873,145.23654609287448,
76.46124070167767,76.46124070167767,76.46124070167767,76.46124070167767,76.46124070167767,76.46124070167767,77.15296654642373,77.15296654642373,77.15296654642373,77.15296654642373,77.15296654642373,77.15296654642373,168.12402416073678,109.42042040847248,168.79036554258658,422.0033175225048,81.02482472811788,164.22511649832643,176.5607190175663,111.23459935952731,189.16982376220108,78.10887619081706,174.90195504210644,77.15296654642373,
76.46124070167767,76.46124070167767,76.46124070167767,76.46124070167767,76.46124070167767,76.46124070167767,77.15296654642373,77.15296654642373,77.15296654642373,77.15296654642373,77.15296654642373,77.15296654642373,189.16982376220108,151.39117958520023,164.98768893465962,85.2405958664853,142.18645383552186,93.21966168917255,205.77217377478422,81.69428104558823,77.38304596272452,76.46124070167767,208.02629040580425,78.10887619081706,
76.46124070167767,76.46124070167767,76.46124070167767,76.46124070167767,76.46124070167767,76.46124070167767,76.46124070167767,77.15296654642373,77.15296654642373,77.15296654642373,77.15296654642373,77.15296654642373,9.99999999E8,80.67470672086928,168.949696655543,77.15296654642373,80.2448401767989,77.39166063473809,76.24065266715371,76.46124070167767,77.39166063473809,76.46124070167767,78.06138768247449,289.1944537828577,
76.24065266715371,76.46124070167767,76.46124070167767,76.46124070167767,76.46124070167767,76.46124070167767,76.46124070167767,76.46124070167767,76.46124070167767,76.46124070167767,77.15296654642373,77.15296654642373,77.38304596272452,230.28892212679486,321.41225355405146,76.46124070167767,78.34949647965784,76.46124070167767,314.14980306444903,178.91282793584142,76.46124070167767,83.18569212911557,139.64371401500793,404.6989621928873,
76.24065266715371,76.46124070167767,76.46124070167767,76.46124070167767,76.46124070167767,76.46124070167767,76.46124070167767,76.46124070167767,76.46124070167767,76.46124070167767,76.46124070167767,76.46124070167767,312.8624897618761,321.7787299067609,156.39653622510275,76.46124070167767,77.38304596272452,77.68563684327465,145.1895313030523,309.1912389156947,181.78503788816064,79.89071254881317,195.86139869816105,94.25615217174008,
76.24065266715371,76.46124070167767,76.46124070167767,76.46124070167767,76.46124070167767,76.46124070167767,76.46124070167767,76.46124070167767,76.46124070167767,76.46124070167767,76.46124070167767,76.46124070167767,204.0262088006122,418.03216250533745,177.5833233574985,340.56896837824524,189.4180561614969,85.44449219039657,168.49757297589017,76.46124070167767,79.330687786577,153.72518368427936,84.79699648127225,184.6792828121227,
76.24065266715371,76.46124070167767,76.46124070167767,76.46124070167767,76.46124070167767,76.46124070167767,76.46124070167767,76.46124070167767,76.46124070167767,76.46124070167767,76.46124070167767,76.46124070167767,348.85421784195535,81.38325610959542,173.63521388243802,165.45061294973732,76.46124070167767,77.68563684327465,213.2519827885905,121.98233023224671,170.42243266529073,255.03176272770418,321.41225355405146,262.03022103317375,
76.24065266715371,76.46124070167767,76.46124070167767,76.46124070167767,76.46124070167767,76.46124070167767,76.46124070167767,76.46124070167767,76.46124070167767,76.46124070167767,76.46124070167767,76.46124070167767,276.65285106067495,161.8540818195602,197.3149766236714,83.06304314075224,321.41225355405146,135.73554762437468,80.45347255199579,321.41225355405146,152.9193283651688,255.03176272770418,253.32242301067626,77.38304596272452,
76.24065266715371,76.46124070167767,76.46124070167767,76.46124070167767,76.46124070167767,76.46124070167767,76.46124070167767,76.46124070167767,76.46124070167767,76.46124070167767,76.46124070167767,76.46124070167767,81.69264892809444,422.00047393338315,248.269119214524,177.5833233574985,91.30382114184509,173.8495122011045,76.46124070167767,124.63268253373813,206.16119300198085,76.46124070167767,153.10989154489297,376.56724351553584,
76.24065266715371,76.46124070167767,76.46124070167767,76.46124070167767,76.46124070167767,76.46124070167767,76.46124070167767,76.46124070167767,76.46124070167767,76.46124070167767,76.46124070167767,76.46124070167767,208.02629040580425,330.2134726203642,153.08920783502523,132.0819984743858,77.39166063473809,78.31575846974451,330.10363245996746,456.3992221728692,186.74631857147813,280.8665163382777,143.64500996863376,101.56118626824433,
76.24065266715371,76.46124070167767,76.46124070167767,76.46124070167767,76.46124070167767,76.46124070167767,76.46124070167767,76.46124070167767,76.46124070167767,76.46124070167767,76.46124070167767,76.46124070167767,321.41225355405146,352.4418391735011,82.49005621891646,85.97810404399483,299.69624077504517,239.77097916340833,119.67165727755071,99.33688301195387,321.41225355405146,143.64500996863376,163.18462618219345,77.39166063473809,
76.24065266715371,76.46124070167767,76.46124070167767,76.46124070167767,76.46124070167767,76.46124070167767,76.46124070167767,76.46124070167767,76.46124070167767,76.46124070167767,76.46124070167767,76.46124070167767,81.69020069071253,83.06304314075224,76.46124070167767,145.1234520211348,389.90625653981095,78.97540241651961,205.77217377478422,126.83719276847684,376.56724351553584,91.30382114184509,99.29628129638058,330.10363245996746,
76.24065266715371,76.46124070167767,76.46124070167767,76.46124070167767,76.46124070167767,76.46124070167767,76.46124070167767,76.46124070167767,76.46124070167767,76.46124070167767,76.46124070167767,76.46124070167767,179.67025352016398,153.72518368427936,170.4243885781088,76.46124070167767,157.42709187493222,142.6070314959917,160.75194400068696,181.79933993279514,177.5833233574985,123.19944009944334,305.20966154432267,127.11270152462691,
76.24065266715371,76.46124070167767,76.46124070167767,76.46124070167767,76.46124070167767,76.46124070167767,76.46124070167767,76.46124070167767,76.46124070167767,76.46124070167767,76.46124070167767,76.46124070167767,321.7787299067609,77.39166063473809,78.34949647965784,76.46124070167767,117.77832727204101,321.41003121132565,198.49514096736553,252.11351059041286,165.00583510844308,131.80277774850657,200.94876999689575,202.30911890430627,
76.24065266715371,76.46124070167767,76.46124070167767,76.46124070167767,76.46124070167767,76.46124070167767,76.46124070167767,76.46124070167767,76.46124070167767,76.46124070167767,76.46124070167767,76.46124070167767,280.8665163382777,251.07621413850106,76.46124070167767,220.22701355646632,330.2119584448752,88.02701605504731,77.39166063473809,90.70366892003629,78.97540241651961,104.62538995015608,208.02629040580425,76.46124070167767,
76.24065266715371,76.46124070167767,76.46124070167767,76.46124070167767,76.46124070167767,76.46124070167767,76.46124070167767,76.46124070167767,76.46124070167767,76.46124070167767,76.46124070167767,76.46124070167767,189.38288344834618,76.24065266715371,175.82485650581165,157.65785740013087,81.02482472811788,78.06494605435358,150.119401513408,312.82093520095486,150.1266132302997,195.86139869816105,289.19214851968593,269.8729925330903,
76.24065266715371,76.24065266715371,76.46124070167767,76.46124070167767,76.46124070167767,76.46124070167767,76.46124070167767,76.46124070167767,76.46124070167767,76.46124070167767,76.46124070167767,76.46124070167767,329.2059470233725,153.42578734431257,168.12402416073678,321.41225355405146,370.4176696649338,456.3992221728692,163.18738446638451,215.97041978526184,215.90635830275022,252.2225648553718,192.42544275746945,76.4577989079624,
76.24065266715371,76.24065266715371,76.4577989079624,76.46124070167767,76.46124070167767,76.46124070167767,76.46124070167767,76.46124070167767,76.46124070167767,76.46124070167767,76.46124070167767,76.46124070167767,350.37202450474774,157.3739558614165,76.46124070167767,157.42709187493222,95.51590908790477,78.06067598863379,152.9193283651688,242.90646557967156,189.16982376220108,169.22007002352123,96.95931814426089,124.34132632435109,
76.24065266715371,76.24065266715371,76.4577989079624,76.46124070167767,76.46124070167767,76.46124070167767,76.46124070167767,76.46124070167767,76.46124070167767,76.46124070167767,76.46124070167767,76.46124070167767,84.40962252610777,258.43954805718107,76.24065266715371,157.46866407412384,182.26076828083706,84.17521682792199,269.83593552150427,191.056765124923,128.99543488907747,230.28892212679486,172.7711681479577,163.18462618219345,
76.24065266715371,76.24065266715371,76.24065266715371,76.4577989079624,76.46124070167767,76.46124070167767,76.46124070167767,76.46124070167767,76.46124070167767,76.46124070167767,76.46124070167767,76.46124070167767,76.46124070167767,191.57035261229748,346.8186846177697,168.93777618467166,82.61724623224863,341.12347064108945,269.8729925330903,221.78522831784807,256.47078840702784,80.44469827756741,456.3992221728692,172.3052739704056,
76.24065266715371,76.24065266715371,76.24065266715371,76.4577989079624,76.46124070167767,76.46124070167767,76.46124070167767,76.46124070167767,76.46124070167767,76.46124070167767,76.46124070167767,76.46124070167767,396.6343404194851,117.57538952613434,223.49370796512372,75.51589236710376,150.119401513408,293.8943288721473,76.46124070167767,78.96646390807511,391.48997432884534,79.29636549203825,235.98705237552522,321.41225355405146,
75.51589236710376,76.24065266715371,76.24065266715371,76.24065266715371,76.4577989079624,76.46124070167767,76.46124070167767,76.46124070167767,76.46124070167767,76.46124070167767,76.46124070167767,76.46124070167767,77.68224929773648,313.02865284187646,177.06394011454984,76.24065266715371,195.85820764011908,77.38304596272452,83.06304314075224,79.47761545255803,139.02196746563664,142.84299929985926,111.23114161018633,269.8729925330903,
75.51589236710376,76.24065266715371,76.24065266715371,76.24065266715371,76.24065266715371,76.4577989079624,76.46124070167767,76.46124070167767,76.46124070167767,76.46124070167767,76.46124070167767,76.46124070167767,148.6741403203664,141.3858982438568,240.17532658455988,187.7098496465249,312.8624897618761,321.41225355405146,76.46124070167767,82.28675090802894,170.43172305126242,132.66080389055725,225.05985315022312,348.85421784195535,
75.51589236710376,76.24065266715371,76.24065266715371,76.24065266715371,76.24065266715371,76.4577989079624,76.46124070167767,76.46124070167767,76.46124070167767,76.46124070167767,76.46124070167767,76.46124070167767,276.65285106067495,195.86139869816105,189.37173580285855,154.07618594182608,153.0358527346524,213.9034685963531,76.46124070167767,93.3578539218254,98.81281405881639,163.18738446638451,84.40962252610777,76.4577989079624,
75.51589236710376,76.24065266715371,76.24065266715371,76.24065266715371,76.24065266715371,76.4577989079624,76.4577989079624,76.46124070167767,76.46124070167767,76.46124070167767,76.46124070167767,76.46124070167767,76.4577989079624,81.13276743435475,80.19809458459721,396.6343404194851,176.69150768751985,77.43471961897411,79.07185355542994,77.15296654642373,93.36142434408097,389.90625653981095,110.74276131501087,198.4940214293868,
75.51589236710376,76.24065266715371,76.24065266715371,76.24065266715371,76.24065266715371,76.4577989079624,76.4577989079624,76.4577989079624,76.46124070167767,76.46124070167767,76.46124070167767,76.46124070167767,348.85421784195535,77.39166063473809,404.6989621928873,321.41225355405146,148.8966521374859,169.06832573084793,134.90702474461358,78.06494605435358,77.4685352980088,81.99134251196024,76.4577989079624,80.20199109124411,
75.51589236710376,76.24065266715371,76.24065266715371,76.24065266715371,76.24065266715371,76.4577989079624,76.4577989079624,76.4577989079624,76.4577989079624,76.46124070167767,76.46124070167767,76.46124070167767,155.96934795016617,190.02949738538805,76.46124070167767,91.30382114184509,95.20996533976893,160.75194400068696,164.28755278474387,208.02629040580425,77.43471961897411,76.24065266715371,227.22159739115395,81.38325610959542,
75.51589236710376,76.24065266715371,76.24065266715371,76.24065266715371,76.24065266715371,76.24065266715371,76.4577989079624,76.4577989079624,76.4577989079624,76.4577989079624,76.46124070167767,76.46124070167767,135.73554762437468,264.2150639157427,80.19809458459721,117.40029132147356,242.90646557967156,78.34949647965784,115.09766384346044,348.85421784195535,189.37173580285855,115.09404367250674,153.08920783502523,77.38304596272452,
75.51589236710376,76.24065266715371,76.24065266715371,76.24065266715371,76.24065266715371,76.24065266715371,76.4577989079624,76.4577989079624,76.4577989079624,76.4577989079624,76.46124070167767,76.46124070167767,76.4577989079624,91.30382114184509,189.16982376220108,176.63680812183816,77.15296654642373,142.84299929985926,230.50420278164128,135.73554762437468,312.8624897618761,276.97878980167417,276.6510437356057,422.0014217985527,
75.51589236710376,76.24065266715371,76.24065266715371,76.24065266715371,76.24065266715371,76.24065266715371,76.4577989079624,76.4577989079624,76.4577989079624,76.4577989079624,76.4577989079624,76.46124070167767,78.44192630519176,118.19983079514117,78.72324612824892,76.24065266715371,113.1354890778702,78.27034504574671,389.90625653981095,276.0227222709691,304.6952370812514,134.1451662186704,139.79771099699738,75.51589236710376,
75.51589236710376,75.51589236710376,76.24065266715371,76.24065266715371,76.24065266715371,76.24065266715371,76.24065266715371,76.24065266715371,76.4577989079624,76.4577989079624,76.4577989079624,76.4577989079624,76.24065266715371,208.02629040580425,321.41003121132565,225.01911029954766,129.33771645563866,79.47761545255803,191.6554199598853,139.6151143869791,165.36202707997987,176.63474944286529,76.46124070167767,129.10133831822023,
75.51589236710376,75.51589236710376,76.24065266715371,76.24065266715371,76.24065266715371,76.24065266715371,76.24065266715371,76.24065266715371,76.24065266715371,76.4577989079624,76.4577989079624,76.4577989079624,200.5782997260363,132.57008864131782,139.014774171728,111.23459935952731,79.02007979229471,370.7351555430851,313.0310019203614,276.65285106067495,348.85421784195535,134.8782372693567,282.82503425262763,144.7437176586704,
75.51589236710376,75.51589236710376,76.24065266715371,76.24065266715371,76.24065266715371,76.24065266715371,76.24065266715371,76.24065266715371,76.24065266715371,76.4577989079624,76.4577989079624,76.4577989079624,168.12402416073678,79.07185355542994,76.24065266715371,195.2696141805535,81.09578257564998,109.47102504975362,389.90625653981095,265.5587902412198,98.54248942574073,160.75194400068696,79.07185355542994,79.47761545255803,
75.51589236710376,75.51589236710376,76.24065266715371,76.24065266715371,76.24065266715371,76.24065266715371,76.24065266715371,76.24065266715371,76.24065266715371,76.24065266715371,76.4577989079624,76.4577989079624,76.24065266715371,139.29355289298573,302.2692407069416,123.08696112911392,168.17977732176956,202.30911890430627,205.77217377478422,79.35658213423561,166.97005719589367,76.24065266715371,78.95603436927287,452.3928049825726,
75.51589236710376,75.51589236710376,76.24065266715371,76.24065266715371,76.24065266715371,76.24065266715371,76.24065266715371,76.24065266715371,76.24065266715371,76.24065266715371,76.24065266715371,76.24065266715371,240.17532658455988,212.66771159617895,105.59019812855927,195.86139869816105,81.91719351148319,274.49092026171365,151.73474255675737,76.24065266715371,171.89513518421631,106.42179115733815,157.43402133713084,81.40380978132154,
75.51589236710376,75.51589236710376,76.24065266715371,76.24065266715371,76.24065266715371,76.24065266715371,76.24065266715371,76.24065266715371,76.24065266715371,76.24065266715371,76.24065266715371,76.24065266715371,128.9887161300898,76.46124070167767,78.06494605435358,348.8525798227377,166.03072004903188,142.19493661871368,78.04644074895566,81.38325610959542,168.79036554258658,404.6989621928873,289.40300407119497,189.4813975038183,
75.51589236710376,75.51589236710376,76.24065266715371,76.24065266715371,76.24065266715371,76.24065266715371,76.24065266715371,76.24065266715371,76.24065266715371,76.24065266715371,76.24065266715371,76.24065266715371,84.34090202921736,173.8495122011045,321.41225355405146,168.79036554258658,239.34546162398817,157.42709187493222,79.35658213423561,152.9193283651688,258.8266794594406,187.7098496465249,177.5833233574985,177.5833233574985,
75.51589236710376,75.51589236710376,76.24065266715371,76.24065266715371,76.24065266715371,76.24065266715371,76.24065266715371,76.24065266715371,76.24065266715371,76.24065266715371,76.24065266715371,76.24065266715371,148.46132638535454,164.22511649832643,118.36807001890332,79.89071254881317,192.57058991124637,346.8186846177697,389.90625653981095,348.85421784195535,321.41225355405146,168.12402416073678,76.24065266715371,79.35658213423561,
75.51589236710376,75.51589236710376,76.24065266715371,76.24065266715371,76.24065266715371,76.24065266715371,76.24065266715371,76.24065266715371,76.24065266715371,76.24065266715371,76.24065266715371,76.24065266715371,264.6183835051694,177.5833233574985,456.3992221728692,195.85884585588673,167.77533186815955,115.09766384346044,160.89651177076524,456.40250875734677,143.64500996863376,175.82485650581165,164.29627295262193,253.3639462437352,
75.51589236710376,75.51589236710376,76.24065266715371,76.24065266715371,76.24065266715371,76.24065266715371,76.24065266715371,76.24065266715371,76.24065266715371,76.24065266715371,76.24065266715371,76.24065266715371,251.05573005178897,76.24065266715371,111.23114161018633,168.12402416073678,321.41225355405146,117.60839415194819,78.06494605435358,410.48291343516627,93.23533880652155,157.42709187493222,77.43471961897411,110.45876555932031,
75.51589236710376,75.51589236710376,76.24065266715371,76.24065266715371,76.24065266715371,76.24065266715371,76.24065266715371,76.24065266715371,76.24065266715371,76.24065266715371,76.24065266715371,76.24065266715371,153.00807894429045,80.96075344644414,182.23865018111474,321.41225355405146,452.9649544942743,91.8401993803488,177.5833233574985,348.85421784195535,230.50420278164128,128.99543488907747,456.3992221728692,141.3858982438568,
75.51589236710376,75.51589236710376,76.24065266715371,76.24065266715371,76.24065266715371,76.24065266715371,76.24065266715371,76.24065266715371,76.24065266715371,76.24065266715371,76.24065266715371,76.24065266715371,230.30075444948068,168.58619621889437,168.79036554258658,240.24963868628166,76.24065266715371,141.16940178381432,194.00658637158574,76.24065266715371,126.62323557302685,121.61012384757375,181.8591912224916,195.86139869816105,
75.51589236710376,75.51589236710376,76.24065266715371,76.24065266715371,76.24065266715371,76.24065266715371,76.24065266715371,76.24065266715371,76.24065266715371,76.24065266715371,76.24065266715371,76.24065266715371,76.24065266715371,222.29695791890632,172.0571210167193,163.44295640987409,160.5391091153665,186.62914429423932,348.85421784195535,321.41225355405146,157.45134365839724,81.53632938991443,78.31575846974451,76.25376790109176,
75.51589236710376,75.51589236710376,76.24065266715371,76.24065266715371,76.24065266715371,76.24065266715371,76.24065266715371,76.24065266715371,76.24065266715371,76.24065266715371,76.24065266715371,76.24065266715371,188.38507769990701,80.44469827756741,76.24065266715371,255.03176272770418,135.56968277933265,304.8666716779648,77.38304596272452,195.86139869816105,330.10363245996746,142.19493661871368,186.62512558602606,76.24065266715371,
75.51589236710376,75.51589236710376,76.24065266715371,76.24065266715371,76.24065266715371,76.24065266715371,76.24065266715371,76.24065266715371,76.24065266715371,76.24065266715371,76.24065266715371,76.24065266715371,312.8624897618761,258.43954805718107,163.18738446638451,90.46816505759853,192.1869837806241,141.09059343399034,288.9631248100698,137.67877028424624,312.8624897618761,321.7787299067609,142.84299929985926,213.75242399896217,
75.51589236710376,75.51589236710376,76.24065266715371,76.24065266715371,76.24065266715371,76.24065266715371,76.24065266715371,76.24065266715371,76.24065266715371,76.24065266715371,76.24065266715371,76.24065266715371,322.1705897329688,274.3847663409906,77.16160690555189,321.41225355405146,77.16160690555189,321.41225355405146,78.4749726322978,304.865851646261,84.17234923061136,81.86183100199995,80.19809458459721,152.9193283651688,
75.51589236710376,75.51589236710376,76.24065266715371,76.24065266715371,76.24065266715371,76.24065266715371,76.24065266715371,76.24065266715371,76.24065266715371,76.24065266715371,76.24065266715371,76.24065266715371,76.24065266715371,245.96585128834448,77.38304596272452,78.08842724204274,123.31423275518523,80.19809458459721,340.56896837824524,142.84299929985926,81.77151244115264,389.90625653981095,76.24065266715371,308.97823713072114,
75.51589236710376,75.51589236710376,76.24065266715371,76.24065266715371,76.24065266715371,76.24065266715371,76.24065266715371,76.24065266715371,76.24065266715371,76.24065266715371,76.24065266715371,76.24065266715371,76.60222109709555,312.8624897618761,143.8942512943292,213.6871252555942,188.6498487465568,76.24065266715371,237.39465499926956,118.15746908257641,80.2448401767989,76.24065266715371,76.24065266715371,304.865851646261,
75.51589236710376,75.51589236710376,76.24065266715371,76.24065266715371,76.24065266715371,76.24065266715371,76.24065266715371,76.24065266715371,76.24065266715371,76.24065266715371,76.24065266715371,76.24065266715371,321.41225355405146,137.26688729299372,77.16160690555189,76.4577989079624,206.16119300198085,80.2051081602662,312.82093520095486,82.17028389603846,77.15296654642373,208.02629040580425,75.51589236710376,262.74427787404915,
75.51589236710376,75.51589236710376,75.51589236710376,76.24065266715371,76.24065266715371,76.24065266715371,76.24065266715371,76.24065266715371,76.24065266715371,76.24065266715371,76.24065266715371,76.24065266715371,89.2803694828824,87.78213042610282,77.20479419643303,123.87482481207479,128.97607686065996,135.73554762437468,189.4180561614969,205.77217377478422,189.01111078452504,81.86183100199995,278.6484119818378,264.4366653851164,
75.51589236710376,75.51589236710376,75.51589236710376,76.24065266715371,76.24065266715371,76.24065266715371,76.24065266715371,76.24065266715371,76.24065266715371,76.24065266715371,76.24065266715371,76.24065266715371,456.3992221728692,163.18462618219345,180.6023255664223,276.65285106067495,80.2051081602662,173.67696306649307,79.27868171835351,312.8624897618761,348.85421784195535,77.16160690555189,111.23459935952731,87.46731167839158,
75.51589236710376,75.51589236710376,75.51589236710376,76.24065266715371,76.24065266715371,76.24065266715371,76.24065266715371,76.24065266715371,76.24065266715371,76.24065266715371,76.24065266715371,76.24065266715371,105.50176407161267,135.86553568503768,76.25376790109176,77.16160690555189,84.85521966560613,342.83290390509484,304.8715918218685,76.4743181050991,138.97095243191907,163.76812876747417,155.73319621187662,187.97366508485197,
75.51589236710376,75.51589236710376,75.51589236710376,76.24065266715371,76.24065266715371,76.24065266715371,76.24065266715371,76.24065266715371,76.24065266715371,76.24065266715371,76.24065266715371,76.24065266715371,404.6989621928873,76.46124070167767,388.8589075744569,297.9487071607552,76.24065266715371,116.27209467451767,117.96308429419074,111.23459935952731,168.12402416073678,82.66612903050977,79.1009033361014,121.93373081614374,
75.51589236710376,75.51589236710376,75.51589236710376,76.24065266715371,76.24065266715371,76.24065266715371,76.24065266715371,76.24065266715371,76.24065266715371,76.24065266715371,76.24065266715371,76.24065266715371,123.29279860093699,321.41225355405146,176.5275395574929,78.44192630519176,85.10095775242851,153.71867843162534,76.4577989079624,370.7351555430851,80.45493483803456,76.24065266715371,97.1307765597601,118.55740961660726,
75.51589236710376,75.51589236710376,75.51589236710376,76.24065266715371,76.24065266715371,76.24065266715371,76.24065266715371,76.24065266715371,76.24065266715371,76.24065266715371,76.24065266715371,76.24065266715371,189.3799499210483,119.00466114820881,138.98141858084412,129.29416942971832,76.24065266715371,77.15296654642373,76.46124070167767,202.6110806446676,208.02629040580425,176.63680812183816,368.84515721370127,151.7310811523279,
75.51589236710376,75.51589236710376,75.51589236710376,76.24065266715371,76.24065266715371,76.24065266715371,76.24065266715371,76.24065266715371,76.24065266715371,76.24065266715371,76.24065266715371,76.24065266715371,168.79036554258658,389.90625653981095,106.42179115733815,142.85985265287096,174.92288737876933,107.75681237047102,117.60839415194819,433.5361064035561,142.84299929985926,145.55139943175814,348.85421784195535,200.5782997260363,
75.51589236710376,75.51589236710376,75.51589236710376,76.24065266715371,76.24065266715371,76.24065266715371,76.24065266715371,76.24065266715371,76.24065266715371,76.24065266715371,76.24065266715371,76.24065266715371,76.24065266715371,78.73221224933756,143.56335709365396,80.19809458459721,80.2448401767989,173.39492495456722,247.58180466262056,163.18738446638451,116.37630251465393,188.8152797750839,289.19214851968593,141.09059343399034,
75.51589236710376,75.51589236710376,75.51589236710376,76.24065266715371,76.24065266715371,76.24065266715371,76.24065266715371,76.24065266715371,76.24065266715371,76.24065266715371,76.24065266715371,76.24065266715371,76.24065266715371,208.02629040580425,76.24065266715371,312.8940515573922,258.43954805718107,276.3240627493758,76.24065266715371,198.4940214293868,130.00854672759874,81.38325610959542,348.85421784195535,76.24065266715371,
75.51589236710376,75.51589236710376,75.51589236710376,76.24065266715371,76.24065266715371,76.24065266715371,76.24065266715371,76.24065266715371,76.24065266715371,76.24065266715371,76.24065266715371,76.24065266715371,198.50465678525555,321.41225355405146,142.26491329753642,101.56118626824433,138.82506978208224,142.84299929985926,184.07392503161117,75.51589236710376,404.6989621928873,82.17028389603846,195.86139869816105,76.24065266715371,
75.51589236710376,75.51589236710376,75.51589236710376,75.51589236710376,76.24065266715371,76.24065266715371,76.24065266715371,76.24065266715371,76.24065266715371,76.24065266715371,76.24065266715371,76.24065266715371,348.85421784195535,81.12044102171224,77.11990161026355,456.3992221728692,262.74427787404915,135.73554762437468,81.35215430694275,208.02629040580425,86.64862592678547,81.38325610959542,323.58701388584115,289.9792018404079,
75.51589236710376,75.51589236710376,75.51589236710376,75.51589236710376,76.24065266715371,76.24065266715371,76.24065266715371,76.24065266715371,76.24065266715371,76.24065266715371,76.24065266715371,76.24065266715371,107.09908037771135,128.99543488907747,152.9193283651688,245.96585128834448,148.28755848013682,192.7429238927951,189.37173580285855,138.16511860813495,76.46124070167767,252.7819097118127,377.4064122401738,100.74215725564304,
75.51589236710376,75.51589236710376,75.51589236710376,75.51589236710376,76.24065266715371,76.24065266715371,76.24065266715371,76.24065266715371,76.24065266715371,76.24065266715371,76.24065266715371,76.24065266715371,289.5880002288479,205.79355591057993,268.6860389004237,152.733933102594,81.38325610959542,82.98860991124023,80.12852330421158,212.8083644972631,314.1093559574436,204.0262088006122,276.65285106067495,110.13790457735864,
75.51589236710376,75.51589236710376,75.51589236710376,75.51589236710376,76.24065266715371,76.24065266715371,76.24065266715371,76.24065266715371,76.24065266715371,76.24065266715371,76.24065266715371,76.24065266715371,76.2372009148034,192.18688821040837,76.46124070167767,76.24065266715371,141.39356028083063,223.09602581555296,286.9256366859788,196.40586881792112,230.2961592985309,78.06494605435358,164.22511649832643,133.74473033567335,
75.51589236710376,75.51589236710376,75.51589236710376,75.51589236710376,76.2372009148034,76.24065266715371,76.24065266715371,76.24065266715371,76.24065266715371,76.24065266715371,76.24065266715371,76.24065266715371,77.43471961897411,252.7819097118127,81.5399365076693,263.38015763913677,376.56724351553584,77.16160690555189,145.06119398378053,92.17573902012029,195.86139869816105,323.07893772265624,247.41487919884605,77.20479419643303,
75.51589236710376,75.51589236710376,75.51589236710376,75.51589236710376,76.2372009148034,76.24065266715371,76.24065266715371,76.24065266715371,76.24065266715371,76.24065266715371,76.24065266715371,76.24065266715371,198.4940214293868,370.4176696649338,243.11634160532185,182.26076828083706,77.32028577804006,157.43402133713084,134.24380805087438,115.14833428621054,83.06304314075224,76.4577989079624,456.3992221728692,78.4390933019033,
75.51589236710376,75.51589236710376,75.51589236710376,75.51589236710376,76.2372009148034,76.24065266715371,76.24065266715371,76.24065266715371,76.24065266715371,76.24065266715371,76.24065266715371,76.24065266715371,99.56312734406553,290.3206826346206,79.36695903744335,79.90565424453337,175.02685508229874,88.02701605504731,90.46816505759853,115.01390501633895,166.6242909091818,176.63680812183816,191.57035261229748,82.17028389603846,
75.51589236710376,75.51589236710376,75.51589236710376,75.51589236710376,76.2372009148034,76.24065266715371,76.24065266715371,76.24065266715371,76.24065266715371,76.24065266715371,76.24065266715371,76.24065266715371,106.0419204319164,82.1848864180973,198.4940214293868,131.26616302595104,312.8624897618761,110.40471004445418,100.10188687083796,172.56074257067627,182.690140675407,321.41225355405146,105.14870422406545,200.5782997260363,
75.51589236710376,75.51589236710376,75.51589236710376,75.51589236710376,76.2372009148034,76.24065266715371,76.24065266715371,76.24065266715371,76.24065266715371,76.24065266715371,76.24065266715371,76.24065266715371,76.46124070167767,348.85421784195535,76.60222109709555,77.32028577804006,265.5587902412198,237.39465499926956,230.28892212679486,191.65072397463047,255.03176272770418,84.96190882717438,142.91186094932777,186.62512558602606,
75.51589236710376,75.51589236710376,75.51589236710376,75.51589236710376,76.2372009148034,76.24065266715371,76.24065266715371,76.24065266715371,76.24065266715371,76.24065266715371,76.24065266715371,76.24065266715371,126.84732909272935,348.85421784195535,259.62896602652023,177.86516389930216,205.79463573855716,222.29695791890632,221.77788911152848,312.8624897618761,80.49732957809316,85.25308726895989,113.0235417408883,120.20408571351568,
75.51589236710376,75.51589236710376,75.51589236710376,75.51589236710376,76.2372009148034,76.24065266715371,76.24065266715371,76.24065266715371,76.24065266715371,76.24065266715371,76.24065266715371,76.24065266715371,404.6989621928873,396.6287937101894,111.24773782687731,208.02629040580425,321.4233650371994,348.85421784195535,304.865851646261,173.63521388243802,156.8234676316016,163.18462618219345,159.54706298181253,98.54248942574073,
75.51589236710376,75.51589236710376,75.51589236710376,75.51589236710376,76.2372009148034,76.24065266715371,76.24065266715371,76.24065266715371,76.24065266715371,76.24065266715371,76.24065266715371,76.24065266715371,75.30371836768752,76.24065266715371,348.85421784195535,151.61443697748575,177.5833233574985,168.17977732176956,193.59752064528098,76.4743181050991,159.5851875919737,198.4940214293868,151.72815196516905,132.54861785275077,
75.30371836768752,75.51589236710376,75.51589236710376,75.51589236710376,75.51589236710376,76.2372009148034,76.24065266715371,76.24065266715371,76.24065266715371,76.24065266715371,76.24065266715371,76.24065266715371,404.6989621928873,404.6989621928873,152.9345861939705,76.4743181050991,163.18738446638451,77.16160690555189,323.58701388584115,202.3190045246287,80.19809458459721,263.4778206670745,422.0014217985527,114.06418758264529,
75.30371836768752,75.51589236710376,75.51589236710376,75.51589236710376,75.51589236710376,76.2372009148034,76.24065266715371,76.24065266715371,76.24065266715371,76.24065266715371,76.24065266715371,76.24065266715371,91.30382114184509,91.30382114184509,305.2878868831042,163.18738446638451,151.9142439009588,198.4940214293868,320.5515017998238,326.4907689693879,75.30371836768752,276.65285106067495,321.41225355405146,80.19809458459721,
75.30371836768752,75.30371836768752,75.51589236710376,75.51589236710376,75.51589236710376,75.51589236710376,76.2372009148034,76.24065266715371,76.24065266715371,76.24065266715371,76.24065266715371,76.24065266715371,75.51589236710376,79.47761545255803,161.29415846693135,82.30194028697015,78.44192630519176,201.61166956831255,249.0568319792805,206.36059187148842,213.378872454319,164.5940760675888,99.566714379078,207.12875461329438,
75.30371836768752,75.30371836768752,75.51589236710376,75.51589236710376,75.51589236710376,75.51589236710376,75.51589236710376,76.2372009148034,76.24065266715371,76.24065266715371,76.24065266715371,76.24065266715371,77.20479419643303,83.19737056623727,115.32994641372373,210.17312816260048,76.46124070167767,177.44240067006407,77.20479419643303,76.2372009148034,98.54316595053943,76.24065266715371,197.46133695444468,131.99484417540287,
