21.98181066245454,36.63066414297665,18.077610461562667,34.78056210011563,20.02753207003615,13.069672013123062,19.266226926930972,23.578786730310558,17.563723267006914,34.676681245791414,30.684777260973487,15.837181773617813,33.74211926131638,50.5,56.5,31.259998400511794,50.5,24.23195204683271,42.87408891160254,21.862277641487157,49.99555535800713,34.37739890619352,24.253293018108327,29.90652102802999,
13.069672013123062,15.837181773617813,17.563723267006914,18.077610461562667,19.266226926930972,20.02753207003615,21.862277641487157,21.98181066245454,23.578786730310558,24.23195204683271,24.253293018108327,29.90652102802999,46.91148580038795,12.938690900636827,26.238754204844067,25.282157740192982,25.183079636930824,17.92205345377588,42.96768811819205,12.315578321287033,24.253293018108327,23.54015481871113,56.5,20.707486568871655,
12.315578321287033,12.938690900636827,13.069672013123062,15.837181773617813,17.563723267006914,17.92205345377588,18.077610461562667,19.266226926930972,20.02753207003615,20.707486568871655,21.862277641487157,21.98181066245454,33.71670693485074,22.730761095924613,15.720651668709186,24.120645836203384,15.837181773617813,39.96943276499625,21.142004990066575,30.684777260973487,26.645825188948457,18.290178026604824,18.78311889850979,42.88574938135044,
12.315578321287033,12.938690900636827,13.069672013123062,15.720651668709186,15.837181773617813,15.837181773617813,17.563723267006914,17.92205345377588,18.077610461562667,18.290178026604824,18.78311889850979,19.266226926930972,21.568495543268657,23.031982594258405,17.83644832607907,18.79100957416409,26.570660511172846,31.72100600898752,28.39344114403888,24.51938009004306,18.47668138768542,34.78056210011563,21.146808269807526,50.5,
12.315578321287033,12.938690900636827,13.069672013123062,15.720651668709186,15.837181773617813,15.837181773617813,17.563723267006914,17.83644832607907,17.92205345377588,18.077610461562667,18.290178026604824,18.47668138768542,21.263557766490745,16.313763786719758,18.484411523977577,26.43482551483932,16.313763786719758,50.5,15.837181773617813,25.59568105928984,46.435139950496776,26.43482551483932,23.870600234505112,38.30868772948971,
12.315578321287033,12.938690900636827,13.069672013123062,15.720651668709186,15.837181773617813,15.837181773617813,15.837181773617813,16.313763786719758,16.313763786719758,17.563723267006914,17.83644832607907,17.92205345377588,15.837181773617813,15.837181773617813,42.87408891160254,26.714930282521795,40.720848468567056,56.5,30.684777260973487,18.613764321657836,36.68787265568828,15.837181773617813,16.656830430787245,39.07428822128434,
12.315578321287033,12.938690900636827,13.069672013123062,15.720651668709186,15.837181773617813,15.837181773617813,15.837181773617813,15.837181773617813,15.837181773617813,15.837181773617813,16.313763786719758,16.313763786719758,25.361387974635775,21.21762239271875,22.829531313629722,22.063544592834578,16.313763786719758,43.27688631231329,19.038703270501962,25.361387974635775,25.361387974635775,20.707486568871655,16.06670124477607,12.455476261022254,
12.315578321287033,12.455476261022254,12.938690900636827,13.069672013123062,15.720651668709186,15.837181773617813,15.837181773617813,15.837181773617813,15.837181773617813,15.837181773617813,15.837181773617813,16.06670124477607,15.83718177361781,36.61245993131603,15.507166801908795,31.736217480979047,17.136903728146315,26.564779313971346,38.57978745405423,12.455476261022254,32.302820654274484,38.30868772948971,21.070135673126327,28.626425243509225,
12.315578321287033,12.455476261022254,12.455476261022254,12.938690900636827,13.069672013123062,15.507166801908795,15.720651668709186,15.83718177361781,15.837181773617813,15.837181773617813,15.837181773617813,15.837181773617813,18.429595763336753,26.523050771399248,38.30868772948971,14.132741241528482,13.534677683639163,28.39344114403888,18.78311889850979,26.645825188948457,36.80607966083864,20.995626366712955,20.69407881397922,21.92727879960383,
12.315578321287033,12.455476261022254,12.455476261022254,12.938690900636827,13.069672013123062,13.534677683639163,14.132741241528482,15.507166801908795,15.720651668709186,15.83718177361781,15.837181773617813,15.837181773617813,15.351660150868215,34.61213659975356,12.455476261022254,33.1602171283603,38.5279119600323,13.573871960498227,19.266226926930972,12.455476261022254,52.09179931194117,23.419483816306077,26.43482551483932,16.06237840420901,
12.315578321287033,12.455476261022254,12.455476261022254,12.455476261022254,12.455476261022254,12.938690900636827,13.069672013123062,13.534677683639163,13.573871960498227,14.132741241528482,15.351660150868215,15.507166801908795,38.30868772948971,40.720848468567056,21.92727879960383,32.06536293261001,30.8818312280862,12.455476261022254,24.33490291741473,12.455476261022254,15.351660150868215,22.009089031579656,12.455476261022254,51.38957957493804,
12.315578321287033,12.455476261022254,12.455476261022254,12.455476261022254,12.455476261022254,12.455476261022254,12.455476261022254,12.455476261022254,12.938690900636827,13.069672013123062,13.534677683639163,13.573871960498227,40.720848468567056,33.1602171283603,12.455476261022254,22.063544592834578,7.687785169756407,39.37242055043098,13.275725891987364,21.741377601246892,25.18211446421624,12.45930876894862,12.210734655061772,12.315578321287033,
7.687785169756407,12.210734655061772,12.315578321287033,12.315578321287033,12.455476261022254,12.455476261022254,12.455476261022254,12.455476261022254,12.455476261022254,12.455476261022254,12.455476261022254,12.455476261022254,26.386452924923116,24.355697485393435,24.498724456591614,36.80607966083864,12.455476261022254,50.5,23.05645245912736,26.780589986032794,22.829805080201627,20.37495739600181,38.30868772948971,22.940028290287344,
7.687785169756407,12.210734655061772,12.315578321287033,12.315578321287033,12.455476261022254,12.455476261022254,12.455476261022254,12.455476261022254,12.455476261022254,12.455476261022254,12.455476261022254,12.455476261022254,17.92205345377588,12.455476261022254,12.455476261022254,34.45488193114132,12.455476261022254,30.684777260973487,53.5,16.747304924142934,13.6088206689632,12.58905774869589,34.570780854485896,12.455476261022254,
7.687785169756407,12.210734655061772,12.315578321287033,12.315578321287033,12.455476261022254,12.455476261022254,12.455476261022254,12.455476261022254,12.455476261022254,12.455476261022254,12.455476261022254,12.455476261022254,12.455476261022254,18.11753012855736,11.14665572646332,25.18211446421624,49.99555535800713,27.770262872360426,17.782979924635804,25.783823524752016,9.326541427560379,12.455476261022254,39.96943276499625,21.844907873461036,
7.687785169756407,9.326541427560379,11.14665572646332,12.210734655061772,12.315578321287033,12.315578321287033,12.455476261022254,12.455476261022254,12.455476261022254,12.455476261022254,12.455476261022254,12.455476261022254,42.944004238077284,30.684777260973487,22.68956426489086,22.97114427684775,22.065558884580486,12.455476261022254,12.691009746866548,36.80607966083864,24.498724456591614,36.80607966083864,22.812277396174192,12.455476261022254,
7.687785169756407,9.326541427560379,11.14665572646332,12.210734655061772,12.315578321287033,12.315578321287033,12.455476261022254,12.455476261022254,12.455476261022254,12.455476261022254,12.455476261022254,12.455476261022254,16.707450101343678,50.5,21.741377601246892,27.633313228782395,16.866304343934456,22.829531313629722,12.88349234485743,17.204650534085253,32.06536293261001,23.709468338385168,50.5,26.780589986032794,
7.687785169756407,9.326541427560379,11.14665572646332,12.210734655061772,12.315578321287033,12.315578321287033,12.455476261022254,12.455476261022254,12.455476261022254,12.455476261022254,12.455476261022254,12.455476261022254,16.808646948665974,11.13033231851867,32.54823735783615,15.720651668709186,12.455476261022254,12.682251620782468,32.06536293261001,20.9093280618962,38.30868772948971,36.80607966083864,32.06536293261001,38.30868772948971,
7.687785169756407,9.326541427560379,11.13033231851867,11.14665572646332,12.210734655061772,12.315578321287033,12.315578321287033,12.455476261022254,12.455476261022254,12.455476261022254,12.455476261022254,12.455476261022254,25.18211446421624,38.30868772948971,11.164676439557038,7.687785169756407,42.944004238077284,12.33832950605551,16.396645998496158,36.959437225152655,16.88786546606764,53.5,15.507166801908795,7.687785169756407,
7.687785169756407,7.687785169756407,7.687785169756407,9.326541427560379,11.13033231851867,11.14665572646332,11.164676439557038,12.210734655061772,12.315578321287033,12.315578321287033,12.33832950605551,12.455476261022254,51.38957957493804,21.240030341053867,18.266731217920604,8.350352990247083,12.59089402087469,12.455476261022254,37.142368739157654,9.123287510541362,7.687785169756407,8.89166623277447,19.089263998384013,25.373323699420133,
7.687785169756407,7.687785169756407,7.687785169756407,7.687785169756407,8.350352990247083,8.89166623277447,9.123287510541362,9.326541427560379,11.13033231851867,11.14665572646332,11.164676439557038,12.210734655061772,5.588772226527039,41.26363411043676,35.87739539041261,11.289375536317321,38.30868772948971,22.065558884580486,32.06536293261001,12.455476261022254,8.214887400323878,10.01171189157978,8.214887400323878,19.266226926930972,
5.588772226527039,7.687785169756407,7.687785169756407,7.687785169756407,7.687785169756407,8.214887400323878,8.214887400323878,8.350352990247083,8.89166623277447,9.123287510541362,9.326541427560379,10.01171189157978,9.326541427560379,27.206387117733954,8.508528764034066,8.214887400323878,16.654961876331054,20.890189084831185,12.615026313444174,14.322670452429216,24.35444289834791,5.588772226527039,8.398250546685183,20.120884672399473,
5.588772226527039,5.588772226527039,7.687785169756407,7.687785169756407,7.687785169756407,7.687785169756407,8.214887400323878,8.214887400323878,8.214887400323878,8.350352990247083,8.398250546685183,8.508528764034066,15.709869509324385,23.047505287991584,21.114107974422115,6.249938271300104,6.178417233092375,24.498724456591614,14.690321832946873,30.684777260973487,39.07428822128434,5.995883361436463,7.687785169756407,7.687785169756407,
5.588772226527039,5.588772226527039,5.995883361436463,6.178417233092375,6.249938271300104,7.687785169756407,7.687785169756407,7.687785169756407,7.687785169756407,7.687785169756407,7.687785169756407,8.214887400323878,7.687785169756407,18.422479613288782,6.178417233092375,15.418443341068137,36.80607966083864,12.315578321287033,5.977323402805673,51.38957957493804,15.071127658171067,21.79413625267127,6.178417233092375,21.613396051728863,
5.588772226527039,5.588772226527039,5.977323402805673,5.995883361436463,6.178417233092375,6.178417233092375,6.178417233092375,6.249938271300104,7.687785169756407,7.687785169756407,7.687785169756407,7.687785169756407,34.59479729670345,12.455476261022254,10.965143637910085,9.123287510541362,12.854352375751958,28.39344114403888,27.770262872360426,42.944004238077284,38.30868772948971,20.52773136764121,8.214887400323878,7.7284147832352,
5.588772226527039,5.588772226527039,5.977323402805673,5.995883361436463,6.178417233092375,6.178417233092375,6.178417233092375,6.249938271300104,7.687785169756407,7.687785169756407,7.687785169756407,7.687785169756407,7.670691375152537,8.398250546685183,21.21224136373781,6.178417233092375,14.690321832946873,23.63906841556062,14.93783414317112,13.834296335630548,18.8804719809178,13.801167422440113,7.687785169756407,51.38957957493804,
5.588772226527039,5.588772226527039,5.977323402805673,5.995883361436463,6.178417233092375,6.178417233092375,6.178417233092375,6.178417233092375,6.249938271300104,7.670691375152537,7.687785169756407,7.687785169756407,8.560604570781432,8.788308995478026,10.726683009908596,7.687785169756407,13.834296335630548,12.455476261022254,31.736217480979047,20.37495739600181,14.120472906458934,6.178417233092375,19.894862541760766,12.153290885140658,
5.588772226527039,5.588772226527039,5.977323402805673,5.995883361436463,6.178417233092375,6.178417233092375,6.178417233092375,6.178417233092375,6.178417233092375,6.249938271300104,7.670691375152537,7.687785169756407,8.398250546685183,5.588772226527039,5.588772226527039,9.27141756547883,31.736217480979047,8.534606386520675,37.50740667595609,8.560604570781432,23.562682360037027,29.34620929523948,6.15223536610881,15.10132444522665,
5.588772226527039,5.588772226527039,5.588772226527039,5.588772226527039,5.977323402805673,5.995883361436463,6.15223536610881,6.178417233092375,6.178417233092375,6.178417233092375,6.178417233092375,6.178417233092375,5.588772226527039,38.600518131237564,51.38957957493804,5.995883361436463,36.80607966083864,27.589626673806226,20.239812252093643,10.953737946472884,50.5,5.588772226527039,10.08476471410429,9.11382073529328,
5.588772226527039,5.588772226527039,5.588772226527039,5.588772226527039,5.588772226527039,5.588772226527039,5.977323402805673,5.995883361436463,5.995883361436463,6.15223536610881,6.178417233092375,6.178417233092375,8.599952539024235,30.21919919521363,5.995883361436463,9.960276130294579,20.301204124112658,31.736217480979047,41.36289265620683,6.178417233092375,51.38957957493804,18.8804719809178,11.854560820414141,5.588772226527039,
5.588772226527039,5.588772226527039,5.588772226527039,5.588772226527039,5.588772226527039,5.588772226527039,5.588772226527039,5.977323402805673,5.995883361436463,5.995883361436463,5.995883361436463,6.15223536610881,21.844907873461036,7.687785169756407,22.03370996904516,8.34565755348253,13.751437772695862,10.228259086991162,21.98181066245454,14.251387329531344,9.61299756695185,34.522536922357766,18.723685237924954,19.264965322805253,
5.588772226527039,5.588772226527039,5.588772226527039,5.588772226527039,5.588772226527039,5.588772226527039,5.588772226527039,5.977323402805673,5.995883361436463,5.995883361436463,5.995883361436463,6.15223536610881,43.476286639960406,20.859982955143778,12.558996578617593,50.5,8.398250546685183,36.69042790701684,15.071127658171067,8.876563999079378,12.455476261022254,18.8804719809178,8.398250546685183,50.5,
5.588772226527039,5.588772226527039,5.588772226527039,5.588772226527039,5.588772226527039,5.588772226527039,5.588772226527039,5.977323402805673,5.995883361436463,5.995883361436463,5.995883361436463,6.15223536610881,9.718538984847465,39.37242055043098,34.64101615137755,51.38957957493804,31.736217480979047,40.23912896671597,31.736217480979047,5.588772226527039,8.788308995478026,5.995883361436463,9.630319597788827,41.30602256330183,
5.588772226527039,5.588772226527039,5.588772226527039,5.588772226527039,5.588772226527039,5.588772226527039,5.588772226527039,5.588772226527039,5.977323402805673,5.995883361436463,5.995883361436463,5.995883361436463,5.977323402805673,20.980645843252777,35.87739539041261,18.613764321657836,11.261275528580777,37.50740667595609,9.74216209176496,18.78311889850979,8.560604570781432,16.955005816048022,12.455476261022254,11.525602204346612,
5.588772226527039,5.588772226527039,5.588772226527039,5.588772226527039,5.588772226527039,5.588772226527039,5.588772226527039,5.588772226527039,5.977323402805673,5.977323402805673,5.995883361436463,5.995883361436463,21.844907873461036,5.977323402805673,17.395898480694157,8.398250546685183,5.977323402805673,5.588772226527039,26.780589986032794,5.977323402805673,38.98958194184698,11.76793843457723,12.673487442318995,32.06536293261001,
5.588772226527039,5.588772226527039,5.588772226527039,5.588772226527039,5.588772226527039,5.588772226527039,5.588772226527039,5.588772226527039,5.588772226527039,5.977323402805673,5.977323402805673,5.977323402805673,21.98181066245454,51.38957957493804,16.504544828622205,19.026297590440446,13.361534801245625,5.588772226527039,13.361534801245625,34.2153109002388,5.588772226527039,7.687785169756407,11.908213785264167,5.588772226527039,
5.588772226527039,5.588772226527039,5.588772226527039,5.588772226527039,5.588772226527039,5.588772226527039,5.588772226527039,5.588772226527039,5.588772226527039,5.588772226527039,5.588772226527039,5.588772226527039,6.1435377068555175,18.78311889850979,34.522536922357766,5.995883361436463,16.06110779720594,39.37242055043098,21.844907873461036,23.047505287991584,38.30868772948971,21.698054188234384,23.62599204266352,18.78311889850979,
5.588772226527039,5.588772226527039,5.588772226527039,5.588772226527039,5.588772226527039,5.588772226527039,5.588772226527039,5.588772226527039,5.588772226527039,5.588772226527039,5.588772226527039,5.588772226527039,38.30868772948971,51.38957957493804,42.944004238077284,5.588772226527039,22.03370996904516,40.01999500249844,20.189105973271822,5.588772226527039,22.03370996904516,39.96943276499625,29.953296980466106,31.736217480979047,
5.588772226527039,5.588772226527039,5.588772226527039,5.588772226527039,5.588772226527039,5.588772226527039,5.588772226527039,5.588772226527039,5.588772226527039,5.588772226527039,5.588772226527039,5.588772226527039,36.61245993131603,8.398250546685183,14.705267694237453,17.60637313588463,11.76793843457723,20.301204124112658,21.844907873461036,8.841540561812339,50.5,18.11753012855736,12.455476261022254,8.398250546685183,
5.588772226527039,5.588772226527039,5.588772226527039,5.588772226527039,5.588772226527039,5.588772226527039,5.588772226527039,5.588772226527039,5.588772226527039,5.588772226527039,5.588772226527039,5.588772226527039,19.264965322805253,13.909866102878201,23.98306694315804,5.588772226527039,16.504544828622205,8.398250546685183,5.588772226527039,23.047505287991584,5.588772226527039,11.253888216967503,16.504544828622205,50.5,
5.588772226527039,5.588772226527039,5.588772226527039,5.588772226527039,5.588772226527039,5.588772226527039,5.588772226527039,5.588772226527039,5.588772226527039,5.588772226527039,5.588772226527039,5.588772226527039,8.398250546685183,5.995883361436463,50.5,27.502727137504017,12.558996578617593,38.64194612076364,23.047505287991584,12.455476261022254,10.041887580173338,14.950122836937032,38.30868772948971,7.687785169756407,
5.588772226527039,5.588772226527039,5.588772226527039,5.588772226527039,5.588772226527039,5.588772226527039,5.588772226527039,5.588772226527039,5.588772226527039,5.588772226527039,5.588772226527039,5.588772226527039,20.006121512156813,5.588772226527039,21.844907873461036,7.687785169756407,51.38957957493804,6.1435377068555175,5.588772226527039,36.80607966083864,19.089263998384013,21.844907873461036,50.5,50.5,
5.588772226527039,5.588772226527039,5.588772226527039,5.588772226527039,5.588772226527039,5.588772226527039,5.588772226527039,5.588772226527039,5.588772226527039,5.588772226527039,5.588772226527039,5.588772226527039,8.398250546685183,23.047505287991584,51.38957957493804,16.504544828622205,38.30868772948971,50.5,9.326541427560379,5.588772226527039,21.844907873461036,18.430232483280157,5.588772226527039,16.504544828622205,
5.588772226527039,5.588772226527039,5.588772226527039,5.588772226527039,5.588772226527039,5.588772226527039,5.588772226527039,5.588772226527039,5.588772226527039,5.588772226527039,5.588772226527039,5.588772226527039,6.010838337103477,5.588772226527039,8.398250546685183,5.588772226527039,51.38957957493804,8.398250546685183,11.733433827646325,32.06536293261001,7.687785169756407,6.407942602353875,21.09121869814164,50.5,
5.588772226527039,5.588772226527039,5.588772226527039,5.588772226527039,5.588772226527039,5.588772226527039,5.588772226527039,5.588772226527039,5.588772226527039,5.588772226527039,5.588772226527039,5.588772226527039,42.944004238077284,32.48364973336586,10.045383129688096,36.80607966083864,10.66796867053684,16.654961876331054,13.080597876868111,5.588772226527039,22.03370996904516,29.34620929523948,16.504544828622205,32.48364973336586,
5.588772226527039,5.588772226527039,5.588772226527039,5.588772226527039,5.588772226527039,5.588772226527039,5.588772226527039,5.588772226527039,5.588772226527039,5.588772226527039,5.588772226527039,5.588772226527039,16.654961876331054,11.525602204346612,18.78311889850979,10.190682018393076,6.212223110636913,17.710829155851375,36.617011832692675,5.588772226527039,32.06536293261001,22.549328642383617,39.37242055043098,8.398250546685183,
5.588772226527039,5.588772226527039,5.588772226527039,5.588772226527039,5.588772226527039,5.588772226527039,5.588772226527039,5.588772226527039,5.588772226527039,5.588772226527039,5.588772226527039,5.588772226527039,10.66796867053684,7.687785169756407,18.78311889850979,34.141960538137745,8.398250546685183,8.398250546685183,5.588772226527039,13.80328266192133,31.736217480979047,13.080597876868111,5.588772226527039,42.944004238077284,
5.588772226527039,5.588772226527039,5.588772226527039,5.588772226527039,5.588772226527039,5.588772226527039,5.588772226527039,5.588772226527039,5.588772226527039,5.588772226527039,5.588772226527039,5.588772226527039,18.78311889850979,38.30868772948971,16.20547080311514,14.249972926116799,12.455476261022254,16.504544828622205,6.407942602353875,20.859982955143778,5.588772226527039,5.588772226527039,22.829531313629722,8.398250546685183,
5.588772226527039,5.588772226527039,5.588772226527039,5.588772226527039,5.588772226527039,5.588772226527039,5.588772226527039,5.588772226527039,5.588772226527039,5.588772226527039,5.588772226527039,5.588772226527039,16.480291259562133,10.661776089740165,20.189105973271822,16.303544263611997,7.687785169756407,18.8804719809178,50.690783733885546,5.588772226527039,34.64101615137755,18.78311889850979,19.397033225707062,13.80328266192133,
5.588772226527039,5.588772226527039,5.588772226527039,5.588772226527039,5.588772226527039,5.588772226527039,5.588772226527039,5.588772226527039,5.588772226527039,5.588772226527039,5.588772226527039,5.588772226527039,16.504544828622205,33.1602171283603,8.633111388421787,12.439227266996934,20.506843058961998,31.240998703626616,7.687785169756407,23.31523107327054,13.969212178533509,39.37242055043098,20.189105973271822,13.80328266192133,
5.588772226527039,5.588772226527039,5.588772226527039,5.588772226527039,5.588772226527039,5.588772226527039,5.588772226527039,5.588772226527039,5.588772226527039,5.588772226527039,5.588772226527039,5.588772226527039,7.687785169756407,50.5,20.301204124112658,10.249962360665611,30.684777260973487,11.38742593335979,42.944004238077284,5.588772226527039,23.047505287991584,16.96936014331328,7.687785169756407,23.47738273317535,
5.588772226527039,5.588772226527039,5.588772226527039,5.588772226527039,5.588772226527039,5.588772226527039,5.588772226527039,5.588772226527039,5.588772226527039,5.588772226527039,5.588772226527039,5.588772226527039,36.80607966083864,32.06536293261001,39.07428822128434,27.502727137504017,7.687785169756407,5.977323402805673,22.009089031579656,11.113333111155544,27.502727137504017,36.80607966083864,42.944004238077284,10.66796867053684,
5.588772226527039,5.588772226527039,5.588772226527039,5.588772226527039,5.588772226527039,5.588772226527039,5.588772226527039,5.588772226527039,5.588772226527039,5.588772226527039,5.588772226527039,5.588772226527039,10.036651583072912,31.736217480979047,31.736217480979047,7.687785169756407,9.123287510541362,20.189105973271822,10.47513222168238,5.588772226527039,18.78311889850979,8.398250546685183,16.504544828622205,19.276929216034386,
5.588772226527039,5.588772226527039,5.588772226527039,5.588772226527039,5.588772226527039,5.588772226527039,5.588772226527039,5.588772226527039,5.588772226527039,5.588772226527039,5.588772226527039,5.588772226527039,16.731980865201507,7.687785169756407,5.588772226527039,6.178417233092375,5.588772226527039,7.687785169756407,21.844907873461036,51.38957957493804,29.24358904101889,7.687785169756407,5.588772226527039,16.654961876331054,
5.588772226527039,5.588772226527039,5.588772226527039,5.588772226527039,5.588772226527039,5.588772226527039,5.588772226527039,5.588772226527039,5.588772226527039,5.588772226527039,5.588772226527039,5.588772226527039,18.78311889850979,7.687785169756407,42.944004238077284,12.455476261022254,16.654961876331054,21.294887231967728,16.06110779720594,6.309164410249233,5.588772226527039,34.200694437394105,7.687785169756407,5.588772226527039,
5.588772226527039,5.588772226527039,5.588772226527039,5.588772226527039,5.588772226527039,5.588772226527039,5.588772226527039,5.588772226527039,5.588772226527039,5.588772226527039,5.588772226527039,5.588772226527039,20.52773136764121,5.995883361436463,21.844907873461036,18.668974590075855,12.455476261022254,10.464519713752093,30.684777260973487,7.728801653555355,5.588772226527039,5.588772226527039,16.504544828622205,23.05645245912736,
5.588772226527039,5.588772226527039,5.588772226527039,5.588772226527039,5.588772226527039,5.588772226527039,5.588772226527039,5.588772226527039,5.588772226527039,5.588772226527039,5.588772226527039,5.588772226527039,50.5,50.5,5.588772226527039,27.589626673806226,5.588772226527039,50.5,20.189105973271822,20.638778638123657,5.588772226527039,27.589626673806226,18.8804719809178,9.326541427560379,
5.588772226527039,5.588772226527039,5.588772226527039,5.588772226527039,5.588772226527039,5.588772226527039,5.588772226527039,5.588772226527039,5.588772226527039,5.588772226527039,5.588772226527039,5.588772226527039,5.588772226527039,18.8804719809178,11.525602204346612,34.430687216816075,24.35444289834791,10.47513222168238,21.844907873461036,31.736217480979047,16.654961876331054,5.588772226527039,18.613764321657836,16.654961876331054,
5.588772226527039,5.588772226527039,5.588772226527039,5.588772226527039,5.588772226527039,5.588772226527039,5.588772226527039,5.588772226527039,5.588772226527039,5.588772226527039,5.588772226527039,5.588772226527039,5.828921972453117,5.588772226527039,27.502727137504017,5.588772226527039,27.502727137504017,5.588772226527039,5.588772226527039,26.491612928539393,32.707882162493426,5.588772226527039,52.09179931194117,23.47738273317535,
5.588772226527039,5.588772226527039,5.588772226527039,5.588772226527039,5.588772226527039,5.588772226527039,5.588772226527039,5.588772226527039,5.588772226527039,5.588772226527039,5.588772226527039,5.588772226527039,27.502727137504017,21.844907873461036,10.156624675224958,21.844907873461036,12.78610085209717,22.829531313629722,7.728801653555355,41.2515151236897,12.558996578617593,5.588772226527039,16.866304343934456,14.993111365882402,
5.588772226527039,5.588772226527039,5.588772226527039,5.588772226527039,5.588772226527039,5.588772226527039,5.588772226527039,5.588772226527039,5.588772226527039,5.588772226527039,5.588772226527039,5.588772226527039,27.502727137504017,21.294887231967728,10.66796867053684,50.5,14.322670452429216,40.0149971885542,26.892378102354577,11.172122740581228,38.05551500403354,5.588772226527039,8.398250546685183,5.588772226527039,
5.588772226527039,5.588772226527039,5.588772226527039,5.588772226527039,5.588772226527039,5.588772226527039,5.588772226527039,5.588772226527039,5.588772226527039,5.588772226527039,5.588772226527039,5.588772226527039,36.959437225152655,12.558996578617593,8.398250546685183,17.06279252903489,5.588772226527039,8.398250546685183,27.770262872360426,36.80607966083864,8.398250546685183,8.398250546685183,12.455476261022254,13.080597876868111,
5.588772226527039,5.588772226527039,5.588772226527039,5.588772226527039,5.588772226527039,5.588772226527039,5.588772226527039,5.588772226527039,5.588772226527039,5.588772226527039,5.588772226527039,5.588772226527039,31.736217480979047,5.588772226527039,19.026297590440446,5.588772226527039,20.03707501108882,23.047505287991584,5.588772226527039,13.80328266192133,5.588772226527039,10.041887580173338,16.06110779720594,11.38742593335979,
5.588772226527039,5.588772226527039,5.588772226527039,5.588772226527039,5.588772226527039,5.588772226527039,5.588772226527039,5.588772226527039,5.588772226527039,5.588772226527039,5.588772226527039,5.588772226527039,5.588772226527039,12.455476261022254,33.1602171283603,5.588772226527039,5.588772226527039,26.780589986032794,21.844907873461036,21.844907873461036,47.488814472462884,32.687493360951095,17.686309834319754,5.588772226527039,
5.588772226527039,5.588772226527039,5.588772226527039,5.588772226527039,5.588772226527039,5.588772226527039,5.588772226527039,5.588772226527039,5.588772226527039,5.588772226527039,5.588772226527039,5.588772226527039,5.588772226527039,9.326541427560379,9.326541427560379,8.214887400323878,38.61087929586686,34.580421564167715,5.983774357005415,39.37242055043098,25.504356926263053,13.318699452350476,5.588772226527039,21.844907873461036,
5.588772226527039,5.588772226527039,5.588772226527039,5.588772226527039,5.588772226527039,5.588772226527039,5.588772226527039,5.588772226527039,5.588772226527039,5.588772226527039,5.588772226527039,5.588772226527039,21.844907873461036,34.59479729670345,31.736217480979047,8.398250546685183,42.944004238077284,5.588772226527039,5.588772226527039,18.78311889850979,16.504544828622205,22.03370996904516,18.336981702537187,32.06536293261001,
5.588772226527039,5.588772226527039,5.588772226527039,5.588772226527039,5.588772226527039,5.588772226527039,5.588772226527039,5.588772226527039,5.588772226527039,5.588772226527039,5.588772226527039,5.588772226527039,5.588772226527039,12.455476261022254,7.687785169756407,15.485656445742155,36.617011832692675,50.5,31.736217480979047,12.922243419778162,6.061811786106322,5.588772226527039,16.430434676948426,39.37242055043098,
5.588772226527039,5.588772226527039,5.588772226527039,5.588772226527039,5.588772226527039,5.588772226527039,5.588772226527039,5.588772226527039,5.588772226527039,5.588772226527039,5.588772226527039,5.588772226527039,23.96119548121272,5.588772226527039,36.80607966083864,5.588772226527039,5.995883361436463,5.588772226527039,5.588772226527039,21.844907873461036,8.398250546685183,5.588772226527039,5.588772226527039,21.844907873461036,
5.588772226527039,5.588772226527039,5.588772226527039,5.588772226527039,5.588772226527039,5.588772226527039,5.588772226527039,5.588772226527039,5.588772226527039,5.588772226527039,5.588772226527039,5.588772226527039,28.39344114403888,5.588772226527039,27.502727137504017,16.1711524895261,27.502727137504017,21.613396051728863,20.94486810653149,17.68726960762569,18.442854683830507,13.080597876868111,5.588772226527039,50.5,
5.588772226527039,5.588772226527039,5.588772226527039,5.588772226527039,5.588772226527039,5.588772226527039,5.588772226527039,5.588772226527039,5.588772226527039,5.588772226527039,5.588772226527039,5.588772226527039,5.588772226527039,14.322670452429216,22.940028290287344,5.588772226527039,21.725201379964236,16.504544828622205,5.588772226527039,23.047505287991584,18.336981702537187,13.361534801245625,5.995883361436463,56.5,
5.588772226527039,5.588772226527039,5.588772226527039,5.588772226527039,5.588772226527039,5.588772226527039,5.588772226527039,5.588772226527039,5.588772226527039,5.588772226527039,5.588772226527039,5.588772226527039,5.995883361436463,7.687785169756407,36.80607966083864,5.588772226527039,10.036651583072912,21.844907873461036,14.322670452429216,8.599952539024235,5.588772226527039,6.178417233092375,5.588772226527039,5.588772226527039,
5.588772226527039,5.588772226527039,5.588772226527039,5.588772226527039,5.588772226527039,5.588772226527039,5.588772226527039,5.588772226527039,5.588772226527039,5.588772226527039,5.588772226527039,5.588772226527039,14.251387329531344,20.301204124112658,5.588772226527039,38.30868772948971,8.163945124754331,12.45930876894862,11.525602204346612,16.45400787042476,13.798550648528272,13.239484529893298,13.361534801245625,13.80328266192133,
5.588772226527039,5.588772226527039,5.588772226527039,5.588772226527039,5.588772226527039,5.588772226527039,5.588772226527039,5.588772226527039,5.588772226527039,5.588772226527039,5.588772226527039,5.588772226527039,13.80328266192133,19.143464216860597,14.322670452429216,7.687785169756407,26.007691170113507,10.47513222168238,23.47738273317535,31.259998400511794,20.94486810653149,21.844907873461036,13.080597876868111,7.364399160827718,
5.588772226527039,5.588772226527039,5.588772226527039,5.588772226527039,5.588772226527039,5.588772226527039,5.588772226527039,5.588772226527039,5.588772226527039,5.588772226527039,5.588772226527039,5.588772226527039,12.455476261022254,21.844907873461036,16.654961876331054,7.728801653555355,6.232976816898969,16.629209609746876,24.498724456591614,10.66796867053684,18.14116977530188,27.976552682559014,50.5,16.242092092940354,
5.588772226527039,5.588772226527039,5.588772226527039,5.588772226527039,5.588772226527039,5.588772226527039,5.588772226527039,5.588772226527039,5.588772226527039,5.588772226527039,5.588772226527039,5.588772226527039,5.588772226527039,10.953737946472884,5.588772226527039,23.47738273317535,5.588772226527039,12.455476261022254,42.944004238077284,13.080597876868111,6.178417233092375,7.687785169756407,34.54666730991894,13.080597876868111,
5.588772226527039,5.588772226527039,5.588772226527039,5.588772226527039,5.588772226527039,5.588772226527039,5.588772226527039,5.588772226527039,5.588772226527039,5.588772226527039,5.588772226527039,5.588772226527039,21.844907873461036,5.995883361436463,30.97859695641097,7.310950690573696,8.788308995478026,15.67818725349189,16.504544828622205,14.690321832946873,18.8804719809178,12.315578321287033,10.072239075796404,12.66824277474978,
5.588772226527039,5.588772226527039,5.588772226527039,5.588772226527039,5.588772226527039,5.588772226527039,5.588772226527039,5.588772226527039,5.588772226527039,5.588772226527039,5.588772226527039,5.588772226527039,5.588772226527039,42.944004238077284,18.453471549952273,5.977323402805673,11.179641094418013,20.189105973271822,19.276929216034386,5.588772226527039,16.4083629591742,20.624930426598794,8.398250546685183,18.8804719809178,
5.588772226527039,5.588772226527039,5.588772226527039,5.588772226527039,5.588772226527039,5.588772226527039,5.588772226527039,5.588772226527039,5.588772226527039,5.588772226527039,5.588772226527039,5.588772226527039,56.5,32.06536293261001,12.455476261022254,23.47738273317535,19.397033225707062,17.710829155851375,12.267207302397722,5.977323402805673,23.62599204266352,17.344057383744214,31.736217480979047,28.109409258981035,
5.588772226527039,5.588772226527039,5.588772226527039,5.588772226527039,5.588772226527039,5.588772226527039,5.588772226527039,5.588772226527039,5.588772226527039,5.588772226527039,5.588772226527039,5.588772226527039,22.879515340632157,5.588772226527039,8.398250546685183,33.1602171283603,28.411045387313717,19.86957473123167,7.687785169756407,5.588772226527039,5.588772226527039,8.398250546685183,5.588772226527039,5.588772226527039,
5.588772226527039,5.588772226527039,5.588772226527039,5.588772226527039,5.588772226527039,5.588772226527039,5.588772226527039,5.588772226527039,5.588772226527039,5.588772226527039,5.588772226527039,5.588772226527039,5.588772226527039,18.8804719809178,18.11753012855736,21.844907873461036,10.66796867053684,10.47513222168238,39.37242055043098,18.613764321657836,21.844907873461036,18.11753012855736,30.684777260973487,18.78311889850979,
5.588772226527039,5.588772226527039,5.588772226527039,5.588772226527039,5.588772226527039,5.588772226527039,5.588772226527039,5.588772226527039,5.588772226527039,5.588772226527039,5.588772226527039,5.588772226527039,8.398250546685183,18.78311889850979,21.419746860211855,8.398250546685183,12.455476261022254,12.315578321287033,40.0349847008838,12.455476261022254,21.427526429545917,21.844907873461036,10.041887580173338,5.588772226527039,
5.588772226527039,5.588772226527039,5.588772226527039,5.588772226527039,5.588772226527039,5.588772226527039,5.588772226527039,5.588772226527039,5.588772226527039,5.588772226527039,5.588772226527039,5.588772226527039,31.736217480979047,16.504544828622205,36.80607966083864,5.588772226527039,5.588772226527039,5.588772226527039,21.844907873461036,6.212223110636913,23.62599204266352,18.613764321657836,16.817143827969485,5.588772226527039,
5.588772226527039,5.588772226527039,5.588772226527039,5.588772226527039,5.588772226527039,5.588772226527039,5.588772226527039,5.588772226527039,5.588772226527039,5.588772226527039,5.588772226527039,5.588772226527039,7.5,51.38957957493804,5.588772226527039,13.628439932728911,39.37242055043098,17.59910210953185,36.80607966083864,21.741377601246892,5.588772226527039,9.326541427560379,12.699761833092932,18.613764321657836,
5.588772226527039,5.588772226527039,5.588772226527039,5.588772226527039,5.588772226527039,5.588772226527039,5.588772226527039,5.588772226527039,5.588772226527039,5.588772226527039,5.588772226527039,5.588772226527039,9.17850194526229,7.499862257688306,21.844907873461036,51.38957957493804,10.791200118615167,21.613396051728863,8.398250546685183,5.588772226527039,34.64101615137755,5.588772226527039,5.588772226527039,50.5,
5.588772226527039,5.588772226527039,5.588772226527039,5.588772226527039,5.588772226527039,5.588772226527039,5.588772226527039,5.588772226527039,5.588772226527039,5.588772226527039,5.588772226527039,5.588772226527039,23.731835158706122,18.613764321657836,18.8804719809178,13.37348122217996,5.995883361436463,13.080597876868111,52.09179931194117,19.276929216034386,21.844907873461036,36.88360069190642,13.080597876868111,34.68140712254911,
5.588772226527039,5.588772226527039,5.588772226527039,5.588772226527039,5.588772226527039,5.588772226527039,5.588772226527039,5.588772226527039,5.588772226527039,5.588772226527039,5.588772226527039,5.588772226527039,21.844907873461036,8.398250546685183,16.242092092940354,53.5,21.405314760591587,19.264965322805253,12.455476261022254,8.599952539024235,19.210979371053984,5.588772226527039,5.588772226527039,5.588772226527039,
5.588772226527039,5.588772226527039,5.588772226527039,5.588772226527039,5.588772226527039,5.588772226527039,5.588772226527039,5.588772226527039,5.588772226527039,5.588772226527039,5.588772226527039,5.588772226527039,21.844907873461036,7.687785169756407,8.398250546685183,10.12973692886118,11.525602204346612,10.185007363767589,5.995883361436463,5.588772226527039,21.844907873461036,12.315578321287033,7.499862257688306,30.21919919521363,
5.588772226527039,5.588772226527039,5.588772226527039,5.588772226527039,5.588772226527039,5.588772226527039,5.588772226527039,5.588772226527039,5.588772226527039,5.588772226527039,5.588772226527039,5.588772226527039,50.5,28.193084258377976,5.588772226527039,36.81847362398393,7.728801653555355,16.504544828622205,13.361534801245625,30.880414504990053,8.560604570781432,23.62599204266352,16.17010272763356,5.588772226527039,
5.588772226527039,5.588772226527039,5.588772226527039,5.588772226527039,5.588772226527039,5.588772226527039,5.588772226527039,5.588772226527039,5.588772226527039,5.588772226527039,5.588772226527039,5.588772226527039,4.02919036532155,27.985487310390006,20.859982955143778,19.894862541760766,21.844907873461036,21.844907873461036,27.985487310390006,14.251387329531344,6.407942602353875,5.588772226527039,8.398250546685183,5.588772226527039,
4.02919036532155,5.588772226527039,5.588772226527039,5.588772226527039,5.588772226527039,5.588772226527039,5.588772226527039,5.588772226527039,5.588772226527039,5.588772226527039,5.588772226527039,5.588772226527039,14.251387329531344,17.352292091142502,5.588772226527039,17.053337694733315,5.588772226527039,50.5,18.8804719809178,38.30868772948971,39.37242055043098,9.17850194526229,5.588772226527039,5.588772226527039,
4.02919036532155,5.588772226527039,5.588772226527039,5.588772226527039,5.588772226527039,5.588772226527039,5.588772226527039,5.588772226527039,5.588772226527039,5.588772226527039,5.588772226527039,5.588772226527039,21.844907873461036,21.45861650298598,5.588772226527039,17.217723426748382,20.859982955143778,10.156624675224958,8.398250546685183,19.276929216034386,30.932447794033568,50.5,17.710829155851375,8.633111388421787,
4.02919036532155,5.588772226527039,5.588772226527039,5.588772226527039,5.588772226527039,5.588772226527039,5.588772226527039,5.588772226527039,5.588772226527039,5.588772226527039,5.588772226527039,5.588772226527039,22.658061591893528,16.504544828622205,51.38957957493804,29.479852923565645,19.276929216034386,12.479357956241179,8.633111388421787,13.741045321612626,16.06110779720594,7.687785169756407,10.747379812749998,23.047505287991584,
4.02919036532155,5.588772226527039,5.588772226527039,5.588772226527039,5.588772226527039,5.588772226527039,5.588772226527039,5.588772226527039,5.588772226527039,5.588772226527039,5.588772226527039,5.588772226527039,19.894862541760766,9.326541427560379,21.844907873461036,16.06110779720594,14.920364739195128,12.263566435926991,23.047505287991584,30.880414504990053,36.72056644443275,50.5,31.736217480979047,29.90652102802999,
4.02919036532155,5.588772226527039,5.588772226527039,5.588772226527039,5.588772226527039,5.588772226527039,5.588772226527039,5.588772226527039,5.588772226527039,5.588772226527039,5.588772226527039,5.588772226527039,22.09977375449803,22.704013350555936,20.492905691323262,15.709869509324385,51.38957957493804,14.291427429028342,8.398250546685183,31.259998400511794,48.064409910036346,5.588772226527039,21.844907873461036,33.1602171283603,
4.02919036532155,5.588772226527039,5.588772226527039,5.588772226527039,5.588772226527039,5.588772226527039,5.588772226527039,5.588772226527039,5.588772226527039,5.588772226527039,5.588772226527039,5.588772226527039,18.950960104672504,21.844907873461036,5.588772226527039,10.66796867053684,5.588772226527039,10.355403179017223,41.36289265620683,9.326541427560379,50.5,5.588772226527039,25.746628689770024,13.82529887159366,
4.02919036532155,5.588772226527039,5.588772226527039,5.588772226527039,5.588772226527039,5.588772226527039,5.588772226527039,5.588772226527039,5.588772226527039,5.588772226527039,5.588772226527039,5.588772226527039,23.047505287991584,5.588772226527039,10.66796867053684,5.995883361436463,16.654961876331054,23.62599204266352,4.02919036532155,18.78311889850979,29.90652102802999,42.92888175679503,5.588772226527039,29.24358904101889,
4.02919036532155,4.02919036532155,5.588772226527039,5.588772226527039,5.588772226527039,5.588772226527039,5.588772226527039,5.588772226527039,5.588772226527039,5.588772226527039,5.588772226527039,5.588772226527039,5.588772226527039,5.588772226527039,5.588772226527039,19.089263998384013,19.264965322805253,8.32071962032131,18.83613548475377,8.599952539024235,28.39344114403888,43.926706632247715,5.588772226527039,10.850547221223453,
4.02919036532155,4.02919036532155,5.588772226527039,5.588772226527039,5.588772226527039,5.588772226527039,5.588772226527039,5.588772226527039,5.588772226527039,5.588772226527039,5.588772226527039,5.588772226527039,38.30868772948971,14.322670452429216,17.29563207543711,5.995883361436463,7.5096645549848,13.32232618576801,29.24358904101889,39.37242055043098,18.8804719809178,34.676681245791414,8.398250546685183,8.599952539024235,
4.02919036532155,4.02919036532155,5.588772226527039,5.588772226527039,5.588772226527039,5.588772226527039,5.588772226527039,5.588772226527039,5.588772226527039,5.588772226527039,5.588772226527039,5.588772226527039,10.965143637910085,5.588772226527039,20.707486568871655,14.712995011968916,5.588772226527039,8.398250546685183,31.259998400511794,21.741377601246892,27.206387117733954,8.560604570781432,18.613764321657836,52.09179931194117,
4.02919036532155,4.02919036532155,5.588772226527039,5.588772226527039,5.588772226527039,5.588772226527039,5.588772226527039,5.588772226527039,5.588772226527039,5.588772226527039,5.588772226527039,5.588772226527039,20.301204124112658,50.5,9.123287510541362,7.687785169756407,5.588772226527039,13.798550648528272,5.588772226527039,4.02919036532155,19.026297590440446,21.288494545176274,5.588772226527039,27.878306978724517,
4.02919036532155,4.02919036532155,4.02919036532155,5.588772226527039,5.588772226527039,5.588772226527039,5.588772226527039,5.588772226527039,5.588772226527039,5.588772226527039,5.588772226527039,5.588772226527039,10.675166681296801,5.983774357005415,8.909980645435814,5.588772226527039,42.944004238077284,16.06110779720594,5.588772226527039,9.334821309960299,11.424999441789831,21.844907873461036,50.5,14.265558973959141,
4.02919036532155,4.02919036532155,4.02919036532155,5.588772226527039,5.588772226527039,5.588772226527039,5.588772226527039,5.588772226527039,5.588772226527039,5.588772226527039,5.588772226527039,5.588772226527039,34.2153109002388,37.4991666574072,27.86076492528915,12.615026313444174,21.844907873461036,27.931836674304108,18.613764321657836,5.588772226527039,6.15223536610881,7.3147913736145735,27.770262872360426,5.588772226527039,
4.02919036532155,4.02919036532155,4.02919036532155,5.588772226527039,5.588772226527039,5.588772226527039,5.588772226527039,5.588772226527039,5.588772226527039,5.588772226527039,5.588772226527039,5.588772226527039,52.09179931194117,52.5,12.02208851426814,19.34267015923316,12.287569938763319,42.5,6.08687111741328,19.94175191370495,19.276929216034386,31.259998400511794,29.24358904101889,7.364399160827718,
4.02919036532155,4.02919036532155,4.02919036532155,5.588772226527039,5.588772226527039,5.588772226527039,5.588772226527039,5.588772226527039,5.588772226527039,5.588772226527039,5.588772226527039,5.588772226527039,9.156964562561111,15.145552320798366,29.24358904101889,7.687785169756407,24.795160818191924,50.5,5.588772226527039,12.455476261022254,34.64101615137755,35.43444651747787,21.844907873461036,31.736217480979047,
4.02919036532155,4.02919036532155,4.02919036532155,5.588772226527039,5.588772226527039,5.588772226527039,5.588772226527039,5.588772226527039,5.588772226527039,5.588772226527039,5.588772226527039,5.588772226527039,21.288494545176274,19.143464216860597,27.770262872360426,9.326541427560379,5.807615264609769,7.88497555520452,5.588772226527039,18.8804719809178,12.315578321287033,16.79699047117932,7.687785169756407,16.303544263611997,
4.02919036532155,4.02919036532155,4.02919036532155,5.588772226527039,5.588772226527039,5.588772226527039,5.588772226527039,5.588772226527039,5.588772226527039,5.588772226527039,5.588772226527039,5.588772226527039,14.735633304642487,31.736217480979047,5.588772226527039,14.690321832946873,27.86076492528915,20.980645843252777,17.710829155851375,16.975654317468084,8.138450405329014,20.006121512156813,4.02919036532155,16.504544828622205,
4.02919036532155,4.02919036532155,4.02919036532155,4.02919036532155,5.588772226527039,5.588772226527039,5.588772226527039,5.588772226527039,5.588772226527039,5.588772226527039,5.588772226527039,5.588772226527039,11.113333111155544,5.588772226527039,9.771610665596537,16.654961876331054,14.273555093248493,16.476782908080086,2.6649654437396615,18.633303518163384,9.052658023141635,8.398250546685183,5.995883361436463,4.02919036532155,
2.6649654437396615,4.02919036532155,4.02919036532155,4.02919036532155,4.02919036532155,4.02919036532155,5.588772226527039,5.588772226527039,5.588772226527039,5.588772226527039,5.588772226527039,5.588772226527039,9.334821309960299,21.288494545176274,4.02919036532155,10.355403179017223,5.588772226527039,20.923803563299753,51.38957957493804,16.309027408156503,17.125535046160863,19.70786644972002,21.844907873461036,4.02919036532155,
2.6649654437396615,4.02919036532155,4.02919036532155,4.02919036532155,4.02919036532155,4.02919036532155,4.02919036532155,4.02919036532155,5.588772226527039,5.588772226527039,5.588772226527039,5.588772226527039,4.688749833377763,21.741377601246892,16.707450101343678,7.88497555520452,21.288494545176274,21.741377601246892,18.343179174347675,34.61213659975356,30.26032881513352,13.256811666292748,5.094174838376734,5.655473012931809,
2.6649654437396615,4.02919036532155,4.02919036532155,4.02919036532155,4.02919036532155,4.02919036532155,4.02919036532155,4.02919036532155,4.688749833377763,5.094174838376734,5.588772226527039,5.588772226527039,8.138450405329014,8.557708513381371,5.588772226527039,5.588772226527039,23.036655573238058,27.976552682559014,4.02919036532155,22.940028290287344,5.983774357005415,6.908574025204362,4.553501400021746,4.02919036532155,
2.6649654437396615,4.02919036532155,4.02919036532155,4.02919036532155,4.02919036532155,4.02919036532155,4.02919036532155,4.02919036532155,4.02919036532155,4.02919036532155,4.553501400021746,4.688749833377763,15.145552320798366,13.798550648528272,4.02919036532155,13.014905113063284,16.385492821395395,4.02919036532155,9.949089154289451,2.6649654437396615,52.09179931194117,4.02919036532155,13.606575207923884,7.306692487168242,
2.6649654437396615,2.6649654437396615,4.02919036532155,4.02919036532155,4.02919036532155,4.02919036532155,4.02919036532155,4.02919036532155,4.02919036532155,4.02919036532155,4.02919036532155,4.02919036532155,52.5,16.568965334169118,9.848064530657789,14.41088024333542,12.455476261022254,21.288494545176274,2.6649654437396615,4.02919036532155,5.094174838376734,7.857122564908861,21.06075866524175,45.791799362865056,
2.6649654437396615,2.6649654437396615,2.6649654437396615,4.02919036532155,4.02919036532155,4.02919036532155,4.02919036532155,4.02919036532155,4.02919036532155,4.02919036532155,4.02919036532155,4.02919036532155,27.86076492528915,42.944004238077284,12.455476261022254,4.02919036532155,8.861749953869042,4.02919036532155,13.798550648528272,4.02919036532155,12.99251921513128,21.36352030916253,4.02919036532155,16.547070905618174,
2.6649654437396615,2.6649654437396615,2.6649654437396615,4.02919036532155,4.02919036532155,4.02919036532155,4.02919036532155,4.02919036532155,4.02919036532155,4.02919036532155,4.02919036532155,4.02919036532155,13.2664991614216,20.980645843252777,13.969212178533509,13.969212178533509,15.92342788332825,4.688749833377763,30.684777260973487,15.8871016865884,26.645825188948457,10.293647734086754,2.6649654437396615,23.036655573238058,
2.6649654437396615,2.6649654437396615,2.6649654437396615,2.6649654437396615,4.02919036532155,4.02919036532155,4.02919036532155,4.02919036532155,4.02919036532155,4.02919036532155,4.02919036532155,4.02919036532155,27.86076492528915,7.306692487168242,21.36352030916253,27.86076492528915,52.5,19.253246479490155,4.02919036532155,15.517731793016658,18.62256695517565,50.5,6.309164410249233,50.5,
2.6649654437396615,2.6649654437396615,2.6649654437396615,2.6649654437396615,4.02919036532155,4.02919036532155,4.02919036532155,4.02919036532155,4.02919036532155,4.02919036532155,4.02919036532155,4.02919036532155,7.537660547584525,8.121525944886796,50.5,9.685326817178424,6.966391622992348,9.334821309960299,4.02919036532155,14.926486525636232,2.6649654437396615,21.36352030916253,2.6649654437396615,39.37242055043098,
2.6649654437396615,2.6649654437396615,2.6649654437396615,2.6649654437396615,2.6649654437396615,2.6649654437396615,4.02919036532155,4.02919036532155,4.02919036532155,4.02919036532155,4.02919036532155,4.02919036532155,13.798550648528272,21.45693361130616,13.798550648528272,24.8112877537624,45.791799362865056,21.146808269807526,2.6649654437396615,4.02919036532155,42.88574938135044,7.127801593447699,4.02919036532155,23.99446550769573,
2.6649654437396615,2.6649654437396615,2.6649654437396615,2.6649654437396615,2.6649654437396615,2.6649654437396615,2.6649654437396615,4.02919036532155,4.02919036532155,4.02919036532155,4.02919036532155,4.02919036532155,52.5,8.861749953869042,4.02919036532155,13.069047402163633,10.056783227697059,11.363929289153857,29.380265485526166,8.121525944886796,18.16590212458495,11.880188924797825,20.980645843252777,2.6649654437396615,
2.6649654437396615,2.6649654437396615,2.6649654437396615,2.6649654437396615,2.6649654437396615,2.6649654437396615,2.6649654437396615,2.6649654437396615,4.02919036532155,4.02919036532155,4.02919036532155,4.02919036532155,4.02919036532155,18.06162291219209,10.056783227697059,27.86076492528915,4.02919036532155,18.62256695517565,38.30868772948971,10.056783227697059,13.798550648528272,45.791799362865056,2.6649654437396615,18.601075237738275,
2.6649654437396615,2.6649654437396615,2.6649654437396615,2.6649654437396615,2.6649654437396615,2.6649654437396615,2.6649654437396615,2.6649654437396615,2.6649654437396615,4.02919036532155,4.02919036532155,4.02919036532155,13.798550648528272,11.133311155444755,9.629868898380705,54.5,8.245263792020241,56.5,38.30868772948971,38.870154217456985,27.35690040922034,29.24358904101889,24.762623043611516,7.4565407529228995,
2.6649654437396615,2.6649654437396615,2.6649654437396615,2.6649654437396615,2.6649654437396615,2.6649654437396615,2.6649654437396615,2.6649654437396615,2.6649654437396615,4.02919036532155,4.02919036532155,4.02919036532155,2.6649654437396615,13.069259946743562,18.16590212458495,42.88574938135044,11.363929289153857,14.352700094407323,21.288494545176274,52.5,19.48218559493661,2.6649654437396615,13.798550648528272,13.25418686256366,
2.6649654437396615,2.6649654437396615,2.6649654437396615,2.6649654437396615,2.6649654437396615,2.6649654437396615,2.6649654437396615,2.6649654437396615,2.6649654437396615,2.6649654437396615,2.6649654437396615,4.02919036532155,2.6649654437396615,46.91681468301104,9.564746468150632,17.440551582624124,15.92342788332825,31.259998400511794,19.089263998384013,5.588772226527039,38.05551500403354,10.873563123466015,2.6649654437396615,26.523050771399248,
2.6649654437396615,2.6649654437396615,2.6649654437396615,2.6649654437396615,2.6649654437396615,2.6649654437396615,2.6649654437396615,2.6649654437396615,2.6649654437396615,2.6649654437396615,2.6649654437396615,2.6649654437396615,11.40175425099138,15.514106484100203,18.62256695517565,12.336429791475327,41.36289265620683,42.87408891160254,5.983774357005415,22.940028290287344,18.950960104672504,2.6649654437396615,29.24358904101889,30.379086373505192,
2.6649654437396615,2.6649654437396615,2.6649654437396615,2.6649654437396615,2.6649654437396615,2.6649654437396615,2.6649654437396615,2.6649654437396615,2.6649654437396615,2.6649654437396615,2.6649654437396615,2.6649654437396615,27.86076492528915,9.444575162494075,45.791799362865056,6.309164410249233,18.606114586339622,12.968712349342937,51.38957957493804,2.6649654437396615,28.39344114403888,26.523050771399248,7.4565407529228995,31.736217480979047,
2.6649654437396615,2.6649654437396615,2.6649654437396615,2.6649654437396615,2.6649654437396615,2.6649654437396615,2.6649654437396615,2.6649654437396615,2.6649654437396615,2.6649654437396615,2.6649654437396615,2.6649654437396615,13.069047402163633,15.514106484100203,26.523050771399248,2.6649654437396615,5.995883361436463,2.6649654437396615,28.115337846489098,7.687785169756407,2.6649654437396615,11.89065831239132,2.6649654437396615,2.6649654437396615,
2.6649654437396615,2.6649654437396615,2.6649654437396615,2.6649654437396615,2.6649654437396615,2.6649654437396615,2.6649654437396615,2.6649654437396615,2.6649654437396615,2.6649654437396615,2.6649654437396615,2.6649654437396615,8.381222939355787,8.861749953869042,7.761758689832072,20.851858430365386,10.347063757175837,18.62256695517565,5.588772226527039,32.262809686834295,8.234412884690418,13.967893213234648,26.132142830026186,32.06536293261001,
2.6649654437396615,2.6649654437396615,2.6649654437396615,2.6649654437396615,2.6649654437396615,2.6649654437396615,2.6649654437396615,2.6649654437396615,2.6649654437396615,2.6649654437396615,2.6649654437396615,2.6649654437396615,26.523050771399248,16.467771555374455,2.6649654437396615,6.309164410249233,5.983774357005415,12.057684483433825,38.30868772948971,13.446189051177289,13.798550648528272,20.980645843252777,13.534677683639163,2.6649654437396615,
2.6649654437396615,2.6649654437396615,2.6649654437396615,2.6649654437396615,2.6649654437396615,2.6649654437396615,2.6649654437396615,2.6649654437396615,2.6649654437396615,2.6649654437396615,2.6649654437396615,2.6649654437396615,5.983774357005415,21.741377601246892,37.80946383586463,8.381222939355787,41.79937200485194,26.44753716742302,5.983774357005415,2.6649654437396615,15.59291149493541,36.556805112044465,2.6649654437396615,20.980645843252777,
2.6649654437396615,2.6649654437396615,2.6649654437396615,2.6649654437396615,2.6649654437396615,2.6649654437396615,2.6649654437396615,2.6649654437396615,2.6649654437396615,2.6649654437396615,2.6649654437396615,2.6649654437396615,23.041026211713937,27.23967694375247,29.217931138258233,38.05551500403354,20.7047699818182,5.983774357005415,40.01999500249844,12.253117517141868,27.86076492528915,21.288494545176274,7.5,21.45861650298598,
2.6649654437396615,2.6649654437396615,2.6649654437396615,2.6649654437396615,2.6649654437396615,2.6649654437396615,2.6649654437396615,2.6649654437396615,2.6649654437396615,2.6649654437396615,2.6649654437396615,2.6649654437396615,26.523050771399248,28.760867511255636,54.5,14.825840804337389,13.221195104830729,4.871793817476269,20.980645843252777,34.78056210011563,7.5,5.983774357005415,20.169283576765935,45.791799362865056,
2.6649654437396615,2.6649654437396615,2.6649654437396615,2.6649654437396615,2.6649654437396615,2.6649654437396615,2.6649654437396615,2.6649654437396615,2.6649654437396615,2.6649654437396615,2.6649654437396615,2.6649654437396615,13.798550648528272,25.746628689770024,20.006121512156813,2.6649654437396615,13.606575207923884,5.983774357005415,20.980645843252777,21.06075866524175,4.871793817476269,20.980645843252777,2.6649654437396615,13.069047402163633,
2.6649654437396615,2.6649654437396615,2.6649654437396615,2.6649654437396615,2.6649654437396615,2.6649654437396615,2.6649654437396615,2.6649654437396615,2.6649654437396615,2.6649654437396615,2.6649654437396615,2.6649654437396615,32.262809686834295,21.169291175872868,5.983774357005415,18.62256695517565,2.6649654437396615,9.202581159652981,13.534677683639163,10.293647734086754,14.75127113166862,52.09179931194117,5.995883361436463,17.122718826167766,
2.6649654437396615,2.6649654437396615,2.6649654437396615,2.6649654437396615,2.6649654437396615,2.6649654437396615,2.6649654437396615,2.6649654437396615,2.6649654437396615,2.6649654437396615,2.6649654437396615,2.6649654437396615,2.6649654437396615,2.6649654437396615,5.588772226527039,39.06644980030819,20.851858430365386,15.514106484100203,54.5,11.363929289153857,13.798550648528272,16.547070905618174,9.27141756547883,26.639960585556427,
2.6649654437396615,2.6649654437396615,2.6649654437396615,2.6649654437396615,2.6649654437396615,2.6649654437396615,2.6649654437396615,2.6649654437396615,2.6649654437396615,2.6649654437396615,2.6649654437396615,2.6649654437396615,7.5,30.21919919521363,17.55526986406076,30.13672547278855,20.980645843252777,2.6649654437396615,9.514757603055264,2.6649654437396615,8.381222939355787,8.234412884690418,15.514106484100203,6.621933252457322,
2.6649654437396615,2.6649654437396615,2.6649654437396615,2.6649654437396615,2.6649654437396615,2.6649654437396615,2.6649654437396615,2.6649654437396615,2.6649654437396615,2.6649654437396615,2.6649654437396615,2.6649654437396615,15.514106484100203,18.453471549952273,38.05551500403354,39.96943276499625,45.791799362865056,32.06536293261001,2.6649654437396615,5.983774357005415,2.6649654437396615,7.952004464284461,18.62256695517565,51.38957957493804,
2.6649654437396615,2.6649654437396615,2.6649654437396615,2.6649654437396615,2.6649654437396615,2.6649654437396615,2.6649654437396615,2.6649654437396615,2.6649654437396615,2.6649654437396615,2.6649654437396615,2.6649654437396615,21.741377601246892,50.5,20.980645843252777,20.980645843252777,2.6649654437396615,38.30868772948971,25.746628689770024,45.791799362865056,50.5,13.798550648528272,12.152674602736633,6.309164410249233,
2.6649654437396615,2.6649654437396615,2.6649654437396615,2.6649654437396615,2.6649654437396615,2.6649654437396615,2.6649654437396615,2.6649654437396615,2.6649654437396615,2.6649654437396615,2.6649654437396615,2.6649654437396615,2.6649654437396615,21.146808269807526,17.55526986406076,20.851858430365386,27.633313228782395,2.6649654437396615,13.798550648528272,17.55526986406076,16.547070905618174,27.575351312358652,17.305265736827682,2.6649654437396615,
2.6649654437396615,2.6649654437396615,2.6649654437396615,2.6649654437396615,2.6649654437396615,2.6649654437396615,2.6649654437396615,2.6649654437396615,2.6649654437396615,2.6649654437396615,2.6649654437396615,2.6649654437396615,7.4565407529228995,18.06854233805877,54.5,4.270172713134681,5.983774357005415,2.6649654437396615,5.983774357005415,6.309164410249233,29.20937349550654,31.259998400511794,2.6649654437396615,8.234412884690418,
2.6649654437396615,2.6649654437396615,2.6649654437396615,2.6649654437396615,2.6649654437396615,2.6649654437396615,2.6649654437396615,2.6649654437396615,2.6649654437396615,2.6649654437396615,2.6649654437396615,2.6649654437396615,16.38512197764247,26.639960585556427,2.6649654437396615,12.992933715316655,54.5,2.6649654437396615,13.069259946743562,2.6649654437396615,26.523050771399248,9.444575162494075,20.980645843252777,6.407942602353875,
2.6649654437396615,2.6649654437396615,2.6649654437396615,2.6649654437396615,2.6649654437396615,2.6649654437396615,2.6649654437396615,2.6649654437396615,2.6649654437396615,2.6649654437396615,2.6649654437396615,2.6649654437396615,32.262809686834295,26.238754204844067,17.122718826167766,12.83744522870497,19.48218559493661,7.5,21.741377601246892,5.983774357005415,30.13672547278855,12.804654765883749,16.504544828622205,9.454509775871026,
2.6649654437396615,2.6649654437396615,2.6649654437396615,2.6649654437396615,2.6649654437396615,2.6649654437396615,2.6649654437396615,2.6649654437396615,2.6649654437396615,2.6649654437396615,2.6649654437396615,2.6649654437396615,5.983774357005415,26.042699979499478,41.36289265620683,13.798550648528272,27.86076492528915,2.4411439272335804,20.859982955143778,5.588772226527039,27.770262872360426,8.73212459828649,26.523050771399248,38.30868772948971,
2.4411439272335804,2.6649654437396615,2.6649654437396615,2.6649654437396615,2.6649654437396615,2.6649654437396615,2.6649654437396615,2.6649654437396615,2.6649654437396615,2.6649654437396615,2.6649654437396615,2.6649654437396615,30.8818312280862,45.791799362865056,31.736217480979047,7.5,7.016721100343094,5.588772226527039,53.5,41.36289265620683,18.606114586339622,5.678459118386225,2.6649654437396615,5.972727131533392,
2.4411439272335804,2.6649654437396615,2.6649654437396615,2.6649654437396615,2.6649654437396615,2.6649654437396615,2.6649654437396615,2.6649654437396615,2.6649654437396615,2.6649654437396615,2.6649654437396615,2.6649654437396615,2.6649654437396615,6.213820905685477,6.407942602353875,19.70335560817553,6.309164410249233,2.6649654437396615,18.16590212458495,26.523050771399248,39.06644980030819,7.4565407529228995,24.94438257849294,13.80160769620699,
2.4411439272335804,2.6649654437396615,2.6649654437396615,2.6649654437396615,2.6649654437396615,2.6649654437396615,2.6649654437396615,2.6649654437396615,2.6649654437396615,2.6649654437396615,2.6649654437396615,2.6649654437396615,19.266226926930972,50.5,7.687785169756407,2.6649654437396615,36.764112936394916,9.444575162494075,5.627918743883488,2.6649654437396615,23.155722834755128,2.6649654437396615,32.66802718255267,6.335525936249405,
2.4411439272335804,2.6649654437396615,2.6649654437396615,2.6649654437396615,2.6649654437396615,2.6649654437396615,2.6649654437396615,2.6649654437396615,2.6649654437396615,2.6649654437396615,2.6649654437396615,2.6649654437396615,13.875540070386377,2.6649654437396615,2.6649654437396615,41.36289265620683,36.764112936394916,19.70786644972002,13.798550648528272,26.639960585556427,9.348141799418793,43.476286639960406,2.6649654437396615,5.983774357005415,
2.4411439272335804,2.6649654437396615,2.6649654437396615,2.6649654437396615,2.6649654437396615,2.6649654437396615,2.6649654437396615,2.6649654437396615,2.6649654437396615,2.6649654437396615,2.6649654437396615,2.6649654437396615,31.72100600898752,20.932928605429293,39.06644980030819,2.6649654437396615,8.94339840329167,21.743964679883014,15.514106484100203,20.27806696901852,18.62256695517565,2.6649654437396615,9.454509775871026,13.798550648528272,
2.4411439272335804,2.6649654437396615,2.6649654437396615,2.6649654437396615,2.6649654437396615,2.6649654437396615,2.6649654437396615,2.6649654437396615,2.6649654437396615,2.6649654437396615,2.6649654437396615,2.6649654437396615,7.943679299690197,27.35690040922034,31.259998400511794,2.6649654437396615,6.309164410249233,12.455476261022254,20.980645843252777,20.27806696901852,38.05551500403354,27.589626673806226,15.514106484100203,21.123150806638673,
2.4411439272335804,2.6649654437396615,2.6649654437396615,2.6649654437396615,2.6649654437396615,2.6649654437396615,2.6649654437396615,2.6649654437396615,2.6649654437396615,2.6649654437396615,2.6649654437396615,2.6649654437396615,2.6649654437396615,2.6649654437396615,6.309164410249233,38.05551500403354,14.147045235274005,53.5,27.770262872360426,27.770262872360426,25.746628689770024,12.83744522870497,18.16590212458495,18.16590212458495,
2.4411439272335804,2.6649654437396615,2.6649654437396615,2.6649654437396615,2.6649654437396615,2.6649654437396615,2.6649654437396615,2.6649654437396615,2.6649654437396615,2.6649654437396615,2.6649654437396615,2.6649654437396615,2.4411439272335804,13.069047402163633,2.6649654437396615,13.798550648528272,32.67414880299103,18.16590212458495,34.200694437394105,12.968712349342937,12.910751333675357,18.62256695517565,34.58644564308715,20.980645843252777,
2.4411439272335804,2.4411439272335804,2.6649654437396615,2.6649654437396615,2.6649654437396615,2.6649654437396615,2.6649654437396615,2.6649654437396615,2.6649654437396615,2.6649654437396615,2.6649654437396615,2.6649654437396615,32.262809686834295,11.363929289153857,20.980645843252777,16.38512197764247,2.6649654437396615,8.398250546685183,21.787324296480282,26.645825188948457,2.6649654437396615,11.363929289153857,12.455476261022254,31.255221785949445,
2.4411439272335804,2.4411439272335804,2.6649654437396615,2.6649654437396615,2.6649654437396615,2.6649654437396615,2.6649654437396615,2.6649654437396615,2.6649654437396615,2.6649654437396615,2.6649654437396615,2.6649654437396615,4.871793817476269,5.983774357005415,7.5,52.5,2.6649654437396615,20.980645843252777,8.398250546685183,26.645825188948457,11.682132605916705,2.4411439272335804,20.980645843252777,17.5695048308141,
2.4411439272335804,2.4411439272335804,2.4411439272335804,2.6649654437396615,2.6649654437396615,2.6649654437396615,2.6649654437396615,2.6649654437396615,2.6649654437396615,2.6649654437396615,2.6649654437396615,2.6649654437396615,7.8828223935903114,25.746628689770024,2.6649654437396615,39.194227891361756,8.234412884690418,56.5,39.96943276499625,40.0349847008838,45.791799362865056,2.4411439272335804,6.335525936249405,21.568495543268657,
2.4411439272335804,2.4411439272335804,2.4411439272335804,2.4411439272335804,2.6649654437396615,2.6649654437396615,2.6649654437396615,2.6649654437396615,2.6649654437396615,2.6649654437396615,2.6649654437396615,2.6649654437396615,6.309164410249233,18.613764321657836,13.798550648528272,20.189105973271822,45.791799362865056,11.40175425099138,9.334821309960299,20.27806696901852,31.736217480979047,2.4411439272335804,12.455476261022254,32.262809686834295,
2.4411439272335804,2.4411439272335804,2.4411439272335804,2.4411439272335804,2.4411439272335804,2.6649654437396615,2.6649654437396615,2.6649654437396615,2.6649654437396615,2.6649654437396615,2.6649654437396615,2.6649654437396615,6.718548123582124,5.983774357005415,4.151430476353903,23.047505287991584,2.6649654437396615,2.4411439272335804,12.253117517141868,8.121525944886796,2.4411439272335804,21.60568340866716,6.213820905685477,11.40175425099138,
2.4411439272335804,2.4411439272335804,2.4411439272335804,2.4411439272335804,2.4411439272335804,2.4411439272335804,2.4411439272335804,2.6649654437396615,2.6649654437396615,2.6649654437396615,2.6649654437396615,2.6649654437396615,20.932928605429293,21.98181066245454,2.4411439272335804,16.547070905618174,2.6649654437396615,27.770262872360426,39.27706073524342,25.013465761220598,23.426480742954116,38.30868772948971,17.319082460798857,21.146808269807526,
2.4411439272335804,2.4411439272335804,2.4411439272335804,2.4411439272335804,2.4411439272335804,2.4411439272335804,2.4411439272335804,2.4411439272335804,2.6649654437396615,2.6649654437396615,2.6649654437396615,2.6649654437396615,27.86076492528915,16.547070905618174,38.30868772948971,22.582275874531984,22.60088493842664,27.35690040922034,18.16590212458495,2.6649654437396615,6.718548123582124,23.672769166280485,2.4411439272335804,16.547070905618174,
2.4411439272335804,2.4411439272335804,2.4411439272335804,2.4411439272335804,2.4411439272335804,2.4411439272335804,2.4411439272335804,2.4411439272335804,2.4411439272335804,2.6649654437396615,2.6649654437396615,2.6649654437396615,18.62256695517565,2.4411439272335804,13.296825017858795,6.178417233092375,13.069259946743562,10.315037566582102,21.428952377566198,2.6649654437396615,9.164298936634488,2.4411439272335804,16.504544828622205,4.871793817476269,
2.4411439272335804,2.4411439272335804,2.4411439272335804,2.4411439272335804,2.4411439272335804,2.4411439272335804,2.4411439272335804,2.4411439272335804,2.4411439272335804,2.4411439272335804,2.4411439272335804,2.6649654437396615,4.151430476353903,45.791799362865056,5.56636101955308,5.56636101955308,2.6649654437396615,25.746628689770024,20.27806696901852,2.4411439272335804,27.86076492528915,18.558017135459274,25.48637980482037,13.296825017858795,
2.4411439272335804,2.4411439272335804,2.4411439272335804,2.4411439272335804,2.4411439272335804,2.4411439272335804,2.4411439272335804,2.4411439272335804,2.4411439272335804,2.4411439272335804,2.4411439272335804,2.4411439272335804,6.202598021976132,20.27806696901852,21.494185260204677,2.4411439272335804,4.732342097565967,8.174125429097124,10.293647734086754,12.455476261022254,2.4411439272335804,13.007690033207279,9.123287510541362,2.4411439272335804,
2.4411439272335804,2.4411439272335804,2.4411439272335804,2.4411439272335804,2.4411439272335804,2.4411439272335804,2.4411439272335804,2.4411439272335804,2.4411439272335804,2.4411439272335804,2.4411439272335804,2.4411439272335804,9.334821309960299,22.009089031579656,2.4411439272335804,53.5,20.932928605429293,2.4411439272335804,10.293647734086754,14.095655359010449,7.871415607974806,20.980645843252777,21.741377601246892,2.4411439272335804,
2.4411439272335804,2.4411439272335804,2.4411439272335804,2.4411439272335804,2.4411439272335804,2.4411439272335804,2.4411439272335804,2.4411439272335804,2.4411439272335804,2.4411439272335804,2.4411439272335804,2.4411439272335804,50.5,4.871793817476269,5.0061690338083595,20.932928605429293,21.46625258399798,18.558017135459274,2.4411439272335804,8.153049872423338,2.4411439272335804,5.56636101955308,2.4411439272335804,11.40175425099138,
2.4411439272335804,2.4411439272335804,2.4411439272335804,2.4411439272335804,2.4411439272335804,2.4411439272335804,2.4411439272335804,2.4411439272335804,2.4411439272335804,2.4411439272335804,2.4411439272335804,2.4411439272335804,15.826314233649674,10.073945354229394,20.932928605429293,2.4411439272335804,16.504544828622205,6.718548123582124,24.498724456591614,32.262809686834295,20.932928605429293,41.233329964968874,39.96943276499625,20.932928605429293,
2.4411439272335804,2.4411439272335804,2.4411439272335804,2.4411439272335804,2.4411439272335804,2.4411439272335804,2.4411439272335804,2.4411439272335804,2.4411439272335804,2.4411439272335804,2.4411439272335804,2.4411439272335804,10.019980039900279,14.147045235274003,2.4411439272335804,6.498797965777979,2.4411439272335804,38.870154217456985,2.6649654437396615,38.30868772948971,2.4411439272335804,27.976552682559014,14.296852800529214,2.4411439272335804,
2.4411439272335804,2.4411439272335804,2.4411439272335804,2.4411439272335804,2.4411439272335804,2.4411439272335804,2.4411439272335804,2.4411439272335804,2.4411439272335804,2.4411439272335804,2.4411439272335804,2.4411439272335804,8.579044235810887,42.944004238077284,18.16590212458495,16.63747443440727,2.4411439272335804,22.00426095100674,4.662014049742879,18.16590212458495,15.826314233649674,26.55560204551951,14.147045235274003,8.381222939355787,
2.4411439272335804,2.4411439272335804,2.4411439272335804,2.4411439272335804,2.4411439272335804,2.4411439272335804,2.4411439272335804,2.4411439272335804,2.4411439272335804,2.4411439272335804,2.4411439272335804,2.4411439272335804,49.97554957732386,20.932928605429293,11.40175425099138,6.718548123582124,39.27706073524342,12.455476261022254,13.798550648528272,12.968712349342937,4.732342097565967,2.4411439272335804,2.4411439272335804,17.662366310137195,
2.4411439272335804,2.4411439272335804,2.4411439272335804,2.4411439272335804,2.4411439272335804,2.4411439272335804,2.4411439272335804,2.4411439272335804,2.4411439272335804,2.4411439272335804,2.4411439272335804,2.4411439272335804,20.795966489255125,2.4411439272335804,18.613764321657836,6.718548123582124,42.944004238077284,18.950960104672504,25.746628689770024,30.684777260973487,14.071247279470288,13.798550648528272,7.899054483189432,32.262809686834295,
2.4411439272335804,2.4411439272335804,2.4411439272335804,2.4411439272335804,2.4411439272335804,2.4411439272335804,2.4411439272335804,2.4411439272335804,2.4411439272335804,2.4411439272335804,2.4411439272335804,2.4411439272335804,20.932928605429293,13.296825017858795,9.209577977877828,20.71477831926585,6.718548123582124,20.932928605429293,5.56636101955308,6.49406186497887,7.687785169756407,16.547070905618174,13.606575207923884,2.4411439272335804,
2.4411439272335804,2.4411439272335804,2.4411439272335804,2.4411439272335804,2.4411439272335804,2.4411439272335804,2.4411439272335804,2.4411439272335804,2.4411439272335804,2.4411439272335804,2.4411439272335804,2.4411439272335804,17.410884207555025,15.826314233649674,9.136978439287246,22.582275874531984,18.606114586339622,2.4411439272335804,18.606114586339622,21.83575050232989,22.18529918662356,13.798550648528272,39.27706073524342,18.963122105813696,
2.4411439272335804,2.4411439272335804,2.4411439272335804,2.4411439272335804,2.4411439272335804,2.4411439272335804,2.4411439272335804,2.4411439272335804,2.4411439272335804,2.4411439272335804,2.4411439272335804,2.4411439272335804,2.4411439272335804,8.17312669668102,2.4411439272335804,2.4411439272335804,6.718548123582124,45.791799362865056,6.718548123582124,13.221195104830729,14.120472906458934,6.718548123582124,41.36289265620683,2.4411439272335804,
2.4411439272335804,2.4411439272335804,2.4411439272335804,2.4411439272335804,2.4411439272335804,2.4411439272335804,2.4411439272335804,2.4411439272335804,2.4411439272335804,2.4411439272335804,2.4411439272335804,2.4411439272335804,25.746628689770024,15.517731793016658,6.49406186497887,12.455476261022254,5.56636101955308,2.4411439272335804,20.932928605429293,21.240030341053867,2.4411439272335804,52.09179931194117,20.932928605429293,6.718548123582124,
2.4411439272335804,2.4411439272335804,2.4411439272335804,2.4411439272335804,2.4411439272335804,2.4411439272335804,2.4411439272335804,2.4411439272335804,2.4411439272335804,2.4411439272335804,2.4411439272335804,2.4411439272335804,4.768057780690163,18.442854683830507,18.963122105813696,11.40175425099138,2.4411439272335804,5.463515351859094,27.86076492528915,42.5,34.78056210011563,18.01344983616409,51.38957957493804,25.746628689770024,
2.4411439272335804,2.4411439272335804,2.4411439272335804,2.4411439272335804,2.4411439272335804,2.4411439272335804,2.4411439272335804,2.4411439272335804,2.4411439272335804,2.4411439272335804,2.4411439272335804,2.4411439272335804,17.189305460728256,8.909980645435814,20.932928605429293,32.262809686834295,13.798550648528272,7.871415607974806,39.37242055043098,21.428952377566198,29.217931138258233,18.022661471897326,10.355403179017223,25.746628689770024,
2.4411439272335804,2.4411439272335804,2.4411439272335804,2.4411439272335804,2.4411439272335804,2.4411439272335804,2.4411439272335804,2.4411439272335804,2.4411439272335804,2.4411439272335804,2.4411439272335804,2.4411439272335804,22.582275874531984,39.96943276499625,45.791799362865056,14.735633304642487,41.36289265620683,24.355440870573457,34.56611529418098,20.932928605429293,7.127801593447699,16.504544828622205,13.798550648528272,38.382124745771954,
2.4411439272335804,2.4411439272335804,2.4411439272335804,2.4411439272335804,2.4411439272335804,2.4411439272335804,2.4411439272335804,2.4411439272335804,2.4411439272335804,2.4411439272335804,2.4411439272335804,2.4411439272335804,27.86076492528915,20.932928605429293,21.741377601246892,32.262809686834295,8.153049872423338,29.48822740612863,19.555050498528505,2.4411439272335804,5.3148785389976245,2.4411439272335804,13.861417275621166,2.4411439272335804,
2.4411439272335804,2.4411439272335804,2.4411439272335804,2.4411439272335804,2.4411439272335804,2.4411439272335804,2.4411439272335804,2.4411439272335804,2.4411439272335804,2.4411439272335804,2.4411439272335804,2.4411439272335804,21.741377601246892,38.05551500403354,2.4411439272335804,39.96943276499625,23.828670872618044,25.11605714539231,6.718548123582124,15.514106484100203,11.40175425099138,18.375893703103397,20.932928605429293,21.146808269807526,
2.4411439272335804,2.4411439272335804,2.4411439272335804,2.4411439272335804,2.4411439272335804,2.4411439272335804,2.4411439272335804,2.4411439272335804,2.4411439272335804,2.4411439272335804,2.4411439272335804,2.4411439272335804,20.932928605429293,50.5,12.968712349342937,2.4411439272335804,21.510172012329424,41.36289265620683,39.27706073524342,21.741377601246892,21.46625258399798,27.254357449773053,9.3328474120349,16.467771555374455,
2.4411439272335804,2.4411439272335804,2.4411439272335804,2.4411439272335804,2.4411439272335804,2.4411439272335804,2.4411439272335804,2.4411439272335804,2.4411439272335804,2.4411439272335804,2.4411439272335804,2.4411439272335804,2.6649654437396615,2.4411439272335804,6.718548123582124,2.4411439272335804,6.718548123582124,10.056783227697059,18.375893703103397,20.932928605429293,27.546324618721822,21.614809737770074,18.613764321657836,8.909980645435814,
2.4411439272335804,2.4411439272335804,2.4411439272335804,2.4411439272335804,2.4411439272335804,2.4411439272335804,2.4411439272335804,2.4411439272335804,2.4411439272335804,2.4411439272335804,2.4411439272335804,2.4411439272335804,20.189105973271822,2.4411439272335804,4.580870550452174,18.558017135459274,42.5,5.972727131533392,6.718548123582124,4.768057780690163,15.006665185843255,6.718548123582124,4.662014049742879,5.3148785389976245,
2.4411439272335804,2.4411439272335804,2.4411439272335804,2.4411439272335804,2.4411439272335804,2.4411439272335804,2.4411439272335804,2.4411439272335804,2.4411439272335804,2.4411439272335804,2.4411439272335804,2.4411439272335804,18.16590212458495,20.932928605429293,39.96943276499625,20.27806696901852,25.746628689770024,18.62256695517565,2.4411439272335804,12.968712349342937,6.202598021976132,2.4411439272335804,18.686893802876924,8.909980645435814,
2.4411439272335804,2.4411439272335804,2.4411439272335804,2.4411439272335804,2.4411439272335804,2.4411439272335804,2.4411439272335804,2.4411439272335804,2.4411439272335804,2.4411439272335804,2.4411439272335804,2.4411439272335804,26.55560204551951,21.494185260204677,6.202598021976132,2.4411439272335804,30.684777260973487,39.96943276499625,6.335525936249405,10.056783227697059,51.5,20.932928605429293,10.019980039900279,9.809912079116714,
2.4411439272335804,2.4411439272335804,2.4411439272335804,2.4411439272335804,2.4411439272335804,2.4411439272335804,2.4411439272335804,2.4411439272335804,2.4411439272335804,2.4411439272335804,2.4411439272335804,2.4411439272335804,27.206387117733954,39.96943276499625,6.718548123582124,10.293647734086754,16.504544828622205,2.4411439272335804,50.690783733885546,42.5,10.652334120849863,18.558017135459274,5.56636101955308,16.547070905618174,
2.4411439272335804,2.4411439272335804,2.4411439272335804,2.4411439272335804,2.4411439272335804,2.4411439272335804,2.4411439272335804,2.4411439272335804,2.4411439272335804,2.4411439272335804,2.4411439272335804,2.4411439272335804,28.39344114403888,2.4411439272335804,11.399964196148574,4.871793817476269,2.4411439272335804,5.588772226527039,39.96943276499625,6.718548123582124,10.567566862232532,12.545427657200085,21.79413625267127,31.255221785949445,
2.4411439272335804,2.4411439272335804,2.4411439272335804,2.4411439272335804,2.4411439272335804,2.4411439272335804,2.4411439272335804,2.4411439272335804,2.4411439272335804,2.4411439272335804,2.4411439272335804,2.4411439272335804,23.98306694315804,19.87810073646094,8.516490606165075,21.844907873461036,5.972727131533392,20.980645843252777,13.534677683639163,21.741377601246892,2.4411439272335804,26.042699979499478,18.613764321657836,8.153049872423338,
2.4411439272335804,2.4411439272335804,2.4411439272335804,2.4411439272335804,2.4411439272335804,2.4411439272335804,2.4411439272335804,2.4411439272335804,2.4411439272335804,2.4411439272335804,2.4411439272335804,2.4411439272335804,18.288581744416984,3.063944369932459,20.728566505857444,5.983774357005415,39.96943276499625,13.798550648528272,20.932928605429293,6.718548123582124,2.6649654437396615,18.963122105813696,20.932928605429293,8.17312669668102,
2.4411439272335804,2.4411439272335804,2.4411439272335804,2.4411439272335804,2.4411439272335804,2.4411439272335804,2.4411439272335804,2.4411439272335804,2.4411439272335804,2.4411439272335804,2.4411439272335804,2.4411439272335804,26.55560204551951,26.55560204551951,6.718548123582124,16.186414056238647,9.959919678390985,6.718548123582124,5.883645464388324,20.932928605429293,8.17312669668102,20.932928605429293,5.56636101955308,17.854971296532515,
2.4411439272335804,2.4411439272335804,2.4411439272335804,2.4411439272335804,2.4411439272335804,2.4411439272335804,2.4411439272335804,2.4411439272335804,2.4411439272335804,2.4411439272335804,2.4411439272335804,2.4411439272335804,42.944004238077284,2.4411439272335804,6.202598021976132,8.533248298896046,22.833916770936185,2.4411439272335804,20.932928605429293,13.606575207923884,27.86076492528915,6.718548123582124,6.718548123582124,7.5,
2.4411439272335804,2.4411439272335804,2.4411439272335804,2.4411439272335804,2.4411439272335804,2.4411439272335804,2.4411439272335804,2.4411439272335804,2.4411439272335804,2.4411439272335804,2.4411439272335804,2.4411439272335804,2.4411439272335804,8.153049872423338,14.805404418657398,13.606575207923884,45.791799362865056,26.639960585556427,25.746628689770024,8.153049872423338,6.718548123582124,20.851858430365386,5.007633062524539,7.871415607974806,
2.4411439272335804,2.4411439272335804,2.4411439272335804,2.4411439272335804,2.4411439272335804,2.4411439272335804,2.4411439272335804,2.4411439272335804,2.4411439272335804,2.4411439272335804,2.4411439272335804,2.4411439272335804,21.83575050232989,16.504544828622205,2.4411439272335804,6.946221994724902,6.202598021976132,8.861749953869042,21.428952377566198,2.4411439272335804,25.746628689770024,18.375893703103397,20.932928605429293,2.4411439272335804,
2.4411439272335804,2.4411439272335804,2.4411439272335804,2.4411439272335804,2.4411439272335804,2.4411439272335804,2.4411439272335804,2.4411439272335804,2.4411439272335804,2.4411439272335804,2.4411439272335804,2.4411439272335804,7.7284147832352,2.6649654437396615,12.602234981566257,34.78056210011563,2.4411439272335804,5.588772226527039,2.4411439272335804,26.16242003756958,50.5,53.5,6.718548123582124,2.4411439272335804,
2.4411439272335804,2.4411439272335804,2.4411439272335804,2.4411439272335804,2.4411439272335804,2.4411439272335804,2.4411439272335804,2.4411439272335804,2.4411439272335804,2.4411439272335804,2.4411439272335804,2.4411439272335804,2.4411439272335804,4.662014049742879,25.746628689770024,16.51682643716872,5.788451678947158,2.4411439272335804,10.019980039900279,20.980645843252777,16.617427264438046,2.4411439272335804,25.746628689770024,6.498797965777979,
2.4411439272335804,2.4411439272335804,2.4411439272335804,2.4411439272335804,2.4411439272335804,2.4411439272335804,2.4411439272335804,2.4411439272335804,2.4411439272335804,2.4411439272335804,2.4411439272335804,2.4411439272335804,2.4411439272335804,9.911856433543804,27.86076492528915,15.899685531481433,7.871415607974806,13.007690033207279,10.056783227697059,38.30868772948971,4.871793817476269,39.96943276499625,38.30868772948971,2.4411439272335804,
2.4411439272335804,2.4411439272335804,2.4411439272335804,2.4411439272335804,2.4411439272335804,2.4411439272335804,2.4411439272335804,2.4411439272335804,2.4411439272335804,2.4411439272335804,2.4411439272335804,2.4411439272335804,5.764926278800103,7.7284147832352,10.019980039900279,16.504544828622205,2.4411439272335804,16.547070905618174,2.4411439272335804,4.768057780690163,6.202598021976132,22.1401784093986,20.932928605429293,21.494185260204677,
2.4411439272335804,2.4411439272335804,2.4411439272335804,2.4411439272335804,2.4411439272335804,2.4411439272335804,2.4411439272335804,2.4411439272335804,2.4411439272335804,2.4411439272335804,2.4411439272335804,2.4411439272335804,19.110206696946005,15.962455951387932,9.209577977877828,6.49406186497887,20.932928605429293,27.86076492528915,16.731980865201507,20.932928605429293,41.79937200485194,9.334821309960299,2.4411439272335804,17.55526986406076,
2.4411439272335804,2.4411439272335804,2.4411439272335804,2.4411439272335804,2.4411439272335804,2.4411439272335804,2.4411439272335804,2.4411439272335804,2.4411439272335804,2.4411439272335804,2.4411439272335804,2.4411439272335804,56.5,4.732342097565967,42.5,39.96943276499625,26.44753716742302,18.558017135459274,18.606114586339622,13.007690033207279,25.746628689770024,5.56636101955308,29.33257574779276,9.326541427560379,
2.4411439272335804,2.4411439272335804,2.4411439272335804,2.4411439272335804,2.4411439272335804,2.4411439272335804,2.4411439272335804,2.4411439272335804,2.4411439272335804,2.4411439272335804,2.4411439272335804,2.4411439272335804,2.4411439272335804,45.791799362865056,13.798550648528272,21.844907873461036,2.4411439272335804,2.4411439272335804,13.798550648528272,20.932928605429293,39.96943276499625,16.504544828622205,38.30868772948971,25.746628689770024,
2.4411439272335804,2.4411439272335804,2.4411439272335804,2.4411439272335804,2.4411439272335804,2.4411439272335804,2.4411439272335804,2.4411439272335804,2.4411439272335804,2.4411439272335804,2.4411439272335804,2.4411439272335804,9.334821309960299,20.932928605429293,38.30868772948971,21.27922826503714,38.05551500403354,21.32604042010612,21.494185260204677,5.691665988829199,32.48364973336586,6.718548123582124,5.983774357005415,18.963122105813696,
2.4411439272335804,2.4411439272335804,2.4411439272335804,2.4411439272335804,2.4411439272335804,2.4411439272335804,2.4411439272335804,2.4411439272335804,2.4411439272335804,2.4411439272335804,2.4411439272335804,2.4411439272335804,7.365113574085852,9.444575162494075,6.49406186497887,22.065558884580486,20.932928605429293,7.871415607974806,9.658361694266992,7.6125302813158395,6.718548123582124,13.069259946743562,12.946041866145807,9.123287510541362,
2.4411439272335804,2.4411439272335804,2.4411439272335804,2.4411439272335804,2.4411439272335804,2.4411439272335804,2.4411439272335804,2.4411439272335804,2.4411439272335804,2.4411439272335804,2.4411439272335804,2.4411439272335804,21.146808269807526,13.798550648528272,20.94486810653149,5.764926278800103,4.580870550452174,9.3328474120349,26.660832695172893,38.30868772948971,50.5,26.38939180807318,2.4411439272335804,27.48090245970827,
2.4411439272335804,2.4411439272335804,2.4411439272335804,2.4411439272335804,2.4411439272335804,2.4411439272335804,2.4411439272335804,2.4411439272335804,2.4411439272335804,2.4411439272335804,2.4411439272335804,2.4411439272335804,9.164298936634488,5.56636101955308,10.293647734086754,2.4411439272335804,12.615026313444174,25.11605714539231,34.58644564308715,18.83613548475377,2.4411439272335804,21.98181066245454,34.58644564308715,45.791799362865056,
2.4411439272335804,2.4411439272335804,2.4411439272335804,2.4411439272335804,2.4411439272335804,2.4411439272335804,2.4411439272335804,2.4411439272335804,2.4411439272335804,2.4411439272335804,2.4411439272335804,2.4411439272335804,43.926706632247715,14.241359714950404,2.4411439272335804,18.613764321657836,6.718548123582124,9.999218719480037,25.746628689770024,42.5,17.5695048308141,22.582275874531984,18.558017135459274,20.795966489255125,
