9.99999999E8,22.88133640230735,26.49882072847771,16.393119745795794,6.6332495807108,25.13961017995307,37.5,26.386023236217735,20.707486568871655,18.565761497983324,12.727922061357855,10.542243067245645,18.90693582318992,11.224276145925847,37.5,19.803724397193573,18.496996753226966,17.98765008430939,24.552098801437637,19.651653874419832,19.067132861433457,23.779659842441443,18.451889394374284,28.252212302756046,
6.6332495807108,10.542243067245645,11.224276145925847,12.727922061357855,16.393119745795794,17.98765008430939,18.451889394374284,18.496996753226966,18.565761497983324,18.90693582318992,19.067132861433457,19.651653874419832,26.592997198510737,26.1951808545007,12.16488286010186,18.90693582318992,19.067132861433457,12.727922061357855,21.72556098240043,18.18481509391833,22.554243005497227,9.449299243771843,20.089798406156294,21.23414441151065,
6.6332495807108,9.449299243771843,10.542243067245645,11.224276145925847,12.16488286010186,12.727922061357855,12.727922061357855,16.393119745795794,17.98765008430939,18.18481509391833,18.451889394374284,18.496996753226966,26.791893467158225,18.469945557280045,12.16488286010186,10.999072317097232,17.160547048389805,16.96483290679739,11.936043557329587,17.45868138077889,40.5,9.99999999E8,16.400743123407548,21.75287337341897,
6.6332495807108,9.449299243771843,10.542243067245645,10.999072317097232,11.224276145925847,11.936043557329587,12.16488286010186,12.16488286010186,12.727922061357855,12.727922061357855,16.393119745795794,16.400743123407548,20.363877332178173,12.119772641798562,35.074028853269766,8.816709987291178,12.955103656235318,19.62651268055535,10.542243067245645,11.157256607248934,23.301922492290945,11.936043557329587,37.5,36.55437350334734,
6.6332495807108,8.816709987291178,9.449299243771843,10.542243067245645,10.542243067245645,10.999072317097232,11.157256607248934,11.224276145925847,11.936043557329587,11.936043557329587,12.119772641798562,12.16488286010186,10.382945418115012,16.50479213032706,25.43005112067217,30.629846555280032,5.966573556070519,12.864073033063828,32.5,15.192103211866355,29.318177903061365,13.655483229172898,12.368491898236208,19.00365461928018,
5.966573556070519,6.6332495807108,8.816709987291178,9.449299243771843,10.382945418115012,10.542243067245645,10.542243067245645,10.999072317097232,11.157256607248934,11.224276145925847,11.936043557329587,11.936043557329587,10.723076750634586,9.583840566286565,20.00999750124922,12.16488286010186,28.53068523537421,8.52607046364387,9.99999999E8,7.909248574785817,17.28583234906552,10.920865630637937,12.175154003132773,17.640861656959956,
5.966573556070519,6.6332495807108,7.909248574785817,8.52607046364387,8.816709987291178,9.449299243771843,9.583840566286565,10.382945418115012,10.542243067245645,10.542243067245645,10.723076750634586,10.920865630637937,15.11290838985005,11.884864324004713,14.38363267359428,8.136236667368891,37.5,19.266226926930972,30.498975392625898,16.816658407662327,16.96483290679739,39.5,14.184057952504283,7.6638355279846655,
5.966573556070519,6.6332495807108,7.6638355279846655,7.909248574785817,8.136236667368891,8.52607046364387,8.816709987291178,9.449299243771843,9.583840566286565,10.382945418115012,10.542243067245645,10.542243067245645,7.6638355279846655,16.85925191104279,8.42493868444956,26.479945241635225,9.259754616379182,9.696632990787302,9.573400649716902,11.10180165558726,17.60681686165901,23.793673295413825,19.12685898661559,37.5,
5.966573556070519,6.6332495807108,7.6638355279846655,7.6638355279846655,7.909248574785817,8.136236667368891,8.42493868444956,8.52607046364387,8.816709987291178,9.259754616379182,9.449299243771843,9.573400649716902,17.803920687217598,27.53179979587241,9.793350918976722,22.094965489902897,20.49450393051817,7.6638355279846655,10.471389592599447,17.26267650163207,26.386023236217735,6.5,19.188212527486765,7.661028522639199,
5.966573556070519,6.5,6.6332495807108,7.661028522639199,7.6638355279846655,7.6638355279846655,7.6638355279846655,7.909248574785817,8.136236667368891,8.42493868444956,8.52607046364387,8.816709987291178,8.080176743014173,7.278708115918284,6.343741447722753,17.98765008430939,10.696175169905647,8.47381587925744,22.094965489902897,15.225161922145707,7.909248574785817,8.136236667368891,31.5,7.965550828411052,
5.966573556070519,6.343741447722753,6.5,6.6332495807108,7.278708115918284,7.661028522639199,7.6638355279846655,7.6638355279846655,7.6638355279846655,7.909248574785817,7.909248574785817,7.965550828411052,18.06162291219209,6.6332495807108,8.919137873593122,19.0473095212946,27.34146220587984,8.883331596136305,7.909248574785817,23.793673295413825,7.6638355279846655,7.039248568431383,25.13165334791963,25.13961017995307,
5.966573556070519,6.343741447722753,6.5,6.6332495807108,6.6332495807108,7.039248568431383,7.278708115918284,7.661028522639199,7.6638355279846655,7.6638355279846655,7.6638355279846655,7.6638355279846655,11.455757286185841,32.5,25.5,7.565340375687005,10.682810911908524,19.089263998384013,32.5,19.026297590440446,22.554243005497224,6.311474530076285,7.6638355279846655,11.936043557329587,
5.966573556070519,6.311474530076285,6.343741447722753,6.5,6.6332495807108,6.6332495807108,7.039248568431383,7.278708115918284,7.565340375687005,7.661028522639199,7.6638355279846655,7.6638355279846655,17.55526986406076,20.765054779605084,6.482645398139921,7.875575620741933,6.311474530076285,10.919449390880477,16.006942938057293,15.86936465942722,8.188406438373708,32.5,15.401298646542765,15.192286054295963,
5.966573556070519,6.311474530076285,6.311474530076285,6.343741447722753,6.482645398139921,6.5,6.6332495807108,6.6332495807108,7.039248568431383,7.278708115918284,7.565340375687005,7.661028522639199,6.311474530076285,6.5,29.044027881055953,19.84155991851447,29.98645527567405,20.89706917249402,6.5,6.718318425702655,13.00534078326627,26.386023236217735,10.532123234880551,30.572659354397025,
5.966573556070519,6.311474530076285,6.311474530076285,6.311474530076285,6.343741447722753,6.482645398139921,6.5,6.5,6.5,6.6332495807108,6.6332495807108,6.718318425702655,20.27039439401436,20.731752351298134,27.34146220587984,26.386023236217735,9.499177595981665,17.795894963474595,16.021669000170377,22.094965489902897,17.715812146215594,6.482645398139921,18.41572395777285,16.740202358394598,
5.966573556070519,6.311474530076285,6.311474530076285,6.311474530076285,6.343741447722753,6.482645398139921,6.482645398139921,6.5,6.5,6.5,6.6332495807108,6.6332495807108,5.8975089864194326,23.821675470508413,6.323319934970869,24.646951580717285,26.592997198510737,6.311474530076285,11.255725566336954,37.5,26.1951808545007,23.821675470508413,18.469945557280045,14.836524154248252,
5.8975089864194326,5.966573556070519,6.311474530076285,6.311474530076285,6.311474530076285,6.311474530076285,6.323319934970869,6.343741447722753,6.482645398139921,6.482645398139921,6.5,6.5,23.821675470508413,11.988927183030182,9.99999999E8,6.482645398139921,16.769019053003667,14.184057952504283,5.904566480737073,12.119772641798562,6.545991139621257,5.756370598661609,6.311474530076285,22.541571572975826,
5.756370598661609,5.8975089864194326,5.904566480737073,5.966573556070519,6.311474530076285,6.311474530076285,6.311474530076285,6.311474530076285,6.311474530076285,6.323319934970869,6.343741447722753,6.482645398139921,6.311474530076285,18.887413136795626,12.979684981625025,6.119640512317697,16.905784677309587,6.311474530076285,6.343741447722753,6.718318425702655,22.57323681726135,18.29769262927858,5.756370598661609,22.554243005497227,
5.756370598661609,5.756370598661609,5.8975089864194326,5.904566480737073,5.966573556070519,6.119640512317697,6.311474530076285,6.311474530076285,6.311474530076285,6.311474530076285,6.311474530076285,6.311474530076285,18.42691022413045,10.842094834863014,15.140487937976108,18.887413136795626,23.821675470508413,18.469945557280045,16.09284287615879,10.370680807360877,31.50238086240467,6.343741447722753,13.030827645848227,9.872802146413258,
5.756370598661609,5.756370598661609,5.8975089864194326,5.904566480737073,5.966573556070519,6.119640512317697,6.311474530076285,6.311474530076285,6.311474530076285,6.311474530076285,6.311474530076285,6.311474530076285,6.311474530076285,40.5,29.5,6.119640512317697,27.34146220587984,27.34146220587984,6.311474530076285,21.458899668901946,15.115297622680878,18.068456929203144,34.4222150491349,5.936586186989587,
5.756370598661609,5.756370598661609,5.8975089864194326,5.904566480737073,5.936586186989587,5.966573556070519,6.119640512317697,6.119640512317697,6.311474530076285,6.311474530076285,6.311474530076285,6.311474530076285,8.53894491415149,17.09486399477925,6.5942683445549894,23.821675470508413,12.876430760727231,21.75287337341897,5.904566480737073,6.119640512317697,9.742360096347989,9.742360096347989,27.34146220587984,7.736278174936576,
5.756370598661609,5.756370598661609,5.8975089864194326,5.904566480737073,5.904566480737073,5.936586186989587,5.966573556070519,6.119640512317697,6.119640512317697,6.119640512317697,6.311474530076285,6.311474530076285,6.8655518692335145,15.12396690686673,16.11848490260656,5.904566480737073,6.119640512317697,29.044027881055953,6.119640512317697,6.311474530076285,5.936586186989587,6.311474530076285,5.837498512966739,6.311474530076285,
5.756370598661609,5.756370598661609,5.837498512966739,5.8975089864194326,5.904566480737073,5.904566480737073,5.904566480737073,5.936586186989587,5.936586186989587,5.966573556070519,6.119640512317697,6.119640512317697,6.5942683445549894,15.515617132424994,19.12685898661559,5.6258332716140815,17.10829849958845,15.225161922145707,5.8081300777444715,27.34146220587984,9.742360096347989,5.904566480737073,22.554243005497224,17.45868138077889,
5.6258332716140815,5.756370598661609,5.756370598661609,5.8081300777444715,5.837498512966739,5.8975089864194326,5.904566480737073,5.904566480737073,5.904566480737073,5.904566480737073,5.936586186989587,5.936586186989587,6.545991139621257,26.49882072847771,23.765638126411744,7.212814385385547,5.8975089864194326,14.583941786248714,21.458899668901946,7.0189248551647125,12.449079959448197,25.163465580082566,10.804368329523017,23.821675470508413,
5.6258332716140815,5.756370598661609,5.756370598661609,5.8081300777444715,5.837498512966739,5.8975089864194326,5.8975089864194326,5.904566480737073,5.904566480737073,5.904566480737073,5.904566480737073,5.936586186989587,23.77265001822239,22.297981971469973,6.119640512317697,5.837498512966739,7.565340375687005,23.664319132398465,9.081421817216851,26.49882072847771,16.260381299342274,10.656032113698009,5.756370598661609,23.234386901613686,
5.6258332716140815,5.756370598661609,5.756370598661609,5.756370598661609,5.8081300777444715,5.837498512966739,5.837498512966739,5.8975089864194326,5.8975089864194326,5.904566480737073,5.904566480737073,5.904566480737073,6.311474530076285,22.554243005497227,14.76565919144908,5.554277630799526,15.115297622680878,22.541571572975826,5.8081300777444715,5.418304595660715,13.598293284339531,6.977919319158925,18.439758440880528,5.756370598661609,
5.418304595660715,5.554277630799526,5.6258332716140815,5.756370598661609,5.756370598661609,5.756370598661609,5.756370598661609,5.8081300777444715,5.8081300777444715,5.837498512966739,5.837498512966739,5.8975089864194326,10.259888211985984,27.60774347895894,21.75287337341897,7.704415921493207,5.8081300777444715,5.554277630799526,26.023066690918657,13.899190623917638,4.549052379454474,5.8081300777444715,18.471261462065875,27.8691137282835,
4.549052379454474,5.418304595660715,5.554277630799526,5.554277630799526,5.6258332716140815,5.756370598661609,5.756370598661609,5.756370598661609,5.756370598661609,5.8081300777444715,5.8081300777444715,5.8081300777444715,7.364399160827718,19.715320883795435,7.8636336825845055,20.651203892805434,18.965429075030176,5.833068777069639,17.151894939043906,27.033312782565144,8.043250434433856,8.94427190999916,37.5,4.549052379454474,
4.549052379454474,4.549052379454474,5.418304595660715,5.554277630799526,5.554277630799526,5.6258332716140815,5.756370598661609,5.756370598661609,5.756370598661609,5.756370598661609,5.8081300777444715,5.8081300777444715,4.549052379454474,26.536531423680827,37.2409571424915,5.554277630799526,5.479479113750202,19.089263998384013,26.479945241635225,5.946261404559845,29.044027881055953,7.999023377888078,9.493284414763513,26.49882072847771,
4.549052379454474,4.549052379454474,4.549052379454474,5.418304595660715,5.479479113750202,5.554277630799526,5.554277630799526,5.554277630799526,5.6258332716140815,5.756370598661609,5.756370598661609,5.756370598661609,25.163465580082566,37.2409571424915,37.5,37.5,5.893587617063142,5.554277630799526,40.5,12.483458442830559,27.34146220587984,8.373914794144483,5.554277630799526,19.026297590440446,
4.549052379454474,4.549052379454474,4.549052379454474,5.418304595660715,5.479479113750202,5.554277630799526,5.554277630799526,5.554277630799526,5.554277630799526,5.554277630799526,5.6258332716140815,5.756370598661609,7.697402159170326,15.225161922145707,16.253845698787718,26.49882072847771,14.546477236774544,5.479479113750202,19.026297590440446,16.13032857693854,6.001377252399639,26.49882072847771,25.13165334791963,7.841197293781097,
4.549052379454474,4.549052379454474,4.549052379454474,5.418304595660715,5.479479113750202,5.479479113750202,5.554277630799526,5.554277630799526,5.554277630799526,5.554277630799526,5.554277630799526,5.6258332716140815,7.079720967636496,37.5,5.479479113750202,29.044027881055953,37.2409571424915,7.617394000445604,5.886425061104575,8.380595145930867,17.98765008430939,29.044027881055953,16.13032857693854,14.076181616080722,
4.549052379454474,4.549052379454474,4.549052379454474,5.418304595660715,5.479479113750202,5.479479113750202,5.479479113750202,5.554277630799526,5.554277630799526,5.554277630799526,5.554277630799526,5.554277630799526,40.5,27.34146220587984,37.5,6.106492954089696,5.479479113750202,26.49882072847771,14.4385671803757,37.5,26.49882072847771,5.29383522203182,10.31853779477607,17.55526986406076,
4.549052379454474,4.549052379454474,4.549052379454474,5.29383522203182,5.418304595660715,5.479479113750202,5.479479113750202,5.479479113750202,5.479479113750202,5.554277630799526,5.554277630799526,5.554277630799526,27.34146220587984,17.151894939043906,4.922842166878804,5.072905971925756,8.314979788844282,32.5,4.549052379454474,26.49882072847771,5.599823630379624,20.27039439401436,37.5,16.769019053003667,
4.549052379454474,4.549052379454474,4.549052379454474,4.549052379454474,4.922842166878804,5.072905971925756,5.29383522203182,5.418304595660715,5.479479113750202,5.479479113750202,5.479479113750202,5.479479113750202,20.651203892805434,4.922842166878804,5.383713866839507,40.5,7.283543093852058,37.2409571424915,5.360445410597892,5.418304595660715,5.29383522203182,17.98765008430939,25.13961017995307,14.89966442575134,
4.549052379454474,4.549052379454474,4.549052379454474,4.549052379454474,4.922842166878804,4.922842166878804,5.072905971925756,5.29383522203182,5.29383522203182,5.360445410597892,5.383713866839507,5.418304595660715,14.644870167475785,18.803073034893938,5.072905971925756,19.651653874419832,16.769019053003667,5.383713866839507,6.0608889612003285,23.155722834755128,26.386023236217735,37.2409571424915,16.382917933017914,26.386023236217735,
4.549052379454474,4.549052379454474,4.549052379454474,4.549052379454474,4.922842166878804,4.922842166878804,5.072905971925756,5.072905971925756,5.29383522203182,5.29383522203182,5.360445410597892,5.383713866839507,16.498105951896417,8.043093809268381,4.922842166878804,9.013011427930179,16.81930108205715,16.81930108205715,16.55294535724685,5.072905971925756,5.383713866839507,5.935855035291883,37.5,26.386023236217735,
4.549052379454474,4.549052379454474,4.549052379454474,4.549052379454474,4.922842166878804,4.922842166878804,4.922842166878804,5.072905971925756,5.072905971925756,5.072905971925756,5.29383522203182,5.29383522203182,5.383713866839507,4.922842166878804,5.436085025840128,16.260381299342274,27.625848403261752,28.85981442921782,13.12202347201071,16.29331833059866,5.599823630379624,14.546477236774544,14.870739352462907,26.076809620810597,
4.549052379454474,4.549052379454474,4.549052379454474,4.549052379454474,4.922842166878804,4.922842166878804,4.922842166878804,4.922842166878804,5.072905971925756,5.072905971925756,5.072905971925756,5.29383522203182,18.132996320397673,22.22611077089287,26.479945241635225,9.316651759081692,27.34146220587984,19.188212527486765,14.416543784620417,19.188212527486765,14.546477236774544,4.549052379454474,17.98765008430939,7.039248568431383,
4.549052379454474,4.549052379454474,4.549052379454474,4.549052379454474,4.549052379454474,4.922842166878804,4.922842166878804,4.922842166878804,4.922842166878804,5.072905971925756,5.072905971925756,5.072905971925756,26.386023236217735,5.072905971925756,4.922842166878804,14.184057952504283,27.611591768675705,26.536531423680827,23.77265001822239,17.469616481193857,4.549052379454474,12.928220638931286,23.155722834755128,30.90127649287144,
4.549052379454474,4.549052379454474,4.549052379454474,4.549052379454474,4.549052379454474,4.549052379454474,4.922842166878804,4.922842166878804,4.922842166878804,4.922842166878804,4.922842166878804,5.072905971925756,17.98765008430939,4.871793817476269,12.149074038789951,23.155722834755128,4.549052379454474,20.27039439401436,17.98765008430939,6.6332495807108,26.5,12.759310326189265,23.155722834755128,18.388106182518957,
4.549052379454474,4.549052379454474,4.549052379454474,4.549052379454474,4.549052379454474,4.549052379454474,4.549052379454474,4.871793817476269,4.922842166878804,4.922842166878804,4.922842166878804,4.922842166878804,4.969293465978882,9.406613365074595,20.27039439401436,4.549052379454474,14.546477236774544,14.337208778404378,17.55526986406076,3.4840908267278117,17.55526986406076,14.491376746189438,4.549052379454474,4.703450752329808,
3.4840908267278117,4.549052379454474,4.549052379454474,4.549052379454474,4.549052379454474,4.549052379454474,4.549052379454474,4.549052379454474,4.549052379454474,4.549052379454474,4.703450752329808,4.871793817476269,16.13032857693854,12.212243401148246,16.406934509529805,14.184057952504283,16.498105951896417,4.549052379454474,4.549052379454474,14.337208778404378,41.5,27.34146220587984,16.452583383772897,19.266226926930972,
3.4840908267278117,4.549052379454474,4.549052379454474,4.549052379454474,4.549052379454474,4.549052379454474,4.549052379454474,4.549052379454474,4.549052379454474,4.549052379454474,4.549052379454474,4.549052379454474,16.260381299342274,3.4840908267278117,5.851014869234225,20.27039439401436,3.4840908267278117,14.306903927824496,17.98765008430939,4.549052379454474,37.5,4.549052379454474,12.889487533990206,17.151894939043906,
3.4840908267278117,3.4840908267278117,3.4840908267278117,4.549052379454474,4.549052379454474,4.549052379454474,4.549052379454474,4.549052379454474,4.549052379454474,4.549052379454474,4.549052379454474,4.549052379454474,4.922842166878804,22.88133640230735,25.223445883190152,14.184057952504283,19.266226926930972,8.745534574855903,3.4840908267278117,32.5,13.988834833537782,29.5,4.549052379454474,29.5,
3.4840908267278117,3.4840908267278117,3.4840908267278117,3.4840908267278117,4.549052379454474,4.549052379454474,4.549052379454474,4.549052379454474,4.549052379454474,4.549052379454474,4.549052379454474,4.549052379454474,8.127115109311545,40.5,3.9434782119549316,26.260236099471765,6.6332495807108,12.149074038789951,27.34146220587984,29.5,25.893478372405326,14.337208778404378,25.163465580082566,7.60504665954638,
3.4840908267278117,3.4840908267278117,3.4840908267278117,3.4840908267278117,3.9434782119549316,4.549052379454474,4.549052379454474,4.549052379454474,4.549052379454474,4.549052379454474,4.549052379454474,4.549052379454474,5.383713866839507,23.155722834755128,13.933373205684576,17.033463795977873,16.59735588044741,24.81305100143874,7.033649282003065,5.617029500382142,15.192103211866355,4.549052379454474,5.383713866839507,4.549052379454474,
3.4840908267278117,3.4840908267278117,3.4840908267278117,3.4840908267278117,3.9434782119549316,4.549052379454474,4.549052379454474,4.549052379454474,4.549052379454474,4.549052379454474,4.549052379454474,4.549052379454474,40.5,12.149074038789951,4.969293465978882,10.825894882179487,3.4840908267278117,41.5,20.038851153585515,37.2409571424915,12.149074038789951,26.386023236217735,31.051368729896595,19.188212527486765,
3.4840908267278117,3.4840908267278117,3.4840908267278117,3.4840908267278117,3.4840908267278117,3.9434782119549316,4.549052379454474,4.549052379454474,4.549052379454474,4.549052379454474,4.549052379454474,4.549052379454474,23.155722834755128,4.549052379454474,14.212670403551895,3.4840908267278117,4.549052379454474,19.266226926930972,14.184057952504283,4.549052379454474,8.998866141727785,4.969293465978882,17.98765008430939,5.677532474587882,
3.4840908267278117,3.4840908267278117,3.4840908267278117,3.4840908267278117,3.4840908267278117,3.4840908267278117,3.9434782119549316,4.549052379454474,4.549052379454474,4.549052379454474,4.549052379454474,4.549052379454474,14.184057952504283,16.607394604680035,9.99999999E8,14.184057952504283,9.99999999E8,40.5,8.01463505095522,12.149074038789951,37.5,29.044027881055953,4.549052379454474,13.474255287605157,
3.4840908267278117,3.4840908267278117,3.4840908267278117,3.4840908267278117,3.4840908267278117,3.4840908267278117,3.9434782119549316,4.549052379454474,4.549052379454474,4.549052379454474,4.549052379454474,4.549052379454474,15.401298646542765,3.4840908267278117,27.34146220587984,3.4840908267278117,5.599823630379624,12.149074038789951,6.6424731071786685,5.170529469986609,12.149074038789951,20.27039439401436,15.192103211866355,11.767422072069238,
3.4840908267278117,3.4840908267278117,3.4840908267278117,3.4840908267278117,3.4840908267278117,3.4840908267278117,3.4840908267278117,3.4840908267278117,3.9434782119549316,4.549052379454474,4.549052379454474,4.549052379454474,28.075295585660754,4.969293465978882,16.13032857693854,16.81930108205715,3.4840908267278117,14.491376746189438,14.184057952504283,3.4840908267278117,14.546477236774544,3.4840908267278117,26.5,15.225161922145707,
3.4840908267278117,3.4840908267278117,3.4840908267278117,3.4840908267278117,3.4840908267278117,3.4840908267278117,3.4840908267278117,3.4840908267278117,3.4840908267278117,3.4840908267278117,3.4840908267278117,3.9434782119549316,17.98765008430939,27.34146220587984,4.374801582802229,14.491376746189438,29.044027881055953,4.793703353017862,8.322578093502576,12.759310326189265,15.225161922145707,32.5,40.5,31.115711465431737,
3.4840908267278117,3.4840908267278117,3.4840908267278117,3.4840908267278117,3.4840908267278117,3.4840908267278117,3.4840908267278117,3.4840908267278117,3.4840908267278117,3.4840908267278117,3.4840908267278117,3.9434782119549316,40.5,3.4840908267278117,3.4840908267278117,4.549052379454474,16.81930108205715,8.745534574855903,19.362047641943473,32.5,4.642796092394706,5.138887356744271,5.026460595931194,8.822512946654006,
3.4840908267278117,3.4840908267278117,3.4840908267278117,3.4840908267278117,3.4840908267278117,3.4840908267278117,3.4840908267278117,3.4840908267278117,3.4840908267278117,3.4840908267278117,3.4840908267278117,3.4840908267278117,28.314086600135983,7.9737222746707355,3.4840908267278117,3.4840908267278117,37.95025984393549,8.322578093502576,14.491376746189438,5.764926278800103,5.383713866839507,9.629868898380705,17.55526986406076,8.523496934944014,
3.4840908267278117,3.4840908267278117,3.4840908267278117,3.4840908267278117,3.4840908267278117,3.4840908267278117,3.4840908267278117,3.4840908267278117,3.4840908267278117,3.4840908267278117,3.4840908267278117,3.4840908267278117,37.5,7.266743118863881,4.121210380458634,4.374801582802229,14.491376746189438,3.4840908267278117,5.138887356744271,18.92675942210452,3.4840908267278117,26.386023236217735,5.026460595931194,7.402702209328699,
3.4840908267278117,3.4840908267278117,3.4840908267278117,3.4840908267278117,3.4840908267278117,3.4840908267278117,3.4840908267278117,3.4840908267278117,3.4840908267278117,3.4840908267278117,3.4840908267278117,3.4840908267278117,40.5,13.130118049735882,20.765355763867856,27.34146220587984,3.4840908267278117,3.4840908267278117,7.402702209328699,3.4840908267278117,8.322578093502576,14.566657131957214,27.34146220587984,31.09483701338357,
3.4840908267278117,3.4840908267278117,3.4840908267278117,3.4840908267278117,3.4840908267278117,3.4840908267278117,3.4840908267278117,3.4840908267278117,3.4840908267278117,3.4840908267278117,3.4840908267278117,3.4840908267278117,3.4840908267278117,40.5,13.933373205684576,7.402702209328699,16.498105951896417,2.4776781245530843,26.386023236217735,40.5,3.4840908267278117,14.337208778404378,40.5,13.988834833537782,
2.4776781245530843,3.4840908267278117,3.4840908267278117,3.4840908267278117,3.4840908267278117,3.4840908267278117,3.4840908267278117,3.4840908267278117,3.4840908267278117,3.4840908267278117,3.4840908267278117,3.4840908267278117,3.4840908267278117,16.235762994081924,13.999441953163705,3.4840908267278117,3.4840908267278117,37.2409571424915,3.4840908267278117,10.917302780449024,11.143944544011335,2.4776781245530843,27.34146220587984,30.346151137976115,
2.4776781245530843,2.4776781245530843,3.4840908267278117,3.4840908267278117,3.4840908267278117,3.4840908267278117,3.4840908267278117,3.4840908267278117,3.4840908267278117,3.4840908267278117,3.4840908267278117,3.4840908267278117,10.917302780449024,12.941105911869442,4.61143211187685,12.922058343651551,3.4840908267278117,4.969293465978882,27.34146220587984,33.038697848970315,25.223445883190152,4.642796092394706,37.2409571424915,4.969293465978882,
2.4776781245530843,2.4776781245530843,3.4840908267278117,3.4840908267278117,3.4840908267278117,3.4840908267278117,3.4840908267278117,3.4840908267278117,3.4840908267278117,3.4840908267278117,3.4840908267278117,3.4840908267278117,29.044027881055953,3.4840908267278117,13.296825017858795,41.5,7.402702209328699,14.061805538407933,33.00841643513902,3.4840908267278117,3.4840908267278117,3.4840908267278117,37.5,14.337208778404378,
2.4776781245530843,2.4776781245530843,3.4840908267278117,3.4840908267278117,3.4840908267278117,3.4840908267278117,3.4840908267278117,3.4840908267278117,3.4840908267278117,3.4840908267278117,3.4840908267278117,3.4840908267278117,14.546477236774544,12.449079959448197,18.579558659989747,8.94427190999916,3.4840908267278117,22.172054483064937,3.4840908267278117,19.188212527486765,26.386023236217735,41.5,29.5,3.4840908267278117,
2.4776781245530843,2.4776781245530843,3.4840908267278117,3.4840908267278117,3.4840908267278117,3.4840908267278117,3.4840908267278117,3.4840908267278117,3.4840908267278117,3.4840908267278117,3.4840908267278117,3.4840908267278117,13.296825017858795,5.498579361980693,26.386023236217735,4.374801582802229,16.049922118191105,13.399664936414018,8.65383665716478,3.4840908267278117,23.155722834755128,16.673332000533065,4.642796092394706,27.34146220587984,
2.4776781245530843,2.4776781245530843,3.4840908267278117,3.4840908267278117,3.4840908267278117,3.4840908267278117,3.4840908267278117,3.4840908267278117,3.4840908267278117,3.4840908267278117,3.4840908267278117,3.4840908267278117,16.13032857693854,23.155722834755128,28.075295585660754,10.372089804546635,2.4776781245530843,3.4840908267278117,7.8636336825845055,3.4840908267278117,3.4840908267278117,16.46629554237652,27.34146220587984,7.1545440106270926,
2.4776781245530843,2.4776781245530843,2.4776781245530843,3.4840908267278117,3.4840908267278117,3.4840908267278117,3.4840908267278117,3.4840908267278117,3.4840908267278117,3.4840908267278117,3.4840908267278117,3.4840908267278117,27.34146220587984,14.564988461680597,24.99777767900357,3.4840908267278117,5.072905971925756,16.13032857693854,8.65383665716478,5.962467644202631,2.4776781245530843,28.075295585660754,19.95341797509612,14.564988461680597,
2.4776781245530843,2.4776781245530843,2.4776781245530843,2.4776781245530843,3.4840908267278117,3.4840908267278117,3.4840908267278117,3.4840908267278117,3.4840908267278117,3.4840908267278117,3.4840908267278117,3.4840908267278117,3.4840908267278117,2.4776781245530843,6.899275324264136,4.642796092394706,4.948168853222372,3.4840908267278117,13.227985176765761,14.337208778404378,5.1110125199995196,3.4840908267278117,15.400892831261439,3.4840908267278117,
2.4776781245530843,2.4776781245530843,2.4776781245530843,2.4776781245530843,2.4776781245530843,3.4840908267278117,3.4840908267278117,3.4840908267278117,3.4840908267278117,3.4840908267278117,3.4840908267278117,3.4840908267278117,14.060138690638865,16.528384676065595,23.155722834755128,14.060138690638865,29.5,26.549743668986505,2.4776781245530843,26.5,26.5,16.528384676065595,16.81930108205715,2.4776781245530843,
2.4776781245530843,2.4776781245530843,2.4776781245530843,2.4776781245530843,2.4776781245530843,2.4776781245530843,2.4776781245530843,3.4840908267278117,3.4840908267278117,3.4840908267278117,3.4840908267278117,3.4840908267278117,21.23414441151065,6.899275324264136,14.932501191586582,19.803724397193573,3.4840908267278117,25.5,2.4776781245530843,9.465727652959385,12.601587201618692,26.5,2.4776781245530843,28.802006102970598,
2.4776781245530843,2.4776781245530843,2.4776781245530843,2.4776781245530843,2.4776781245530843,2.4776781245530843,2.4776781245530843,2.4776781245530843,2.4776781245530843,3.4840908267278117,3.4840908267278117,3.4840908267278117,26.479945241635225,2.4776781245530843,3.4840908267278117,19.549616364522347,3.9434782119549316,37.5,30.5,8.512880581945758,8.65383665716478,14.491376746189438,6.899275324264136,2.4776781245530843,
2.4776781245530843,2.4776781245530843,2.4776781245530843,2.4776781245530843,2.4776781245530843,2.4776781245530843,2.4776781245530843,2.4776781245530843,2.4776781245530843,2.4776781245530843,2.4776781245530843,3.4840908267278117,23.155722834755128,27.34146220587984,18.92675942210452,19.549616364522347,14.491376746189438,2.4776781245530843,6.899275324264136,16.498105951896417,19.089263998384013,20.24073862288627,27.34146220587984,2.4776781245530843,
2.4776781245530843,2.4776781245530843,2.4776781245530843,2.4776781245530843,2.4776781245530843,2.4776781245530843,2.4776781245530843,2.4776781245530843,2.4776781245530843,2.4776781245530843,2.4776781245530843,2.4776781245530843,26.49882072847771,14.184057952504283,4.597369081239378,2.4776781245530843,2.4776781245530843,16.498105951896417,14.491376746189438,27.34146220587984,16.498105951896417,21.69792616818483,2.4776781245530843,25.5,
2.4776781245530843,2.4776781245530843,2.4776781245530843,2.4776781245530843,2.4776781245530843,2.4776781245530843,2.4776781245530843,2.4776781245530843,2.4776781245530843,2.4776781245530843,2.4776781245530843,2.4776781245530843,5.138887356744271,2.4776781245530843,7.312470322826768,32.5,14.463747785411636,12.953859237146375,2.4776781245530843,2.4776781245530843,19.188212527486765,16.498105951896417,4.290473547908916,40.5,
2.4776781245530843,2.4776781245530843,2.4776781245530843,2.4776781245530843,2.4776781245530843,2.4776781245530843,2.4776781245530843,2.4776781245530843,2.4776781245530843,2.4776781245530843,2.4776781245530843,2.4776781245530843,2.4776781245530843,20.27039439401436,12.941105911869442,17.515707236649053,8.65383665716478,7.945998294040144,8.508818954473059,4.442338910979215,8.65383665716478,2.4776781245530843,8.166241485530538,13.474255287605157,
2.4776781245530843,2.4776781245530843,2.4776781245530843,2.4776781245530843,2.4776781245530843,2.4776781245530843,2.4776781245530843,2.4776781245530843,2.4776781245530843,2.4776781245530843,2.4776781245530843,2.4776781245530843,5.88993701364381,19.188212527486765,11.618071777912833,5.026460595931194,19.089263998384013,3.4840908267278117,3.3466401061363023,2.4776781245530843,3.4840908267278117,24.81305100143874,27.788261910382232,6.05754715631834,
2.4776781245530843,2.4776781245530843,2.4776781245530843,2.4776781245530843,2.4776781245530843,2.4776781245530843,2.4776781245530843,2.4776781245530843,2.4776781245530843,2.4776781245530843,2.4776781245530843,2.4776781245530843,5.218656436287025,7.26674311886388,17.98765008430939,11.143944544011335,13.725887949418793,8.65383665716478,3.4840908267278117,15.173075568988057,16.673332000533065,14.306903927824496,14.347011350587186,6.05754715631834,
2.4776781245530843,2.4776781245530843,2.4776781245530843,2.4776781245530843,2.4776781245530843,2.4776781245530843,2.4776781245530843,2.4776781245530843,2.4776781245530843,2.4776781245530843,2.4776781245530843,2.4776781245530843,21.171259344267224,3.4840908267278117,12.649110640673518,7.266743118863881,14.491376746189438,23.155722834755128,4.290473547908916,22.297981971469973,3.9434782119549316,19.97967717456916,6.184408911144776,3.4840908267278117,
2.4776781245530843,2.4776781245530843,2.4776781245530843,2.4776781245530843,2.4776781245530843,2.4776781245530843,2.4776781245530843,2.4776781245530843,2.4776781245530843,2.4776781245530843,2.4776781245530843,2.4776781245530843,12.941105911869442,18.92675942210452,20.24073862288627,5.946261404559846,19.188212527486765,2.4776781245530843,25.5,4.871793817476269,3.136356914300021,5.337075510052299,20.765355763867856,27.012728481217888,
2.4776781245530843,2.4776781245530843,2.4776781245530843,2.4776781245530843,2.4776781245530843,2.4776781245530843,2.4776781245530843,2.4776781245530843,2.4776781245530843,2.4776781245530843,2.4776781245530843,2.4776781245530843,2.4776781245530843,6.05754715631834,2.4776781245530843,3.3466401061363023,16.13032857693854,16.917077170717167,2.4776781245530843,3.4840908267278117,19.188212527486765,22.49753072870196,17.98765008430939,3.9434782119549316,
2.4776781245530843,2.4776781245530843,2.4776781245530843,2.4776781245530843,2.4776781245530843,2.4776781245530843,2.4776781245530843,2.4776781245530843,2.4776781245530843,2.4776781245530843,2.4776781245530843,2.4776781245530843,5.337075510052299,21.75287337341897,29.044027881055953,14.347011350587186,2.4776781245530843,2.4776781245530843,13.988834833537782,2.4776781245530843,18.92675942210452,4.421653583012046,15.173075568988057,2.4776781245530843,
2.4776781245530843,2.4776781245530843,2.4776781245530843,2.4776781245530843,2.4776781245530843,2.4776781245530843,2.4776781245530843,2.4776781245530843,2.4776781245530843,2.4776781245530843,2.4776781245530843,2.4776781245530843,19.849433241279208,2.4776781245530843,8.65383665716478,27.34146220587984,9.172725270544676,32.5,16.498105951896417,29.044027881055953,3.4840908267278117,17.98765008430939,3.4840908267278117,16.498105951896417,
2.4776781245530843,2.4776781245530843,2.4776781245530843,2.4776781245530843,2.4776781245530843,2.4776781245530843,2.4776781245530843,2.4776781245530843,2.4776781245530843,2.4776781245530843,2.4776781245530843,2.4776781245530843,7.495832175282475,2.4776781245530843,3.9434782119549316,2.4776781245530843,21.75287337341897,3.4840908267278117,23.155722834755128,7.26674311886388,14.028542333400146,23.155722834755128,20.79422996891205,23.155722834755128,
2.4776781245530843,2.4776781245530843,2.4776781245530843,2.4776781245530843,2.4776781245530843,2.4776781245530843,2.4776781245530843,2.4776781245530843,2.4776781245530843,2.4776781245530843,2.4776781245530843,2.4776781245530843,16.57709262808168,13.933373205684576,37.5,26.5,19.6468827043885,14.184057952504283,29.044027881055953,15.173075568988057,4.421653583012046,27.012728481217888,18.92675942210452,25.223445883190152,
2.4776781245530843,2.4776781245530843,2.4776781245530843,2.4776781245530843,2.4776781245530843,2.4776781245530843,2.4776781245530843,2.4776781245530843,2.4776781245530843,2.4776781245530843,2.4776781245530843,2.4776781245530843,21.171259344267224,3.4840908267278117,3.3466401061363023,22.117866081518805,4.61143211187685,2.4776781245530843,8.65383665716478,14.491376746189438,6.299801584177076,12.5,2.4776781245530843,17.98765008430939,
2.4776781245530843,2.4776781245530843,2.4776781245530843,2.4776781245530843,2.4776781245530843,2.4776781245530843,2.4776781245530843,2.4776781245530843,2.4776781245530843,2.4776781245530843,2.4776781245530843,2.4776781245530843,14.491376746189438,3.3466401061363023,8.149120398258091,3.7155828016013257,11.081516141756055,12.280065146407,18.451889394374284,7.623808036643618,11.143944544011335,3.4840908267278117,11.081516141756055,3.4840908267278117,
2.4776781245530843,2.4776781245530843,2.4776781245530843,2.4776781245530843,2.4776781245530843,2.4776781245530843,2.4776781245530843,2.4776781245530843,2.4776781245530843,2.4776781245530843,2.4776781245530843,2.4776781245530843,2.4776781245530843,29.439556722206262,17.98765008430939,4.61143211187685,27.32926799035951,26.386023236217735,6.291283407507585,7.819136070493267,2.4776781245530843,28.075295585660754,12.287375302998386,3.4840908267278117,
2.4776781245530843,2.4776781245530843,2.4776781245530843,2.4776781245530843,2.4776781245530843,2.4776781245530843,2.4776781245530843,2.4776781245530843,2.4776781245530843,2.4776781245530843,2.4776781245530843,2.4776781245530843,17.98765008430939,2.4776781245530843,4.948168853222372,4.786813161897337,4.421653583012046,23.155722834755128,3.4840908267278117,22.993205518152532,13.311649033834989,8.65383665716478,3.3466401061363023,3.9434782119549316,
2.4776781245530843,2.4776781245530843,2.4776781245530843,2.4776781245530843,2.4776781245530843,2.4776781245530843,2.4776781245530843,2.4776781245530843,2.4776781245530843,2.4776781245530843,2.4776781245530843,2.4776781245530843,26.04611295375953,11.64474130240771,27.34146220587984,14.491376746189438,4.120630029101703,11.277743568639961,2.4776781245530843,14.184057952504283,8.87693640846886,6.899275324264136,5.851014869234225,13.474255287605157,
2.4776781245530843,2.4776781245530843,2.4776781245530843,2.4776781245530843,2.4776781245530843,2.4776781245530843,2.4776781245530843,2.4776781245530843,2.4776781245530843,2.4776781245530843,2.4776781245530843,2.4776781245530843,17.98765008430939,16.618889854620253,15.192103211866355,29.044027881055953,14.212670403551895,6.011562932290477,25.5,12.941105911869442,26.386023236217735,13.12202347201071,2.4776781245530843,37.5,
2.4776781245530843,2.4776781245530843,2.4776781245530843,2.4776781245530843,2.4776781245530843,2.4776781245530843,2.4776781245530843,2.4776781245530843,2.4776781245530843,2.4776781245530843,2.4776781245530843,2.4776781245530843,2.4776781245530843,13.36740438529485,17.98765008430939,19.601587237318874,3.4840908267278117,17.55526986406076,6.899275324264136,12.216152217453743,7.470105028431827,25.897635027160298,20.104414938017968,5.230489909306586,
2.4776781245530843,2.4776781245530843,2.4776781245530843,2.4776781245530843,2.4776781245530843,2.4776781245530843,2.4776781245530843,2.4776781245530843,2.4776781245530843,2.4776781245530843,2.4776781245530843,2.4776781245530843,20.27039439401436,40.5,6.899275324264136,14.184057952504283,14.028542333400146,10.960788698304922,40.5,27.32926799035951,23.155722834755128,3.4840908267278117,4.421653583012046,14.491376746189438,
2.4776781245530843,2.4776781245530843,2.4776781245530843,2.4776781245530843,2.4776781245530843,2.4776781245530843,2.4776781245530843,2.4776781245530843,2.4776781245530843,2.4776781245530843,2.4776781245530843,2.4776781245530843,9.150648884095597,2.4776781245530843,5.429951657243368,2.4776781245530843,10.987919502799427,26.386023236217735,13.725887949418793,25.5,2.4776781245530843,17.98765008430939,19.131126469708992,16.81930108205715,
2.4776781245530843,2.4776781245530843,2.4776781245530843,2.4776781245530843,2.4776781245530843,2.4776781245530843,2.4776781245530843,2.4776781245530843,2.4776781245530843,2.4776781245530843,2.4776781245530843,2.4776781245530843,19.929877069364977,19.638928178492836,2.4776781245530843,2.4776781245530843,37.5,20.24073862288627,5.977823600609171,27.34146220587984,26.386023236217735,12.941105911869442,12.336429791475327,10.917302780449024,
2.4776781245530843,2.4776781245530843,2.4776781245530843,2.4776781245530843,2.4776781245530843,2.4776781245530843,2.4776781245530843,2.4776781245530843,2.4776781245530843,2.4776781245530843,2.4776781245530843,2.4776781245530843,11.575836902790225,12.508885730640529,25.163465580082566,11.277743568639961,5.851014869234225,14.184057952504283,37.5,17.808393776219372,6.431020501550125,3.3466401061363023,2.4776781245530843,4.8529393575608655,
2.4776781245530843,2.4776781245530843,2.4776781245530843,2.4776781245530843,2.4776781245530843,2.4776781245530843,2.4776781245530843,2.4776781245530843,2.4776781245530843,2.4776781245530843,2.4776781245530843,2.4776781245530843,37.5,3.4840908267278117,6.5,3.4840908267278117,8.318653737234168,2.4776781245530843,2.4776781245530843,7.716930763468288,16.498105951896417,27.34146220587984,20.27039439401436,19.188212527486765,
2.4776781245530843,2.4776781245530843,2.4776781245530843,2.4776781245530843,2.4776781245530843,2.4776781245530843,2.4776781245530843,2.4776781245530843,2.4776781245530843,2.4776781245530843,2.4776781245530843,2.4776781245530843,19.549616364522347,9.99999999E8,11.724854891307707,18.833148966649205,2.4776781245530843,27.34146220587984,14.337208778404378,3.9434782119549316,2.4776781245530843,28.075295585660754,3.4840908267278117,19.188212527486765,
2.4776781245530843,2.4776781245530843,2.4776781245530843,2.4776781245530843,2.4776781245530843,2.4776781245530843,2.4776781245530843,2.4776781245530843,2.4776781245530843,2.4776781245530843,2.4776781245530843,2.4776781245530843,2.4776781245530843,19.803724397193573,12.601587201618692,17.594190960528863,16.211107303327555,11.60549438843516,6.002057260475336,2.4776781245530843,28.075295585660754,3.4840908267278117,11.788960591873005,40.5,
2.4776781245530843,2.4776781245530843,2.4776781245530843,2.4776781245530843,2.4776781245530843,2.4776781245530843,2.4776781245530843,2.4776781245530843,2.4776781245530843,2.4776781245530843,2.4776781245530843,2.4776781245530843,24.592794789440983,7.881779556647841,28.075295585660754,20.765054779605084,27.10719461692781,29.044027881055953,23.155722834755128,14.184057952504283,28.252212302756046,13.740653388960641,3.9434782119549316,10.960788698304922,
2.4776781245530843,2.4776781245530843,2.4776781245530843,2.4776781245530843,2.4776781245530843,2.4776781245530843,2.4776781245530843,2.4776781245530843,2.4776781245530843,2.4776781245530843,2.4776781245530843,2.4776781245530843,16.618889854620253,2.4776781245530843,26.386023236217735,28.76726534718856,28.940552094864323,40.5,10.960788698304922,10.960788698304922,5.588772226527039,4.421653583012046,8.958064164776168,32.5,
2.4776781245530843,2.4776781245530843,2.4776781245530843,2.4776781245530843,2.4776781245530843,2.4776781245530843,2.4776781245530843,2.4776781245530843,2.4776781245530843,2.4776781245530843,2.4776781245530843,2.4776781245530843,14.184057952504283,25.5,27.040478915877213,12.5,19.188212527486765,4.421653583012046,6.05754715631834,20.79422996891205,2.4776781245530843,5.218656436287025,37.5,25.5,
2.4776781245530843,2.4776781245530843,2.4776781245530843,2.4776781245530843,2.4776781245530843,2.4776781245530843,2.4776781245530843,2.4776781245530843,2.4776781245530843,2.4776781245530843,2.4776781245530843,2.4776781245530843,3.4840908267278117,3.8332593899996397,3.4840908267278117,2.4776781245530843,18.469945557280045,2.4776781245530843,3.4840908267278117,3.3466401061363023,37.5,28.075295585660754,14.546477236774544,14.477568856683085,
2.4776781245530843,2.4776781245530843,2.4776781245530843,2.4776781245530843,2.4776781245530843,2.4776781245530843,2.4776781245530843,2.4776781245530843,2.4776781245530843,2.4776781245530843,2.4776781245530843,2.4776781245530843,21.241174637952582,4.8202048711647105,4.8529393575608655,4.948168853222372,9.334821309960299,3.4840908267278117,2.4776781245530843,16.81930108205715,21.75287337341897,3.4840908267278117,21.241174637952582,4.969293465978882,
2.4776781245530843,2.4776781245530843,2.4776781245530843,2.4776781245530843,2.4776781245530843,2.4776781245530843,2.4776781245530843,2.4776781245530843,2.4776781245530843,2.4776781245530843,2.4776781245530843,2.4776781245530843,16.498105951896417,25.5,18.833148966649205,11.454256850621082,16.917077170717167,2.4776781245530843,6.899275324264136,12.628712325490671,19.188212527486765,13.36740438529485,8.65383665716478,6.075654717552141,
2.4776781245530843,2.4776781245530843,2.4776781245530843,2.4776781245530843,2.4776781245530843,2.4776781245530843,2.4776781245530843,2.4776781245530843,2.4776781245530843,2.4776781245530843,2.4776781245530843,2.4776781245530843,27.10719461692781,13.12202347201071,11.319844914524621,2.4776781245530843,9.172725270544676,12.5,12.649110640673518,19.803724397193573,3.4840908267278117,4.948168853222372,27.34146220587984,2.4776781245530843,
2.4776781245530843,2.4776781245530843,2.4776781245530843,2.4776781245530843,2.4776781245530843,2.4776781245530843,2.4776781245530843,2.4776781245530843,2.4776781245530843,2.4776781245530843,2.4776781245530843,2.4776781245530843,3.4840908267278117,7.042726744663604,16.81930108205715,2.4776781245530843,11.54068888758379,6.899275324264136,20.24073862288627,6.833291853200799,6.431020501550125,19.72815247305231,20.24073862288627,8.65383665716478,
2.4776781245530843,2.4776781245530843,2.4776781245530843,2.4776781245530843,2.4776781245530843,2.4776781245530843,2.4776781245530843,2.4776781245530843,2.4776781245530843,2.4776781245530843,2.4776781245530843,2.4776781245530843,4.271640619275797,4.421653583012046,21.14565886627534,5.337075510052299,2.4776781245530843,26.5,22.135943621178654,13.754544703478919,2.4776781245530843,12.5,5.383713866839507,13.12202347201071,
2.4776781245530843,2.4776781245530843,2.4776781245530843,2.4776781245530843,2.4776781245530843,2.4776781245530843,2.4776781245530843,2.4776781245530843,2.4776781245530843,2.4776781245530843,2.4776781245530843,2.4776781245530843,2.4776781245530843,2.4776781245530843,28.075295585660754,18.496996753226966,3.4840908267278117,5.360445410597892,27.34146220587984,16.498105951896417,14.564988461680597,14.184057952504283,4.421653583012046,17.58408371226661,
2.4776781245530843,2.4776781245530843,2.4776781245530843,2.4776781245530843,2.4776781245530843,2.4776781245530843,2.4776781245530843,2.4776781245530843,2.4776781245530843,2.4776781245530843,2.4776781245530843,2.4776781245530843,11.64474130240771,28.075295585660754,2.4776781245530843,23.821675470508413,13.77270852083932,12.563309066240375,16.13032857693854,9.264811638337692,3.4840908267278117,38.6551707048646,2.4776781245530843,28.940552094864323,
2.4776781245530843,2.4776781245530843,2.4776781245530843,2.4776781245530843,2.4776781245530843,2.4776781245530843,2.4776781245530843,2.4776781245530843,2.4776781245530843,2.4776781245530843,2.4776781245530843,2.4776781245530843,12.322204944484472,14.306903927824496,8.65383665716478,19.188212527486765,7.1799039275023215,3.9434782119549316,28.075295585660754,13.725887949418793,26.042033330752037,3.4840908267278117,11.629703349613008,12.598983093884998,
2.4776781245530843,2.4776781245530843,2.4776781245530843,2.4776781245530843,2.4776781245530843,2.4776781245530843,2.4776781245530843,2.4776781245530843,2.4776781245530843,2.4776781245530843,2.4776781245530843,2.4776781245530843,4.421653583012046,20.27039439401436,16.911534525287763,16.9647419413265,26.386023236217735,3.4840908267278117,19.188212527486765,28.075295585660754,13.36740438529485,16.46629554237652,3.136356914300021,14.184057952504283,
2.4776781245530843,2.4776781245530843,2.4776781245530843,2.4776781245530843,2.4776781245530843,2.4776781245530843,2.4776781245530843,2.4776781245530843,2.4776781245530843,2.4776781245530843,2.4776781245530843,2.4776781245530843,2.4776781245530843,16.528384676065595,4.948168853222372,11.610340218959994,7.042726744663604,2.4776781245530843,2.4776781245530843,17.640507362318125,29.044027881055953,16.81930108205715,13.508677766532148,12.409673645990857,
2.4776781245530843,2.4776781245530843,2.4776781245530843,2.4776781245530843,2.4776781245530843,2.4776781245530843,2.4776781245530843,2.4776781245530843,2.4776781245530843,2.4776781245530843,2.4776781245530843,2.4776781245530843,26.536531423680827,19.266226926930972,7.312470322826768,26.19160170741759,12.409673645990857,14.491376746189438,4.61143211187685,23.155722834755128,26.053790511171304,30.5,31.8468557666565,3.4840908267278117,
2.4776781245530843,2.4776781245530843,2.4776781245530843,2.4776781245530843,2.4776781245530843,2.4776781245530843,2.4776781245530843,2.4776781245530843,2.4776781245530843,2.4776781245530843,2.4776781245530843,2.4776781245530843,26.386023236217735,20.27039439401436,29.044027881055953,4.948168853222372,9.393315442377094,12.601587201618692,20.27039439401436,21.75287337341897,3.4840908267278117,2.4776781245530843,17.795894963474595,21.241174637952582,
2.4776781245530843,2.4776781245530843,2.4776781245530843,2.4776781245530843,2.4776781245530843,2.4776781245530843,2.4776781245530843,2.4776781245530843,2.4776781245530843,2.4776781245530843,2.4776781245530843,2.4776781245530843,8.508818954473059,8.65383665716478,11.497282287566918,10.917302780449024,27.34146220587984,13.296825017858795,3.4840908267278117,14.184057952504283,7.819136070493267,11.454256850621082,25.5,13.311649033834989,
2.4776781245530843,2.4776781245530843,2.4776781245530843,2.4776781245530843,2.4776781245530843,2.4776781245530843,2.4776781245530843,2.4776781245530843,2.4776781245530843,2.4776781245530843,2.4776781245530843,2.4776781245530843,26.5,2.4776781245530843,16.498105951896417,3.4840908267278117,2.4776781245530843,3.4840908267278117,12.941105911869442,14.38363267359428,2.4776781245530843,25.223445883190152,2.4776781245530843,2.4776781245530843,
2.4776781245530843,2.4776781245530843,2.4776781245530843,2.4776781245530843,2.4776781245530843,2.4776781245530843,2.4776781245530843,2.4776781245530843,2.4776781245530843,2.4776781245530843,2.4776781245530843,2.4776781245530843,28.110891523077356,2.4776781245530843,2.4776781245530843,2.4776781245530843,22.40954037904392,9.31095470674304,5.84700778176325,18.547236990991408,29.044027881055953,11.64474130240771,9.190877119308157,2.4776781245530843,
2.4776781245530843,2.4776781245530843,2.4776781245530843,2.4776781245530843,2.4776781245530843,2.4776781245530843,2.4776781245530843,2.4776781245530843,2.4776781245530843,2.4776781245530843,2.4776781245530843,2.4776781245530843,17.98765008430939,14.797959042946925,6.64371047599825,6.899275324264136,2.4776781245530843,15.769951110409043,20.27039439401436,19.188212527486765,26.386023236217735,2.4776781245530843,27.698149757700424,17.618172436436193,
2.4776781245530843,2.4776781245530843,2.4776781245530843,2.4776781245530843,2.4776781245530843,2.4776781245530843,2.4776781245530843,2.4776781245530843,2.4776781245530843,2.4776781245530843,2.4776781245530843,2.4776781245530843,22.117866081518805,4.61143211187685,11.837332849066627,3.4840908267278117,2.4776781245530843,28.075295585660754,5.406882188470542,14.463747785411636,4.768057780690163,19.86957473123167,14.491376746189438,13.725887949418793,
2.4776781245530843,2.4776781245530843,2.4776781245530843,2.4776781245530843,2.4776781245530843,2.4776781245530843,2.4776781245530843,2.4776781245530843,2.4776781245530843,2.4776781245530843,2.4776781245530843,2.4776781245530843,5.588772226527039,9.99999999E8,19.188212527486765,19.188212527486765,37.5,5.218656436287025,20.27039439401436,4.969293465978882,16.3132599127088,20.417857108151406,12.47397290361014,14.184057952504283,
2.4776781245530843,2.4776781245530843,2.4776781245530843,2.4776781245530843,2.4776781245530843,2.4776781245530843,2.4776781245530843,2.4776781245530843,2.4776781245530843,2.4776781245530843,2.4776781245530843,2.4776781245530843,29.044027881055953,2.4776781245530843,11.081516141756055,3.4840908267278117,4.421653583012046,2.4776781245530843,22.69116323349001,26.386023236217735,12.759310326189265,15.225161922145707,9.627765968853854,3.136356914300021,
2.4776781245530843,2.4776781245530843,2.4776781245530843,2.4776781245530843,2.4776781245530843,2.4776781245530843,2.4776781245530843,2.4776781245530843,2.4776781245530843,2.4776781245530843,2.4776781245530843,2.4776781245530843,4.8529393575608655,5.851014869234225,13.36740438529485,20.24073862288627,6.248999919987197,30.5,26.386023236217735,7.26674311886388,31.5,26.386023236217735,22.40954037904392,6.499465790013481,
2.4776781245530843,2.4776781245530843,2.4776781245530843,2.4776781245530843,2.4776781245530843,2.4776781245530843,2.4776781245530843,2.4776781245530843,2.4776781245530843,2.4776781245530843,2.4776781245530843,2.4776781245530843,12.212243401148248,2.4776781245530843,12.654599515152146,7.381353195722313,6.423807758833461,6.401530429259451,27.34146220587984,2.4776781245530843,37.5,26.386023236217735,5.383713866839507,2.4776781245530843,
2.4776781245530843,2.4776781245530843,2.4776781245530843,2.4776781245530843,2.4776781245530843,2.4776781245530843,2.4776781245530843,2.4776781245530843,2.4776781245530843,2.4776781245530843,2.4776781245530843,2.4776781245530843,17.98765008430939,7.243558228002943,20.27039439401436,2.4776781245530843,18.471261462065875,14.491376746189438,12.016994768464622,37.5,5.138887356744271,29.318177903061365,40.5,2.4776781245530843,
2.4776781245530843,2.4776781245530843,2.4776781245530843,2.4776781245530843,2.4776781245530843,2.4776781245530843,2.4776781245530843,2.4776781245530843,2.4776781245530843,2.4776781245530843,2.4776781245530843,2.4776781245530843,2.4776781245530843,9.99999999E8,18.92675942210452,3.4840908267278117,4.549052379454474,12.941105911869442,19.089263998384013,2.4776781245530843,26.386023236217735,29.044027881055953,22.40954037904392,29.044027881055953,
2.4776781245530843,2.4776781245530843,2.4776781245530843,2.4776781245530843,2.4776781245530843,2.4776781245530843,2.4776781245530843,2.4776781245530843,2.4776781245530843,2.4776781245530843,2.4776781245530843,2.4776781245530843,6.743309441381303,13.12202347201071,16.917077170717167,14.491376746189438,29.044027881055953,27.012728481217888,26.5,37.5,27.788261910382232,2.4776781245530843,27.012728481217888,2.4776781245530843,
2.4776781245530843,2.4776781245530843,2.4776781245530843,2.4776781245530843,2.4776781245530843,2.4776781245530843,2.4776781245530843,2.4776781245530843,2.4776781245530843,2.4776781245530843,2.4776781245530843,2.4776781245530843,3.4840908267278117,12.759310326189265,11.115554667022044,19.188212527486765,5.764926278800103,11.64474130240771,17.98765008430939,26.536531423680827,9.370461864580399,19.089263998384013,25.163465580082566,4.768057780690163,
2.4776781245530843,2.4776781245530843,2.4776781245530843,2.4776781245530843,2.4776781245530843,2.4776781245530843,2.4776781245530843,2.4776781245530843,2.4776781245530843,2.4776781245530843,2.4776781245530843,2.4776781245530843,40.5,19.601587237318874,2.4776781245530843,7.402702209328699,9.627765968853854,4.8529393575608655,6.057339186861783,19.188212527486765,7.6684780468848945,11.454256850621082,4.121210380458634,2.4776781245530843,
2.4776781245530843,2.4776781245530843,2.4776781245530843,2.4776781245530843,2.4776781245530843,2.4776781245530843,2.4776781245530843,2.4776781245530843,2.4776781245530843,2.4776781245530843,2.4776781245530843,2.4776781245530843,2.4776781245530843,19.188212527486765,11.454256850621082,11.60549438843516,26.386023236217735,29.044027881055953,27.040478915877213,22.40954037904392,25.163465580082566,5.764926278800103,22.40954037904392,4.421653583012046,
2.4776781245530843,2.4776781245530843,2.4776781245530843,2.4776781245530843,2.4776781245530843,2.4776781245530843,2.4776781245530843,2.4776781245530843,2.4776781245530843,2.4776781245530843,2.4776781245530843,2.4776781245530843,26.5,17.383541066192468,28.075295585660754,4.421653583012046,10.917302780449024,9.190877119308157,32.5,12.441864811996632,12.5,20.24073862288627,9.322745317068014,27.34146220587984,
2.4776781245530843,2.4776781245530843,2.4776781245530843,2.4776781245530843,2.4776781245530843,2.4776781245530843,2.4776781245530843,2.4776781245530843,2.4776781245530843,2.4776781245530843,2.4776781245530843,2.4776781245530843,16.673332000533065,4.8529393575608655,11.60549438843516,21.14565886627534,2.4776781245530843,29.044027881055953,4.948168853222372,9.730750228014282,2.4776781245530843,10.059821071967434,2.4776781245530843,3.3466401061363023,
2.4776781245530843,2.4776781245530843,2.4776781245530843,2.4776781245530843,2.4776781245530843,2.4776781245530843,2.4776781245530843,2.4776781245530843,2.4776781245530843,2.4776781245530843,2.4776781245530843,2.4776781245530843,2.4776781245530843,27.34146220587984,17.033463795977873,29.80305726300948,17.45868138077889,12.63135069611177,3.4840908267278117,2.4776781245530843,11.60549438843516,12.5,4.768057780690163,2.4776781245530843,
2.4776781245530843,2.4776781245530843,2.4776781245530843,2.4776781245530843,2.4776781245530843,2.4776781245530843,2.4776781245530843,2.4776781245530843,2.4776781245530843,2.4776781245530843,2.4776781245530843,2.4776781245530843,14.491376746189438,17.98765008430939,19.188212527486765,26.386023236217735,9.24511883223911,12.417225938187643,29.044027881055953,2.4776781245530843,37.5,16.81930108205715,2.4776781245530843,27.151197027018902,
2.4776781245530843,2.4776781245530843,2.4776781245530843,2.4776781245530843,2.4776781245530843,2.4776781245530843,2.4776781245530843,2.4776781245530843,2.4776781245530843,2.4776781245530843,2.4776781245530843,2.4776781245530843,14.028542333400146,3.3466401061363023,16.498105951896417,8.318653737234168,9.264811638337692,21.878928218722233,2.4776781245530843,12.941105911869442,11.682132605916706,8.508818954473059,14.306903927824496,11.143944544011335,
2.4776781245530843,2.4776781245530843,2.4776781245530843,2.4776781245530843,2.4776781245530843,2.4776781245530843,2.4776781245530843,2.4776781245530843,2.4776781245530843,2.4776781245530843,2.4776781245530843,2.4776781245530843,13.725887949418793,21.75287337341897,19.188212527486765,10.960788698304922,2.4776781245530843,7.999023377888078,13.77270852083932,4.871793817476269,9.730750228014282,14.184057952504283,9.190877119308157,16.528384676065595,
2.4776781245530843,2.4776781245530843,2.4776781245530843,2.4776781245530843,2.4776781245530843,2.4776781245530843,2.4776781245530843,2.4776781245530843,2.4776781245530843,2.4776781245530843,2.4776781245530843,2.4776781245530843,27.34146220587984,37.5,32.5,3.4840908267278117,7.39509972887452,2.4776781245530843,28.075295585660754,6.9370345955308474,26.49882072847771,29.044027881055953,11.788960591873005,2.4776781245530843,
2.4776781245530843,2.4776781245530843,2.4776781245530843,2.4776781245530843,2.4776781245530843,2.4776781245530843,2.4776781245530843,2.4776781245530843,2.4776781245530843,2.4776781245530843,2.4776781245530843,2.4776781245530843,6.899275324264136,26.386023236217735,4.8529393575608655,26.145745351777602,12.5,9.441175904999113,10.986076531274502,14.184057952504283,3.4840908267278117,3.4840908267278117,22.22611077089287,8.509298635334531,
2.4776781245530843,2.4776781245530843,2.4776781245530843,2.4776781245530843,2.4776781245530843,2.4776781245530843,2.4776781245530843,2.4776781245530843,2.4776781245530843,2.4776781245530843,2.4776781245530843,2.4776781245530843,26.386023236217735,2.4776781245530843,6.899275324264136,3.4840908267278117,19.188212527486765,5.955856128401879,29.169999809545576,8.65383665716478,16.528384676065595,6.075654717552141,19.188212527486765,14.184057952504283,
2.4776781245530843,2.4776781245530843,2.4776781245530843,2.4776781245530843,2.4776781245530843,2.4776781245530843,2.4776781245530843,2.4776781245530843,2.4776781245530843,2.4776781245530843,2.4776781245530843,2.4776781245530843,2.4776781245530843,5.851014869234225,3.3466401061363023,6.743309441381303,3.3466401061363023,5.588772226527039,2.4776781245530843,17.98765008430939,9.99999999E8,20.417857108151406,20.363877332178173,28.795615985771168,
2.4776781245530843,2.4776781245530843,2.4776781245530843,2.4776781245530843,2.4776781245530843,2.4776781245530843,2.4776781245530843,2.4776781245530843,2.4776781245530843,2.4776781245530843,2.4776781245530843,2.4776781245530843,14.491376746189438,2.4776781245530843,2.4776781245530843,14.184057952504283,9.99999999E8,28.85981442921782,11.081516141756055,16.917077170717167,26.19160170741759,6.5,3.4840908267278117,14.028542333400146,
2.4776781245530843,2.4776781245530843,2.4776781245530843,2.4776781245530843,2.4776781245530843,2.4776781245530843,2.4776781245530843,2.4776781245530843,2.4776781245530843,2.4776781245530843,2.4776781245530843,2.4776781245530843,13.969212178533509,6.431020501550125,3.4840908267278117,28.075295585660754,2.4776781245530843,15.786069808536892,19.089263998384013,29.044027881055953,4.948168853222372,19.188212527486765,12.649110640673518,17.122718826167766,
2.4776781245530843,2.4776781245530843,2.4776781245530843,2.4776781245530843,2.4776781245530843,2.4776781245530843,2.4776781245530843,2.4776781245530843,2.4776781245530843,2.4776781245530843,2.4776781245530843,2.4776781245530843,8.65383665716478,26.5,9.190877119308157,29.044027881055953,20.27039439401436,22.88133640230735,19.247970672255295,15.173075568988057,19.188212527486765,11.916375287812984,2.4776781245530843,9.730750228014282,
2.4776781245530843,2.4776781245530843,2.4776781245530843,2.4776781245530843,2.4776781245530843,2.4776781245530843,2.4776781245530843,2.4776781245530843,2.4776781245530843,2.4776781245530843,2.4776781245530843,2.4776781245530843,29.044027881055953,2.4776781245530843,9.627765968853854,19.549616364522347,3.4840908267278117,18.873850222522755,14.184057952504283,20.27039439401436,8.509298635334531,22.88133640230735,12.601587201618692,19.651653874419832,
2.4776781245530843,2.4776781245530843,2.4776781245530843,2.4776781245530843,2.4776781245530843,2.4776781245530843,2.4776781245530843,2.4776781245530843,2.4776781245530843,2.4776781245530843,2.4776781245530843,2.4776781245530843,2.4776781245530843,11.081516141756055,4.871793817476269,2.4776781245530843,5.84700778176325,21.688706738761535,10.034633902191969,9.99999999E8,29.044027881055953,16.528384676065595,28.075295585660754,12.649110640673518,
2.4776781245530843,2.4776781245530843,2.4776781245530843,2.4776781245530843,2.4776781245530843,2.4776781245530843,2.4776781245530843,2.4776781245530843,2.4776781245530843,2.4776781245530843,2.4776781245530843,2.4776781245530843,12.628231159676412,29.044027881055953,27.87808278917329,14.184057952504283,2.4776781245530843,12.239507978491439,3.3466401061363023,27.716195626384224,28.802006102970598,2.4776781245530843,15.0193291099696,16.498105951896417,
2.4776781245530843,2.4776781245530843,2.4776781245530843,2.4776781245530843,2.4776781245530843,2.4776781245530843,2.4776781245530843,2.4776781245530843,2.4776781245530843,2.4776781245530843,2.4776781245530843,2.4776781245530843,20.24073862288627,14.184057952504283,12.37739875741264,26.386023236217735,27.34146220587984,9.99999999E8,16.768646337734005,3.4840908267278117,27.34146220587984,5.337075510052299,3.3466401061363023,3.3466401061363023,
2.4776781245530843,2.4776781245530843,2.4776781245530843,2.4776781245530843,2.4776781245530843,2.4776781245530843,2.4776781245530843,2.4776781245530843,2.4776781245530843,2.4776781245530843,2.4776781245530843,2.4776781245530843,5.727613425813193,14.184057952504283,2.4776781245530843,6.020540970730696,3.4840908267278117,14.306903927824496,12.946041866145807,2.4776781245530843,17.98765008430939,14.937834143171122,5.054801717986895,10.696175169905649,
2.4776781245530843,2.4776781245530843,2.4776781245530843,2.4776781245530843,2.4776781245530843,2.4776781245530843,2.4776781245530843,2.4776781245530843,2.4776781245530843,2.4776781245530843,2.4776781245530843,2.4776781245530843,5.360445410597892,2.4776781245530843,7.042726744663604,17.594190960528863,29.044027881055953,3.3466401061363023,3.4840908267278117,9.26312882106017,37.5,2.4776781245530843,12.746459203332597,6.663945022680343,
2.4776781245530843,2.4776781245530843,2.4776781245530843,2.4776781245530843,2.4776781245530843,2.4776781245530843,2.4776781245530843,2.4776781245530843,2.4776781245530843,2.4776781245530843,2.4776781245530843,2.4776781245530843,12.119772641798562,12.417225938187643,27.086666461563706,17.98765008430939,9.627765968853854,16.917077170717167,3.9434782119549316,13.371611720357423,14.184057952504283,19.188212527486765,10.353139620424328,9.26312882106017,
2.4776781245530843,2.4776781245530843,2.4776781245530843,2.4776781245530843,2.4776781245530843,2.4776781245530843,2.4776781245530843,2.4776781245530843,2.4776781245530843,2.4776781245530843,2.4776781245530843,2.4776781245530843,4.421653583012046,2.4776781245530843,12.409673645990857,12.649110640673518,14.306903927824496,17.594190960528863,11.788960591873005,17.832554500127006,28.85981442921782,17.98765008430939,27.34146220587984,6.899275324264136,
2.4776781245530843,2.4776781245530843,2.4776781245530843,2.4776781245530843,2.4776781245530843,2.4776781245530843,2.4776781245530843,2.4776781245530843,2.4776781245530843,2.4776781245530843,2.4776781245530843,2.4776781245530843,9.264811638337692,10.986076531274502,2.4776781245530843,17.832554500127006,2.4776781245530843,4.969293465978882,10.353139620424328,14.254385290148432,2.4776781245530843,11.277743568639961,4.2233558568841385,2.4776781245530843,
2.4776781245530843,2.4776781245530843,2.4776781245530843,2.4776781245530843,2.4776781245530843,2.4776781245530843,2.4776781245530843,2.4776781245530843,2.4776781245530843,2.4776781245530843,2.4776781245530843,2.4776781245530843,10.960788698304922,9.716386327503972,19.60070151805797,17.832554500127006,24.752525123712125,32.5,3.4840908267278117,14.184057952504283,21.276454121869087,26.5,18.62256695517565,41.5,
2.4776781245530843,2.4776781245530843,2.4776781245530843,2.4776781245530843,2.4776781245530843,2.4776781245530843,2.4776781245530843,2.4776781245530843,2.4776781245530843,2.4776781245530843,2.4776781245530843,2.4776781245530843,26.386023236217735,12.119772641798562,2.4776781245530843,7.602996485304695,6.899275324264136,26.386023236217735,8.65383665716478,14.184057952504283,2.4776781245530843,4.61143211187685,4.421653583012046,31.5,
2.4776781245530843,2.4776781245530843,2.4776781245530843,2.4776781245530843,2.4776781245530843,2.4776781245530843,2.4776781245530843,2.4776781245530843,2.4776781245530843,2.4776781245530843,2.4776781245530843,2.4776781245530843,9.24511883223911,10.034633902191969,29.044027881055953,12.37739875741264,10.960788698304922,8.19383236885457,4.871793817476269,9.190877119308157,24.99777767900357,6.2826922749902545,17.98765008430939,4.421653583012046,
2.4776781245530843,2.4776781245530843,2.4776781245530843,2.4776781245530843,2.4776781245530843,2.4776781245530843,2.4776781245530843,2.4776781245530843,2.4776781245530843,2.4776781245530843,2.4776781245530843,2.4776781245530843,7.945998294040145,16.452583383772897,12.143814154631249,22.22611077089287,4.768057780690163,28.85981442921782,16.498105951896417,4.61143211187685,12.891373084353738,6.899275324264136,29.044027881055953,2.4776781245530843,
2.4776781245530843,2.4776781245530843,2.4776781245530843,2.4776781245530843,2.4776781245530843,2.4776781245530843,2.4776781245530843,2.4776781245530843,2.4776781245530843,2.4776781245530843,2.4776781245530843,2.4776781245530843,4.61143211187685,5.360445410597892,26.386023236217735,2.4776781245530843,8.65383665716478,2.4776781245530843,3.4840908267278117,3.4840908267278117,22.117866081518805,2.4776781245530843,18.60737421024256,11.081516141756055,
2.4776781245530843,2.4776781245530843,2.4776781245530843,2.4776781245530843,2.4776781245530843,2.4776781245530843,2.4776781245530843,2.4776781245530843,2.4776781245530843,2.4776781245530843,2.4776781245530843,2.4776781245530843,7.042726744663604,3.4840908267278117,11.60549438843516,5.360445410597892,2.4776781245530843,2.4776781245530843,13.36740438529485,12.815885204707746,20.27039439401436,41.5,19.014614262602215,12.941105911869442,
2.4776781245530843,2.4776781245530843,2.4776781245530843,2.4776781245530843,2.4776781245530843,2.4776781245530843,2.4776781245530843,2.4776781245530843,2.4776781245530843,2.4776781245530843,2.4776781245530843,2.4776781245530843,14.564988461680597,12.649110640673518,26.386023236217735,25.5,29.044027881055953,3.4840908267278117,11.60549438843516,37.5,2.4776781245530843,4.61143211187685,5.138887356744271,27.32926799035951,
2.4776781245530843,2.4776781245530843,2.4776781245530843,2.4776781245530843,2.4776781245530843,2.4776781245530843,2.4776781245530843,2.4776781245530843,2.4776781245530843,2.4776781245530843,2.4776781245530843,2.4776781245530843,9.24511883223911,6.223694642252301,3.4840908267278117,2.4776781245530843,15.815260003540626,3.136356914300021,22.40954037904392,28.075295585660754,4.549052379454474,18.471261462065875,3.4840908267278117,25.5,
2.4776781245530843,2.4776781245530843,2.4776781245530843,2.4776781245530843,2.4776781245530843,2.4776781245530843,2.4776781245530843,2.4776781245530843,2.4776781245530843,2.4776781245530843,2.4776781245530843,2.4776781245530843,9.99999999E8,25.5,7.347406004842798,25.5,26.386023236217735,4.8529393575608655,14.89966442575134,20.145389911686436,23.155722834755128,7.797791710193057,3.4840908267278117,9.264811638337692,
2.4776781245530843,2.4776781245530843,2.4776781245530843,2.4776781245530843,2.4776781245530843,2.4776781245530843,2.4776781245530843,2.4776781245530843,2.4776781245530843,2.4776781245530843,2.4776781245530843,2.4776781245530843,2.4776781245530843,16.43738117827776,22.40954037904392,19.188212527486765,5.026460595931194,19.549616364522347,2.4776781245530843,19.636700333813724,8.475655413823615,8.65383665716478,9.316651759081692,2.4776781245530843,
2.4776781245530843,2.4776781245530843,2.4776781245530843,2.4776781245530843,2.4776781245530843,2.4776781245530843,2.4776781245530843,2.4776781245530843,2.4776781245530843,2.4776781245530843,2.4776781245530843,2.4776781245530843,9.627765968853854,37.5,26.386023236217735,14.296852800529214,8.998866141727783,15.225161922145707,9.264811638337692,9.99999999E8,2.4776781245530843,29.044027881055953,27.32926799035951,4.948168853222372,
2.4776781245530843,2.4776781245530843,2.4776781245530843,2.4776781245530843,2.4776781245530843,2.4776781245530843,2.4776781245530843,2.4776781245530843,2.4776781245530843,2.4776781245530843,2.4776781245530843,2.4776781245530843,13.899190623917638,15.006665185843255,5.218656436287025,12.649110640673518,16.272847186511513,14.306903927824496,32.5,11.15347479487895,3.136356914300021,4.290473547908916,22.88133640230735,22.88133640230735,
2.4776781245530843,2.4776781245530843,2.4776781245530843,2.4776781245530843,2.4776781245530843,2.4776781245530843,2.4776781245530843,2.4776781245530843,2.4776781245530843,2.4776781245530843,2.4776781245530843,2.4776781245530843,2.4776781245530843,3.3466401061363023,22.40954037904392,2.4776781245530843,27.625848403261752,25.163465580082566,5.851014869234225,12.96148139681572,15.722197683530124,8.65383665716478,5.138887356744271,5.29383522203182,
2.4776781245530843,2.4776781245530843,2.4776781245530843,2.4776781245530843,2.4776781245530843,2.4776781245530843,2.4776781245530843,2.4776781245530843,2.4776781245530843,2.4776781245530843,2.4776781245530843,2.4776781245530843,2.4776781245530843,9.99999999E8,19.188212527486765,2.4776781245530843,29.318177903061365,8.508818954473059,13.12202347201071,2.793842435706702,3.4840908267278117,18.92675942210452,2.4776781245530843,31.5,
2.4776781245530843,2.4776781245530843,2.4776781245530843,2.4776781245530843,2.4776781245530843,2.4776781245530843,2.4776781245530843,2.4776781245530843,2.4776781245530843,2.4776781245530843,2.4776781245530843,2.4776781245530843,13.77270852083932,26.479945241635225,3.8703477668983046,4.121210380458634,12.37739875741264,8.914719413544221,9.627765968853854,15.225161922145707,3.4840908267278117,5.727613425813193,10.975983884017971,4.61143211187685,
2.4776781245530843,2.4776781245530843,2.4776781245530843,2.4776781245530843,2.4776781245530843,2.4776781245530843,2.4776781245530843,2.4776781245530843,2.4776781245530843,2.4776781245530843,2.4776781245530843,2.4776781245530843,2.4776781245530843,9.788031240017348,28.075295585660754,15.173075568988057,2.4776781245530843,17.98765008430939,10.917302780449024,25.5,18.873850222522755,14.212120707339915,10.917302780449024,22.40954037904392,
2.4776781245530843,2.4776781245530843,2.4776781245530843,2.4776781245530843,2.4776781245530843,2.4776781245530843,2.4776781245530843,2.4776781245530843,2.4776781245530843,2.4776781245530843,2.4776781245530843,2.4776781245530843,14.184057952504283,2.4776781245530843,18.803073034893938,10.601886624558858,32.5,14.491376746189438,2.4776781245530843,9.730750228014282,2.4776781245530843,13.725887949418793,2.4776781245530843,9.934158243152764,
2.4776781245530843,2.4776781245530843,2.4776781245530843,2.4776781245530843,2.4776781245530843,2.4776781245530843,2.4776781245530843,2.4776781245530843,2.4776781245530843,2.4776781245530843,2.4776781245530843,2.4776781245530843,22.88133640230735,11.60549438843516,12.759310326189265,37.2409571424915,26.386023236217735,2.4776781245530843,11.945454263066784,19.188212527486765,2.4776781245530843,17.62632973707232,19.089263998384013,28.075295585660754,
2.4776781245530843,2.4776781245530843,2.4776781245530843,2.4776781245530843,2.4776781245530843,2.4776781245530843,2.4776781245530843,2.4776781245530843,2.4776781245530843,2.4776781245530843,2.4776781245530843,2.4776781245530843,26.386023236217735,15.192103211866355,4.969293465978882,3.9434782119549316,14.546477236774544,15.815260003540626,2.4776781245530843,37.5,12.119772641798562,27.34146220587984,19.549616364522347,2.4776781245530843,
2.4776781245530843,2.4776781245530843,2.4776781245530843,2.4776781245530843,2.4776781245530843,2.4776781245530843,2.4776781245530843,2.4776781245530843,2.4776781245530843,2.4776781245530843,2.4776781245530843,2.4776781245530843,2.4776781245530843,27.003471998985614,15.412837362262522,41.5,12.116104984688768,10.427577618987067,20.24073862288627,11.275588183721899,19.362047641943473,2.4776781245530843,2.4776781245530843,13.36740438529485,
2.4776781245530843,2.4776781245530843,2.4776781245530843,2.4776781245530843,2.4776781245530843,2.4776781245530843,2.4776781245530843,2.4776781245530843,2.4776781245530843,2.4776781245530843,2.4776781245530843,2.4776781245530843,8.076779989575053,3.4840908267278117,21.75287337341897,14.184057952504283,6.040229714174784,3.4840908267278117,26.386023236217735,17.55526986406076,16.618889854620253,9.716386327503972,11.54068888758379,27.32926799035951,
2.4776781245530843,2.4776781245530843,2.4776781245530843,2.4776781245530843,2.4776781245530843,2.4776781245530843,2.4776781245530843,2.4776781245530843,2.4776781245530843,2.4776781245530843,2.4776781245530843,2.4776781245530843,26.5,19.089263998384013,14.306903927824496,7.602996485304695,2.4776781245530843,4.442338910979215,23.77265001822239,9.24511883223911,37.5,8.87693640846886,27.32926799035951,2.4776781245530843,
2.4776781245530843,2.4776781245530843,2.4776781245530843,2.4776781245530843,2.4776781245530843,2.4776781245530843,2.4776781245530843,2.4776781245530843,2.4776781245530843,2.4776781245530843,2.4776781245530843,2.4776781245530843,40.5,3.4840908267278117,5.678636595191394,28.075295585660754,15.21840990379744,10.061529456300368,6.299801584177076,9.707439157676962,2.4776781245530843,3.4840908267278117,9.24511883223911,28.795615985771168,
2.4776781245530843,2.4776781245530843,2.4776781245530843,2.4776781245530843,2.4776781245530843,2.4776781245530843,2.4776781245530843,2.4776781245530843,2.4776781245530843,2.4776781245530843,2.4776781245530843,2.4776781245530843,10.960788698304922,28.075295585660754,11.610340218959994,11.64474130240771,37.5,4.969293465978882,13.005340783266268,12.96148139681572,2.4776781245530843,2.4776781245530843,2.4776781245530843,3.3466401061363023,
2.4776781245530843,2.4776781245530843,2.4776781245530843,2.4776781245530843,2.4776781245530843,2.4776781245530843,2.4776781245530843,2.4776781245530843,2.4776781245530843,2.4776781245530843,2.4776781245530843,2.4776781245530843,11.60549438843516,4.421653583012046,17.832554500127006,3.4840908267278117,5.764926278800103,2.4776781245530843,11.916375287812984,12.119772641798562,2.4776781245530843,2.4776781245530843,2.4776781245530843,12.601587201618692,
2.4776781245530843,2.4776781245530843,2.4776781245530843,2.4776781245530843,2.4776781245530843,2.4776781245530843,2.4776781245530843,2.4776781245530843,2.4776781245530843,2.4776781245530843,2.4776781245530843,2.4776781245530843,21.276454121869087,26.386023236217735,24.81305100143874,18.471261462065875,41.5,9.264811638337692,9.681651460365634,3.4840908267278117,9.190877119308157,5.356431463641755,19.447043477094404,7.1545440106270926,
2.4776781245530843,2.4776781245530843,2.4776781245530843,2.4776781245530843,2.4776781245530843,2.4776781245530843,2.4776781245530843,2.4776781245530843,2.4776781245530843,2.4776781245530843,2.4776781245530843,2.4776781245530843,2.4776781245530843,23.155722834755128,32.5,20.24073862288627,9.511688715586851,26.5,14.184057952504283,2.4776781245530843,18.471261462065875,5.498579361980693,9.80420567815628,8.166241485530538,
2.4776781245530843,2.4776781245530843,2.4776781245530843,2.4776781245530843,2.4776781245530843,2.4776781245530843,2.4776781245530843,2.4776781245530843,2.4776781245530843,2.4776781245530843,2.4776781245530843,2.4776781245530843,11.60549438843516,4.421653583012046,6.899275324264136,2.4776781245530843,3.3466401061363023,18.803073034893938,14.491376746189438,2.4776781245530843,5.764926278800103,27.34146220587984,16.43738117827776,6.2826922749902545,
2.4776781245530843,2.4776781245530843,2.4776781245530843,2.4776781245530843,2.4776781245530843,2.4776781245530843,2.4776781245530843,2.4776781245530843,2.4776781245530843,2.4776781245530843,2.4776781245530843,2.4776781245530843,3.4840908267278117,4.2233558568841385,3.4840908267278117,20.771909450558997,27.012728481217888,2.4776781245530843,2.4776781245530843,12.531959144523254,2.4776781245530843,2.4776781245530843,8.65383665716478,11.277743568639961,
2.4776781245530843,2.4776781245530843,2.4776781245530843,2.4776781245530843,2.4776781245530843,2.4776781245530843,2.4776781245530843,2.4776781245530843,2.4776781245530843,2.4776781245530843,2.4776781245530843,2.4776781245530843,6.431020501550125,2.4776781245530843,4.8529393575608655,14.212670403551895,2.4776781245530843,29.044027881055953,40.5,19.849433241279208,22.88133640230735,2.4776781245530843,17.55526986406076,7.602996485304695,
2.4776781245530843,2.4776781245530843,2.4776781245530843,2.4776781245530843,2.4776781245530843,2.4776781245530843,2.4776781245530843,2.4776781245530843,2.4776781245530843,2.4776781245530843,2.4776781245530843,2.4776781245530843,4.793703353017862,9.190877119308157,7.819136070493267,19.188212527486765,10.034633902191969,14.184057952504283,13.725887949418793,12.601587201618692,13.725887949418793,12.47397290361014,26.5,2.4776781245530843,
2.4776781245530843,2.4776781245530843,2.4776781245530843,2.4776781245530843,2.4776781245530843,2.4776781245530843,2.4776781245530843,2.4776781245530843,2.4776781245530843,2.4776781245530843,2.4776781245530843,2.4776781245530843,9.80420567815628,5.360445410597892,14.463747785411636,24.727964376839076,3.4840908267278117,3.4840908267278117,22.40954037904392,3.4840908267278117,10.636676590405902,28.075295585660754,8.043093809268381,14.926486525636232,
2.4776781245530843,2.4776781245530843,2.4776781245530843,2.4776781245530843,2.4776781245530843,2.4776781245530843,2.4776781245530843,2.4776781245530843,2.4776781245530843,2.4776781245530843,2.4776781245530843,2.4776781245530843,19.879637823662684,16.651285419523894,8.694826047713663,12.102570893088057,8.508818954473059,22.40954037904392,13.725887949418793,2.4776781245530843,12.143814154631249,27.32926799035951,9.707439157676962,22.873292285982796,
2.4776781245530843,2.4776781245530843,2.4776781245530843,2.4776781245530843,2.4776781245530843,2.4776781245530843,2.4776781245530843,2.4776781245530843,2.4776781245530843,2.4776781245530843,2.4776781245530843,2.4776781245530843,20.27039439401436,12.37739875741264,9.822027398771715,12.5,3.4840908267278117,29.318177903061365,2.4776781245530843,12.088791870525727,12.214745187681975,9.716386327503972,4.442338910979215,2.4776781245530843,
2.4776781245530843,2.4776781245530843,2.4776781245530843,2.4776781245530843,2.4776781245530843,2.4776781245530843,2.4776781245530843,2.4776781245530843,2.4776781245530843,2.4776781245530843,2.4776781245530843,2.4776781245530843,7.495832175282475,33.038697848970315,3.3466401061363023,19.188212527486765,5.072905971925756,28.075295585660754,12.601587201618692,10.061529456300368,2.4776781245530843,14.306903927824496,25.5,2.4776781245530843,
2.4776781245530843,2.4776781245530843,2.4776781245530843,2.4776781245530843,2.4776781245530843,2.4776781245530843,2.4776781245530843,2.4776781245530843,2.4776781245530843,2.4776781245530843,2.4776781245530843,2.4776781245530843,41.5,28.795615985771168,40.5,13.863170633011771,4.61143211187685,4.442338910979215,23.807561823924768,17.26267650163207,11.319844914524621,3.4840908267278117,11.245986938558227,25.5,
2.4776781245530843,2.4776781245530843,2.4776781245530843,2.4776781245530843,2.4776781245530843,2.4776781245530843,2.4776781245530843,2.4776781245530843,2.4776781245530843,2.4776781245530843,2.4776781245530843,2.4776781245530843,3.136356914300021,12.696456198483101,22.135943621178654,26.5,2.4776781245530843,11.497282287566918,9.26312882106017,40.5,3.4840908267278117,14.184057952504283,14.060138690638865,2.4776781245530843,
2.4776781245530843,2.4776781245530843,2.4776781245530843,2.4776781245530843,2.4776781245530843,2.4776781245530843,2.4776781245530843,2.4776781245530843,2.4776781245530843,2.4776781245530843,2.4776781245530843,2.4776781245530843,3.3466401061363023,9.730750228014282,2.4776781245530843,8.65383665716478,11.081516141756055,2.4776781245530843,25.223445883190152,18.471261462065875,29.044027881055953,2.4776781245530843,28.85981442921782,12.417225938187643,
2.4776781245530843,2.4776781245530843,2.4776781245530843,2.4776781245530843,2.4776781245530843,2.4776781245530843,2.4776781245530843,2.4776781245530843,2.4776781245530843,2.4776781245530843,2.4776781245530843,2.4776781245530843,14.491376746189438,2.4776781245530843,4.421653583012046,14.060138690638865,26.386023236217735,4.61143211187685,15.173075568988057,7.042726744663604,4.61143211187685,11.849395059044411,2.4776781245530843,2.4776781245530843,
2.4776781245530843,2.4776781245530843,2.4776781245530843,2.4776781245530843,2.4776781245530843,2.4776781245530843,2.4776781245530843,2.4776781245530843,2.4776781245530843,2.4776781245530843,2.4776781245530843,2.4776781245530843,28.85981442921782,9.730750228014282,39.5,12.649110640673518,3.3466401061363023,15.225161922145707,2.4776781245530843,11.153840740538934,2.4776781245530843,9.730750228014282,7.042726744663604,17.98765008430939,
2.4776781245530843,2.4776781245530843,2.4776781245530843,2.4776781245530843,2.4776781245530843,2.4776781245530843,2.4776781245530843,2.4776781245530843,2.4776781245530843,2.4776781245530843,2.4776781245530843,2.4776781245530843,6.299801584177076,2.4776781245530843,11.64474130240771,3.4840908267278117,9.24511883223911,4.421653583012046,9.730750228014282,12.601587201618692,32.5,3.4840908267278117,2.4776781245530843,4.421653583012046,
2.4776781245530843,2.4776781245530843,2.4776781245530843,2.4776781245530843,2.4776781245530843,2.4776781245530843,2.4776781245530843,2.4776781245530843,2.4776781245530843,2.4776781245530843,2.4776781245530843,2.4776781245530843,25.5,41.5,37.5,22.88133640230735,11.813171479673157,2.4776781245530843,9.934158243152764,11.610340218959994,8.19383236885457,9.109313466817062,15.0996688705415,30.5,
2.4776781245530843,2.4776781245530843,2.4776781245530843,2.4776781245530843,2.4776781245530843,2.4776781245530843,2.4776781245530843,2.4776781245530843,2.4776781245530843,2.4776781245530843,2.4776781245530843,2.4776781245530843,7.495832175282475,2.4776781245530843,5.7948465824023545,13.12202347201071,12.417225938187643,2.4776781245530843,3.4840908267278117,9.716386327503972,12.884098726725126,15.225161922145707,9.99999999E8,6.431020501550125,
2.4776781245530843,2.4776781245530843,2.4776781245530843,2.4776781245530843,2.4776781245530843,2.4776781245530843,2.4776781245530843,2.4776781245530843,2.4776781245530843,2.4776781245530843,2.4776781245530843,2.4776781245530843,27.32926799035951,2.4776781245530843,7.1545440106270926,16.528384676065595,2.4776781245530843,2.4776781245530843,40.5,2.4776781245530843,3.4840908267278117,2.4776781245530843,9.24511883223911,23.155722834755128,
2.4776781245530843,2.4776781245530843,2.4776781245530843,2.4776781245530843,2.4776781245530843,2.4776781245530843,2.4776781245530843,2.4776781245530843,2.4776781245530843,2.4776781245530843,2.4776781245530843,2.4776781245530843,6.899275324264136,41.5,25.5,3.1841621957571333,3.136356914300021,6.6332495807108,2.4776781245530843,12.417225938187643,41.5,2.4776781245530843,4.969293465978882,6.168468205316454,
2.4776781245530843,2.4776781245530843,2.4776781245530843,2.4776781245530843,2.4776781245530843,2.4776781245530843,2.4776781245530843,2.4776781245530843,2.4776781245530843,2.4776781245530843,2.4776781245530843,2.4776781245530843,8.65383665716478,2.4776781245530843,5.3566666455007645,5.026460595931194,18.613764321657836,3.4840908267278117,29.044027881055953,2.4776781245530843,39.5,3.8703477668983046,3.4840908267278117,12.417225938187643,
2.4776781245530843,2.4776781245530843,2.4776781245530843,2.4776781245530843,2.4776781245530843,2.4776781245530843,2.4776781245530843,2.4776781245530843,2.4776781245530843,2.4776781245530843,2.4776781245530843,2.4776781245530843,4.871793817476269,27.34146220587984,13.36740438529485,14.184057952504283,9.707439157676962,13.06474263045392,2.4776781245530843,6.431020501550125,12.696456198483101,17.55526986406076,8.65383665716478,12.116104984688768,
2.4776781245530843,2.4776781245530843,2.4776781245530843,2.4776781245530843,2.4776781245530843,2.4776781245530843,2.4776781245530843,2.4776781245530843,2.4776781245530843,2.4776781245530843,2.4776781245530843,2.4776781245530843,41.5,3.3466401061363023,26.5,4.61143211187685,2.4776781245530843,28.075295585660754,2.4776781245530843,11.575836902790225,41.5,24.81305100143874,10.353139620424328,13.873873828170703,
2.4776781245530843,2.4776781245530843,2.4776781245530843,2.4776781245530843,2.4776781245530843,2.4776781245530843,2.4776781245530843,2.4776781245530843,2.4776781245530843,2.4776781245530843,2.4776781245530843,2.4776781245530843,2.4776781245530843,10.398194505758768,14.060138690638865,14.184057952504283,12.946041866145807,14.306903927824496,22.88133640230735,2.4776781245530843,3.4840908267278117,7.602996485304695,12.601587201618692,12.119772641798562,
2.4776781245530843,2.4776781245530843,2.4776781245530843,2.4776781245530843,2.4776781245530843,2.4776781245530843,2.4776781245530843,2.4776781245530843,2.4776781245530843,2.4776781245530843,2.4776781245530843,2.4776781245530843,12.759528030282137,18.803073034893938,6.223694642252301,20.27039439401436,6.2008063991709985,2.4776781245530843,5.851014869234225,28.85981442921782,9.822027398771715,28.85981442921782,15.006665185843255,2.4776781245530843,
2.4776781245530843,2.4776781245530843,2.4776781245530843,2.4776781245530843,2.4776781245530843,2.4776781245530843,2.4776781245530843,2.4776781245530843,2.4776781245530843,2.4776781245530843,2.4776781245530843,2.4776781245530843,12.214745187681975,17.55526986406076,2.4776781245530843,25.13961017995307,12.214745187681975,8.65383665716478,14.184057952504283,27.34146220587984,22.88133640230735,8.65383665716478,2.4776781245530843,5.565931353936616,
