9.99999999E8,74.25200333997729,78.26996550401692,64.63926341628593,42.8682866464243,39.175119655209734,104.25890066247074,84.62970814081778,97.06598557453356,42.711707996754235,85.92547643161485,48.19221717163849,102.70228819262013,90.42212118724046,98.6178704647388,88.62555949565773,60.26722897967758,124.81861840286489,53.59680292657965,75.48601783700667,113.28234146983762,46.9915320204891,71.4350054245116,148.98396632598497,
39.175119655209734,42.711707996754235,42.8682866464243,46.9915320204891,48.19221717163849,53.59680292657965,60.26722897967758,64.63926341628593,71.4350054245116,74.25200333997729,75.48601783700667,78.26996550401692,65.33937844056982,90.4685580740624,153.9141174667079,118.29691458360189,109.11547782051821,93.70250797070481,43.450182592791705,100.17429255497086,53.763225117174656,74.48597183362784,42.54280197636258,127.40863393035812,
39.175119655209734,42.54280197636258,42.711707996754235,42.8682866464243,43.450182592791705,46.9915320204891,48.19221717163849,53.59680292657965,53.763225117174656,60.26722897967758,64.63926341628593,65.33937844056982,108.7204621443861,74.27520148444941,88.76786791964759,38.95497400846264,109.89704272636276,58.804341823405785,52.564097775953506,57.63510697097348,59.80853805678414,137.583383807784,60.26722897967758,99.97079573555469,
38.95497400846264,39.175119655209734,42.54280197636258,42.711707996754235,42.8682866464243,43.450182592791705,46.9915320204891,48.19221717163849,52.564097775953506,53.59680292657965,53.763225117174656,57.63510697097348,49.07376463040104,55.10499069957276,68.93282509080852,56.022069064094936,83.6842949691864,55.223479182873156,53.59680292657965,39.11782306868128,43.98283756194,90.48182137866148,77.83418272198918,82.20655915039224,
38.95497400846264,39.11782306868128,39.175119655209734,42.54280197636258,42.711707996754235,42.8682866464243,43.450182592791705,43.98283756194,46.9915320204891,48.19221717163849,49.07376463040104,52.564097775953506,116.00241376799019,47.915742374995496,60.08314551519419,43.50932921104463,88.54879383079641,45.74686339197565,60.42401198604572,79.34401188635613,76.73174049896171,90.62758961817312,63.74864704446676,49.07376463040104,
38.95497400846264,39.11782306868128,39.175119655209734,42.54280197636258,42.711707996754235,42.8682866464243,43.450182592791705,43.50932921104463,43.98283756194,45.74686339197565,46.9915320204891,47.915742374995496,37.622923530741204,52.07911649596218,103.3092713920467,53.5325543477985,39.78359429463356,45.54650782442052,98.21079370415454,38.490128604617574,61.37702248308311,110.90788971033577,73.5048297732877,71.88624801073725,
37.622923530741204,38.490128604617574,38.95497400846264,39.11782306868128,39.175119655209734,39.78359429463356,42.54280197636258,42.711707996754235,42.8682866464243,43.450182592791705,43.50932921104463,43.98283756194,57.456369316203755,116.44294740343874,84.63561602540624,44.85229531542091,39.78359429463356,148.99962714345594,50.46842308211206,105.68932952289933,36.431991436099125,57.5443041384246,82.73866991921008,118.88568271896979,
36.431991436099125,37.622923530741204,38.490128604617574,38.95497400846264,39.11782306868128,39.175119655209734,39.78359429463356,39.78359429463356,42.54280197636258,42.711707996754235,42.8682866464243,43.450182592791705,77.96650248795365,65.56940550878521,39.52194801626054,39.78359429463356,41.816600760625604,46.751363616476475,81.36175007336064,59.95131358027111,45.65698194142929,45.65698194142929,47.26992998716769,101.34574485394047,
36.431991436099125,37.622923530741204,38.490128604617574,38.95497400846264,39.11782306868128,39.175119655209734,39.52194801626054,39.78359429463356,39.78359429463356,39.78359429463356,41.816600760625604,42.54280197636258,38.490128604617574,70.52284893722192,88.02946949743591,58.14193301740148,84.6011048318845,35.00699930013997,62.25825246503471,39.767881198273564,39.78359429463356,41.125296351515814,109.89704272636276,73.7120900681986,
35.00699930013997,36.431991436099125,37.622923530741204,38.490128604617574,38.490128604617574,38.95497400846264,39.11782306868128,39.175119655209734,39.52194801626054,39.767881198273564,39.78359429463356,39.78359429463356,50.183613478190225,82.14397514767121,73.7120900681986,61.24124260592993,41.429398519992965,36.41541767751812,37.33610015789009,99.97079573555469,39.52194801626054,36.78956675774019,60.346784297094075,66.91587535854254,
35.00699930013997,36.41541767751812,36.431991436099125,36.78956675774019,37.33610015789009,37.622923530741204,38.490128604617574,38.490128604617574,38.95497400846264,39.11782306868128,39.175119655209734,39.52194801626054,39.633817708780455,31.314809339202714,39.7332905131201,51.485974357639925,50.52199740926938,50.52199740926938,63.14379533167839,76.56678276003389,108.5,45.54650782442052,86.5,52.6045090747932,
31.314809339202714,35.00699930013997,36.41541767751812,36.431991436099125,36.78956675774019,37.33610015789009,37.622923530741204,38.490128604617574,38.490128604617574,38.95497400846264,39.11782306868128,39.175119655209734,63.14379533167839,66.77179211480116,35.398611955768295,33.87158027930324,76.63523993568494,51.81114804487925,74.56633884594905,39.11782306868128,72.10505453079479,31.605533095048756,49.47227681075035,110.55529034027374,
31.314809339202714,31.605533095048756,33.87158027930324,35.00699930013997,35.398611955768295,36.41541767751812,36.431991436099125,36.78956675774019,37.33610015789009,37.622923530741204,38.490128604617574,38.490128604617574,63.28889614300442,62.35343308338323,63.919749491061054,148.99962714345594,81.36423593255755,117.93625396798052,56.4436887525966,58.49905032467527,63.919749491061054,57.96382971781244,73.3289771433428,68.47241942725715,
31.314809339202714,31.605533095048756,33.87158027930324,35.00699930013997,35.398611955768295,36.41541767751812,36.431991436099125,36.78956675774019,37.33610015789009,37.622923530741204,38.490128604617574,38.490128604617574,108.72199511700576,33.87158027930324,56.135005913323724,67.02656189899643,31.35380717695693,59.80769181301014,74.25724805625973,53.46603860349686,57.96382971781244,76.56895947807803,65.79691767096693,155.5,
31.314809339202714,31.35380717695693,31.605533095048756,33.87158027930324,33.87158027930324,35.00699930013997,35.398611955768295,36.41541767751812,36.431991436099125,36.78956675774019,37.33610015789009,37.622923530741204,73.3289771433428,116.6685714130226,49.08445732222456,50.85011676486102,35.398611955768295,57.5443041384246,43.32507043727755,38.29477771184996,75.76224895914152,137.56339447687384,152.5,36.431991436099125,
31.314809339202714,31.35380717695693,31.605533095048756,33.87158027930324,33.87158027930324,35.00699930013997,35.398611955768295,35.398611955768295,36.41541767751812,36.431991436099125,36.431991436099125,36.78956675774019,53.763225117174656,59.80769181301014,103.94883356728926,33.95423390388893,38.32733195775568,63.38264746758375,18.76710104498436,70.68572856116164,111.75630730398274,137.67191273297382,44.130375026731876,148.96606623284677,
18.76710104498436,31.314809339202714,31.35380717695693,31.605533095048756,33.87158027930324,33.87158027930324,33.95423390388893,35.00699930013997,35.398611955768295,35.398611955768295,36.41541767751812,36.431991436099125,37.213759623631745,59.78131443482617,50.65378125624538,86.35858704005965,9.99999999E8,155.5,86.5,22.332361608213315,63.155047304233726,24.643131915754623,34.67106350587041,155.5,
18.76710104498436,22.332361608213315,24.643131915754623,31.314809339202714,31.35380717695693,31.605533095048756,33.87158027930324,33.87158027930324,33.95423390388893,34.67106350587041,35.00699930013997,35.398611955768295,98.73603980085264,61.7060179647109,118.89269204716587,74.12245873477815,148.99962714345594,72.29495141432768,31.314809339202714,111.0413774230129,75.60735560924097,68.47241942725715,84.43715208994928,77.40922102695518,
18.76710104498436,22.332361608213315,24.643131915754623,31.314809339202714,31.314809339202714,31.35380717695693,31.605533095048756,33.87158027930324,33.87158027930324,33.95423390388893,34.67106350587041,35.00699930013997,31.340618612273754,39.6506347932309,54.15846091691389,23.35560692853003,88.54879383079641,70.28849281512744,68.8147674719767,67.02656189899643,33.62481374184181,28.847947615604355,94.5346791159496,29.168056332297525,
18.76710104498436,22.332361608213315,23.35560692853003,24.643131915754623,28.847947615604355,29.168056332297525,31.314809339202714,31.314809339202714,31.340618612273754,31.35380717695693,31.605533095048756,33.62481374184181,75.64760405987754,28.847947615604355,155.5,63.30723146336093,53.23350031282516,49.86466058242049,26.506157565533503,126.5,75.44847395555607,33.21120857481703,51.871160426104005,50.08166170871503,
18.76710104498436,22.332361608213315,23.35560692853003,24.643131915754623,26.506157565533503,28.847947615604355,28.847947615604355,29.168056332297525,31.314809339202714,31.314809339202714,31.340618612273754,31.35380717695693,31.405254337451243,111.0413774230129,88.64104227162494,48.76879188301054,23.210652188165675,73.34957395922625,52.502232095407145,23.210652188165675,31.901708547732404,31.072244447416413,26.24865207086242,73.3289771433428,
18.76710104498436,22.332361608213315,23.210652188165675,23.210652188165675,23.35560692853003,24.643131915754623,26.24865207086242,26.506157565533503,28.847947615604355,28.847947615604355,29.168056332297525,31.072244447416413,26.81559973017365,67.02656189899643,23.35560692853003,50.25283015687286,26.46840359539821,73.3289771433428,126.63209506282362,71.90053894095648,18.76710104498436,32.33403779301311,72.10381404613767,25.707780923292468,
18.76710104498436,18.76710104498436,22.332361608213315,23.210652188165675,23.210652188165675,23.35560692853003,23.35560692853003,24.643131915754623,25.707780923292468,26.24865207086242,26.46840359539821,26.506157565533503,125.69097908052997,18.76710104498436,64.31609440878698,23.210652188165675,119.10578281510936,127.42119133017083,57.411584196919705,32.12348622654364,84.70741962057107,63.155047304233726,71.90053894095648,39.21265934696632,
18.76710104498436,18.76710104498436,18.76710104498436,22.332361608213315,23.210652188165675,23.210652188165675,23.210652188165675,23.35560692853003,23.35560692853003,24.643131915754623,25.707780923292468,26.24865207086242,25.711670501933554,18.76710104498436,104.62389784365712,58.078061473243025,22.332361608213315,59.77424194416856,142.62849956754397,30.76904897782835,118.28223662072001,25.563450471327222,85.44133790046959,27.90708790890865,
18.76710104498436,18.76710104498436,18.76710104498436,18.76710104498436,22.332361608213315,22.332361608213315,23.210652188165675,23.210652188165675,23.210652188165675,23.35560692853003,23.35560692853003,24.643131915754623,25.45050873876058,136.5,75.64760405987754,71.90053894095648,73.92037758441323,32.874524711393164,41.115352634049266,27.12489631316588,63.155047304233726,67.27971462484068,126.5,59.765528252889546,
18.76710104498436,18.76710104498436,18.76710104498436,18.76710104498436,22.332361608213315,22.332361608213315,23.210652188165675,23.210652188165675,23.210652188165675,23.35560692853003,23.35560692853003,24.643131915754623,22.638117744194194,118.28223662072001,23.210652188165675,118.53559591953803,48.68474177432446,30.76904897782835,118.28223662072001,18.76710104498436,18.76710104498436,69.83890192594828,18.76710104498436,118.66417951513422,
18.76710104498436,18.76710104498436,18.76710104498436,18.76710104498436,18.76710104498436,18.76710104498436,18.76710104498436,22.332361608213315,22.332361608213315,22.638117744194194,23.210652188165675,23.210652188165675,59.937967933522735,80.29047266021044,30.76904897782835,59.43475242581875,125.69097908052997,18.76710104498436,58.156341012825074,18.76710104498436,125.69097908052997,136.5,64.31609440878698,22.482979673521925,
18.76710104498436,18.76710104498436,18.76710104498436,18.76710104498436,18.76710104498436,18.76710104498436,18.76710104498436,18.76710104498436,18.76710104498436,22.332361608213315,22.332361608213315,22.482979673521925,25.45050873876058,75.64760405987754,24.94784683551659,71.35367501940955,18.76710104498436,80.68594810883876,60.73004930747948,48.45336309340899,110.4074524457274,18.76710104498436,136.5,155.5,
18.76710104498436,18.76710104498436,18.76710104498436,18.76710104498436,18.76710104498436,18.76710104498436,18.76710104498436,18.76710104498436,18.76710104498436,18.76710104498436,18.76710104498436,22.332361608213315,42.175532127100446,71.90053894095648,18.76710104498436,77.42828222871078,75.64760405987754,18.76710104498436,59.77424194416856,44.69549753610536,59.77424194416856,42.34954987954418,80.29047266021044,155.5,
18.76710104498436,18.76710104498436,18.76710104498436,18.76710104498436,18.76710104498436,18.76710104498436,18.76710104498436,18.76710104498436,18.76710104498436,18.76710104498436,18.76710104498436,18.76710104498436,30.65916461679933,71.90053894095648,42.34954987954418,60.73004930747948,71.90053894095648,155.5,69.98114031651671,61.11032827781424,76.06370685155963,118.28223662072001,155.5,76.06370685155963,
18.76710104498436,18.76710104498436,18.76710104498436,18.76710104498436,18.76710104498436,18.76710104498436,18.76710104498436,18.76710104498436,18.76710104498436,18.76710104498436,18.76710104498436,18.76710104498436,126.5,18.76710104498436,33.833923434919576,18.76710104498436,71.90053894095648,24.493889386619486,24.398441561240833,18.76710104498436,50.25283015687286,18.76710104498436,125.09285440112966,125.09285440112966,
18.76710104498436,18.76710104498436,18.76710104498436,18.76710104498436,18.76710104498436,18.76710104498436,18.76710104498436,18.76710104498436,18.76710104498436,18.76710104498436,18.76710104498436,18.76710104498436,125.9850079264284,69.645961835558,136.5,104.12185169310042,25.555625603768732,18.76710104498436,42.34954987954418,18.76710104498436,52.764939959113846,62.59886008507357,18.76710104498436,31.35380717695693,
18.76710104498436,18.76710104498436,18.76710104498436,18.76710104498436,18.76710104498436,18.76710104498436,18.76710104498436,18.76710104498436,18.76710104498436,18.76710104498436,18.76710104498436,18.76710104498436,49.52736617265247,46.46461018883081,18.76710104498436,116.04692537456083,155.5,125.69097908052997,22.332361608213315,18.76710104498436,27.90708790890865,23.842655519514224,125.69097908052997,18.76710104498436,
18.76710104498436,18.76710104498436,18.76710104498436,18.76710104498436,18.76710104498436,18.76710104498436,18.76710104498436,18.76710104498436,18.76710104498436,18.76710104498436,18.76710104498436,18.76710104498436,94.38584374788414,42.29204752610847,18.76710104498436,62.38968041449021,18.76710104498436,18.76710104498436,124.9648839563428,63.155047304233726,125.09285440112966,26.39273363804684,31.738935079803795,80.29047266021044,
18.76710104498436,18.76710104498436,18.76710104498436,18.76710104498436,18.76710104498436,18.76710104498436,18.76710104498436,18.76710104498436,18.76710104498436,18.76710104498436,18.76710104498436,18.76710104498436,18.76710104498436,25.555625603768732,78.35662065199087,30.76904897782835,18.76710104498436,82.147184979158,49.61132885357218,59.77424194416856,136.5,39.87736302255521,22.304357758070505,155.5,
18.76710104498436,18.76710104498436,18.76710104498436,18.76710104498436,18.76710104498436,18.76710104498436,18.76710104498436,18.76710104498436,18.76710104498436,18.76710104498436,18.76710104498436,18.76710104498436,125.09285440112966,27.12489631316588,31.929365402400343,73.92037758441323,23.35560692853003,73.15147906152609,111.0413774230129,75.21229213957577,74.50736164148822,51.30068225667179,18.76710104498436,22.304357758070505,
18.76710104498436,18.76710104498436,18.76710104498436,18.76710104498436,18.76710104498436,18.76710104498436,18.76710104498436,18.76710104498436,18.76710104498436,18.76710104498436,18.76710104498436,18.76710104498436,18.76710104498436,77.73119636856806,71.90053894095648,72.46761728907302,87.74501410336659,18.76710104498436,25.45050873876058,70.97314633014376,64.31609440878698,27.90708790890865,136.5,22.304357758070505,
18.76710104498436,18.76710104498436,18.76710104498436,18.76710104498436,18.76710104498436,18.76710104498436,18.76710104498436,18.76710104498436,18.76710104498436,18.76710104498436,18.76710104498436,18.76710104498436,71.90053894095648,125.69097908052997,18.76710104498436,125.69097908052997,22.332361608213315,80.91081509909537,72.1260008596068,18.76710104498436,155.5,125.69097908052997,18.76710104498436,80.28549059450282,
18.76710104498436,18.76710104498436,18.76710104498436,18.76710104498436,18.76710104498436,18.76710104498436,18.76710104498436,18.76710104498436,18.76710104498436,18.76710104498436,18.76710104498436,18.76710104498436,117.99231966530704,31.95405652487743,30.76904897782835,94.50338030403404,69.06924062127801,80.55904666764621,61.26140710104527,125.09285440112966,80.68594810883876,18.76710104498436,70.21134276640224,111.0413774230129,
18.76710104498436,18.76710104498436,18.76710104498436,18.76710104498436,18.76710104498436,18.76710104498436,18.76710104498436,18.76710104498436,18.76710104498436,18.76710104498436,18.76710104498436,18.76710104498436,28.971484925276272,81.21877736040088,18.76710104498436,41.287142056257096,23.35560692853003,80.88114737069449,118.66417951513422,58.738062617011806,37.55648806688889,29.256082570073165,125.69097908052997,71.90053894095648,
18.76710104498436,18.76710104498436,18.76710104498436,18.76710104498436,18.76710104498436,18.76710104498436,18.76710104498436,18.76710104498436,18.76710104498436,18.76710104498436,18.76710104498436,18.76710104498436,39.87736302255521,24.493889386619486,90.48142841980828,124.9648839563428,77.42828222871078,77.42828222871078,71.90053894095648,18.76710104498436,25.45050873876058,55.89443174413709,31.35380717695693,110.60271244413494,
18.76710104498436,18.76710104498436,18.76710104498436,18.76710104498436,18.76710104498436,18.76710104498436,18.76710104498436,18.76710104498436,18.76710104498436,18.76710104498436,18.76710104498436,18.76710104498436,18.76710104498436,75.90436233986965,42.34954987954418,73.37669172761123,116.04692537456083,125.69097908052997,22.304357758070505,51.30068225667179,76.06370685155963,28.847947615604355,94.50338030403404,54.61740770569211,
18.76710104498436,18.76710104498436,18.76710104498436,18.76710104498436,18.76710104498436,18.76710104498436,18.76710104498436,18.76710104498436,18.76710104498436,18.76710104498436,18.76710104498436,18.76710104498436,25.500784301664137,24.8489883541005,58.03240474079977,59.4275411998614,28.96162133244756,18.76710104498436,136.5,136.5,18.76710104498436,51.30068225667179,48.45336309340899,31.35380717695693,
18.76710104498436,18.76710104498436,18.76710104498436,18.76710104498436,18.76710104498436,18.76710104498436,18.76710104498436,18.76710104498436,18.76710104498436,18.76710104498436,18.76710104498436,18.76710104498436,77.42828222871078,69.43682180386875,70.48143481131201,18.76710104498436,72.1281652492438,18.76710104498436,18.76710104498436,126.5,22.332361608213315,136.5,80.55904666764621,71.90053894095648,
18.76710104498436,18.76710104498436,18.76710104498436,18.76710104498436,18.76710104498436,18.76710104498436,18.76710104498436,18.76710104498436,18.76710104498436,18.76710104498436,18.76710104498436,18.76710104498436,18.76710104498436,22.638117744194194,55.209952806435986,73.594864505838,59.77424194416856,94.38584374788414,18.76710104498436,29.8953905309832,18.76710104498436,71.71443369364357,27.90708790890865,26.392351411303835,
18.76710104498436,18.76710104498436,18.76710104498436,18.76710104498436,18.76710104498436,18.76710104498436,18.76710104498436,18.76710104498436,18.76710104498436,18.76710104498436,18.76710104498436,18.76710104498436,152.5,57.74499437180681,18.76710104498436,63.648557634002124,18.76710104498436,68.32686148214331,56.360308506962596,58.2156441559294,73.37669172761123,72.7664757975814,18.76710104498436,94.50338030403404,
18.76710104498436,18.76710104498436,18.76710104498436,18.76710104498436,18.76710104498436,18.76710104498436,18.76710104498436,18.76710104498436,18.76710104498436,18.76710104498436,18.76710104498436,18.76710104498436,28.847947615604355,53.477149845102595,18.76710104498436,53.477149845102595,78.35662065199087,80.29047266021044,69.83890192594828,69.50583590238877,105.47126385892985,80.55904666764621,23.35560692853003,76.06370685155963,
18.76710104498436,18.76710104498436,18.76710104498436,18.76710104498436,18.76710104498436,18.76710104498436,18.76710104498436,18.76710104498436,18.76710104498436,18.76710104498436,18.76710104498436,18.76710104498436,104.4593700919166,125.09285440112966,25.45050873876058,72.24790654406536,73.15147906152609,80.29047266021044,18.76710104498436,94.50338030403404,76.06370685155963,68.81800903358756,49.509942183363535,18.76710104498436,
18.76710104498436,18.76710104498436,18.76710104498436,18.76710104498436,18.76710104498436,18.76710104498436,18.76710104498436,18.76710104498436,18.76710104498436,18.76710104498436,18.76710104498436,18.76710104498436,125.69097908052997,18.76710104498436,90.48142841980828,155.5,111.0413774230129,26.09770104817664,125.09285440112966,32.96627837964245,38.216125159704795,72.49180108460402,18.76710104498436,98.71858994130741,
18.76710104498436,18.76710104498436,18.76710104498436,18.76710104498436,18.76710104498436,18.76710104498436,18.76710104498436,18.76710104498436,18.76710104498436,18.76710104498436,18.76710104498436,18.76710104498436,73.92037758441323,73.15147906152609,67.21725968826756,105.47126385892985,24.493889386619486,23.842655519514224,25.45050873876058,32.97702798919272,25.45050873876058,155.5,80.55904666764621,25.45050873876058,
18.76710104498436,18.76710104498436,18.76710104498436,18.76710104498436,18.76710104498436,18.76710104498436,18.76710104498436,18.76710104498436,18.76710104498436,18.76710104498436,18.76710104498436,18.76710104498436,119.10578281510936,76.06370685155963,53.12173159213599,31.280821535221346,18.76710104498436,18.76710104498436,28.847947615604355,24.8489883541005,32.965654475529526,81.99950223840959,94.21352079186936,18.76710104498436,
18.76710104498436,18.76710104498436,18.76710104498436,18.76710104498436,18.76710104498436,18.76710104498436,18.76710104498436,18.76710104498436,18.76710104498436,18.76710104498436,18.76710104498436,18.76710104498436,18.76710104498436,32.64209204140424,71.90053894095648,37.43624209535757,104.6544791205804,104.97504465347943,125.09285440112966,136.5,111.27303132385673,18.76710104498436,70.56651226368797,22.304357758070505,
18.76710104498436,18.76710104498436,18.76710104498436,18.76710104498436,18.76710104498436,18.76710104498436,18.76710104498436,18.76710104498436,18.76710104498436,18.76710104498436,18.76710104498436,18.76710104498436,18.76710104498436,18.76710104498436,18.76710104498436,117.99231966530704,27.90708790890865,124.9648839563428,18.76710104498436,59.501867384328555,71.90053894095648,90.39557511294456,72.10381404613767,77.40922102695518,
18.76710104498436,18.76710104498436,18.76710104498436,18.76710104498436,18.76710104498436,18.76710104498436,18.76710104498436,18.76710104498436,18.76710104498436,18.76710104498436,18.76710104498436,18.76710104498436,71.90053894095648,70.35011648099021,94.19494413183756,33.77105824518977,51.29678352489559,25.45050873876058,73.4243753047235,23.210652188165675,126.5,71.90053894095648,73.15147906152609,67.99437017136052,
18.76710104498436,18.76710104498436,18.76710104498436,18.76710104498436,18.76710104498436,18.76710104498436,18.76710104498436,18.76710104498436,18.76710104498436,18.76710104498436,18.76710104498436,18.76710104498436,18.76710104498436,105.47126385892985,18.76710104498436,155.5,69.6755875468589,70.48143481131201,18.76710104498436,69.98114031651671,136.5,26.109193783033593,69.43682180386875,73.15147906152609,
18.76710104498436,18.76710104498436,18.76710104498436,18.76710104498436,18.76710104498436,18.76710104498436,18.76710104498436,18.76710104498436,18.76710104498436,18.76710104498436,18.76710104498436,18.76710104498436,80.29047266021044,18.76710104498436,71.31400633816614,49.27156888104945,44.34591300221476,110.80324904983608,18.76710104498436,30.339485410929434,116.41973868530867,24.493889386619486,102.48785293877513,105.47126385892985,
18.76710104498436,18.76710104498436,18.76710104498436,18.76710104498436,18.76710104498436,18.76710104498436,18.76710104498436,18.76710104498436,18.76710104498436,18.76710104498436,18.76710104498436,18.76710104498436,148.97277901982258,125.69097908052997,128.56731915831315,24.94784683551659,70.84588124152941,125.69097908052997,86.11313617690523,70.35011648099021,76.06370685155963,126.5,71.90053894095648,79.42724658453169,
18.76710104498436,18.76710104498436,18.76710104498436,18.76710104498436,18.76710104498436,18.76710104498436,18.76710104498436,18.76710104498436,18.76710104498436,18.76710104498436,18.76710104498436,18.76710104498436,18.76710104498436,120.58062655335641,110.17344280723917,110.60271244413494,77.42828222871078,23.210652188165675,22.332361608213315,98.58072833977238,83.38201244872901,57.738499937216936,76.06370685155963,28.847947615604355,
18.76710104498436,18.76710104498436,18.76710104498436,18.76710104498436,18.76710104498436,18.76710104498436,18.76710104498436,18.76710104498436,18.76710104498436,18.76710104498436,18.76710104498436,18.76710104498436,71.71443369364357,18.76710104498436,59.77424194416856,155.5,125.69097908052997,18.76710104498436,18.76710104498436,148.98396632598497,24.493889386619486,24.8489883541005,126.5,22.304357758070505,
18.76710104498436,18.76710104498436,18.76710104498436,18.76710104498436,18.76710104498436,18.76710104498436,18.76710104498436,18.76710104498436,18.76710104498436,18.76710104498436,18.76710104498436,18.76710104498436,25.500784301664137,31.96075718752608,22.304357758070505,18.76710104498436,31.621995782745127,9.99999999E8,27.12489631316588,26.168873062387917,18.76710104498436,23.210652188165675,26.63031268534052,73.15147906152609,
18.76710104498436,18.76710104498436,18.76710104498436,18.76710104498436,18.76710104498436,18.76710104498436,18.76710104498436,18.76710104498436,18.76710104498436,18.76710104498436,18.76710104498436,18.76710104498436,26.109193783033593,31.35380717695693,77.42828222871078,23.210652188165675,58.75206852150447,18.76710104498436,53.477149845102595,72.24790654406536,60.73004930747948,77.42828222871078,18.76710104498436,111.13139745364494,
18.76710104498436,18.76710104498436,18.76710104498436,18.76710104498436,18.76710104498436,18.76710104498436,18.76710104498436,18.76710104498436,18.76710104498436,18.76710104498436,18.76710104498436,18.76710104498436,26.168873062387917,72.32200372101303,18.76710104498436,34.80142078836565,67.27971462484068,18.76710104498436,73.14920064878054,18.76710104498436,126.5,66.2703553634655,71.90053894095648,94.38584374788414,
18.76710104498436,18.76710104498436,18.76710104498436,18.76710104498436,18.76710104498436,18.76710104498436,18.76710104498436,18.76710104498436,18.76710104498436,18.76710104498436,18.76710104498436,18.76710104498436,22.304357758070505,125.9850079264284,18.76710104498436,70.3637777872237,69.98114031651671,60.73004930747948,148.99962714345594,94.50338030403404,136.5,125.69097908052997,18.76710104498436,24.652147879276736,
18.76710104498436,18.76710104498436,18.76710104498436,18.76710104498436,18.76710104498436,18.76710104498436,18.76710104498436,18.76710104498436,18.76710104498436,18.76710104498436,18.76710104498436,18.76710104498436,23.210652188165675,81.05652348824245,25.579093025359597,18.76710104498436,135.66707616645814,148.98396632598497,18.76710104498436,80.29047266021044,73.37669172761123,73.15147906152609,53.16771158847779,111.5,
18.76710104498436,18.76710104498436,18.76710104498436,18.76710104498436,18.76710104498436,18.76710104498436,18.76710104498436,18.76710104498436,18.76710104498436,18.76710104498436,18.76710104498436,18.76710104498436,23.210652188165675,71.90053894095648,58.75206852150447,98.32883605535052,70.36874306110633,69.99737604411486,94.34080506334467,90.36016821586821,69.43682180386875,148.99962714345594,72.10381404613767,80.55904666764621,
18.76710104498436,18.76710104498436,18.76710104498436,18.76710104498436,18.76710104498436,18.76710104498436,18.76710104498436,18.76710104498436,18.76710104498436,18.76710104498436,18.76710104498436,18.76710104498436,49.616585488680656,23.210652188165675,71.90053894095648,55.90784828626478,115.74781015447142,22.638117744194194,25.45050873876058,83.41874789278486,110.60271244413494,75.64760405987754,33.54856439312279,59.501867384328555,
18.76710104498436,18.76710104498436,18.76710104498436,18.76710104498436,18.76710104498436,18.76710104498436,18.76710104498436,18.76710104498436,18.76710104498436,18.76710104498436,18.76710104498436,18.76710104498436,55.10499069957276,53.54227778311343,92.91273061429247,94.21352079186936,111.5,24.8489883541005,28.847947615604355,72.10381404613767,18.76710104498436,44.69549753610536,117.99231966530704,77.73119636856806,
18.76710104498436,18.76710104498436,18.76710104498436,18.76710104498436,18.76710104498436,18.76710104498436,18.76710104498436,18.76710104498436,18.76710104498436,18.76710104498436,18.76710104498436,18.76710104498436,26.444091967772312,52.764939959113846,80.28549059450282,50.25283015687286,18.76710104498436,70.35011648099021,70.66563983338172,90.39557511294456,72.7664757975814,72.17312519213783,110.2604190088175,72.10381404613767,
18.76710104498436,18.76710104498436,18.76710104498436,18.76710104498436,18.76710104498436,18.76710104498436,18.76710104498436,18.76710104498436,18.76710104498436,18.76710104498436,18.76710104498436,18.76710104498436,18.76710104498436,39.560854698676515,125.69097908052997,86.13180306948183,51.46654792732417,23.35560692853003,69.98114031651671,27.865251160221437,80.29047266021044,73.92807315222007,25.45050873876058,22.638117744194194,
18.76710104498436,18.76710104498436,18.76710104498436,18.76710104498436,18.76710104498436,18.76710104498436,18.76710104498436,18.76710104498436,18.76710104498436,18.76710104498436,18.76710104498436,18.76710104498436,117.99231966530704,26.168873062387917,22.304357758070505,18.76710104498436,69.7693342379014,44.69549753610536,18.76710104498436,59.501867384328555,27.90708790890865,66.00803908986992,73.92037758441323,63.155047304233726,
18.76710104498436,18.76710104498436,18.76710104498436,18.76710104498436,18.76710104498436,18.76710104498436,18.76710104498436,18.76710104498436,18.76710104498436,18.76710104498436,18.76710104498436,18.76710104498436,28.847947615604355,54.39462758585706,24.652147879276736,69.645961835558,80.88114737069449,94.50338030403404,104.4593700919166,74.4498187385576,58.672734689277675,24.493889386619486,22.37150810741198,31.505180350045435,
18.76710104498436,18.76710104498436,18.76710104498436,18.76710104498436,18.76710104498436,18.76710104498436,18.76710104498436,18.76710104498436,18.76710104498436,18.76710104498436,18.76710104498436,18.76710104498436,18.76710104498436,77.73119636856806,125.9850079264284,126.5,77.42828222871078,18.76710104498436,76.06370685155963,47.53258817669737,59.77424194416856,105.47126385892985,71.10668041752477,22.638117744194194,
18.76710104498436,18.76710104498436,18.76710104498436,18.76710104498436,18.76710104498436,18.76710104498436,18.76710104498436,18.76710104498436,18.76710104498436,18.76710104498436,18.76710104498436,18.76710104498436,50.67714316638393,104.55505726649477,115.74781015447142,31.280821535221346,74.52892056108152,76.06370685155963,118.14804272606466,73.37669172761123,22.304357758070505,73.37669172761123,71.17045998867789,67.38868135673825,
18.76710104498436,18.76710104498436,18.76710104498436,18.76710104498436,18.76710104498436,18.76710104498436,18.76710104498436,18.76710104498436,18.76710104498436,18.76710104498436,18.76710104498436,18.76710104498436,50.25283015687286,155.5,25.812593825495338,71.90053894095648,111.13139745364494,24.8489883541005,125.09285440112966,42.34954987954418,77.40922102695518,118.16593206165642,59.77424194416856,18.76710104498436,
18.76710104498436,18.76710104498436,18.76710104498436,18.76710104498436,18.76710104498436,18.76710104498436,18.76710104498436,18.76710104498436,18.76710104498436,18.76710104498436,18.76710104498436,18.76710104498436,148.96606623284677,23.210652188165675,18.76710104498436,22.304357758070505,125.78376507147318,22.37150810741198,67.27971462484068,98.58072833977238,31.35380717695693,22.332361608213315,22.37150810741198,42.34954987954418,
18.76710104498436,18.76710104498436,18.76710104498436,18.76710104498436,18.76710104498436,18.76710104498436,18.76710104498436,18.76710104498436,18.76710104498436,18.76710104498436,18.76710104498436,18.76710104498436,24.8943446401332,76.06370685155963,66.2703553634655,71.90053894095648,18.76710104498436,43.266044622590016,18.76710104498436,59.00117701274178,24.398441561240833,28.847947615604355,110.77087839319502,117.99231966530704,
18.76710104498436,18.76710104498436,18.76710104498436,18.76710104498436,18.76710104498436,18.76710104498436,18.76710104498436,18.76710104498436,18.76710104498436,18.76710104498436,18.76710104498436,18.76710104498436,80.55904666764621,18.76710104498436,46.04830377974563,67.7346615478368,126.5,80.29047266021044,34.56595949131972,70.28849281512744,18.76710104498436,80.55904666764621,29.168056332297525,37.04884996798979,
18.76710104498436,18.76710104498436,18.76710104498436,18.76710104498436,18.76710104498436,18.76710104498436,18.76710104498436,18.76710104498436,18.76710104498436,18.76710104498436,18.76710104498436,18.76710104498436,50.25283015687286,25.45050873876058,64.62159559531125,126.5,52.764939959113846,53.979677245752,155.5,51.536243314778,125.09285440112966,26.18152444419962,71.72837653258298,18.76710104498436,
18.76710104498436,18.76710104498436,18.76710104498436,18.76710104498436,18.76710104498436,18.76710104498436,18.76710104498436,18.76710104498436,18.76710104498436,18.76710104498436,18.76710104498436,18.76710104498436,26.265963268958576,18.76710104498436,104.6544791205804,18.76710104498436,62.08449383702826,59.77424194416856,69.98114031651671,76.06370685155963,26.290179796247273,18.76710104498436,73.15147906152609,22.304357758070505,
18.76710104498436,18.76710104498436,18.76710104498436,18.76710104498436,18.76710104498436,18.76710104498436,18.76710104498436,18.76710104498436,18.76710104498436,18.76710104498436,18.76710104498436,18.76710104498436,66.26077116905876,32.12348622654364,53.477149845102595,32.402006110733325,82.61331611792376,94.50338030403404,18.76710104498436,73.92037758441323,105.47126385892985,28.55428056834054,18.76710104498436,80.29047266021044,
18.76710104498436,18.76710104498436,18.76710104498436,18.76710104498436,18.76710104498436,18.76710104498436,18.76710104498436,18.76710104498436,18.76710104498436,18.76710104498436,18.76710104498436,18.76710104498436,79.34851920483456,18.76710104498436,72.7664757975814,18.76710104498436,59.77424194416856,52.50228372098082,26.109193783033593,79.42724658453169,76.06370685155963,137.5724808964351,18.76710104498436,73.37669172761123,
18.76710104498436,18.76710104498436,18.76710104498436,18.76710104498436,18.76710104498436,18.76710104498436,18.76710104498436,18.76710104498436,18.76710104498436,18.76710104498436,18.76710104498436,18.76710104498436,30.76904897782835,68.91135980521705,71.31400633816614,18.76710104498436,18.76710104498436,126.5,105.47126385892985,52.89535298442519,76.06370685155963,71.90053894095648,18.76710104498436,125.69097908052997,
18.76710104498436,18.76710104498436,18.76710104498436,18.76710104498436,18.76710104498436,18.76710104498436,18.76710104498436,18.76710104498436,18.76710104498436,18.76710104498436,18.76710104498436,18.76710104498436,126.5,71.90053894095648,18.76710104498436,32.12348622654364,69.645961835558,71.71443369364357,18.76710104498436,77.40922102695518,78.30189972152655,111.0413774230129,82.24304449220577,71.71443369364357,
18.76710104498436,18.76710104498436,18.76710104498436,18.76710104498436,18.76710104498436,18.76710104498436,18.76710104498436,18.76710104498436,18.76710104498436,18.76710104498436,18.76710104498436,18.76710104498436,23.35560692853003,24.507494444569755,94.50338030403404,80.29047266021044,71.90053894095648,25.59472601924076,136.5,94.50338030403404,49.616585488680656,60.73004930747948,59.77424194416856,59.00117701274178,
18.76710104498436,18.76710104498436,18.76710104498436,18.76710104498436,18.76710104498436,18.76710104498436,18.76710104498436,18.76710104498436,18.76710104498436,18.76710104498436,18.76710104498436,18.76710104498436,27.90708790890865,18.76710104498436,18.76710104498436,126.5,27.90708790890865,25.45050873876058,71.90053894095648,84.62970814081778,72.46761728907302,126.5,22.638117744194194,105.47126385892985,
18.76710104498436,18.76710104498436,18.76710104498436,18.76710104498436,18.76710104498436,18.76710104498436,18.76710104498436,18.76710104498436,18.76710104498436,18.76710104498436,18.76710104498436,18.76710104498436,23.210652188165675,76.06370685155963,28.847947615604355,126.5,70.07951832660446,125.69097908052997,66.33354271323739,18.76710104498436,126.5,70.58675368593153,53.477149845102595,50.25283015687286,
18.76710104498436,18.76710104498436,18.76710104498436,18.76710104498436,18.76710104498436,18.76710104498436,18.76710104498436,18.76710104498436,18.76710104498436,18.76710104498436,18.76710104498436,18.76710104498436,28.847947615604355,18.76710104498436,23.842655519514224,73.92037758441323,77.24078513899823,18.76710104498436,18.76710104498436,70.84588124152941,22.638117744194194,25.500784301664137,126.63209506282362,48.285505071397985,
18.76710104498436,18.76710104498436,18.76710104498436,18.76710104498436,18.76710104498436,18.76710104498436,18.76710104498436,18.76710104498436,18.76710104498436,18.76710104498436,18.76710104498436,18.76710104498436,49.509942183363535,90.48142841980828,104.6544791205804,31.56243811875122,71.90053894095648,72.7664757975814,94.19494413183756,77.42828222871078,80.68594810883876,50.25283015687286,57.91055735408894,18.76710104498436,
18.76710104498436,18.76710104498436,18.76710104498436,18.76710104498436,18.76710104498436,18.76710104498436,18.76710104498436,18.76710104498436,18.76710104498436,18.76710104498436,18.76710104498436,18.76710104498436,105.47126385892985,67.60000000000001,74.52892056108152,67.21725968826756,18.76710104498436,77.40922102695518,58.75206852150447,88.3299920751723,22.304357758070505,72.17312519213783,25.59472601924076,77.42828222871078,
18.76710104498436,18.76710104498436,18.76710104498436,18.76710104498436,18.76710104498436,18.76710104498436,18.76710104498436,18.76710104498436,18.76710104498436,18.76710104498436,18.76710104498436,18.76710104498436,60.7965642304088,126.5,18.76710104498436,30.229216919324184,18.76710104498436,94.5346791159496,105.47126385892985,126.5,85.92547643161485,44.37887307041493,24.398441561240833,24.8489883541005,
18.76710104498436,18.76710104498436,18.76710104498436,18.76710104498436,18.76710104498436,18.76710104498436,18.76710104498436,18.76710104498436,18.76710104498436,18.76710104498436,18.76710104498436,18.76710104498436,68.30583796426188,18.76710104498436,99.41307761054378,24.8489883541005,24.493889386619486,126.5,51.29678352489559,71.90053894095648,126.5,88.22165961083364,73.15147906152609,94.50338030403404,
18.76710104498436,18.76710104498436,18.76710104498436,18.76710104498436,18.76710104498436,18.76710104498436,18.76710104498436,18.76710104498436,18.76710104498436,18.76710104498436,18.76710104498436,18.76710104498436,18.76710104498436,24.493889386619486,30.76904897782835,135.85367945779836,24.8489883541005,72.10381404613767,125.69097908052997,74.33496821819459,94.18167284562321,50.85011676486102,125.69097908052997,61.26140710104527,
18.76710104498436,18.76710104498436,18.76710104498436,18.76710104498436,18.76710104498436,18.76710104498436,18.76710104498436,18.76710104498436,18.76710104498436,18.76710104498436,18.76710104498436,18.76710104498436,155.5,30.76904897782835,18.76710104498436,77.40922102695518,80.29047266021044,71.4601987122902,18.76710104498436,94.50338030403404,78.61653770041009,44.11451008455155,26.189708407049533,71.90053894095648,
18.76710104498436,18.76710104498436,18.76710104498436,18.76710104498436,18.76710104498436,18.76710104498436,18.76710104498436,18.76710104498436,18.76710104498436,18.76710104498436,18.76710104498436,18.76710104498436,80.55904666764621,27.90708790890865,73.16970380940158,36.78956675774019,77.88573361020617,26.444091967772312,117.99231966530704,18.76710104498436,71.90053894095648,69.98114031651671,72.7664757975814,78.01851632073561,
18.76710104498436,18.76710104498436,18.76710104498436,18.76710104498436,18.76710104498436,18.76710104498436,18.76710104498436,18.76710104498436,18.76710104498436,18.76710104498436,18.76710104498436,18.76710104498436,105.47126385892985,94.50338030403404,18.76710104498436,73.91530438428988,71.90053894095648,55.61899156063711,18.76710104498436,136.5,53.188924865944244,32.12348622654364,125.09285440112966,77.40922102695518,
18.76710104498436,18.76710104498436,18.76710104498436,18.76710104498436,18.76710104498436,18.76710104498436,18.76710104498436,18.76710104498436,18.76710104498436,18.76710104498436,18.76710104498436,18.76710104498436,87.74501410336659,125.69097908052997,24.8489883541005,126.5,126.5,67.87533590701261,31.929365402400343,148.96606623284677,76.06370685155963,73.91530438428988,125.09285440112966,55.209952806435986,
18.76710104498436,18.76710104498436,18.76710104498436,18.76710104498436,18.76710104498436,18.76710104498436,18.76710104498436,18.76710104498436,18.76710104498436,18.76710104498436,18.76710104498436,18.76710104498436,18.76710104498436,81.46508454546647,26.168873062387917,18.76710104498436,55.209952806435986,18.76710104498436,71.90053894095648,126.5,60.73004930747948,72.7664757975814,105.47126385892985,18.76710104498436,
18.76710104498436,18.76710104498436,18.76710104498436,18.76710104498436,18.76710104498436,18.76710104498436,18.76710104498436,18.76710104498436,18.76710104498436,18.76710104498436,18.76710104498436,18.76710104498436,31.82741546214521,18.76710104498436,24.8489883541005,78.61653770041009,72.24790654406536,62.83232310241506,27.90708790890865,126.5,26.444091967772312,18.76710104498436,18.76710104498436,18.76710104498436,
18.76710104498436,18.76710104498436,18.76710104498436,18.76710104498436,18.76710104498436,18.76710104498436,18.76710104498436,18.76710104498436,18.76710104498436,18.76710104498436,18.76710104498436,18.76710104498436,31.205127783747336,94.50338030403404,60.73004930747948,24.8489883541005,27.12489631316588,59.77424194416856,27.90708790890865,69.70513292115263,125.09285440112966,18.76710104498436,118.09821124809639,73.92037758441323,
18.76710104498436,18.76710104498436,18.76710104498436,18.76710104498436,18.76710104498436,18.76710104498436,18.76710104498436,18.76710104498436,18.76710104498436,18.76710104498436,18.76710104498436,18.76710104498436,155.5,33.87158027930324,111.5,18.76710104498436,18.76710104498436,61.26140710104527,23.210652188165675,135.9763051253988,155.5,79.66296190827956,78.7031606735079,73.82549750345508,
18.76710104498436,18.76710104498436,18.76710104498436,18.76710104498436,18.76710104498436,18.76710104498436,18.76710104498436,18.76710104498436,18.76710104498436,18.76710104498436,18.76710104498436,18.76710104498436,67.20107421016424,18.76710104498436,24.94784683551659,100.17429255497086,136.5,23.35560692853003,76.06370685155963,155.5,76.06370685155963,111.5,63.155047304233726,43.266044622590016,
18.76710104498436,18.76710104498436,18.76710104498436,18.76710104498436,18.76710104498436,18.76710104498436,18.76710104498436,18.76710104498436,18.76710104498436,18.76710104498436,18.76710104498436,18.76710104498436,61.22204577510367,58.75206852150447,74.24378013604164,50.05731090460214,18.76710104498436,77.42828222871078,32.638780614477625,47.90709759524157,59.00117701274178,73.15147906152609,125.69097908052997,58.56738758805014,
18.76710104498436,18.76710104498436,18.76710104498436,18.76710104498436,18.76710104498436,18.76710104498436,18.76710104498436,18.76710104498436,18.76710104498436,18.76710104498436,18.76710104498436,18.76710104498436,59.77030864834452,69.51598537187128,66.29584367732934,64.58031653646967,80.55904666764621,70.30690737395435,23.842655519514224,18.76710104498436,74.33496821819459,86.80833773319243,111.5,90.39557511294456,
18.76710104498436,18.76710104498436,18.76710104498436,18.76710104498436,18.76710104498436,18.76710104498436,18.76710104498436,18.76710104498436,18.76710104498436,18.76710104498436,18.76710104498436,18.76710104498436,59.77424194416856,28.847947615604355,118.1807408167676,24.94784683551659,75.627192346551,18.76710104498436,18.76710104498436,58.04941321839524,71.90053894095648,18.76710104498436,63.155047304233726,110.62408191709434,
18.76710104498436,18.76710104498436,18.76710104498436,18.76710104498436,18.76710104498436,18.76710104498436,18.76710104498436,18.76710104498436,18.76710104498436,18.76710104498436,18.76710104498436,18.76710104498436,18.76710104498436,77.08310810777907,86.06473661662417,77.04388359889448,94.61864245485664,155.5,74.25724805625973,58.156341012825074,68.32686148214331,126.5,117.30965670206164,111.58937001345603,
18.76710104498436,18.76710104498436,18.76710104498436,18.76710104498436,18.76710104498436,18.76710104498436,18.76710104498436,18.76710104498436,18.76710104498436,18.76710104498436,18.76710104498436,18.76710104498436,118.2399572902494,13.523641850067197,18.76710104498436,47.121068130172894,77.42828222871078,76.06370685155963,77.73119636856806,84.6146125268043,18.76710104498436,18.76710104498436,18.76710104498436,136.5,
13.523641850067197,18.76710104498436,18.76710104498436,18.76710104498436,18.76710104498436,18.76710104498436,18.76710104498436,18.76710104498436,18.76710104498436,18.76710104498436,18.76710104498436,18.76710104498436,72.46761728907302,23.35560692853003,25.83195695258104,9.99999999E8,76.84196444651842,126.5,18.76710104498436,152.5,72.46761728907302,111.13139745364494,125.69097908052997,69.645961835558,
13.523641850067197,18.76710104498436,18.76710104498436,18.76710104498436,18.76710104498436,18.76710104498436,18.76710104498436,18.76710104498436,18.76710104498436,18.76710104498436,18.76710104498436,18.76710104498436,104.00707775061379,111.5,24.8489883541005,23.210652188165675,98.21079370415454,126.5,117.99231966530704,59.86767816517431,126.5,76.06370685155963,33.34642971893693,24.94784683551659,
13.523641850067197,18.76710104498436,18.76710104498436,18.76710104498436,18.76710104498436,18.76710104498436,18.76710104498436,18.76710104498436,18.76710104498436,18.76710104498436,18.76710104498436,18.76710104498436,126.5,73.15147906152609,27.90708790890865,126.5,63.3171479497442,53.12173159213599,18.76710104498436,18.76710104498436,25.45050873876058,18.76710104498436,71.85266561203944,18.76710104498436,
13.523641850067197,18.76710104498436,18.76710104498436,18.76710104498436,18.76710104498436,18.76710104498436,18.76710104498436,18.76710104498436,18.76710104498436,18.76710104498436,18.76710104498436,18.76710104498436,18.76710104498436,71.90053894095648,70.49955673619516,29.53310145637693,31.56243811875122,31.56243811875122,24.8489883541005,104.57418419476195,105.47126385892985,49.729882610858795,125.69097908052997,126.5,
13.523641850067197,18.76710104498436,18.76710104498436,18.76710104498436,18.76710104498436,18.76710104498436,18.76710104498436,18.76710104498436,18.76710104498436,18.76710104498436,18.76710104498436,18.76710104498436,59.77424194416856,55.90784828626478,111.5,136.5,59.77424194416856,110.2604190088175,13.523641850067197,126.5,30.93178802145265,80.55904666764621,105.47126385892985,126.5,
13.523641850067197,13.523641850067197,18.76710104498436,18.76710104498436,18.76710104498436,18.76710104498436,18.76710104498436,18.76710104498436,18.76710104498436,18.76710104498436,18.76710104498436,18.76710104498436,101.43744651535525,94.50338030403404,72.07052101934606,94.38584374788414,71.90053894095648,39.47749006994013,49.27156888104945,34.21826997380201,57.48717691976257,73.92037758441323,111.5,60.73004930747948,
13.523641850067197,13.523641850067197,18.76710104498436,18.76710104498436,18.76710104498436,18.76710104498436,18.76710104498436,18.76710104498436,18.76710104498436,18.76710104498436,18.76710104498436,18.76710104498436,71.90053894095648,77.08310810777907,18.76710104498436,33.30141701189305,69.83890192594828,31.56243811875122,76.73174049896171,126.5,50.25283015687286,65.33937844056982,46.45411042093046,72.7664757975814,
13.523641850067197,13.523641850067197,18.76710104498436,18.76710104498436,18.76710104498436,18.76710104498436,18.76710104498436,18.76710104498436,18.76710104498436,18.76710104498436,18.76710104498436,18.76710104498436,82.20655915039224,33.585478632885376,18.76710104498436,71.90053894095648,73.93348361872313,86.5,76.06370685155963,26.26194966105906,13.523641850067197,13.523641850067197,62.82426990334936,111.5,
13.523641850067197,13.523641850067197,13.523641850067197,13.523641850067197,18.76710104498436,18.76710104498436,18.76710104498436,18.76710104498436,18.76710104498436,18.76710104498436,18.76710104498436,18.76710104498436,71.72837653258298,18.76710104498436,31.35380717695693,55.90784828626478,18.76710104498436,105.47126385892985,72.7664757975814,105.47126385892985,32.402006110733325,72.31278509979332,56.187988040149655,26.093869011704648,
13.523641850067197,13.523641850067197,13.523641850067197,13.523641850067197,18.76710104498436,18.76710104498436,18.76710104498436,18.76710104498436,18.76710104498436,18.76710104498436,18.76710104498436,18.76710104498436,66.04265782856733,73.04628669549193,74.76384589533383,88.14467865390401,27.90708790890865,76.06370685155963,110.17344280723917,47.19679215881779,54.15846091691389,111.5,13.523641850067197,18.76710104498436,
13.523641850067197,13.523641850067197,13.523641850067197,13.523641850067197,13.523641850067197,18.76710104498436,18.76710104498436,18.76710104498436,18.76710104498436,18.76710104498436,18.76710104498436,18.76710104498436,44.997144971159614,137.56339447687384,54.15846091691389,71.71443369364357,72.31278509979332,42.25352056338028,24.398441561240833,87.05442103777511,66.00803908986992,44.69549753610536,13.523641850067197,73.92690646848412,
13.523641850067197,13.523641850067197,13.523641850067197,13.523641850067197,13.523641850067197,13.523641850067197,18.76710104498436,18.76710104498436,18.76710104498436,18.76710104498436,18.76710104498436,18.76710104498436,13.523641850067197,75.54395335755794,13.523641850067197,115.73629028480605,33.40939239196068,18.76710104498436,63.681708519793965,13.523641850067197,72.10381404613767,59.95131358027111,13.523641850067197,64.86108232214447,
13.523641850067197,13.523641850067197,13.523641850067197,13.523641850067197,13.523641850067197,13.523641850067197,13.523641850067197,13.523641850067197,13.523641850067197,13.523641850067197,18.76710104498436,18.76710104498436,13.523641850067197,153.9141174667079,65.18541929671765,67.9835274165735,13.523641850067197,39.19079442097262,13.523641850067197,67.60000000000001,78.78253296257998,109.94038788765887,13.523641850067197,13.523641850067197,
13.523641850067197,13.523641850067197,13.523641850067197,13.523641850067197,13.523641850067197,13.523641850067197,13.523641850067197,13.523641850067197,13.523641850067197,13.523641850067197,13.523641850067197,13.523641850067197,13.523641850067197,13.523641850067197,77.63349792454287,9.99999999E8,56.85494151786632,13.523641850067197,47.83053418058385,13.523641850067197,13.523641850067197,30.832082056692464,126.5,13.523641850067197,
13.523641850067197,13.523641850067197,13.523641850067197,13.523641850067197,13.523641850067197,13.523641850067197,13.523641850067197,13.523641850067197,13.523641850067197,13.523641850067197,13.523641850067197,13.523641850067197,21.810261346439663,93.8539290600026,54.11228038891809,70.3721136175403,72.10381404613767,105.47126385892985,31.420286042619026,56.85494151786632,13.523641850067197,56.27777092245214,87.74501410336659,13.523641850067197,
13.523641850067197,13.523641850067197,13.523641850067197,13.523641850067197,13.523641850067197,13.523641850067197,13.523641850067197,13.523641850067197,13.523641850067197,13.523641850067197,13.523641850067197,13.523641850067197,55.90784828626478,44.908065812279204,13.523641850067197,13.523641850067197,63.32166022034818,155.5,55.90784828626478,31.56243811875122,66.18579908107176,43.36441193216186,13.523641850067197,33.40939239196068,
13.523641850067197,13.523641850067197,13.523641850067197,13.523641850067197,13.523641850067197,13.523641850067197,13.523641850067197,13.523641850067197,13.523641850067197,13.523641850067197,13.523641850067197,13.523641850067197,110.53116704752959,80.90851314911181,111.5,13.523641850067197,148.97277901982258,72.31278509979332,13.523641850067197,13.523641850067197,101.34574485394047,72.82298744215318,54.4172249843742,28.847947615604355,
13.523641850067197,13.523641850067197,13.523641850067197,13.523641850067197,13.523641850067197,13.523641850067197,13.523641850067197,13.523641850067197,13.523641850067197,13.523641850067197,13.523641850067197,13.523641850067197,54.15846091691389,155.5,31.99515588335209,88.54879383079641,98.21079370415454,77.46056344288291,39.4310227556369,58.046188505361826,13.523641850067197,54.15846091691389,71.90053894095648,87.94422948664682,
13.523641850067197,13.523641850067197,13.523641850067197,13.523641850067197,13.523641850067197,13.523641850067197,13.523641850067197,13.523641850067197,13.523641850067197,13.523641850067197,13.523641850067197,13.523641850067197,43.49618796339443,60.02059831609664,74.22775761128717,30.104650803488823,155.5,100.09589152407806,72.45127673133166,33.40939239196068,13.523641850067197,74.68917071585561,13.523641850067197,111.5,
13.523641850067197,13.523641850067197,13.523641850067197,13.523641850067197,13.523641850067197,13.523641850067197,13.523641850067197,13.523641850067197,13.523641850067197,13.523641850067197,13.523641850067197,13.523641850067197,84.22403160618708,13.523641850067197,126.5,155.5,13.523641850067197,22.555140766574702,13.523641850067197,70.83647051876284,9.99999999E8,77.26939885879791,31.56243811875122,111.5,
13.523641850067197,13.523641850067197,13.523641850067197,13.523641850067197,13.523641850067197,13.523641850067197,13.523641850067197,13.523641850067197,13.523641850067197,13.523641850067197,13.523641850067197,13.523641850067197,63.681708519793965,13.523641850067197,96.58771919866417,13.523641850067197,36.93995127230137,78.52999426970564,111.5,37.640078509536636,54.91477627252272,31.56243811875122,80.69468788626192,54.115522689135766,
13.523641850067197,13.523641850067197,13.523641850067197,13.523641850067197,13.523641850067197,13.523641850067197,13.523641850067197,13.523641850067197,13.523641850067197,13.523641850067197,13.523641850067197,13.523641850067197,13.523641850067197,27.389048906451645,37.19185898822483,92.91109848786755,13.523641850067197,68.57943488312577,99.97079573555469,30.475143559957186,88.54879383079641,152.5,13.523641850067197,108.08028006429069,
13.523641850067197,13.523641850067197,13.523641850067197,13.523641850067197,13.523641850067197,13.523641850067197,13.523641850067197,13.523641850067197,13.523641850067197,13.523641850067197,13.523641850067197,13.523641850067197,13.523641850067197,45.00702892950416,9.99999999E8,72.31278509979332,13.523641850067197,33.40939239196068,63.648557634002124,155.5,72.31278509979332,39.454879292680644,13.523641850067197,60.015044410177325,
13.523641850067197,13.523641850067197,13.523641850067197,13.523641850067197,13.523641850067197,13.523641850067197,13.523641850067197,13.523641850067197,13.523641850067197,13.523641850067197,13.523641850067197,13.523641850067197,53.979677245752,13.523641850067197,69.645961835558,65.18541929671765,152.5,33.40939239196068,118.14973550541703,54.522357799346864,76.06370685155963,13.523641850067197,152.5,27.90708790890865,
13.523641850067197,13.523641850067197,13.523641850067197,13.523641850067197,13.523641850067197,13.523641850067197,13.523641850067197,13.523641850067197,13.523641850067197,13.523641850067197,13.523641850067197,13.523641850067197,84.48010942753857,28.847947615604355,33.40939239196068,9.99999999E8,37.640078509536636,33.77105824518977,71.49097845182985,13.523641850067197,77.41937741935155,13.523641850067197,80.43747571872206,54.522357799346864,
13.523641850067197,13.523641850067197,13.523641850067197,13.523641850067197,13.523641850067197,13.523641850067197,13.523641850067197,13.523641850067197,13.523641850067197,13.523641850067197,13.523641850067197,13.523641850067197,53.71010622037608,9.99999999E8,13.523641850067197,9.99999999E8,99.97079573555469,32.96627837964245,153.9141174667079,13.523641850067197,84.22403160618708,99.97079573555469,69.67211839489778,13.523641850067197,
13.523641850067197,13.523641850067197,13.523641850067197,13.523641850067197,13.523641850067197,13.523641850067197,13.523641850067197,13.523641850067197,13.523641850067197,13.523641850067197,13.523641850067197,13.523641850067197,9.99999999E8,48.86666161386463,13.523641850067197,13.523641850067197,58.914853814636594,13.523641850067197,77.40922102695518,70.28849281512744,72.7664757975814,83.14929678328949,72.31278509979332,13.523641850067197,
13.523641850067197,13.523641850067197,13.523641850067197,13.523641850067197,13.523641850067197,13.523641850067197,13.523641850067197,13.523641850067197,13.523641850067197,13.523641850067197,13.523641850067197,13.523641850067197,13.523641850067197,84.48010942753857,72.46761728907302,70.49955673619516,31.56243811875122,55.90784828626478,52.818178688781,13.523641850067197,13.523641850067197,72.31278509979332,13.523641850067197,65.18541929671765,
13.523641850067197,13.523641850067197,13.523641850067197,13.523641850067197,13.523641850067197,13.523641850067197,13.523641850067197,13.523641850067197,13.523641850067197,13.523641850067197,13.523641850067197,13.523641850067197,55.89101498054545,153.9141174667079,31.56243811875122,78.62400635302173,65.18541929671765,13.523641850067197,13.523641850067197,44.89693057437223,50.65378125624538,72.7664757975814,13.523641850067197,76.06370685155963,
13.523641850067197,13.523641850067197,13.523641850067197,13.523641850067197,13.523641850067197,13.523641850067197,13.523641850067197,13.523641850067197,13.523641850067197,13.523641850067197,13.523641850067197,13.523641850067197,13.523641850067197,90.12872738478005,36.093411794952274,65.01901431290867,57.80258548619507,73.14920064878054,13.523641850067197,24.380218656287624,49.76906669810074,90.59227340121232,59.13661208497566,111.5,
13.523641850067197,13.523641850067197,13.523641850067197,13.523641850067197,13.523641850067197,13.523641850067197,13.523641850067197,13.523641850067197,13.523641850067197,13.523641850067197,13.523641850067197,13.523641850067197,13.523641850067197,51.485974357639925,63.32166022034818,111.5,111.5,13.523641850067197,111.5,113.28234146983762,13.523641850067197,111.5,110.2604190088175,13.523641850067197,
13.523641850067197,13.523641850067197,13.523641850067197,13.523641850067197,13.523641850067197,13.523641850067197,13.523641850067197,13.523641850067197,13.523641850067197,13.523641850067197,13.523641850067197,13.523641850067197,13.523641850067197,13.523641850067197,13.523641850067197,13.523641850067197,95.01031522945286,72.31278509979332,43.39937986699241,69.10108537497801,152.5,21.810261346439663,13.523641850067197,65.59554489600708,
13.523641850067197,13.523641850067197,13.523641850067197,13.523641850067197,13.523641850067197,13.523641850067197,13.523641850067197,13.523641850067197,13.523641850067197,13.523641850067197,13.523641850067197,13.523641850067197,33.40939239196068,13.523641850067197,54.15846091691389,13.523641850067197,49.27156888104945,56.360308506962596,13.523641850067197,32.78376900547101,66.42108099090227,63.14379533167839,21.810261346439663,84.48010942753857,
13.523641850067197,13.523641850067197,13.523641850067197,13.523641850067197,13.523641850067197,13.523641850067197,13.523641850067197,13.523641850067197,13.523641850067197,13.523641850067197,13.523641850067197,13.523641850067197,105.47126385892985,13.523641850067197,39.49347256193104,105.47126385892985,51.1547217327546,71.49097845182985,13.523641850067197,111.5,13.523641850067197,74.52892056108152,37.91738908550704,39.454879292680644,
13.523641850067197,13.523641850067197,13.523641850067197,13.523641850067197,13.523641850067197,13.523641850067197,13.523641850067197,13.523641850067197,13.523641850067197,13.523641850067197,13.523641850067197,13.523641850067197,81.76911091604212,86.80833773319243,126.97908292313345,60.015044410177325,155.5,76.06370685155963,50.68667368144105,52.578415684750034,13.523641850067197,13.523641850067197,111.5,33.830311851947215,
13.523641850067197,13.523641850067197,13.523641850067197,13.523641850067197,13.523641850067197,13.523641850067197,13.523641850067197,13.523641850067197,13.523641850067197,13.523641850067197,13.523641850067197,13.523641850067197,13.523641850067197,77.41937741935155,59.77424194416856,87.57675205212854,155.5,13.523641850067197,67.21546226387898,13.523641850067197,80.43747571872206,111.5,72.46761728907302,13.523641850067197,
13.523641850067197,13.523641850067197,13.523641850067197,13.523641850067197,13.523641850067197,13.523641850067197,13.523641850067197,13.523641850067197,13.523641850067197,13.523641850067197,13.523641850067197,13.523641850067197,64.84741706498417,85.46474256804511,13.523641850067197,13.523641850067197,61.7060179647109,13.523641850067197,13.523641850067197,13.523641850067197,31.56243811875122,54.15846091691389,13.523641850067197,13.523641850067197,
13.523641850067197,13.523641850067197,13.523641850067197,13.523641850067197,13.523641850067197,13.523641850067197,13.523641850067197,13.523641850067197,13.523641850067197,13.523641850067197,13.523641850067197,13.523641850067197,60.71935034379764,69.50583590238877,13.523641850067197,33.40939239196068,13.523641850067197,153.9141174667079,65.18541929671765,13.523641850067197,13.523641850067197,75.65024785154375,58.30499311570342,13.523641850067197,
13.523641850067197,13.523641850067197,13.523641850067197,13.523641850067197,13.523641850067197,13.523641850067197,13.523641850067197,13.523641850067197,13.523641850067197,13.523641850067197,13.523641850067197,13.523641850067197,98.21079370415454,13.523641850067197,69.645961835558,92.98282398139753,39.62940569726434,13.523641850067197,55.90784828626478,13.523641850067197,54.995361585486165,31.56243811875122,118.11756854930599,80.55904666764621,
13.523641850067197,13.523641850067197,13.523641850067197,13.523641850067197,13.523641850067197,13.523641850067197,13.523641850067197,13.523641850067197,13.523641850067197,13.523641850067197,13.523641850067197,13.523641850067197,13.523641850067197,110.60271244413494,67.37043498600912,13.523641850067197,76.06370685155963,92.98282398139753,13.523641850067197,58.156341012825074,13.523641850067197,70.85328150481105,9.99999999E8,51.72774883947687,
13.523641850067197,13.523641850067197,13.523641850067197,13.523641850067197,13.523641850067197,13.523641850067197,13.523641850067197,13.523641850067197,13.523641850067197,13.523641850067197,13.523641850067197,13.523641850067197,13.523641850067197,55.90784828626478,13.523641850067197,155.5,13.523641850067197,33.40939239196068,76.06370685155963,13.523641850067197,48.09740117719459,35.09643856575764,28.977404990785494,34.8157850534623,
13.523641850067197,13.523641850067197,13.523641850067197,13.523641850067197,13.523641850067197,13.523641850067197,13.523641850067197,13.523641850067197,13.523641850067197,13.523641850067197,13.523641850067197,13.523641850067197,98.71858994130741,33.40939239196068,111.5,126.5,46.747784673723594,65.41512737042473,99.97079573555469,13.523641850067197,73.3289771433428,13.523641850067197,13.523641850067197,31.56243811875122,
13.523641850067197,13.523641850067197,13.523641850067197,13.523641850067197,13.523641850067197,13.523641850067197,13.523641850067197,13.523641850067197,13.523641850067197,13.523641850067197,13.523641850067197,13.523641850067197,78.52235350522805,69.645961835558,105.47126385892985,84.48010942753857,100.09589152407806,124.81861840286489,9.99999999E8,13.523641850067197,13.523641850067197,34.8157850534623,51.83326634507997,27.389048906451645,
13.523641850067197,13.523641850067197,13.523641850067197,13.523641850067197,13.523641850067197,13.523641850067197,13.523641850067197,13.523641850067197,13.523641850067197,13.523641850067197,13.523641850067197,13.523641850067197,111.5,111.5,76.91917836274644,72.36174557196794,136.5,13.523641850067197,137.5724808964351,9.99999999E8,21.810261346439663,13.523641850067197,13.523641850067197,56.63355895579934,
13.523641850067197,13.523641850067197,13.523641850067197,13.523641850067197,13.523641850067197,13.523641850067197,13.523641850067197,13.523641850067197,13.523641850067197,13.523641850067197,13.523641850067197,13.523641850067197,13.523641850067197,108.44611565196792,13.523641850067197,80.90851314911181,113.28234146983762,38.32087937297848,99.97079573555469,155.5,98.5746417695748,80.90851314911181,13.523641850067197,99.97079573555469,
13.523641850067197,13.523641850067197,13.523641850067197,13.523641850067197,13.523641850067197,13.523641850067197,13.523641850067197,13.523641850067197,13.523641850067197,13.523641850067197,13.523641850067197,13.523641850067197,13.523641850067197,13.523641850067197,90.62758961817312,78.78253296257998,80.43747571872206,94.3811716157177,13.523641850067197,50.215860572743594,89.1542047366372,135.85367945779836,84.48010942753857,13.523641850067197,
13.523641850067197,13.523641850067197,13.523641850067197,13.523641850067197,13.523641850067197,13.523641850067197,13.523641850067197,13.523641850067197,13.523641850067197,13.523641850067197,13.523641850067197,13.523641850067197,13.523641850067197,68.85592849485721,13.523641850067197,13.523641850067197,41.429398519992965,54.4261341786522,113.28234146983762,56.63355895579934,13.523641850067197,13.523641850067197,53.979677245752,55.90784828626478,
13.523641850067197,13.523641850067197,13.523641850067197,13.523641850067197,13.523641850067197,13.523641850067197,13.523641850067197,13.523641850067197,13.523641850067197,13.523641850067197,13.523641850067197,13.523641850067197,77.70302439416372,111.5,85.17135668756252,13.523641850067197,86.11313617690523,126.5,98.21079370415454,111.5,13.523641850067197,13.523641850067197,13.523641850067197,135.9763051253988,
13.523641850067197,13.523641850067197,13.523641850067197,13.523641850067197,13.523641850067197,13.523641850067197,13.523641850067197,13.523641850067197,13.523641850067197,13.523641850067197,13.523641850067197,13.523641850067197,31.35380717695693,13.523641850067197,135.53433349360435,66.00803908986992,74.96758558796522,27.389048906451645,105.47126385892985,31.56243811875122,65.18541929671765,152.5,52.802830311346845,105.47126385892985,
13.523641850067197,13.523641850067197,13.523641850067197,13.523641850067197,13.523641850067197,13.523641850067197,13.523641850067197,13.523641850067197,13.523641850067197,13.523641850067197,13.523641850067197,13.523641850067197,74.48597183362784,84.48010942753857,109.89704272636276,54.522357799346864,31.912302670418423,111.5,69.99329413943735,28.847947615604355,9.99999999E8,54.39987995184834,72.31278509979332,111.5,
13.523641850067197,13.523641850067197,13.523641850067197,13.523641850067197,13.523641850067197,13.523641850067197,13.523641850067197,13.523641850067197,13.523641850067197,13.523641850067197,13.523641850067197,13.523641850067197,155.5,89.84297412708464,55.90784828626478,35.449788433783354,42.145395655990704,111.5,38.37947856602536,13.523641850067197,66.77179211480116,84.22403160618708,99.97079573555469,43.874366092286735,
13.523641850067197,13.523641850067197,13.523641850067197,13.523641850067197,13.523641850067197,13.523641850067197,13.523641850067197,13.523641850067197,13.523641850067197,13.523641850067197,13.523641850067197,13.523641850067197,64.80076302705771,99.97079573555469,78.51870796186091,13.523641850067197,76.06370685155963,13.523641850067197,56.82482929573828,68.18214983084323,13.523641850067197,69.62084262916575,13.523641850067197,13.523641850067197,
13.523641850067197,13.523641850067197,13.523641850067197,13.523641850067197,13.523641850067197,13.523641850067197,13.523641850067197,13.523641850067197,13.523641850067197,13.523641850067197,13.523641850067197,13.523641850067197,37.43456876705688,13.523641850067197,113.28234146983762,77.72103962248575,33.40939239196068,81.76911091604212,126.5,18.76710104498436,105.47126385892985,13.523641850067197,13.523641850067197,73.05176247018275,
13.523641850067197,13.523641850067197,13.523641850067197,13.523641850067197,13.523641850067197,13.523641850067197,13.523641850067197,13.523641850067197,13.523641850067197,13.523641850067197,13.523641850067197,13.523641850067197,52.818178688781,33.40939239196068,63.14379533167839,13.523641850067197,126.5,13.523641850067197,77.63349792454287,81.76911091604212,36.93995127230137,13.523641850067197,72.31278509979332,99.97079573555469,
13.523641850067197,13.523641850067197,13.523641850067197,13.523641850067197,13.523641850067197,13.523641850067197,13.523641850067197,13.523641850067197,13.523641850067197,13.523641850067197,13.523641850067197,13.523641850067197,36.93995127230137,21.810261346439663,111.5,155.5,13.523641850067197,155.5,136.5,53.979677245752,68.47764233675105,71.85266561203944,103.97445599761511,13.523641850067197,
13.523641850067197,13.523641850067197,13.523641850067197,13.523641850067197,13.523641850067197,13.523641850067197,13.523641850067197,13.523641850067197,13.523641850067197,13.523641850067197,13.523641850067197,13.523641850067197,66.26077116905876,110.17344280723917,13.523641850067197,152.5,13.523641850067197,84.48010942753857,65.18541929671765,13.523641850067197,70.97515214652394,111.5,39.575296355588456,113.28234146983762,
13.523641850067197,13.523641850067197,13.523641850067197,13.523641850067197,13.523641850067197,13.523641850067197,13.523641850067197,13.523641850067197,13.523641850067197,13.523641850067197,13.523641850067197,13.523641850067197,55.89443174413709,99.97079573555469,84.48010942753857,13.523641850067197,66.86355042173575,126.5,13.523641850067197,111.5,74.91865959529412,76.06370685155963,13.523641850067197,71.31400633816614,
13.523641850067197,13.523641850067197,13.523641850067197,13.523641850067197,13.523641850067197,13.523641850067197,13.523641850067197,13.523641850067197,13.523641850067197,13.523641850067197,13.523641850067197,13.523641850067197,72.7664757975814,13.523641850067197,55.89443174413709,72.31278509979332,31.56243811875122,103.63142487789224,35.60382919099046,48.86666161386463,13.523641850067197,29.149442533262967,63.55360905951601,32.96627837964245,
13.523641850067197,13.523641850067197,13.523641850067197,13.523641850067197,13.523641850067197,13.523641850067197,13.523641850067197,13.523641850067197,13.523641850067197,13.523641850067197,13.523641850067197,13.523641850067197,152.5,13.523641850067197,55.89443174413709,13.523641850067197,38.37947856602536,37.57638054682755,73.3289771433428,13.523641850067197,38.37947856602536,65.93699644357483,84.22403160618708,13.523641850067197,
13.523641850067197,13.523641850067197,13.523641850067197,13.523641850067197,13.523641850067197,13.523641850067197,13.523641850067197,13.523641850067197,13.523641850067197,13.523641850067197,13.523641850067197,13.523641850067197,152.5,13.523641850067197,13.523641850067197,76.06370685155963,72.31278509979332,73.63087784917077,105.47126385892985,13.523641850067197,48.75128203442449,13.523641850067197,78.5569061254324,80.90851314911181,
13.523641850067197,13.523641850067197,13.523641850067197,13.523641850067197,13.523641850067197,13.523641850067197,13.523641850067197,13.523641850067197,13.523641850067197,13.523641850067197,13.523641850067197,13.523641850067197,13.523641850067197,13.523641850067197,53.71010622037608,72.82298744215318,60.7965642304088,72.31278509979332,88.54879383079641,109.89704272636276,52.31978593228378,13.523641850067197,55.90784828626478,35.60382919099046,
13.523641850067197,13.523641850067197,13.523641850067197,13.523641850067197,13.523641850067197,13.523641850067197,13.523641850067197,13.523641850067197,13.523641850067197,13.523641850067197,13.523641850067197,13.523641850067197,43.3148108561745,31.56243811875122,62.82426990334936,100.09589152407806,32.783141627977024,111.5,9.99999999E8,13.523641850067197,111.5,13.523641850067197,9.99999999E8,13.523641850067197,
13.523641850067197,13.523641850067197,13.523641850067197,13.523641850067197,13.523641850067197,13.523641850067197,13.523641850067197,13.523641850067197,13.523641850067197,13.523641850067197,13.523641850067197,13.523641850067197,111.5,13.523641850067197,43.585942401191694,36.78956675774019,86.13180306948183,13.523641850067197,84.48010942753857,13.523641850067197,127.40235476630721,50.82101445469267,13.523641850067197,80.90851314911181,
13.523641850067197,13.523641850067197,13.523641850067197,13.523641850067197,13.523641850067197,13.523641850067197,13.523641850067197,13.523641850067197,13.523641850067197,13.523641850067197,13.523641850067197,13.523641850067197,64.01410434861646,105.47126385892985,111.5,111.5,21.810261346439663,85.87152244689119,13.523641850067197,61.69391289980632,34.314315120984446,43.61733855042307,88.54879383079641,13.523641850067197,
13.523641850067197,13.523641850067197,13.523641850067197,13.523641850067197,13.523641850067197,13.523641850067197,13.523641850067197,13.523641850067197,13.523641850067197,13.523641850067197,13.523641850067197,13.523641850067197,105.47126385892985,72.7664757975814,32.078984156138674,105.47126385892985,94.65600878972238,13.523641850067197,62.23092077094794,13.523641850067197,58.046188505361826,72.46761728907302,9.99999999E8,108.80665829299643,
13.523641850067197,13.523641850067197,13.523641850067197,13.523641850067197,13.523641850067197,13.523641850067197,13.523641850067197,13.523641850067197,13.523641850067197,13.523641850067197,13.523641850067197,13.523641850067197,24.96565542134402,155.5,69.47056930816099,105.47126385892985,55.89443174413709,81.28207373218329,155.5,55.89443174413709,66.42108099090227,36.93995127230137,109.11547782051821,155.5,
13.523641850067197,13.523641850067197,13.523641850067197,13.523641850067197,13.523641850067197,13.523641850067197,13.523641850067197,13.523641850067197,13.523641850067197,13.523641850067197,13.523641850067197,13.523641850067197,126.5,9.99999999E8,21.810261346439663,80.90851314911181,13.523641850067197,13.523641850067197,33.40939239196068,13.523641850067197,111.5,13.523641850067197,99.97079573555469,155.5,
13.523641850067197,13.523641850067197,13.523641850067197,13.523641850067197,13.523641850067197,13.523641850067197,13.523641850067197,13.523641850067197,13.523641850067197,13.523641850067197,13.523641850067197,13.523641850067197,63.14379533167839,13.523641850067197,111.5,13.523641850067197,13.523641850067197,13.523641850067197,113.28234146983762,90.39435208512138,13.523641850067197,120.58062655335641,13.523641850067197,46.760667232194194,
13.523641850067197,13.523641850067197,13.523641850067197,13.523641850067197,13.523641850067197,13.523641850067197,13.523641850067197,13.523641850067197,13.523641850067197,13.523641850067197,13.523641850067197,13.523641850067197,27.389048906451645,13.523641850067197,67.22206152414218,21.810261346439663,21.810261346439663,72.31278509979332,9.99999999E8,13.523641850067197,13.523641850067197,84.22403160618708,67.77674748761554,76.06370685155963,
13.523641850067197,13.523641850067197,13.523641850067197,13.523641850067197,13.523641850067197,13.523641850067197,13.523641850067197,13.523641850067197,13.523641850067197,13.523641850067197,13.523641850067197,13.523641850067197,13.523641850067197,117.99231966530704,153.9141174667079,92.98282398139753,38.40877992074208,126.5,13.523641850067197,72.46761728907302,27.865251160221437,13.523641850067197,84.48010942753857,21.810261346439663,
13.523641850067197,13.523641850067197,13.523641850067197,13.523641850067197,13.523641850067197,13.523641850067197,13.523641850067197,13.523641850067197,13.523641850067197,13.523641850067197,13.523641850067197,13.523641850067197,86.35472707900182,13.523641850067197,13.523641850067197,38.26842330462835,13.523641850067197,108.80665829299643,72.7664757975814,13.523641850067197,13.523641850067197,36.93995127230137,64.84741706498417,27.389048906451645,
13.523641850067197,13.523641850067197,13.523641850067197,13.523641850067197,13.523641850067197,13.523641850067197,13.523641850067197,13.523641850067197,13.523641850067197,13.523641850067197,13.523641850067197,13.523641850067197,111.5,75.65024785154375,9.99999999E8,93.8539290600026,111.5,9.99999999E8,63.12267597482083,55.89443174413709,21.810261346439663,72.46761728907302,13.523641850067197,85.87152244689119,
13.523641850067197,13.523641850067197,13.523641850067197,13.523641850067197,13.523641850067197,13.523641850067197,13.523641850067197,13.523641850067197,13.523641850067197,13.523641850067197,13.523641850067197,13.523641850067197,80.43747571872206,81.28207373218329,39.117823068681275,98.71858994130741,61.26140710104527,127.4039245863329,13.523641850067197,155.5,21.810261346439663,13.523641850067197,76.06370685155963,66.10361185290861,
13.523641850067197,13.523641850067197,13.523641850067197,13.523641850067197,13.523641850067197,13.523641850067197,13.523641850067197,13.523641850067197,13.523641850067197,13.523641850067197,13.523641850067197,13.523641850067197,67.68142662654269,111.5,13.523641850067197,88.54879383079641,111.5,13.523641850067197,27.865251160221437,13.523641850067197,13.523641850067197,81.42825062593448,124.81861840286489,105.47126385892985,
13.523641850067197,13.523641850067197,13.523641850067197,13.523641850067197,13.523641850067197,13.523641850067197,13.523641850067197,13.523641850067197,13.523641850067197,13.523641850067197,13.523641850067197,13.523641850067197,13.523641850067197,81.76911091604212,49.76906669810074,13.523641850067197,155.5,54.522357799346864,68.46755111405369,126.5,65.18541929671765,58.32596649303755,48.296583730114904,9.99999999E8,
13.523641850067197,13.523641850067197,13.523641850067197,13.523641850067197,13.523641850067197,13.523641850067197,13.523641850067197,13.523641850067197,13.523641850067197,13.523641850067197,13.523641850067197,13.523641850067197,69.645961835558,76.06370685155963,94.5346791159496,13.523641850067197,65.18541929671765,126.5,84.48010942753857,84.22403160618708,126.97908292313345,65.18541929671765,56.3907649118802,137.56157712093884,
13.523641850067197,13.523641850067197,13.523641850067197,13.523641850067197,13.523641850067197,13.523641850067197,13.523641850067197,13.523641850067197,13.523641850067197,13.523641850067197,13.523641850067197,13.523641850067197,80.90851314911181,152.5,66.42108099090227,80.47664130614776,13.523641850067197,9.99999999E8,84.48010942753857,126.5,18.76710104498436,44.908065812279204,72.46761728907302,13.523641850067197,
13.523641850067197,13.523641850067197,13.523641850067197,13.523641850067197,13.523641850067197,13.523641850067197,13.523641850067197,13.523641850067197,13.523641850067197,13.523641850067197,13.523641850067197,13.523641850067197,13.523641850067197,99.97079573555469,13.523641850067197,13.523641850067197,84.48010942753857,94.5346791159496,66.18579908107176,111.5,13.523641850067197,32.718257517783556,99.97079573555469,48.86666161386463,
13.523641850067197,13.523641850067197,13.523641850067197,13.523641850067197,13.523641850067197,13.523641850067197,13.523641850067197,13.523641850067197,13.523641850067197,13.523641850067197,13.523641850067197,13.523641850067197,13.523641850067197,36.93995127230137,13.523641850067197,60.7965642304088,13.523641850067197,37.07387519834179,76.06370685155963,13.523641850067197,13.523641850067197,111.5,30.68361737148995,13.523641850067197,
13.523641850067197,13.523641850067197,13.523641850067197,13.523641850067197,13.523641850067197,13.523641850067197,13.523641850067197,13.523641850067197,13.523641850067197,13.523641850067197,13.523641850067197,13.523641850067197,21.810261346439663,13.523641850067197,72.46761728907302,33.40939239196068,109.11547782051821,13.523641850067197,38.16772864874306,43.36441193216186,84.22403160618708,80.43747571872206,13.523641850067197,34.09111440878184,
13.523641850067197,13.523641850067197,13.523641850067197,13.523641850067197,13.523641850067197,13.523641850067197,13.523641850067197,13.523641850067197,13.523641850067197,13.523641850067197,13.523641850067197,13.523641850067197,37.09634603150139,67.46080343429064,78.01851632073561,13.523641850067197,48.280016570005444,105.47126385892985,77.34959599118797,13.523641850067197,72.1281652492438,81.87117251443813,69.78876859654584,75.65024785154375,
13.523641850067197,13.523641850067197,13.523641850067197,13.523641850067197,13.523641850067197,13.523641850067197,13.523641850067197,13.523641850067197,13.523641850067197,13.523641850067197,13.523641850067197,13.523641850067197,31.56243811875122,75.65024785154375,95.01031522945286,126.5,75.65024785154375,142.60045192385925,155.5,72.10381404613767,57.434967660860416,13.523641850067197,13.523641850067197,13.523641850067197,
13.523641850067197,13.523641850067197,13.523641850067197,13.523641850067197,13.523641850067197,13.523641850067197,13.523641850067197,13.523641850067197,13.523641850067197,13.523641850067197,13.523641850067197,13.523641850067197,13.523641850067197,13.523641850067197,31.56243811875122,13.523641850067197,76.06370685155963,48.86666161386463,111.5,13.523641850067197,65.18541929671765,126.5,13.523641850067197,84.22403160618708,
13.523641850067197,13.523641850067197,13.523641850067197,13.523641850067197,13.523641850067197,13.523641850067197,13.523641850067197,13.523641850067197,13.523641850067197,13.523641850067197,13.523641850067197,13.523641850067197,43.66616968546703,38.40877992074208,13.523641850067197,13.523641850067197,50.25283015687286,54.15846091691389,155.5,9.99999999E8,13.523641850067197,13.523641850067197,13.523641850067197,13.523641850067197,
13.523641850067197,13.523641850067197,13.523641850067197,13.523641850067197,13.523641850067197,13.523641850067197,13.523641850067197,13.523641850067197,13.523641850067197,13.523641850067197,13.523641850067197,13.523641850067197,65.42531789928286,60.7965642304088,13.523641850067197,75.65024785154375,85.44133790046959,76.06370685155963,155.5,72.29495141432768,31.56243811875122,65.18541929671765,69.43442149891428,81.87117251443813,
13.523641850067197,13.523641850067197,13.523641850067197,13.523641850067197,13.523641850067197,13.523641850067197,13.523641850067197,13.523641850067197,13.523641850067197,13.523641850067197,13.523641850067197,13.523641850067197,76.06370685155963,66.42108099090227,81.76911091604212,81.87117251443813,48.296583730114904,76.06370685155963,42.06509505780561,80.68594810883876,77.41937741935155,56.040024759095175,77.66183103687422,118.14973550541703,
13.523641850067197,13.523641850067197,13.523641850067197,13.523641850067197,13.523641850067197,13.523641850067197,13.523641850067197,13.523641850067197,13.523641850067197,13.523641850067197,13.523641850067197,13.523641850067197,78.35662065199087,86.5,52.51316647338289,60.64113240017464,13.523641850067197,65.18541929671765,13.523641850067197,13.523641850067197,27.389048906451645,78.7031606735079,49.48221696648572,107.09896124612975,
13.523641850067197,13.523641850067197,13.523641850067197,13.523641850067197,13.523641850067197,13.523641850067197,13.523641850067197,13.523641850067197,13.523641850067197,13.523641850067197,13.523641850067197,13.523641850067197,13.523641850067197,13.523641850067197,45.40343844052146,92.98282398139753,78.48018150392423,13.523641850067197,68.63934731624421,105.47126385892985,21.810261346439663,13.523641850067197,88.18116787243714,94.38584374788414,
13.523641850067197,13.523641850067197,13.523641850067197,13.523641850067197,13.523641850067197,13.523641850067197,13.523641850067197,13.523641850067197,13.523641850067197,13.523641850067197,13.523641850067197,13.523641850067197,155.5,13.523641850067197,81.76911091604212,66.42108099090227,13.523641850067197,13.523641850067197,13.523641850067197,37.19185898822483,13.523641850067197,13.523641850067197,13.523641850067197,137.6888601965396,
13.523641850067197,13.523641850067197,13.523641850067197,13.523641850067197,13.523641850067197,13.523641850067197,13.523641850067197,13.523641850067197,13.523641850067197,13.523641850067197,13.523641850067197,13.523641850067197,137.5724808964351,111.5,60.841830964080366,31.56243811875122,13.523641850067197,13.523641850067197,76.06370685155963,49.99984374975586,31.56243811875122,76.91917836274644,71.77487480352177,33.40939239196068,
13.523641850067197,13.523641850067197,13.523641850067197,13.523641850067197,13.523641850067197,13.523641850067197,13.523641850067197,13.523641850067197,13.523641850067197,13.523641850067197,13.523641850067197,13.523641850067197,60.122271247849575,13.523641850067197,13.523641850067197,72.46761728907302,13.523641850067197,13.523641850067197,95.34509688494737,72.46761728907302,13.523641850067197,47.92999009615258,21.810261346439663,21.810261346439663,
13.523641850067197,13.523641850067197,13.523641850067197,13.523641850067197,13.523641850067197,13.523641850067197,13.523641850067197,13.523641850067197,13.523641850067197,13.523641850067197,13.523641850067197,13.523641850067197,13.523641850067197,13.523641850067197,86.5,155.5,13.523641850067197,13.523641850067197,92.98282398139753,105.26484455885544,39.47749006994013,76.84196444651842,24.8489883541005,63.14379533167839,
13.523641850067197,13.523641850067197,13.523641850067197,13.523641850067197,13.523641850067197,13.523641850067197,13.523641850067197,13.523641850067197,13.523641850067197,13.523641850067197,13.523641850067197,13.523641850067197,27.865251160221437,98.21079370415454,73.3289771433428,13.523641850067197,13.523641850067197,13.523641850067197,86.35858704005963,13.523641850067197,13.523641850067197,13.523641850067197,9.99999999E8,13.523641850067197,
13.523641850067197,13.523641850067197,13.523641850067197,13.523641850067197,13.523641850067197,13.523641850067197,13.523641850067197,13.523641850067197,13.523641850067197,13.523641850067197,13.523641850067197,13.523641850067197,13.523641850067197,78.51203021759716,13.523641850067197,95.34509688494737,13.523641850067197,77.41937741935155,111.5,84.48010942753857,55.90784828626478,111.5,152.5,13.523641850067197,
