47.567714891510185,43.011913365462185,36.91459738369091,44.79087208597553,67.90782150991315,46.81531233888924,37.58744905590977,15.619192798396126,71.29296949910278,76.99494932930486,36.91459738369091,36.73969999272661,24.468170303982504,43.43353798877341,26.19286383163321,41.5,26.93858756505248,51.60608006814701,9.99999999E8,31.677121081310403,37.458495550260544,65.44224552993273,41.614967926883665,33.6386021641143,
15.619192798396126,24.468170303982504,26.19286383163321,26.93858756505248,31.677121081310403,33.6386021641143,36.73969999272661,36.91459738369091,36.91459738369091,37.458495550260544,37.58744905590977,41.5,30.742631230914508,36.14596259950616,54.81620496286305,37.076778446893144,24.261286033514384,71.96912918436318,41.984372092482225,37.16318125263668,18.20327923754399,14.837078178970714,20.01074091747019,41.54466492431332,
14.837078178970714,15.619192798396126,18.20327923754399,20.01074091747019,24.261286033514384,24.468170303982504,26.19286383163321,26.93858756505248,30.742631230914508,31.677121081310403,33.6386021641143,36.14596259950616,28.065521006882364,24.468170303982504,47.76126975792089,39.80251248351039,13.861417275621164,53.09086550434077,31.677121081310403,42.820325161231324,27.54037440236102,30.3090745487222,29.751283819171384,32.06536293261001,
13.861417275621164,14.837078178970714,15.619192798396126,18.20327923754399,20.01074091747019,24.261286033514384,24.468170303982504,24.468170303982504,26.19286383163321,26.93858756505248,27.54037440236102,28.065521006882364,41.026668156212736,41.63757317615905,21.820606978012524,41.94091081509795,25.457142724635837,41.68557904119841,36.53505166275258,43.486803065025676,26.752074113753405,43.853187350708346,27.675967619461286,18.60771113222276,
13.861417275621164,14.837078178970714,15.619192798396126,18.20327923754399,18.60771113222276,20.01074091747019,21.820606978012524,24.261286033514384,24.468170303982504,24.468170303982504,25.457142724635837,26.19286383163321,39.01887007874808,18.631663610340567,41.94091081509795,22.37892594676099,40.28819788584355,33.27822110630314,30.078087672335347,38.99819707371098,38.886855105549486,37.52811446102775,38.89493960055231,14.837078178970714,
13.861417275621164,14.837078178970714,14.837078178970714,15.619192798396126,18.20327923754399,18.60771113222276,18.631663610340567,20.01074091747019,21.820606978012524,22.37892594676099,24.261286033514384,24.468170303982504,15.366811279146006,31.677121081310403,76.5,37.89247946492813,50.07833863058958,41.17872630376029,24.261286033514384,17.787909439341718,68.43163660828878,57.76004001229762,17.694689621926873,41.28942148457171,
13.861417275621164,14.837078178970714,14.837078178970714,15.366811279146006,15.619192798396126,17.694689621926873,17.787909439341718,18.20327923754399,18.60771113222276,18.631663610340567,20.01074091747019,21.820606978012524,37.50519963951665,28.259716386544536,81.26307587090216,27.543420266916744,41.94091081509795,56.35767472137224,11.897712198383164,19.425740011644343,46.54907438962253,20.55746518907426,18.20327923754399,71.5,
11.897712198383164,13.861417275621164,14.837078178970714,14.837078178970714,15.366811279146006,15.619192798396126,17.694689621926873,17.787909439341718,18.20327923754399,18.20327923754399,18.60771113222276,18.631663610340567,18.285496301714097,65.40785503286284,14.821858857781638,49.68085647409875,27.353650985238193,14.821858857781638,29.14463930125058,76.5,42.88226776756202,95.5,57.644504411859494,95.5,
11.897712198383164,13.861417275621164,14.821858857781638,14.821858857781638,14.837078178970714,14.837078178970714,15.366811279146006,15.619192798396126,17.694689621926873,17.787909439341718,18.20327923754399,18.20327923754399,17.43014629886967,17.710829155851375,32.06536293261001,48.68970630431036,18.87450432674318,51.07075701634177,16.69760461862719,14.821858857781638,92.5,88.15642662651179,23.465719677862,55.511760515728156,
11.897712198383164,13.861417275621164,14.821858857781638,14.821858857781638,14.821858857781638,14.837078178970714,14.837078178970714,15.366811279146006,15.619192798396126,16.69760461862719,17.43014629886967,17.694689621926873,11.897712198383164,41.5,38.74325747791479,24.851747926453786,14.821858857781638,41.17872630376029,11.897712198383164,15.366811279146006,16.766097960358174,14.821858857781638,16.27912774076056,14.837078178970714,
11.897712198383164,11.897712198383164,11.897712198383164,13.861417275621164,14.821858857781638,14.821858857781638,14.821858857781638,14.821858857781638,14.821858857781638,14.837078178970714,14.837078178970714,14.837078178970714,76.5,14.821858857781638,14.821858857781638,14.837078178970714,11.897712198383164,61.44662317816985,37.44955454745048,76.5,47.1077370385045,76.5,17.961329989730714,57.76004001229762,
11.897712198383164,11.897712198383164,11.897712198383164,11.897712198383164,13.861417275621164,14.821858857781638,14.821858857781638,14.821858857781638,14.821858857781638,14.821858857781638,14.821858857781638,14.821858857781638,38.905956733998394,25.958428303732102,24.556872765073326,76.5,41.354833118055524,26.592083199495466,14.821858857781638,14.821858857781638,76.5,24.117907649457386,57.644504411859494,17.113134575524146,
11.897712198383164,11.897712198383164,11.897712198383164,11.897712198383164,13.861417275621164,14.821858857781638,14.821858857781638,14.821858857781638,14.821858857781638,14.821858857781638,14.821858857781638,14.821858857781638,14.821858857781638,30.5,37.34487916702904,25.00715946866733,34.82141025640544,81.81415253827149,14.821858857781638,11.897712198383164,11.897712198383164,22.094965489902897,34.81099762367571,76.5,
11.897712198383164,11.897712198383164,11.897712198383164,11.897712198383164,11.897712198383164,11.897712198383164,13.861417275621164,14.821858857781638,14.821858857781638,14.821858857781638,14.821858857781638,14.821858857781638,54.96867794986118,22.85257097133712,30.86486675817668,76.5,30.5,57.644504411859494,14.821858857781638,39.13677937694925,24.556872765073326,13.861417275621164,20.524206575542827,11.897712198383164,
11.897712198383164,11.897712198383164,11.897712198383164,11.897712198383164,11.897712198383164,11.897712198383164,11.897712198383164,13.861417275621164,13.861417275621164,14.821858857781638,14.821858857781638,14.821858857781638,26.386360112755227,21.190563937753048,53.64874183054063,27.416664082046072,30.5,41.5,11.757550765359253,11.897712198383164,24.556872765073326,37.89247946492813,27.030353308826726,47.95368135561185,
11.757550765359253,11.897712198383164,11.897712198383164,11.897712198383164,11.897712198383164,11.897712198383164,11.897712198383164,11.897712198383164,11.897712198383164,13.861417275621164,13.861417275621164,14.821858857781638,29.14939965076468,46.171479893496546,11.897712198383164,40.75311431695267,11.897712198383164,11.757550765359253,11.897712198383164,24.418026128252055,25.380849079571785,49.97839533238337,51.35957121662481,23.77057003944163,
11.757550765359253,11.757550765359253,11.897712198383164,11.897712198383164,11.897712198383164,11.897712198383164,11.897712198383164,11.897712198383164,11.897712198383164,11.897712198383164,11.897712198383164,11.897712198383164,14.821858857781638,11.897712198383164,53.809292877717695,23.27745690577044,41.5,92.5,11.897712198383164,81.81415253827149,19.692779274535006,11.897712198383164,76.5,13.912424503139471,
11.757550765359253,11.757550765359253,11.897712198383164,11.897712198383164,11.897712198383164,11.897712198383164,11.897712198383164,11.897712198383164,11.897712198383164,11.897712198383164,11.897712198383164,11.897712198383164,25.899914199772084,41.63757317615905,76.5,23.77057003944163,27.787387226741718,11.897712198383164,11.897712198383164,11.897712198383164,25.899914199772084,23.79542439676633,41.5,11.897712198383164,
11.757550765359253,11.757550765359253,11.897712198383164,11.897712198383164,11.897712198383164,11.897712198383164,11.897712198383164,11.897712198383164,11.897712198383164,11.897712198383164,11.897712198383164,11.897712198383164,14.821858857781638,31.270433319671156,31.716859612412286,11.897712198383164,68.43163660828878,14.821858857781638,30.5,25.248212257944566,31.716859612412286,11.897712198383164,20.240392026533357,48.15794327003594,
11.757550765359253,11.757550765359253,11.897712198383164,11.897712198383164,11.897712198383164,11.897712198383164,11.897712198383164,11.897712198383164,11.897712198383164,11.897712198383164,11.897712198383164,11.897712198383164,28.9039789648415,20.54720175595694,44.103728741330805,48.95086822519086,11.897712198383164,30.5,19.692779274535006,11.897712198383164,47.818824745072945,57.76004001229762,11.897712198383164,11.897712198383164,
11.757550765359253,11.757550765359253,11.897712198383164,11.897712198383164,11.897712198383164,11.897712198383164,11.897712198383164,11.897712198383164,11.897712198383164,11.897712198383164,11.897712198383164,11.897712198383164,31.767711595266032,25.64059281685975,31.13768706175132,14.821858857781638,58.924857987855084,37.24431351077489,11.897712198383164,31.767711595266032,76.5,14.821858857781638,9.99999999E8,11.897712198383164,
11.757550765359253,11.757550765359253,11.897712198383164,11.897712198383164,11.897712198383164,11.897712198383164,11.897712198383164,11.897712198383164,11.897712198383164,11.897712198383164,11.897712198383164,11.897712198383164,57.644504411859494,25.497242497964365,32.860394939129314,37.04351795148811,24.556872765073326,11.897712198383164,43.57213114187666,11.897712198383164,9.99999999E8,41.03276130118469,24.56846301663985,30.5,
11.757550765359253,11.757550765359253,11.897712198383164,11.897712198383164,11.897712198383164,11.897712198383164,11.897712198383164,11.897712198383164,11.897712198383164,11.897712198383164,11.897712198383164,11.897712198383164,11.897712198383164,51.97922661987191,63.05663239413352,31.986494063418952,9.99999999E8,57.644504411859494,25.64059281685975,49.68085647409875,11.897712198383164,49.68085647409875,47.07094081689631,11.897712198383164,
11.757550765359253,11.757550765359253,11.897712198383164,11.897712198383164,11.897712198383164,11.897712198383164,11.897712198383164,11.897712198383164,11.897712198383164,11.897712198383164,11.897712198383164,11.897712198383164,11.897712198383164,52.28341568370945,11.897712198383164,11.897712198383164,38.14498656442286,11.897712198383164,35.017779740571555,25.19145440422208,76.5,51.416042000527426,14.821858857781638,8.65383665716478,
8.65383665716478,11.757550765359253,11.757550765359253,11.897712198383164,11.897712198383164,11.897712198383164,11.897712198383164,11.897712198383164,11.897712198383164,11.897712198383164,11.897712198383164,11.897712198383164,19.22725929507375,24.418026128252055,25.803875677889938,36.61245993131604,11.897712198383164,37.72320240912746,46.57990446533784,30.251262599912902,14.821858857781638,23.388886249669948,24.340752293678648,52.98289818422545,
8.65383665716478,11.757550765359253,11.757550765359253,11.897712198383164,11.897712198383164,11.897712198383164,11.897712198383164,11.897712198383164,11.897712198383164,11.897712198383164,11.897712198383164,11.897712198383164,41.5,22.657435313821377,41.94091081509795,57.644504411859494,73.3045398018128,31.767711595266032,50.17409690268476,37.2532623478207,25.56310275029661,11.897712198383164,70.24401912064985,31.205857712223768,
8.65383665716478,11.757550765359253,11.757550765359253,11.897712198383164,11.897712198383164,11.897712198383164,11.897712198383164,11.897712198383164,11.897712198383164,11.897712198383164,11.897712198383164,11.897712198383164,11.897712198383164,16.190703779912994,28.340562803162538,14.821858857781638,11.897712198383164,31.26627971015388,11.897712198383164,11.897712198383164,19.447043477094404,54.168461508725,11.897712198383164,22.85257097133712,
8.65383665716478,11.757550765359253,11.757550765359253,11.897712198383164,11.897712198383164,11.897712198383164,11.897712198383164,11.897712198383164,11.897712198383164,11.897712198383164,11.897712198383164,11.897712198383164,38.06625802466011,72.04642600434806,54.168461508725,44.56859179960704,26.92785500183778,18.9369843164111,25.10796686312932,28.27874643614883,24.28702071065943,11.897712198383164,9.99999999E8,11.897712198383164,
8.65383665716478,11.757550765359253,11.757550765359253,11.897712198383164,11.897712198383164,11.897712198383164,11.897712198383164,11.897712198383164,11.897712198383164,11.897712198383164,11.897712198383164,11.897712198383164,27.535204738661378,11.897712198383164,51.07075701634177,68.43163660828878,23.27745690577044,42.88226776756202,57.76004001229762,19.954636052807377,8.65383665716478,57.644504411859494,28.127191272661562,92.5,
8.65383665716478,8.65383665716478,11.757550765359253,11.757550765359253,11.897712198383164,11.897712198383164,11.897712198383164,11.897712198383164,11.897712198383164,11.897712198383164,11.897712198383164,11.897712198383164,23.624338615080845,58.31843619302561,24.556872765073326,32.29249998924759,14.821858857781638,36.06683139022074,27.353650985238193,65.08984175737409,33.51823715863085,8.65383665716478,14.821858857781638,57.644504411859494,
8.65383665716478,8.65383665716478,8.65383665716478,11.757550765359253,11.757550765359253,11.897712198383164,11.897712198383164,11.897712198383164,11.897712198383164,11.897712198383164,11.897712198383164,11.897712198383164,43.72595549182967,19.22725929507375,31.767711595266032,76.99494932930486,11.897712198383164,37.28456636316009,25.77089227964156,30.5,11.897712198383164,55.511760515728156,8.65383665716478,14.821858857781638,
8.65383665716478,8.65383665716478,8.65383665716478,8.65383665716478,11.757550765359253,11.757550765359253,11.897712198383164,11.897712198383164,11.897712198383164,11.897712198383164,11.897712198383164,11.897712198383164,30.5,51.44144459696114,45.93987616681419,11.897712198383164,11.757550765359253,35.6445032542873,26.450129961873532,36.867160183556315,52.44891694676725,24.556872765073326,57.644504411859494,29.227080289043965,
8.65383665716478,8.65383665716478,8.65383665716478,8.65383665716478,11.757550765359253,11.757550765359253,11.757550765359253,11.897712198383164,11.897712198383164,11.897712198383164,11.897712198383164,11.897712198383164,25.2295583045938,11.897712198383164,51.44144459696114,95.5,43.077691442323136,14.821858857781638,25.016105923095935,14.821858857781638,28.94283158227612,51.07075701634177,8.65383665716478,8.65383665716478,
8.65383665716478,8.65383665716478,8.65383665716478,8.65383665716478,8.65383665716478,8.65383665716478,11.757550765359253,11.757550765359253,11.757550765359253,11.897712198383164,11.897712198383164,11.897712198383164,21.171259344267224,71.5,26.365486699260625,11.757550765359253,8.65383665716478,41.15142767875739,34.52331639631396,28.748429908818014,92.5,17.319329769753487,26.597744265256782,30.366253884863703,
8.65383665716478,8.65383665716478,8.65383665716478,8.65383665716478,8.65383665716478,8.65383665716478,8.65383665716478,11.757550765359253,11.757550765359253,11.757550765359253,11.757550765359253,11.897712198383164,8.65383665716478,24.23716154998353,50.04238203762887,11.757550765359253,43.077691442323136,30.5,16.557140118054473,8.65383665716478,9.99999999E8,17.879807045938723,34.37739890619353,42.78791366210271,
8.65383665716478,8.65383665716478,8.65383665716478,8.65383665716478,8.65383665716478,8.65383665716478,8.65383665716478,8.65383665716478,8.65383665716478,11.757550765359253,11.757550765359253,11.757550765359253,8.65383665716478,18.471261462065875,11.757550765359253,8.65383665716478,33.54161594199063,29.212801219705735,44.79087208597553,52.44891694676725,8.65383665716478,76.5,14.821858857781638,14.821858857781638,
8.65383665716478,8.65383665716478,8.65383665716478,8.65383665716478,8.65383665716478,8.65383665716478,8.65383665716478,8.65383665716478,8.65383665716478,8.65383665716478,8.65383665716478,8.65383665716478,63.50174975716986,76.99494932930486,21.319723549917292,27.140548539040253,28.479982004910045,8.65383665716478,8.65383665716478,26.73275144836386,35.66053097456283,65.40785503286284,45.67518168789504,49.46352191261759,
8.65383665716478,8.65383665716478,8.65383665716478,8.65383665716478,8.65383665716478,8.65383665716478,8.65383665716478,8.65383665716478,8.65383665716478,8.65383665716478,8.65383665716478,8.65383665716478,14.821858857781638,12.690153663372245,68.43163660828878,9.99999999E8,14.821858857781638,30.008842234329837,30.5,28.94283158227612,52.7052179579973,41.5,14.821858857781638,38.04848880047669,
8.65383665716478,8.65383665716478,8.65383665716478,8.65383665716478,8.65383665716478,8.65383665716478,8.65383665716478,8.65383665716478,8.65383665716478,8.65383665716478,8.65383665716478,8.65383665716478,47.82977629050757,26.996173588672747,9.99999999E8,88.15642662651179,8.65383665716478,21.190563937753048,31.359846938401983,41.5,69.57504940709708,8.65383665716478,41.5,52.44891694676725,
8.65383665716478,8.65383665716478,8.65383665716478,8.65383665716478,8.65383665716478,8.65383665716478,8.65383665716478,8.65383665716478,8.65383665716478,8.65383665716478,8.65383665716478,8.65383665716478,92.5,26.61179249881526,8.65383665716478,26.597744265256782,42.462218500686,32.38543386355372,8.65383665716478,8.65383665716478,41.5,23.866503723838562,24.27255703038698,28.488247522681704,
8.65383665716478,8.65383665716478,8.65383665716478,8.65383665716478,8.65383665716478,8.65383665716478,8.65383665716478,8.65383665716478,8.65383665716478,8.65383665716478,8.65383665716478,8.65383665716478,8.65383665716478,46.93655291987259,8.65383665716478,39.124001584705006,26.34310504996458,25.777358713068764,8.65383665716478,43.077691442323136,38.04848880047669,18.659782956937093,14.821858857781638,57.644504411859494,
8.65383665716478,8.65383665716478,8.65383665716478,8.65383665716478,8.65383665716478,8.65383665716478,8.65383665716478,8.65383665716478,8.65383665716478,8.65383665716478,8.65383665716478,8.65383665716478,26.61179249881526,44.33607447666065,8.65383665716478,14.17058769266665,8.65383665716478,35.420897786476274,55.511760515728156,45.67518168789504,25.799406485421326,8.65383665716478,8.65383665716478,17.499714283381884,
8.65383665716478,8.65383665716478,8.65383665716478,8.65383665716478,8.65383665716478,8.65383665716478,8.65383665716478,8.65383665716478,8.65383665716478,8.65383665716478,8.65383665716478,8.65383665716478,8.65383665716478,8.65383665716478,65.44224552993273,68.43163660828878,14.821858857781638,28.94283158227612,44.79087208597553,25.58379589202701,8.65383665716478,32.98650292164964,8.65383665716478,21.171259344267224,
8.65383665716478,8.65383665716478,8.65383665716478,8.65383665716478,8.65383665716478,8.65383665716478,8.65383665716478,8.65383665716478,8.65383665716478,8.65383665716478,8.65383665716478,8.65383665716478,30.158838763380057,36.867160183556315,53.206098230267635,41.358561535006245,48.95086822519086,25.695231035333848,14.821858857781638,8.65383665716478,37.34487916702904,8.65383665716478,33.6386021641143,76.99494932930486,
8.65383665716478,8.65383665716478,8.65383665716478,8.65383665716478,8.65383665716478,8.65383665716478,8.65383665716478,8.65383665716478,8.65383665716478,8.65383665716478,8.65383665716478,8.65383665716478,68.43163660828878,28.471202556267272,42.100702319586894,41.5,26.61179249881526,30.879694874715902,41.5,8.65383665716478,44.54929853544273,41.354833118055524,8.65383665716478,71.5,
8.65383665716478,8.65383665716478,8.65383665716478,8.65383665716478,8.65383665716478,8.65383665716478,8.65383665716478,8.65383665716478,8.65383665716478,8.65383665716478,8.65383665716478,8.65383665716478,43.077691442323136,8.65383665716478,9.99999999E8,37.16318125263668,43.077691442323136,41.5,92.5,8.65383665716478,45.67518168789504,30.5,30.5,24.47731375966098,
8.65383665716478,8.65383665716478,8.65383665716478,8.65383665716478,8.65383665716478,8.65383665716478,8.65383665716478,8.65383665716478,8.65383665716478,8.65383665716478,8.65383665716478,8.65383665716478,17.947405801396478,30.158838763380057,8.65383665716478,52.44891694676725,8.65383665716478,48.95086822519086,8.65383665716478,30.5,9.99999999E8,52.44891694676725,14.821858857781638,52.44891694676725,
8.65383665716478,8.65383665716478,8.65383665716478,8.65383665716478,8.65383665716478,8.65383665716478,8.65383665716478,8.65383665716478,8.65383665716478,8.65383665716478,8.65383665716478,8.65383665716478,8.65383665716478,68.43163660828878,8.65383665716478,39.42385064906775,37.82582964628472,33.2987320412588,8.65383665716478,30.158838763380057,8.65383665716478,24.467120795058825,35.87620438140477,14.821858857781638,
8.65383665716478,8.65383665716478,8.65383665716478,8.65383665716478,8.65383665716478,8.65383665716478,8.65383665716478,8.65383665716478,8.65383665716478,8.65383665716478,8.65383665716478,8.65383665716478,25.80745418203866,53.206098230267635,8.65383665716478,54.81359878939621,8.65383665716478,39.97127067455878,36.18065781602098,21.171259344267224,41.5,30.5,8.65383665716478,8.65383665716478,
8.65383665716478,8.65383665716478,8.65383665716478,8.65383665716478,8.65383665716478,8.65383665716478,8.65383665716478,8.65383665716478,8.65383665716478,8.65383665716478,8.65383665716478,8.65383665716478,25.539085691527482,8.65383665716478,53.839460435632155,41.5,31.42937408787448,21.171259344267224,18.279466318492148,14.821858857781638,41.5,76.99494932930486,48.95086822519086,41.5,
8.65383665716478,8.65383665716478,8.65383665716478,8.65383665716478,8.65383665716478,8.65383665716478,8.65383665716478,8.65383665716478,8.65383665716478,8.65383665716478,8.65383665716478,8.65383665716478,8.65383665716478,24.98218114977153,32.52007926736274,50.28143019268865,41.5,14.821858857781638,68.43163660828878,24.626656740658532,8.65383665716478,8.65383665716478,36.65296713773661,55.511760515728156,
8.65383665716478,8.65383665716478,8.65383665716478,8.65383665716478,8.65383665716478,8.65383665716478,8.65383665716478,8.65383665716478,8.65383665716478,8.65383665716478,8.65383665716478,8.65383665716478,8.65383665716478,30.5,68.43163660828878,95.5,67.25949747061749,41.5,30.768287245149022,41.5,8.65383665716478,41.34677200889515,8.65383665716478,25.653642528888565,
8.65383665716478,8.65383665716478,8.65383665716478,8.65383665716478,8.65383665716478,8.65383665716478,8.65383665716478,8.65383665716478,8.65383665716478,8.65383665716478,8.65383665716478,8.65383665716478,23.27745690577044,52.44891694676725,54.168461508725,33.97955267510154,35.50616143713651,54.168461508725,25.932069377938625,41.5,8.65383665716478,14.821858857781638,53.206098230267635,8.65383665716478,
8.65383665716478,8.65383665716478,8.65383665716478,8.65383665716478,8.65383665716478,8.65383665716478,8.65383665716478,8.65383665716478,8.65383665716478,8.65383665716478,8.65383665716478,8.65383665716478,8.65383665716478,36.68522257742967,31.759093186046734,40.69692863104046,30.768287245149022,74.5,8.65383665716478,31.382469230447754,8.65383665716478,32.48233428829164,54.860490969255416,30.62417345823394,
8.65383665716478,8.65383665716478,8.65383665716478,8.65383665716478,8.65383665716478,8.65383665716478,8.65383665716478,8.65383665716478,8.65383665716478,8.65383665716478,8.65383665716478,8.65383665716478,51.60608006814701,39.62625392337762,8.65383665716478,30.86486675817668,8.65383665716478,45.45591270670957,8.65383665716478,28.27874643614883,8.65383665716478,14.821858857781638,33.54161594199063,30.879694874715902,
8.65383665716478,8.65383665716478,8.65383665716478,8.65383665716478,8.65383665716478,8.65383665716478,8.65383665716478,8.65383665716478,8.65383665716478,8.65383665716478,8.65383665716478,8.65383665716478,8.65383665716478,72.04642600434806,8.65383665716478,68.43163660828878,76.5,25.259150646013907,37.71190130449538,42.462218500686,34.6074192823989,8.65383665716478,24.81305100143874,8.65383665716478,
8.65383665716478,8.65383665716478,8.65383665716478,8.65383665716478,8.65383665716478,8.65383665716478,8.65383665716478,8.65383665716478,8.65383665716478,8.65383665716478,8.65383665716478,8.65383665716478,25.929893462951213,32.43155185240995,8.65383665716478,35.50616143713651,8.65383665716478,55.511760515728156,25.58379589202701,43.26944531605627,8.65383665716478,23.79542439676633,37.84361093882148,38.7014929370374,
8.65383665716478,8.65383665716478,8.65383665716478,8.65383665716478,8.65383665716478,8.65383665716478,8.65383665716478,8.65383665716478,8.65383665716478,8.65383665716478,8.65383665716478,8.65383665716478,8.65383665716478,8.65383665716478,8.65383665716478,41.5,8.65383665716478,70.24401912064985,41.5,41.5,48.95086822519086,14.821858857781638,22.913751329714653,8.65383665716478,
8.65383665716478,8.65383665716478,8.65383665716478,8.65383665716478,8.65383665716478,8.65383665716478,8.65383665716478,8.65383665716478,8.65383665716478,8.65383665716478,8.65383665716478,8.65383665716478,39.62625392337762,41.5,92.5,47.95368135561185,25.966226101595584,8.65383665716478,68.43163660828878,65.08984175737409,8.65383665716478,54.82923397202612,66.33430485050704,38.931651254316904,
8.65383665716478,8.65383665716478,8.65383665716478,8.65383665716478,8.65383665716478,8.65383665716478,8.65383665716478,8.65383665716478,8.65383665716478,8.65383665716478,8.65383665716478,8.65383665716478,8.65383665716478,22.913751329714653,37.324380436920855,44.985414302860434,34.61371657305814,35.50616143713651,54.168461508725,23.951774464536026,8.65383665716478,27.716195626384224,63.220293858503666,55.511760515728156,
8.65383665716478,8.65383665716478,8.65383665716478,8.65383665716478,8.65383665716478,8.65383665716478,8.65383665716478,8.65383665716478,8.65383665716478,8.65383665716478,8.65383665716478,8.65383665716478,8.65383665716478,36.66933323637068,36.56690975306621,76.99494932930486,14.821858857781638,8.65383665716478,92.5,8.65383665716478,59.451918490868714,25.77031965265468,8.65383665716478,14.821858857781638,
8.65383665716478,8.65383665716478,8.65383665716478,8.65383665716478,8.65383665716478,8.65383665716478,8.65383665716478,8.65383665716478,8.65383665716478,8.65383665716478,8.65383665716478,8.65383665716478,41.5,8.65383665716478,8.65383665716478,8.65383665716478,77.59868269214083,24.312741001376214,30.5,30.5,8.65383665716478,8.65383665716478,26.93858756505248,12.690153663372245,
8.65383665716478,8.65383665716478,8.65383665716478,8.65383665716478,8.65383665716478,8.65383665716478,8.65383665716478,8.65383665716478,8.65383665716478,8.65383665716478,8.65383665716478,8.65383665716478,9.99999999E8,30.5,19.692779274535006,75.2,8.65383665716478,8.65383665716478,8.65383665716478,35.67408022640528,57.644504411859494,25.695231035333848,54.168461508725,56.35767472137224,
8.65383665716478,8.65383665716478,8.65383665716478,8.65383665716478,8.65383665716478,8.65383665716478,8.65383665716478,8.65383665716478,8.65383665716478,8.65383665716478,8.65383665716478,8.65383665716478,76.99494932930486,68.43163660828878,35.47025357801786,22.517548712060112,23.60169485439552,14.821858857781638,24.795272846967332,24.40671014290947,33.0853441874193,92.5,24.93596737918548,41.68557904119841,
8.65383665716478,8.65383665716478,8.65383665716478,8.65383665716478,8.65383665716478,8.65383665716478,8.65383665716478,8.65383665716478,8.65383665716478,8.65383665716478,8.65383665716478,8.65383665716478,14.337208778404378,8.65383665716478,30.5,41.5,30.5,19.522778718432704,41.026668156212736,28.73743203558731,33.70992991686574,41.5,8.65383665716478,14.821858857781638,
8.65383665716478,8.65383665716478,8.65383665716478,8.65383665716478,8.65383665716478,8.65383665716478,8.65383665716478,8.65383665716478,8.65383665716478,8.65383665716478,8.65383665716478,8.65383665716478,27.30584873246023,8.65383665716478,49.99039907822301,32.81923278835638,37.076778446893144,53.206098230267635,18.97259032587457,8.65383665716478,41.24991582482994,8.65383665716478,28.94283158227612,24.348703764266386,
8.65383665716478,8.65383665716478,8.65383665716478,8.65383665716478,8.65383665716478,8.65383665716478,8.65383665716478,8.65383665716478,8.65383665716478,8.65383665716478,8.65383665716478,8.65383665716478,76.99494932930486,52.44891694676725,30.158838763380057,8.65383665716478,8.65383665716478,26.222318738052135,30.5,41.5,14.821858857781638,30.5,52.44891694676725,8.65383665716478,
8.65383665716478,8.65383665716478,8.65383665716478,8.65383665716478,8.65383665716478,8.65383665716478,8.65383665716478,8.65383665716478,8.65383665716478,8.65383665716478,8.65383665716478,8.65383665716478,55.511760515728156,8.65383665716478,37.16318125263668,8.65383665716478,47.80274093413814,41.5,76.99494932930486,8.65383665716478,19.692779274535006,26.93399339125188,27.174845394633294,63.50174975716986,
8.65383665716478,8.65383665716478,8.65383665716478,8.65383665716478,8.65383665716478,8.65383665716478,8.65383665716478,8.65383665716478,8.65383665716478,8.65383665716478,8.65383665716478,8.65383665716478,30.158838763380057,8.65383665716478,8.65383665716478,8.65383665716478,8.65383665716478,44.61712115320754,35.67408022640528,18.279466318492148,27.174845394633294,23.44866733953126,26.57954518463817,23.27745690577044,
8.65383665716478,8.65383665716478,8.65383665716478,8.65383665716478,8.65383665716478,8.65383665716478,8.65383665716478,8.65383665716478,8.65383665716478,8.65383665716478,8.65383665716478,8.65383665716478,39.565641660410364,8.65383665716478,8.65383665716478,41.5,14.821858857781638,45.19523619807734,43.683406460577224,36.867160183556315,52.28341568370945,35.50616143713651,44.890298382711705,8.65383665716478,
8.65383665716478,8.65383665716478,8.65383665716478,8.65383665716478,8.65383665716478,8.65383665716478,8.65383665716478,8.65383665716478,8.65383665716478,8.65383665716478,8.65383665716478,8.65383665716478,8.65383665716478,8.65383665716478,8.65383665716478,22.517548712060112,49.39878541016976,20.162604302145542,8.65383665716478,30.596386860034453,23.59786801810706,29.66151640687906,26.677471769266294,39.97127067455878,
8.65383665716478,8.65383665716478,8.65383665716478,8.65383665716478,8.65383665716478,8.65383665716478,8.65383665716478,8.65383665716478,8.65383665716478,8.65383665716478,8.65383665716478,8.65383665716478,27.637655472199516,41.5,32.575872973720905,25.380849079571785,25.641221153100766,47.26315219656382,23.27745690577044,52.67088590694315,31.42937408787448,25.783823524752016,72.64425304179265,57.644504411859494,
8.65383665716478,8.65383665716478,8.65383665716478,8.65383665716478,8.65383665716478,8.65383665716478,8.65383665716478,8.65383665716478,8.65383665716478,8.65383665716478,8.65383665716478,8.65383665716478,8.65383665716478,14.821858857781638,50.95313751107209,8.65383665716478,41.5,22.517548712060112,26.597744265256782,8.65383665716478,9.99999999E8,28.27874643614883,47.5,14.821858857781638,
8.65383665716478,8.65383665716478,8.65383665716478,8.65383665716478,8.65383665716478,8.65383665716478,8.65383665716478,8.65383665716478,8.65383665716478,8.65383665716478,8.65383665716478,8.65383665716478,8.65383665716478,37.19795021234369,8.65383665716478,53.206098230267635,8.65383665716478,38.267868402435425,8.65383665716478,8.65383665716478,23.79542439676633,92.5,14.821858857781638,24.27255703038698,
8.65383665716478,8.65383665716478,8.65383665716478,8.65383665716478,8.65383665716478,8.65383665716478,8.65383665716478,8.65383665716478,8.65383665716478,8.65383665716478,8.65383665716478,8.65383665716478,8.65383665716478,51.97922661987191,57.76004001229762,48.595838870787645,26.858662570985192,24.117907649457386,8.65383665716478,26.5,95.5,53.206098230267635,41.5,23.630700370492622,
8.65383665716478,8.65383665716478,8.65383665716478,8.65383665716478,8.65383665716478,8.65383665716478,8.65383665716478,8.65383665716478,8.65383665716478,8.65383665716478,8.65383665716478,8.65383665716478,29.68905522242161,8.65383665716478,8.65383665716478,8.65383665716478,36.68522257742967,27.99441908666797,48.8199524283058,28.800559408147304,31.194583517276307,25.915427355148903,45.67518168789504,41.88842322169695,
8.65383665716478,8.65383665716478,8.65383665716478,8.65383665716478,8.65383665716478,8.65383665716478,8.65383665716478,8.65383665716478,8.65383665716478,8.65383665716478,8.65383665716478,8.65383665716478,37.19795021234369,8.65383665716478,45.48637158534411,33.6386021641143,33.92698041382404,54.168461508725,8.65383665716478,8.65383665716478,20.474068965401088,39.62625392337762,28.94283158227612,29.227080289043965,
8.65383665716478,8.65383665716478,8.65383665716478,8.65383665716478,8.65383665716478,8.65383665716478,8.65383665716478,8.65383665716478,8.65383665716478,8.65383665716478,8.65383665716478,8.65383665716478,45.32377850487737,28.94283158227612,68.43163660828878,55.511760515728156,30.5,14.821858857781638,33.6386021641143,35.50616143713651,22.517548712060112,55.511760515728156,8.65383665716478,43.785699720342485,
8.65383665716478,8.65383665716478,8.65383665716478,8.65383665716478,8.65383665716478,8.65383665716478,8.65383665716478,8.65383665716478,8.65383665716478,8.65383665716478,8.65383665716478,8.65383665716478,41.281217143985586,65.40785503286284,30.5,39.62625392337762,8.65383665716478,8.65383665716478,8.65383665716478,22.286486937155438,30.158838763380057,32.190405748020986,8.65383665716478,61.1839212720321,
8.65383665716478,8.65383665716478,8.65383665716478,8.65383665716478,8.65383665716478,8.65383665716478,8.65383665716478,8.65383665716478,8.65383665716478,8.65383665716478,8.65383665716478,8.65383665716478,29.227080289043965,39.27069518101252,23.90649830395545,54.860490969255416,8.65383665716478,8.65383665716478,8.65383665716478,30.158838763380057,23.951774464536026,14.821858857781638,8.65383665716478,27.30584873246023,
8.65383665716478,8.65383665716478,8.65383665716478,8.65383665716478,8.65383665716478,8.65383665716478,8.65383665716478,8.65383665716478,8.65383665716478,8.65383665716478,8.65383665716478,8.65383665716478,30.5,24.944738924270183,34.78303286086479,8.65383665716478,27.716195626384224,42.476346358885436,53.5372767331324,33.175433305384274,52.741705509018196,25.19749154671777,8.65383665716478,41.73951964266,
8.65383665716478,8.65383665716478,8.65383665716478,8.65383665716478,8.65383665716478,8.65383665716478,8.65383665716478,8.65383665716478,8.65383665716478,8.65383665716478,8.65383665716478,8.65383665716478,26.61179249881526,18.659782956937093,36.32912819702058,33.6386021641143,31.194583517276307,8.65383665716478,8.65383665716478,54.168461508725,8.65383665716478,53.206098230267635,8.65383665716478,41.281217143985586,
8.65383665716478,8.65383665716478,8.65383665716478,8.65383665716478,8.65383665716478,8.65383665716478,8.65383665716478,8.65383665716478,8.65383665716478,8.65383665716478,8.65383665716478,8.65383665716478,24.534856504032575,50.010398918624915,39.62625392337762,8.65383665716478,24.467120795058825,24.40912852921127,53.206098230267635,8.65383665716478,14.821858857781638,31.677121081310403,29.227080289043965,27.716195626384224,
8.65383665716478,8.65383665716478,8.65383665716478,8.65383665716478,8.65383665716478,8.65383665716478,8.65383665716478,8.65383665716478,8.65383665716478,8.65383665716478,8.65383665716478,8.65383665716478,57.644504411859494,27.310071402323356,22.517548712060112,41.88842322169695,26.57271862267766,32.1009691788616,53.206098230267635,14.821858857781638,31.42937408787448,92.5,38.018255550485755,8.65383665716478,
8.65383665716478,8.65383665716478,8.65383665716478,8.65383665716478,8.65383665716478,8.65383665716478,8.65383665716478,8.65383665716478,8.65383665716478,8.65383665716478,8.65383665716478,8.65383665716478,30.62417345823394,45.8937904296431,14.821858857781638,41.5,32.47595264191645,84.6259744732996,41.5,8.65383665716478,30.5,26.984048786067834,14.821858857781638,23.882197867868022,
8.65383665716478,8.65383665716478,8.65383665716478,8.65383665716478,8.65383665716478,8.65383665716478,8.65383665716478,8.65383665716478,8.65383665716478,8.65383665716478,8.65383665716478,8.65383665716478,47.3607432374113,54.81881101242826,26.909280462323775,45.97216549174076,30.158838763380057,32.29249998924759,8.65383665716478,40.42573437799245,41.5,30.5,26.50832620186894,64.29791771295724,
8.65383665716478,8.65383665716478,8.65383665716478,8.65383665716478,8.65383665716478,8.65383665716478,8.65383665716478,8.65383665716478,8.65383665716478,8.65383665716478,8.65383665716478,8.65383665716478,26.431799030712988,45.70669579849682,8.65383665716478,8.65383665716478,8.65383665716478,8.65383665716478,8.65383665716478,41.5,8.65383665716478,8.65383665716478,29.227080289043965,8.65383665716478,
8.65383665716478,8.65383665716478,8.65383665716478,8.65383665716478,8.65383665716478,8.65383665716478,8.65383665716478,8.65383665716478,8.65383665716478,8.65383665716478,8.65383665716478,8.65383665716478,55.511760515728156,57.52425575355147,37.84494682252837,8.65383665716478,23.79542439676633,8.65383665716478,95.5,8.65383665716478,23.58474082961269,81.26307587090216,8.65383665716478,68.43163660828878,
8.65383665716478,8.65383665716478,8.65383665716478,8.65383665716478,8.65383665716478,8.65383665716478,8.65383665716478,8.65383665716478,8.65383665716478,8.65383665716478,8.65383665716478,8.65383665716478,8.65383665716478,41.5,8.65383665716478,76.99494932930486,41.5,8.65383665716478,33.6386021641143,30.5,28.00428538634757,37.076778446893144,35.50616143713651,43.683406460577224,
8.65383665716478,8.65383665716478,8.65383665716478,8.65383665716478,8.65383665716478,8.65383665716478,8.65383665716478,8.65383665716478,8.65383665716478,8.65383665716478,8.65383665716478,8.65383665716478,27.48526878165829,14.821858857781638,14.821858857781638,37.63455028295144,14.821858857781638,8.65383665716478,26.08586249718844,44.697203491941195,38.58808106138475,47.2,17.775240748678186,45.37773560777234,
8.65383665716478,8.65383665716478,8.65383665716478,8.65383665716478,8.65383665716478,8.65383665716478,8.65383665716478,8.65383665716478,8.65383665716478,8.65383665716478,8.65383665716478,8.65383665716478,8.65383665716478,49.98639814989674,41.5,45.67518168789504,20.534689415419827,74.5,8.65383665716478,8.65383665716478,41.5,8.65383665716478,52.44891694676725,8.65383665716478,
8.65383665716478,8.65383665716478,8.65383665716478,8.65383665716478,8.65383665716478,8.65383665716478,8.65383665716478,8.65383665716478,8.65383665716478,8.65383665716478,8.65383665716478,8.65383665716478,17.892425461319906,8.65383665716478,25.016794358990122,8.65383665716478,47.95368135561185,41.9416504302862,18.46384521834262,55.511760515728156,8.65383665716478,8.65383665716478,14.821858857781638,14.821858857781638,
8.65383665716478,8.65383665716478,8.65383665716478,8.65383665716478,8.65383665716478,8.65383665716478,8.65383665716478,8.65383665716478,8.65383665716478,8.65383665716478,8.65383665716478,8.65383665716478,95.5,45.93987616681419,36.54705870518173,30.5,25.733004099793714,22.286486937155438,30.5,8.65383665716478,9.99999999E8,38.91329975675648,8.65383665716478,25.016794358990122,
8.65383665716478,8.65383665716478,8.65383665716478,8.65383665716478,8.65383665716478,8.65383665716478,8.65383665716478,8.65383665716478,8.65383665716478,8.65383665716478,8.65383665716478,8.65383665716478,31.306698564364783,8.65383665716478,30.5,37.515863311404686,8.65383665716478,26.871287942755544,8.65383665716478,52.27848505838707,26.61179249881526,84.6259744732996,49.936835101956554,43.63759846737673,
8.65383665716478,8.65383665716478,8.65383665716478,8.65383665716478,8.65383665716478,8.65383665716478,8.65383665716478,8.65383665716478,8.65383665716478,8.65383665716478,8.65383665716478,8.65383665716478,54.168461508725,41.5,8.65383665716478,30.5,68.43163660828878,74.5,70.24401912064985,8.65383665716478,26.984048786067834,26.5,8.65383665716478,8.65383665716478,
8.65383665716478,8.65383665716478,8.65383665716478,8.65383665716478,8.65383665716478,8.65383665716478,8.65383665716478,8.65383665716478,8.65383665716478,8.65383665716478,8.65383665716478,8.65383665716478,41.5,8.65383665716478,8.65383665716478,66.32260172821931,41.5,23.251666606933792,33.92698041382404,8.65383665716478,35.119620657148914,41.5,39.42892339387419,57.644504411859494,
8.65383665716478,8.65383665716478,8.65383665716478,8.65383665716478,8.65383665716478,8.65383665716478,8.65383665716478,8.65383665716478,8.65383665716478,8.65383665716478,8.65383665716478,8.65383665716478,8.65383665716478,8.65383665716478,41.5,44.00252518006463,68.43163660828878,75.2,22.808921797845834,55.511760515728156,51.74803740239817,8.65383665716478,41.5,14.821858857781638,
8.65383665716478,8.65383665716478,8.65383665716478,8.65383665716478,8.65383665716478,8.65383665716478,8.65383665716478,8.65383665716478,8.65383665716478,8.65383665716478,8.65383665716478,8.65383665716478,68.43163660828878,66.1775809638145,31.194583517276307,8.65383665716478,14.821858857781638,8.65383665716478,18.471261462065875,41.5,41.63757317615905,30.5,33.1130219433718,30.5,
8.65383665716478,8.65383665716478,8.65383665716478,8.65383665716478,8.65383665716478,8.65383665716478,8.65383665716478,8.65383665716478,8.65383665716478,8.65383665716478,8.65383665716478,8.65383665716478,8.65383665716478,57.644504411859494,8.65383665716478,92.5,30.5,41.48541912527822,20.70772802602932,8.65383665716478,17.72396369012555,36.43637433938783,55.511760515728156,24.627842216582803,
8.65383665716478,8.65383665716478,8.65383665716478,8.65383665716478,8.65383665716478,8.65383665716478,8.65383665716478,8.65383665716478,8.65383665716478,8.65383665716478,8.65383665716478,8.65383665716478,30.5,22.348154286204487,30.5,39.29681920970195,9.99999999E8,68.43163660828878,41.5,8.65383665716478,14.821858857781638,8.65383665716478,65.08984175737409,37.50755026032242,
8.65383665716478,8.65383665716478,8.65383665716478,8.65383665716478,8.65383665716478,8.65383665716478,8.65383665716478,8.65383665716478,8.65383665716478,8.65383665716478,8.65383665716478,8.65383665716478,25.016794358990122,45.88232230391134,68.43163660828878,8.65383665716478,54.45799729505075,8.65383665716478,16.571341979453564,27.716195626384224,55.05880694514023,8.65383665716478,23.44866733953126,36.867160183556315,
8.65383665716478,8.65383665716478,8.65383665716478,8.65383665716478,8.65383665716478,8.65383665716478,8.65383665716478,8.65383665716478,8.65383665716478,8.65383665716478,8.65383665716478,8.65383665716478,30.5,44.04188347471075,92.5,34.8542153337385,37.49146569554197,19.5,23.01494079940246,45.56558155255151,45.67518168789504,8.65383665716478,41.06739110589931,50.08679965819338,
8.65383665716478,8.65383665716478,8.65383665716478,8.65383665716478,8.65383665716478,8.65383665716478,8.65383665716478,8.65383665716478,8.65383665716478,8.65383665716478,8.65383665716478,8.65383665716478,9.99999999E8,8.65383665716478,22.348154286204487,81.81415253827149,41.5,14.870739352462907,33.6386021641143,11.897712198383164,95.5,81.81415253827149,38.96832832243254,21.171259344267224,
8.65383665716478,8.65383665716478,8.65383665716478,8.65383665716478,8.65383665716478,8.65383665716478,8.65383665716478,8.65383665716478,8.65383665716478,8.65383665716478,8.65383665716478,8.65383665716478,45.968489651241825,92.5,8.65383665716478,95.5,8.65383665716478,29.68905522242161,8.65383665716478,22.517548712060112,41.5,23.133069162756783,49.27156888104945,8.65383665716478,
8.65383665716478,8.65383665716478,8.65383665716478,8.65383665716478,8.65383665716478,8.65383665716478,8.65383665716478,8.65383665716478,8.65383665716478,8.65383665716478,8.65383665716478,8.65383665716478,8.65383665716478,8.65383665716478,74.5,41.5,74.5,8.65383665716478,41.5,41.5,8.65383665716478,8.65383665716478,32.54857481092256,66.1775809638145,
8.65383665716478,8.65383665716478,8.65383665716478,8.65383665716478,8.65383665716478,8.65383665716478,8.65383665716478,8.65383665716478,8.65383665716478,8.65383665716478,8.65383665716478,8.65383665716478,14.821858857781638,8.65383665716478,68.43163660828878,24.08607250858655,22.16082220533179,29.227080289043965,9.99999999E8,30.5,8.65383665716478,8.65383665716478,8.65383665716478,8.65383665716478,
8.65383665716478,8.65383665716478,8.65383665716478,8.65383665716478,8.65383665716478,8.65383665716478,8.65383665716478,8.65383665716478,8.65383665716478,8.65383665716478,8.65383665716478,8.65383665716478,17.834408196026,8.65383665716478,28.280833713940535,41.5,14.821858857781638,27.535204738661378,37.70683698688549,32.1009691788616,35.50616143713651,23.01494079940246,20.62619693496598,14.821858857781638,
8.65383665716478,8.65383665716478,8.65383665716478,8.65383665716478,8.65383665716478,8.65383665716478,8.65383665716478,8.65383665716478,8.65383665716478,8.65383665716478,8.65383665716478,8.65383665716478,39.9879981994598,39.80257401172924,20.38841582860228,30.5,41.5,8.65383665716478,23.596727645068828,17.383541066192468,30.5,56.405279500730735,26.431799030712988,8.65383665716478,
8.65383665716478,8.65383665716478,8.65383665716478,8.65383665716478,8.65383665716478,8.65383665716478,8.65383665716478,8.65383665716478,8.65383665716478,8.65383665716478,8.65383665716478,8.65383665716478,20.62619693496598,41.32118100925965,14.821858857781638,19.5,8.65383665716478,43.63759846737673,8.65383665716478,8.65383665716478,8.65383665716478,8.65383665716478,8.65383665716478,8.65383665716478,
8.65383665716478,8.65383665716478,8.65383665716478,8.65383665716478,8.65383665716478,8.65383665716478,8.65383665716478,8.65383665716478,8.65383665716478,8.65383665716478,8.65383665716478,8.65383665716478,41.68557904119841,30.5,48.595838870787645,40.55281263050564,8.65383665716478,8.65383665716478,28.330901856453494,57.56349151637308,76.5,8.65383665716478,74.5,26.984048786067834,
8.65383665716478,8.65383665716478,8.65383665716478,8.65383665716478,8.65383665716478,8.65383665716478,8.65383665716478,8.65383665716478,8.65383665716478,8.65383665716478,8.65383665716478,8.65383665716478,23.779659842441443,72.64425304179265,61.44662317816985,75.78185065626789,41.5,14.821858857781638,30.5,66.1775809638145,54.03554385772388,47.2,81.81415253827149,56.00167408212008,
8.65383665716478,8.65383665716478,8.65383665716478,8.65383665716478,8.65383665716478,8.65383665716478,8.65383665716478,8.65383665716478,8.65383665716478,8.65383665716478,8.65383665716478,8.65383665716478,21.08389461757239,25.855958931064578,25.855958931064578,27.716195626384224,11.897712198383164,8.65383665716478,50.28143019268865,33.51823715863085,84.6259744732996,36.91459738369091,26.50832620186894,28.27874643614883,
8.65383665716478,8.65383665716478,8.65383665716478,8.65383665716478,8.65383665716478,8.65383665716478,8.65383665716478,8.65383665716478,8.65383665716478,8.65383665716478,8.65383665716478,8.65383665716478,24.025195108468942,8.65383665716478,30.5,8.65383665716478,8.65383665716478,8.65383665716478,41.24890570939092,8.65383665716478,37.638909389088305,14.821858857781638,9.99999999E8,30.879694874715902,
8.65383665716478,8.65383665716478,8.65383665716478,8.65383665716478,8.65383665716478,8.65383665716478,8.65383665716478,8.65383665716478,8.65383665716478,8.65383665716478,8.65383665716478,8.65383665716478,8.65383665716478,41.94091081509795,45.93987616681419,28.94283158227612,72.64425304179265,41.5,14.821858857781638,43.63759846737673,8.65383665716478,8.65383665716478,8.65383665716478,95.5,
8.65383665716478,8.65383665716478,8.65383665716478,8.65383665716478,8.65383665716478,8.65383665716478,8.65383665716478,8.65383665716478,8.65383665716478,8.65383665716478,8.65383665716478,8.65383665716478,8.65383665716478,19.5142398149545,32.1009691788616,45.56558155255151,8.65383665716478,8.65383665716478,20.62619693496598,46.93655291987259,63.86561145507503,8.65383665716478,46.959423974320636,32.52007926736274,
8.65383665716478,8.65383665716478,8.65383665716478,8.65383665716478,8.65383665716478,8.65383665716478,8.65383665716478,8.65383665716478,8.65383665716478,8.65383665716478,8.65383665716478,8.65383665716478,25.61727733306535,8.65383665716478,20.776753100226106,41.5,43.683406460577224,8.65383665716478,8.65383665716478,68.43163660828878,30.5,8.65383665716478,44.33607447666065,41.88842322169695,
8.65383665716478,8.65383665716478,8.65383665716478,8.65383665716478,8.65383665716478,8.65383665716478,8.65383665716478,8.65383665716478,8.65383665716478,8.65383665716478,8.65383665716478,8.65383665716478,41.5,8.65383665716478,25.281196350032346,8.65383665716478,55.511760515728156,8.65383665716478,40.699781599195624,32.52007926736274,24.40912852921127,61.44662317816985,22.29439391416596,8.65383665716478,
8.65383665716478,8.65383665716478,8.65383665716478,8.65383665716478,8.65383665716478,8.65383665716478,8.65383665716478,8.65383665716478,8.65383665716478,8.65383665716478,8.65383665716478,8.65383665716478,42.462218500686,54.168461508725,78.37848875807698,51.09488721976006,20.38841582860228,61.542180656847066,8.65383665716478,26.93858756505248,8.65383665716478,22.878811157925142,37.72402471656923,92.5,
8.65383665716478,8.65383665716478,8.65383665716478,8.65383665716478,8.65383665716478,8.65383665716478,8.65383665716478,8.65383665716478,8.65383665716478,8.65383665716478,8.65383665716478,8.65383665716478,14.821858857781638,47.61499238685227,8.65383665716478,8.65383665716478,32.1009691788616,8.65383665716478,8.65383665716478,34.430219284808516,48.077437535708995,34.90745783131304,38.325701232984635,21.820606978012524,
8.65383665716478,8.65383665716478,8.65383665716478,8.65383665716478,8.65383665716478,8.65383665716478,8.65383665716478,8.65383665716478,8.65383665716478,8.65383665716478,8.65383665716478,8.65383665716478,8.65383665716478,25.855958931064578,34.387093832166485,8.65383665716478,29.227080289043965,8.65383665716478,28.27874643614883,44.697203491941195,27.310071402323356,95.5,45.41444948716457,41.94091081509795,
8.65383665716478,8.65383665716478,8.65383665716478,8.65383665716478,8.65383665716478,8.65383665716478,8.65383665716478,8.65383665716478,8.65383665716478,8.65383665716478,8.65383665716478,8.65383665716478,25.958428303732102,26.80746164783231,8.65383665716478,26.5,9.99999999E8,30.5,14.821858857781638,53.839460435632155,92.5,44.31860657657108,55.511760515728156,8.65383665716478,
8.65383665716478,8.65383665716478,8.65383665716478,8.65383665716478,8.65383665716478,8.65383665716478,8.65383665716478,8.65383665716478,8.65383665716478,8.65383665716478,8.65383665716478,8.65383665716478,40.00859282704154,41.5,8.65383665716478,8.65383665716478,41.5,23.405982141324472,41.5,14.821858857781638,19.5,18.659782956937093,48.24093179033755,88.15642662651179,
8.65383665716478,8.65383665716478,8.65383665716478,8.65383665716478,8.65383665716478,8.65383665716478,8.65383665716478,8.65383665716478,8.65383665716478,8.65383665716478,8.65383665716478,8.65383665716478,44.00157825452275,53.206098230267635,8.65383665716478,8.65383665716478,54.168461508725,8.65383665716478,37.515863311404686,31.677121081310403,22.286486937155438,41.5,30.5,41.24890570939092,
8.65383665716478,8.65383665716478,8.65383665716478,8.65383665716478,8.65383665716478,8.65383665716478,8.65383665716478,8.65383665716478,8.65383665716478,8.65383665716478,8.65383665716478,8.65383665716478,8.65383665716478,30.5,24.038302768706444,8.65383665716478,41.5,31.03526220285564,44.12384367036618,32.860394939129314,81.81415253827149,8.65383665716478,8.65383665716478,37.66338556535907,
8.65383665716478,8.65383665716478,8.65383665716478,8.65383665716478,8.65383665716478,8.65383665716478,8.65383665716478,8.65383665716478,8.65383665716478,8.65383665716478,8.65383665716478,8.65383665716478,8.65383665716478,47.149125124438946,41.5,8.65383665716478,41.5,95.5,30.5,8.65383665716478,8.65383665716478,26.93858756505248,33.118867356840575,14.821858857781638,
8.65383665716478,8.65383665716478,8.65383665716478,8.65383665716478,8.65383665716478,8.65383665716478,8.65383665716478,8.65383665716478,8.65383665716478,8.65383665716478,8.65383665716478,8.65383665716478,57.32776135714897,8.65383665716478,41.63757317615905,65.08984175737409,71.5,8.65383665716478,19.692779274535006,16.83478541591784,41.5,30.5,57.644504411859494,8.65383665716478,
8.65383665716478,8.65383665716478,8.65383665716478,8.65383665716478,8.65383665716478,8.65383665716478,8.65383665716478,8.65383665716478,8.65383665716478,8.65383665716478,8.65383665716478,8.65383665716478,8.65383665716478,38.84826250940961,8.65383665716478,8.65383665716478,51.03158063613376,41.233329964968874,70.24401912064985,46.93655291987259,68.43163660828878,57.644504411859494,42.483129905064814,19.827730300992318,
8.65383665716478,8.65383665716478,8.65383665716478,8.65383665716478,8.65383665716478,8.65383665716478,8.65383665716478,8.65383665716478,8.65383665716478,8.65383665716478,8.65383665716478,8.65383665716478,41.5,30.5,27.924998756590046,8.65383665716478,8.65383665716478,8.65383665716478,56.35767472137224,26.41666140904259,30.768287245149022,27.95331384830859,24.06062302283367,63.730334657489095,
8.65383665716478,8.65383665716478,8.65383665716478,8.65383665716478,8.65383665716478,8.65383665716478,8.65383665716478,8.65383665716478,8.65383665716478,8.65383665716478,8.65383665716478,8.65383665716478,30.5,53.206098230267635,19.5,41.63757317615905,30.5,44.31860657657108,8.65383665716478,8.65383665716478,72.64425304179265,95.5,41.229115925520404,95.5,
8.65383665716478,8.65383665716478,8.65383665716478,8.65383665716478,8.65383665716478,8.65383665716478,8.65383665716478,8.65383665716478,8.65383665716478,8.65383665716478,8.65383665716478,8.65383665716478,24.102148871976404,8.65383665716478,8.65383665716478,26.41666140904259,72.64425304179265,8.65383665716478,24.47731375966098,24.99061048163686,76.99494932930486,81.81415253827149,41.5,41.5,
8.65383665716478,8.65383665716478,8.65383665716478,8.65383665716478,8.65383665716478,8.65383665716478,8.65383665716478,8.65383665716478,8.65383665716478,8.65383665716478,8.65383665716478,8.65383665716478,31.212896340442096,81.26307587090216,41.63757317615905,30.5,8.65383665716478,42.04093243494963,57.644504411859494,8.65383665716478,8.65383665716478,41.5,72.64425304179265,14.821858857781638,
8.65383665716478,8.65383665716478,8.65383665716478,8.65383665716478,8.65383665716478,8.65383665716478,8.65383665716478,8.65383665716478,8.65383665716478,8.65383665716478,8.65383665716478,8.65383665716478,25.28119635003235,53.839460435632155,8.65383665716478,41.5,30.5,26.964829701229835,45.42232380669223,8.65383665716478,42.462218500686,46.15937066295423,92.5,25.268007879969925,
8.65383665716478,8.65383665716478,8.65383665716478,8.65383665716478,8.65383665716478,8.65383665716478,8.65383665716478,8.65383665716478,8.65383665716478,8.65383665716478,8.65383665716478,8.65383665716478,33.26029034118985,14.821858857781638,32.76597892631929,8.65383665716478,55.511760515728156,32.575872973720905,92.5,41.63757317615905,8.65383665716478,14.821858857781638,28.27874643614883,28.574999776813613,
8.65383665716478,8.65383665716478,8.65383665716478,8.65383665716478,8.65383665716478,8.65383665716478,8.65383665716478,8.65383665716478,8.65383665716478,8.65383665716478,8.65383665716478,8.65383665716478,28.78420768832969,62.102234259324355,14.821858857781638,8.65383665716478,23.865880392593528,36.35161619515699,51.74803740239817,41.5,8.65383665716478,9.99999999E8,8.65383665716478,28.72523087616336,
8.65383665716478,8.65383665716478,8.65383665716478,8.65383665716478,8.65383665716478,8.65383665716478,8.65383665716478,8.65383665716478,8.65383665716478,8.65383665716478,8.65383665716478,8.65383665716478,8.65383665716478,26.019992313603783,24.534856504032575,41.5,23.44866733953126,8.65383665716478,8.65383665716478,28.684587421741934,41.5,76.12284479707783,8.65383665716478,31.46112631702499,
8.65383665716478,8.65383665716478,8.65383665716478,8.65383665716478,8.65383665716478,8.65383665716478,8.65383665716478,8.65383665716478,8.65383665716478,8.65383665716478,8.65383665716478,8.65383665716478,8.65383665716478,8.65383665716478,35.11148425416693,95.5,26.970127087243043,38.08726821393206,9.99999999E8,8.65383665716478,27.716195626384224,23.58474082961269,53.206098230267635,24.956072518638734,
8.65383665716478,8.65383665716478,8.65383665716478,8.65383665716478,8.65383665716478,8.65383665716478,8.65383665716478,8.65383665716478,8.65383665716478,8.65383665716478,8.65383665716478,8.65383665716478,30.62417345823394,27.333167412803196,38.10327249725409,61.52267874532122,30.5,41.5,33.54161594199063,45.72950360544055,8.65383665716478,81.81415253827149,8.65383665716478,14.821858857781638,
8.65383665716478,8.65383665716478,8.65383665716478,8.65383665716478,8.65383665716478,8.65383665716478,8.65383665716478,8.65383665716478,8.65383665716478,8.65383665716478,8.65383665716478,8.65383665716478,54.860490969255416,41.5,8.65383665716478,28.53698258400842,41.5,42.462218500686,26.582701141908057,22.878811157925142,19.5142398149545,95.5,8.65383665716478,36.003086287459055,
8.65383665716478,8.65383665716478,8.65383665716478,8.65383665716478,8.65383665716478,8.65383665716478,8.65383665716478,8.65383665716478,8.65383665716478,8.65383665716478,8.65383665716478,8.65383665716478,8.65383665716478,36.41208590564403,23.58474082961269,8.65383665716478,55.511760515728156,8.65383665716478,92.5,47.7368364636321,30.5,8.65383665716478,27.577719489560735,8.65383665716478,
8.65383665716478,8.65383665716478,8.65383665716478,8.65383665716478,8.65383665716478,8.65383665716478,8.65383665716478,8.65383665716478,8.65383665716478,8.65383665716478,8.65383665716478,8.65383665716478,35.50616143713651,48.669163748722866,41.5,8.65383665716478,8.65383665716478,26.431799030712988,34.98769625009468,33.597701640968765,36.41618992822958,14.821858857781638,8.65383665716478,34.91139578354832,
8.65383665716478,8.65383665716478,8.65383665716478,8.65383665716478,8.65383665716478,8.65383665716478,8.65383665716478,8.65383665716478,8.65383665716478,8.65383665716478,8.65383665716478,8.65383665716478,8.65383665716478,8.65383665716478,23.251666606933792,9.99999999E8,30.5,53.206098230267635,8.65383665716478,55.511760515728156,43.39514821830765,8.65383665716478,41.88842322169695,31.41082615914456,
8.65383665716478,8.65383665716478,8.65383665716478,8.65383665716478,8.65383665716478,8.65383665716478,8.65383665716478,8.65383665716478,8.65383665716478,8.65383665716478,8.65383665716478,8.65383665716478,52.44891694676725,39.72011455169786,95.5,34.65745069806619,37.91250485910101,41.5,74.5,62.102234259324355,45.8937904296431,26.946416737666624,41.63757317615905,43.859862060886606,
8.65383665716478,8.65383665716478,8.65383665716478,8.65383665716478,8.65383665716478,8.65383665716478,8.65383665716478,8.65383665716478,8.65383665716478,8.65383665716478,8.65383665716478,8.65383665716478,30.5,33.6386021641143,26.5,14.821858857781638,27.543420266916744,47.567714891510185,25.188732048720162,8.65383665716478,43.31498008772485,36.867160183556315,95.5,46.93655291987259,
8.65383665716478,8.65383665716478,8.65383665716478,8.65383665716478,8.65383665716478,8.65383665716478,8.65383665716478,8.65383665716478,8.65383665716478,8.65383665716478,8.65383665716478,8.65383665716478,47.5,8.65383665716478,44.00252518006463,53.206098230267635,23.58474082961269,43.57213114187666,8.65383665716478,61.44662317816985,25.653642528888565,8.65383665716478,95.5,47.5,
8.65383665716478,8.65383665716478,8.65383665716478,8.65383665716478,8.65383665716478,8.65383665716478,8.65383665716478,8.65383665716478,8.65383665716478,8.65383665716478,8.65383665716478,8.65383665716478,24.610434156831836,48.44213042383665,25.590220299950527,30.86486675817668,8.65383665716478,32.52007926736274,8.65383665716478,48.24093179033755,14.821858857781638,70.24401912064985,30.5,41.5,
8.65383665716478,8.65383665716478,8.65383665716478,8.65383665716478,8.65383665716478,8.65383665716478,8.65383665716478,8.65383665716478,8.65383665716478,8.65383665716478,8.65383665716478,8.65383665716478,41.568728434647475,65.08984175737409,28.27874643614883,49.76632897853729,14.821858857781638,72.64425304179265,49.12929370548695,27.716195626384224,47.17032965752942,8.65383665716478,14.821858857781638,28.94283158227612,
8.65383665716478,8.65383665716478,8.65383665716478,8.65383665716478,8.65383665716478,8.65383665716478,8.65383665716478,8.65383665716478,8.65383665716478,8.65383665716478,8.65383665716478,8.65383665716478,25.248212257944566,48.595838870787645,50.276112618220594,55.511760515728156,66.1775809638145,8.65383665716478,41.63757317615905,50.28143019268865,57.644504411859494,8.65383665716478,33.81729402243769,8.65383665716478,
8.65383665716478,8.65383665716478,8.65383665716478,8.65383665716478,8.65383665716478,8.65383665716478,8.65383665716478,8.65383665716478,8.65383665716478,8.65383665716478,8.65383665716478,8.65383665716478,8.65383665716478,51.30536034373017,68.43163660828878,23.01494079940246,27.618934728833327,41.45648320829928,14.821858857781638,8.65383665716478,63.730334657489095,46.842715548951695,23.702372647813185,8.65383665716478,
8.65383665716478,8.65383665716478,8.65383665716478,8.65383665716478,8.65383665716478,8.65383665716478,8.65383665716478,8.65383665716478,8.65383665716478,8.65383665716478,8.65383665716478,8.65383665716478,8.65383665716478,43.62498010187385,8.65383665716478,43.683406460577224,22.517548712060112,8.65383665716478,41.5,47.95368135561185,54.73744148204225,14.821858857781638,55.511760515728156,14.821858857781638,
8.65383665716478,8.65383665716478,8.65383665716478,8.65383665716478,8.65383665716478,8.65383665716478,8.65383665716478,8.65383665716478,8.65383665716478,8.65383665716478,8.65383665716478,8.65383665716478,11.897712198383164,29.138290958805392,47.3607432374113,81.81415253827149,31.70740252685483,40.28819788584355,27.199366822695627,42.462218500686,55.05880694514023,53.206098230267635,55.511760515728156,17.890391714618193,
8.65383665716478,8.65383665716478,8.65383665716478,8.65383665716478,8.65383665716478,8.65383665716478,8.65383665716478,8.65383665716478,8.65383665716478,8.65383665716478,8.65383665716478,8.65383665716478,92.5,3.344772040064913,14.821858857781638,31.814130333688034,8.65383665716478,27.57253883774912,53.206098230267635,18.659782956937093,11.897712198383164,8.65383665716478,8.65383665716478,39.836083896976035,
3.344772040064913,8.65383665716478,8.65383665716478,8.65383665716478,8.65383665716478,8.65383665716478,8.65383665716478,8.65383665716478,8.65383665716478,8.65383665716478,8.65383665716478,8.65383665716478,14.821858857781638,8.65383665716478,41.5,53.206098230267635,52.44891694676725,14.821858857781638,8.65383665716478,22.286486937155438,8.65383665716478,31.41082615914456,41.5,8.65383665716478,
3.344772040064913,8.65383665716478,8.65383665716478,8.65383665716478,8.65383665716478,8.65383665716478,8.65383665716478,8.65383665716478,8.65383665716478,8.65383665716478,8.65383665716478,8.65383665716478,26.41666140904259,42.88226776756202,84.6259744732996,8.65383665716478,36.41208590564403,43.57213114187666,8.65383665716478,78.38805712606991,72.64425304179265,8.65383665716478,26.41666140904259,8.65383665716478,
3.344772040064913,8.65383665716478,8.65383665716478,8.65383665716478,8.65383665716478,8.65383665716478,8.65383665716478,8.65383665716478,8.65383665716478,8.65383665716478,8.65383665716478,8.65383665716478,8.65383665716478,43.26944531605627,8.65383665716478,77.59868269214083,8.65383665716478,51.60608006814701,68.43163660828878,81.26307587090216,53.839460435632155,8.65383665716478,37.83764659700706,8.65383665716478,
3.344772040064913,8.65383665716478,8.65383665716478,8.65383665716478,8.65383665716478,8.65383665716478,8.65383665716478,8.65383665716478,8.65383665716478,8.65383665716478,8.65383665716478,8.65383665716478,14.821858857781638,36.33520212659133,41.5,49.03018645358662,47.5,25.016794358990122,20.38841582860228,81.81415253827149,41.5,8.65383665716478,8.65383665716478,95.5,
3.344772040064913,8.65383665716478,8.65383665716478,8.65383665716478,8.65383665716478,8.65383665716478,8.65383665716478,8.65383665716478,8.65383665716478,8.65383665716478,8.65383665716478,8.65383665716478,8.65383665716478,8.65383665716478,19.5,8.65383665716478,53.206098230267635,22.286486937155438,27.11338788254127,8.65383665716478,32.52007926736274,28.96214003756552,41.5,55.511760515728156,
3.344772040064913,8.65383665716478,8.65383665716478,8.65383665716478,8.65383665716478,8.65383665716478,8.65383665716478,8.65383665716478,8.65383665716478,8.65383665716478,8.65383665716478,8.65383665716478,42.88226776756202,23.58474082961269,26.61179249881526,18.423083346714794,14.821858857781638,9.99999999E8,61.44662317816985,8.65383665716478,49.936835101956554,61.44662317816985,25.47820419277797,60.862467909213144,
3.344772040064913,8.65383665716478,8.65383665716478,8.65383665716478,8.65383665716478,8.65383665716478,8.65383665716478,8.65383665716478,8.65383665716478,8.65383665716478,8.65383665716478,8.65383665716478,41.5,25.973243443975186,14.821858857781638,8.65383665716478,14.821858857781638,14.821858857781638,14.821858857781638,55.511760515728156,37.100838564946514,61.44662317816985,25.572625670303577,8.65383665716478,
3.344772040064913,8.65383665716478,8.65383665716478,8.65383665716478,8.65383665716478,8.65383665716478,8.65383665716478,8.65383665716478,8.65383665716478,8.65383665716478,8.65383665716478,8.65383665716478,19.5,47.82718892011112,55.511760515728156,8.65383665716478,28.73743203558731,42.476346358885436,44.79087208597553,38.51217340010818,8.65383665716478,27.716195626384224,36.91459738369091,41.5,
3.344772040064913,8.65383665716478,8.65383665716478,8.65383665716478,8.65383665716478,8.65383665716478,8.65383665716478,8.65383665716478,8.65383665716478,8.65383665716478,8.65383665716478,8.65383665716478,8.65383665716478,27.924998756590046,68.43163660828878,8.65383665716478,8.65383665716478,8.65383665716478,8.65383665716478,34.96583153594377,48.24093179033755,55.511760515728156,95.5,26.61179249881526,
3.344772040064913,8.65383665716478,8.65383665716478,8.65383665716478,8.65383665716478,8.65383665716478,8.65383665716478,8.65383665716478,8.65383665716478,8.65383665716478,8.65383665716478,8.65383665716478,40.32170631310139,27.628958992332663,21.911872980527995,24.406422707716818,8.65383665716478,47.424044534392046,8.65383665716478,25.973243443975186,32.52007926736274,26.93858756505248,81.81415253827149,8.65383665716478,
3.344772040064913,8.65383665716478,8.65383665716478,8.65383665716478,8.65383665716478,8.65383665716478,8.65383665716478,8.65383665716478,8.65383665716478,8.65383665716478,8.65383665716478,8.65383665716478,46.072632874625256,38.84826250940961,8.65383665716478,34.09750724026611,41.5,31.733893552477927,8.65383665716478,8.65383665716478,19.5,41.63757317615905,38.32640839221585,23.443127925120834,
3.344772040064913,8.65383665716478,8.65383665716478,8.65383665716478,8.65383665716478,8.65383665716478,8.65383665716478,8.65383665716478,8.65383665716478,8.65383665716478,8.65383665716478,8.65383665716478,65.08984175737409,41.5,41.5,37.638909389088305,14.821858857781638,81.81415253827149,68.43163660828878,47.95368135561185,52.077916384970706,8.65383665716478,42.88226776756202,41.5,
3.344772040064913,8.65383665716478,8.65383665716478,8.65383665716478,8.65383665716478,8.65383665716478,8.65383665716478,8.65383665716478,8.65383665716478,8.65383665716478,8.65383665716478,8.65383665716478,30.5,41.63757317615905,92.5,8.65383665716478,41.94091081509795,33.652178767539986,28.94283158227612,41.63757317615905,8.65383665716478,55.511760515728156,9.99999999E8,23.40272420040026,
3.344772040064913,8.65383665716478,8.65383665716478,8.65383665716478,8.65383665716478,8.65383665716478,8.65383665716478,8.65383665716478,8.65383665716478,8.65383665716478,8.65383665716478,8.65383665716478,68.43163660828878,71.96912918436318,37.51812062190749,8.65383665716478,28.126536239223036,41.94091081509795,46.93655291987259,22.517548712060112,76.5,95.5,22.517548712060112,11.897712198383164,
3.344772040064913,8.65383665716478,8.65383665716478,8.65383665716478,8.65383665716478,8.65383665716478,8.65383665716478,8.65383665716478,8.65383665716478,8.65383665716478,8.65383665716478,8.65383665716478,14.821858857781638,9.99999999E8,14.821858857781638,52.98289818422545,19.5,8.65383665716478,8.65383665716478,14.821858857781638,30.86486675817668,21.09744157039726,41.63757317615905,26.984048786067834,
3.344772040064913,8.65383665716478,8.65383665716478,8.65383665716478,8.65383665716478,8.65383665716478,8.65383665716478,8.65383665716478,8.65383665716478,8.65383665716478,8.65383665716478,8.65383665716478,26.41666140904259,39.52811938635865,8.65383665716478,41.5,25.016794358990122,34.09750724026611,35.27235303873119,77.59868269214083,8.65383665716478,30.474374480865066,68.43163660828878,68.43163660828878,
3.344772040064913,8.65383665716478,8.65383665716478,8.65383665716478,8.65383665716478,8.65383665716478,8.65383665716478,8.65383665716478,8.65383665716478,8.65383665716478,8.65383665716478,8.65383665716478,61.633493329520114,9.99999999E8,41.63757317615905,40.126535969217294,44.12694754908841,8.65383665716478,72.73023786569105,8.65383665716478,26.39070169212007,37.458495550260544,72.70928413895986,24.10682245524882,
3.344772040064913,8.65383665716478,8.65383665716478,8.65383665716478,8.65383665716478,8.65383665716478,8.65383665716478,8.65383665716478,8.65383665716478,8.65383665716478,8.65383665716478,8.65383665716478,47.93282336307299,23.44866733953126,45.37773560777234,65.08984175737409,26.93858756505248,20.54720175595694,26.61179249881526,38.73592934501794,17.85663392131899,9.99999999E8,76.5,8.65383665716478,
3.344772040064913,8.65383665716478,8.65383665716478,8.65383665716478,8.65383665716478,8.65383665716478,8.65383665716478,8.65383665716478,8.65383665716478,8.65383665716478,8.65383665716478,8.65383665716478,41.5,52.98289818422545,48.65375114007141,22.68672519338126,34.79425239892359,23.79542439676633,51.07075701634177,8.65383665716478,8.65383665716478,44.00252518006463,8.65383665716478,84.6259744732996,
3.344772040064913,8.65383665716478,8.65383665716478,8.65383665716478,8.65383665716478,8.65383665716478,8.65383665716478,8.65383665716478,8.65383665716478,8.65383665716478,8.65383665716478,8.65383665716478,57.644504411859494,41.63757317615905,41.5,30.5,28.73743203558731,81.81415253827149,35.50616143713651,25.739670010411906,49.12929370548695,65.40785503286284,8.65383665716478,8.65383665716478,
3.344772040064913,8.65383665716478,8.65383665716478,8.65383665716478,8.65383665716478,8.65383665716478,8.65383665716478,8.65383665716478,8.65383665716478,8.65383665716478,8.65383665716478,8.65383665716478,44.00252518006463,41.5,22.517548712060112,23.44866733953126,68.43163660828878,8.65383665716478,39.61110955275048,27.109289556292573,41.63757317615905,27.353650985238193,36.20654057275997,41.63757317615905,
3.344772040064913,8.65383665716478,8.65383665716478,8.65383665716478,8.65383665716478,8.65383665716478,8.65383665716478,8.65383665716478,8.65383665716478,8.65383665716478,8.65383665716478,8.65383665716478,20.55405399921069,8.65383665716478,26.890693092592464,8.65383665716478,92.5,14.821858857781638,65.08984175737409,68.43163660828878,8.65383665716478,92.5,18.471261462065875,63.730334657489095,
3.344772040064913,8.65383665716478,8.65383665716478,8.65383665716478,8.65383665716478,8.65383665716478,8.65383665716478,8.65383665716478,8.65383665716478,8.65383665716478,8.65383665716478,8.65383665716478,8.65383665716478,41.5,26.41666140904259,92.5,41.5,43.40666871448313,33.09361720936531,40.79165580941119,92.5,28.611885642159276,35.960916284210555,33.957356210640526,
3.344772040064913,8.65383665716478,8.65383665716478,8.65383665716478,8.65383665716478,8.65383665716478,8.65383665716478,8.65383665716478,8.65383665716478,8.65383665716478,8.65383665716478,8.65383665716478,36.94473684094818,29.276934417539156,72.2543251300571,68.43163660828878,31.41082615914456,18.659782956937093,26.39070169212007,48.24093179033755,35.83237619351345,37.119863921095686,49.12929370548695,8.65383665716478,
3.344772040064913,8.65383665716478,8.65383665716478,8.65383665716478,8.65383665716478,8.65383665716478,8.65383665716478,8.65383665716478,8.65383665716478,8.65383665716478,8.65383665716478,8.65383665716478,53.92297747713863,8.65383665716478,68.43163660828878,18.33057555015663,8.65383665716478,46.804780738723686,92.5,23.01494079940246,39.13677937694925,84.6259744732996,26.970127087243043,8.65383665716478,
3.344772040064913,8.65383665716478,8.65383665716478,8.65383665716478,8.65383665716478,8.65383665716478,8.65383665716478,8.65383665716478,8.65383665716478,8.65383665716478,8.65383665716478,8.65383665716478,46.94081379780287,8.65383665716478,56.35767472137224,3.344772040064913,34.43552751963524,41.5,38.58808106138475,23.40272420040026,8.65383665716478,26.0117161102454,49.95037537396491,8.65383665716478,
3.344772040064913,3.344772040064913,8.65383665716478,8.65383665716478,8.65383665716478,8.65383665716478,8.65383665716478,8.65383665716478,8.65383665716478,8.65383665716478,8.65383665716478,8.65383665716478,8.65383665716478,70.76326730726896,41.75056137347138,45.56558155255151,36.35161619515699,61.44662317816985,19.694145703736428,54.168461508725,48.65375114007141,35.046001515468525,52.16742278472265,32.52007926736274,
3.344772040064913,3.344772040064913,8.65383665716478,8.65383665716478,8.65383665716478,8.65383665716478,8.65383665716478,8.65383665716478,8.65383665716478,8.65383665716478,8.65383665716478,8.65383665716478,27.67868087535965,51.60608006814701,47.3607432374113,13.912424503139471,65.08984175737409,31.198707905937386,72.64425304179265,36.66933323637068,37.218853495984476,8.65383665716478,24.087548650703333,26.61179249881526,
3.344772040064913,3.344772040064913,8.65383665716478,8.65383665716478,8.65383665716478,8.65383665716478,8.65383665716478,8.65383665716478,8.65383665716478,8.65383665716478,8.65383665716478,8.65383665716478,8.65383665716478,43.57213114187666,67.8427593778437,57.76004001229762,8.65383665716478,50.24163833139025,43.57213114187666,24.05430055104492,26.81492121935099,41.60059344528633,8.65383665716478,8.65383665716478,
3.344772040064913,3.344772040064913,8.65383665716478,8.65383665716478,8.65383665716478,8.65383665716478,8.65383665716478,8.65383665716478,8.65383665716478,8.65383665716478,8.65383665716478,8.65383665716478,54.45799729505075,66.1775809638145,63.730334657489095,19.692779274535006,56.37541574126084,15.048994060143096,27.968641332020113,31.41082615914456,61.600649347226856,41.24890570939092,14.821858857781638,8.65383665716478,
3.344772040064913,3.344772040064913,8.65383665716478,8.65383665716478,8.65383665716478,8.65383665716478,8.65383665716478,8.65383665716478,8.65383665716478,8.65383665716478,8.65383665716478,8.65383665716478,28.27874643614883,8.65383665716478,77.59868269214083,25.855958931064578,27.716195626384224,25.460653918530525,30.5,68.43163660828878,45.811434162226355,95.5,55.511760515728156,52.98289818422545,
3.344772040064913,3.344772040064913,8.65383665716478,8.65383665716478,8.65383665716478,8.65383665716478,8.65383665716478,8.65383665716478,8.65383665716478,8.65383665716478,8.65383665716478,8.65383665716478,30.5,8.65383665716478,25.537961939042827,26.41666140904259,8.65383665716478,28.73743203558731,95.5,63.730334657489095,26.93858756505248,23.40272420040026,8.65383665716478,30.5,
3.344772040064913,3.344772040064913,8.65383665716478,8.65383665716478,8.65383665716478,8.65383665716478,8.65383665716478,8.65383665716478,8.65383665716478,8.65383665716478,8.65383665716478,8.65383665716478,19.5,8.65383665716478,34.65745069806619,47.567714891510185,8.65383665716478,9.99999999E8,8.65383665716478,8.65383665716478,64.29791771295724,24.66722972330339,49.423552077931426,27.716195626384224,
3.344772040064913,3.344772040064913,8.65383665716478,8.65383665716478,8.65383665716478,8.65383665716478,8.65383665716478,8.65383665716478,8.65383665716478,8.65383665716478,8.65383665716478,8.65383665716478,26.93858756505248,37.27832439082737,95.5,26.41666140904259,8.65383665716478,8.65383665716478,8.65383665716478,22.517548712060112,90.5,25.268007879969925,21.171259344267224,48.106599318172385,
3.344772040064913,3.344772040064913,8.65383665716478,8.65383665716478,8.65383665716478,8.65383665716478,8.65383665716478,8.65383665716478,8.65383665716478,8.65383665716478,8.65383665716478,8.65383665716478,19.5,36.745370078721784,58.32285620196901,33.957356210640526,8.65383665716478,8.65383665716478,36.91459738369091,53.839460435632155,40.965686861079234,42.9925502267544,14.821858857781638,8.65383665716478,
3.344772040064913,3.344772040064913,8.65383665716478,8.65383665716478,8.65383665716478,8.65383665716478,8.65383665716478,8.65383665716478,8.65383665716478,8.65383665716478,8.65383665716478,8.65383665716478,23.40272420040026,41.71461824109146,76.99494932930486,27.081132825309226,25.49195951667898,30.5,32.0563468754629,8.65383665716478,58.5375093423012,19.5,63.730334657489095,43.034395356196995,
3.344772040064913,3.344772040064913,8.65383665716478,8.65383665716478,8.65383665716478,8.65383665716478,8.65383665716478,8.65383665716478,8.65383665716478,8.65383665716478,8.65383665716478,8.65383665716478,27.716195626384224,23.44866733953126,41.5,19.692779274535006,41.63757317615905,51.44144459696114,37.11880326136008,68.43163660828878,8.65383665716478,26.93399339125188,14.821858857781638,14.337208778404378,
3.344772040064913,3.344772040064913,8.65383665716478,8.65383665716478,8.65383665716478,8.65383665716478,8.65383665716478,8.65383665716478,8.65383665716478,8.65383665716478,8.65383665716478,8.65383665716478,43.57213114187666,8.65383665716478,39.93080434705103,57.644504411859494,24.340752293678644,27.27890923202189,9.99999999E8,49.68138484382254,54.168461508725,8.65383665716478,49.962385851758526,32.575872973720905,
3.344772040064913,3.344772040064913,8.65383665716478,8.65383665716478,8.65383665716478,8.65383665716478,8.65383665716478,8.65383665716478,8.65383665716478,8.65383665716478,8.65383665716478,8.65383665716478,68.43163660828878,8.65383665716478,30.5,28.548905408088768,41.5,41.5,45.59392015999014,68.43163660828878,48.65375114007141,41.63757317615905,34.39513788610363,8.65383665716478,
3.344772040064913,3.344772040064913,8.65383665716478,8.65383665716478,8.65383665716478,8.65383665716478,8.65383665716478,8.65383665716478,8.65383665716478,8.65383665716478,8.65383665716478,8.65383665716478,41.5,28.340562803162538,8.65383665716478,50.28143019268865,8.65383665716478,57.96095429012727,14.821858857781638,92.5,27.660610531945963,45.614032928474984,15.940808480124213,34.55198981245508,
3.344772040064913,3.344772040064913,8.65383665716478,8.65383665716478,8.65383665716478,8.65383665716478,8.65383665716478,8.65383665716478,8.65383665716478,8.65383665716478,8.65383665716478,8.65383665716478,68.43163660828878,90.5,28.062798526822387,92.5,30.5,8.65383665716478,8.65383665716478,58.82861170855178,41.63757317615905,45.67518168789504,36.35161619515699,43.57213114187666,
3.344772040064913,3.344772040064913,8.65383665716478,8.65383665716478,8.65383665716478,8.65383665716478,8.65383665716478,8.65383665716478,8.65383665716478,8.65383665716478,8.65383665716478,8.65383665716478,31.13768706175132,41.34677200889515,23.723523253419916,49.12929370548695,8.65383665716478,8.65383665716478,18.471261462065875,30.5,95.5,40.965686861079234,8.65383665716478,23.940319314681016,
3.344772040064913,3.344772040064913,8.65383665716478,8.65383665716478,8.65383665716478,8.65383665716478,8.65383665716478,8.65383665716478,8.65383665716478,8.65383665716478,8.65383665716478,8.65383665716478,23.39093419402346,24.10682245524882,9.99999999E8,56.35767472137224,8.65383665716478,84.6259744732996,22.913751329714653,8.65383665716478,8.65383665716478,92.5,26.44117626863706,41.5,
3.344772040064913,3.344772040064913,8.65383665716478,8.65383665716478,8.65383665716478,8.65383665716478,8.65383665716478,8.65383665716478,8.65383665716478,8.65383665716478,8.65383665716478,8.65383665716478,8.65383665716478,8.65383665716478,18.471261462065875,50.24163833139025,17.189305460728256,8.65383665716478,41.94091081509795,8.65383665716478,8.65383665716478,32.72825826237762,32.879172738984785,8.65383665716478,
3.344772040064913,3.344772040064913,8.65383665716478,8.65383665716478,8.65383665716478,8.65383665716478,8.65383665716478,8.65383665716478,8.65383665716478,8.65383665716478,8.65383665716478,8.65383665716478,54.81620496286305,26.41666140904259,8.65383665716478,84.6259744732996,51.09488721976006,42.462218500686,8.65383665716478,41.5,21.171259344267224,23.251666606933792,8.65383665716478,25.830408436569485,
3.344772040064913,3.344772040064913,8.65383665716478,8.65383665716478,8.65383665716478,8.65383665716478,8.65383665716478,8.65383665716478,8.65383665716478,8.65383665716478,8.65383665716478,8.65383665716478,25.274816053348683,8.65383665716478,14.821858857781638,31.767711595266032,29.276934417539156,28.87340418772534,30.474374480865066,9.99999999E8,30.5,26.41666140904259,37.076778446893144,14.337208778404378,
3.344772040064913,3.344772040064913,8.65383665716478,8.65383665716478,8.65383665716478,8.65383665716478,8.65383665716478,8.65383665716478,8.65383665716478,8.65383665716478,8.65383665716478,8.65383665716478,43.57213114187666,51.07075701634177,18.659782956937093,84.6259744732996,8.65383665716478,14.821858857781638,28.261059781968545,45.56558155255151,28.261059781968545,8.65383665716478,55.511760515728156,23.79542439676633,
3.344772040064913,3.344772040064913,8.65383665716478,8.65383665716478,8.65383665716478,8.65383665716478,8.65383665716478,8.65383665716478,8.65383665716478,8.65383665716478,8.65383665716478,8.65383665716478,44.61712115320754,55.511760515728156,43.683406460577224,17.279806595455035,24.572545655670275,26.60750239450275,25.48308762889695,47.36496595586236,8.65383665716478,39.6716523477407,42.88226776756202,30.5,
3.344772040064913,3.344772040064913,8.65383665716478,8.65383665716478,8.65383665716478,8.65383665716478,8.65383665716478,8.65383665716478,8.65383665716478,8.65383665716478,8.65383665716478,8.65383665716478,22.517548712060112,41.5,26.61179249881526,41.5,30.5,8.65383665716478,39.13677937694925,34.47507233124969,14.821858857781638,33.0853441874193,44.00252518006463,8.65383665716478,
