55.94514612546829,77.14434522374275,82.04076730504171,29.970597030932375,37.45196924061538,47.107345932628455,49.26570181170669,53.61824938084669,24.617067250182345,52.47558956314831,48.48968962573384,49.07387184601581,32.71634721358728,74.7127833774114,52.47558956314831,60.07217880738692,60.07217880738692,37.64821051659748,55.44366510251645,60.876925020897694,45.34589286804263,77.17856316520084,44.276906446187546,34.33816207952895,
24.617067250182345,29.970597030932375,32.71634721358728,34.33816207952895,37.45196924061538,37.64821051659748,44.276906446187546,45.34589286804263,47.107345932628455,48.48968962573384,49.07387184601581,49.26570181170669,48.48968962573384,37.45196924061538,47.32715261876632,48.66065530795902,60.36886614804025,43.77213725647858,26.989709973329546,72.22357577660624,73.13400941650426,45.89509096842493,47.05316142407437,47.3165866795144,
24.617067250182345,26.989709973329546,29.970597030932375,32.71634721358728,34.33816207952895,37.45196924061538,37.45196924061538,37.64821051659748,43.77213725647858,44.276906446187546,45.34589286804263,45.89509096842493,43.77213725647858,33.09999055891104,32.946168214224855,52.50904683956851,47.12553794420402,28.90051330723189,37.45196924061538,73.13400941650426,95.12447984965104,91.73657939993184,36.358171937910555,57.546584390387586,
24.617067250182345,26.989709973329546,28.90051330723189,29.970597030932375,32.71634721358728,32.946168214224855,33.09999055891104,34.33816207952895,36.358171937910555,37.45196924061538,37.45196924061538,37.45196924061538,32.71634721358728,95.12447984965104,97.5110250176871,32.946168214224855,48.91934219525368,25.634001654371612,65.96288381215852,63.32209330083774,72.72493840950756,40.52982440952177,43.45903243285566,45.29003753586433,
24.617067250182345,25.634001654371612,26.989709973329546,28.90051330723189,29.970597030932375,32.71634721358728,32.71634721358728,32.946168214224855,32.946168214224855,33.09999055891104,34.33816207952895,36.358171937910555,32.71634721358728,33.23018052853737,45.08787715857409,33.23018052853737,53.830172765838306,40.442345794146675,85.718653162541,87.63667896491742,29.970597030932375,50.629909688859215,94.59739249401468,62.07807584002584,
24.617067250182345,25.634001654371612,26.989709973329546,28.90051330723189,29.970597030932375,29.970597030932375,32.71634721358728,32.71634721358728,32.71634721358728,32.946168214224855,32.946168214224855,33.09999055891104,48.48968962573384,79.31529907065008,33.26198092417227,32.946168214224855,32.71634721358728,39.16214331963656,45.71651780264984,44.10622830168093,25.634001654371612,76.48651841991503,42.493216745590765,42.551255856907446,
24.617067250182345,25.634001654371612,25.634001654371612,26.989709973329546,28.90051330723189,29.970597030932375,29.970597030932375,32.71634721358728,32.71634721358728,32.71634721358728,32.71634721358728,32.946168214224855,63.22941707523065,26.989709973329546,43.36953615922894,23.9553621346036,58.619535992704684,42.656574327216354,113.88005385784933,62.053740150507174,81.73483549462452,54.680892457969264,69.29184205229357,48.48968962573384,
23.9553621346036,24.617067250182345,25.634001654371612,25.634001654371612,26.989709973329546,26.989709973329546,28.90051330723189,29.970597030932375,29.970597030932375,32.71634721358728,32.71634721358728,32.71634721358728,39.16214331963656,47.87449156021148,48.782040752719645,72.99589029527621,49.03315205042401,22.086389332573127,28.72716484444645,43.17157773312138,47.456394458492106,60.093260853443454,26.694744332920667,110.5,
22.086389332573127,23.9553621346036,24.617067250182345,25.634001654371612,25.634001654371612,26.694744332920667,26.989709973329546,26.989709973329546,28.72716484444645,28.90051330723189,29.970597030932375,29.970597030932375,20.006249023742555,45.597270873497585,57.61003963430911,58.238971297386236,21.5974535536021,41.16531711688048,63.520075566705685,124.5,110.5,65.23802572120036,26.764352757210414,30.901725949640202,
20.006249023742555,21.5974535536021,22.086389332573127,23.9553621346036,24.617067250182345,25.634001654371612,25.634001654371612,26.694744332920667,26.764352757210414,26.989709973329546,26.989709973329546,28.72716484444645,73.12564102283139,23.9553621346036,45.84058654729453,39.02420901041928,66.81915892915744,53.03206577156881,44.99382673705855,61.08344702126755,20.006249023742555,62.053740150507174,91.88035698668132,40.27710140959977,
20.006249023742555,20.006249023742555,21.5974535536021,22.086389332573127,23.9553621346036,23.9553621346036,24.617067250182345,25.634001654371612,25.634001654371612,26.694744332920667,26.764352757210414,26.989709973329546,41.66053288185354,48.60864120709403,20.006249023742555,40.0599550673737,69.41757702484293,25.634001654371612,23.63325225704025,25.56266809235687,22.435091560618453,37.95638944894522,91.73657939993184,33.23018052853737,
20.006249023742555,20.006249023742555,20.006249023742555,21.5974535536021,22.086389332573127,22.435091560618453,23.63325225704025,23.9553621346036,23.9553621346036,24.617067250182345,25.56266809235687,25.634001654371612,44.26497210099698,30.113120064184645,23.729771191824135,29.564892021393998,43.1723291009415,29.635283025474887,24.42221211201894,40.82666195674847,86.49084729996964,65.06679260575244,72.88475492172557,28.409701003550023,
20.006249023742555,20.006249023742555,20.006249023742555,21.5974535536021,22.086389332573127,22.435091560618453,23.63325225704025,23.729771191824135,23.9553621346036,23.9553621346036,24.42221211201894,24.617067250182345,105.22921409950756,32.02993391605213,20.006249023742555,20.006249023742555,24.03870576799009,25.916211142834904,32.3975817891571,30.60745540763904,36.12324582438418,24.49489742783178,67.36158648171325,45.38291941909423,
20.006249023742555,20.006249023742555,20.006249023742555,20.006249023742555,20.006249023742555,21.5974535536021,22.086389332573127,22.435091560618453,23.63325225704025,23.729771191824135,23.9553621346036,23.9553621346036,52.47558956314831,91.88035698668132,60.07217880738692,53.03206577156881,80.68704976636585,60.17959233272799,82.66309636107276,20.006249023742555,24.03870576799009,20.006249023742555,53.03206577156881,22.050961384011895,
20.006249023742555,20.006249023742555,20.006249023742555,20.006249023742555,20.006249023742555,20.006249023742555,20.006249023742555,21.5974535536021,22.050961384011895,22.086389332573127,22.435091560618453,23.63325225704025,52.50904683956851,46.44461261348109,75.1345459825239,42.71299568047177,20.006249023742555,20.006249023742555,110.5,42.722359485402954,80.68704976636585,124.5,65.08215961382966,20.006249023742555,
20.006249023742555,20.006249023742555,20.006249023742555,20.006249023742555,20.006249023742555,20.006249023742555,20.006249023742555,20.006249023742555,20.006249023742555,20.006249023742555,21.5974535536021,22.050961384011895,25.24102563288584,22.80838052607467,63.613579525129694,50.50990001969911,39.125439294658406,20.006249023742555,20.006249023742555,57.52608104155888,56.667892143611624,42.73792943329026,20.006249023742555,43.358005796699956,
20.006249023742555,20.006249023742555,20.006249023742555,20.006249023742555,20.006249023742555,20.006249023742555,20.006249023742555,20.006249023742555,20.006249023742555,20.006249023742555,20.006249023742555,20.006249023742555,49.26662156064692,21.750908965289856,110.5,20.006249023742555,33.23942501006899,24.03870576799009,20.006249023742555,50.36268459881781,20.006249023742555,80.45288476286396,54.518298744175645,110.5,
20.006249023742555,20.006249023742555,20.006249023742555,20.006249023742555,20.006249023742555,20.006249023742555,20.006249023742555,20.006249023742555,20.006249023742555,20.006249023742555,20.006249023742555,20.006249023742555,39.914909495074646,54.53152757809009,20.006249023742555,36.24374946111398,53.66796064692602,23.15167380558045,23.90312479572493,81.70189716279543,113.84492376327837,81.73483549462452,20.006249023742555,52.47558956314831,
20.006249023742555,20.006249023742555,20.006249023742555,20.006249023742555,20.006249023742555,20.006249023742555,20.006249023742555,20.006249023742555,20.006249023742555,20.006249023742555,20.006249023742555,20.006249023742555,20.006249023742555,46.11820561219711,25.916211142834904,25.24102563288584,25.438200424093026,39.125439294658406,43.97355420463253,50.67938436879438,50.36268459881781,53.93128343858816,113.85077953180645,25.24102563288584,
20.006249023742555,20.006249023742555,20.006249023742555,20.006249023742555,20.006249023742555,20.006249023742555,20.006249023742555,20.006249023742555,20.006249023742555,20.006249023742555,20.006249023742555,20.006249023742555,46.64426545675256,46.43543905251678,55.364248391899984,55.364248391899984,20.006249023742555,65.05910774057695,20.006249023742555,20.006249023742555,20.006249023742555,66.56716532946254,20.006249023742555,53.03206577156881,
20.006249023742555,20.006249023742555,20.006249023742555,20.006249023742555,20.006249023742555,20.006249023742555,20.006249023742555,20.006249023742555,20.006249023742555,20.006249023742555,20.006249023742555,20.006249023742555,46.03169198135852,20.006249023742555,39.427536218294165,50.36268459881781,45.75979877221347,24.03870576799009,38.30931095419394,20.006249023742555,87.0384254223386,20.006249023742555,46.46414388177906,113.85077953180645,
20.006249023742555,20.006249023742555,20.006249023742555,20.006249023742555,20.006249023742555,20.006249023742555,20.006249023742555,20.006249023742555,20.006249023742555,20.006249023742555,20.006249023742555,20.006249023742555,25.24102563288584,110.5,81.19359580656592,23.729925726811704,33.26455489323279,20.006249023742555,48.46562355594599,48.825369088893396,43.33108968550564,39.125439294658406,40.74616546375867,53.671066072264054,
20.006249023742555,20.006249023742555,20.006249023742555,20.006249023742555,20.006249023742555,20.006249023742555,20.006249023742555,20.006249023742555,20.006249023742555,20.006249023742555,20.006249023742555,20.006249023742555,39.125439294658406,40.739262389002576,87.64238415287434,23.729771191824135,81.70189716279543,36.24374946111398,45.503662856228765,20.006249023742555,39.701950807978996,42.73792943329026,41.46911501346514,46.64426545675256,
20.006249023742555,20.006249023742555,20.006249023742555,20.006249023742555,20.006249023742555,20.006249023742555,20.006249023742555,20.006249023742555,20.006249023742555,20.006249023742555,20.006249023742555,20.006249023742555,42.722359485402954,50.36268459881781,124.5,87.0384254223386,64.45773809248972,20.006249023742555,20.006249023742555,20.006249023742555,20.006249023742555,50.5,46.60052977166676,20.006249023742555,
20.006249023742555,20.006249023742555,20.006249023742555,20.006249023742555,20.006249023742555,20.006249023742555,20.006249023742555,20.006249023742555,20.006249023742555,20.006249023742555,20.006249023742555,20.006249023742555,20.006249023742555,20.006249023742555,39.125439294658406,23.729925726811704,20.006249023742555,22.263725415746467,57.22488532098601,30.113120064184645,74.21379588728769,57.24435925632032,58.777546733425346,39.701950807978996,
20.006249023742555,20.006249023742555,20.006249023742555,20.006249023742555,20.006249023742555,20.006249023742555,20.006249023742555,20.006249023742555,20.006249023742555,20.006249023742555,20.006249023742555,20.006249023742555,66.56716532946254,20.006249023742555,52.461890930464946,39.125439294658406,39.608286084235104,55.110797490147064,20.006249023742555,28.982049335294935,81.73483549462452,95.02210269195268,39.713977388320096,39.125439294658406,
20.006249023742555,20.006249023742555,20.006249023742555,20.006249023742555,20.006249023742555,20.006249023742555,20.006249023742555,20.006249023742555,20.006249023742555,20.006249023742555,20.006249023742555,20.006249023742555,110.5,20.006249023742555,20.006249023742555,20.006249023742555,43.30800541855204,42.61715877697881,20.006249023742555,113.84492376327837,52.62999778326678,41.00821221886849,20.006249023742555,20.006249023742555,
20.006249023742555,20.006249023742555,20.006249023742555,20.006249023742555,20.006249023742555,20.006249023742555,20.006249023742555,20.006249023742555,20.006249023742555,20.006249023742555,20.006249023742555,20.006249023742555,20.006249023742555,20.006249023742555,110.5,126.5,20.006249023742555,46.64426545675256,124.5,20.006249023742555,65.34523701081817,73.07947300713109,46.737565191182135,76.50435717439018,
20.006249023742555,20.006249023742555,20.006249023742555,20.006249023742555,20.006249023742555,20.006249023742555,20.006249023742555,20.006249023742555,20.006249023742555,20.006249023742555,20.006249023742555,20.006249023742555,65.05910774057695,39.914909495074646,42.722359485402954,90.17864214990155,52.81650625830275,50.50990001969911,42.6800109340817,46.64426545675256,20.006249023742555,20.006249023742555,20.006249023742555,20.006249023742555,
20.006249023742555,20.006249023742555,20.006249023742555,20.006249023742555,20.006249023742555,20.006249023742555,20.006249023742555,20.006249023742555,20.006249023742555,20.006249023742555,20.006249023742555,20.006249023742555,24.793027545582913,20.006249023742555,113.88005385784933,25.319992907114457,22.050961384011895,20.006249023742555,53.03206577156881,20.006249023742555,110.5,32.71634721358728,53.03206577156881,86.21883494921512,
20.006249023742555,20.006249023742555,20.006249023742555,20.006249023742555,20.006249023742555,20.006249023742555,20.006249023742555,20.006249023742555,20.006249023742555,20.006249023742555,20.006249023742555,20.006249023742555,66.56716532946254,39.125439294658406,53.983793864455286,110.5,51.77756914597929,50.36268459881781,20.006249023742555,24.03870576799009,24.03870576799009,20.006249023742555,42.06185920760042,20.006249023742555,
20.006249023742555,20.006249023742555,20.006249023742555,20.006249023742555,20.006249023742555,20.006249023742555,20.006249023742555,20.006249023742555,20.006249023742555,20.006249023742555,20.006249023742555,20.006249023742555,124.5,30.113120064184645,54.46271660503174,48.79360948454841,20.006249023742555,39.713977388320096,49.10893503223217,90.5685743879557,20.006249023742555,45.84058654729453,20.006249023742555,51.344375524094005,
20.006249023742555,20.006249023742555,20.006249023742555,20.006249023742555,20.006249023742555,20.006249023742555,20.006249023742555,20.006249023742555,20.006249023742555,20.006249023742555,20.006249023742555,20.006249023742555,49.36175982816388,49.38538920234067,113.84492376327837,39.125439294658406,36.316103521716094,20.006249023742555,49.26662156064692,20.006249023742555,61.01297676177858,20.006249023742555,62.053740150507174,66.56716532946254,
20.006249023742555,20.006249023742555,20.006249023742555,20.006249023742555,20.006249023742555,20.006249023742555,20.006249023742555,20.006249023742555,20.006249023742555,20.006249023742555,20.006249023742555,20.006249023742555,35.796476853205,86.21883494921512,43.30800541855204,65.05910774057695,19.872510326243805,60.33810984775708,39.125439294658406,47.91920283143283,37.11279260578487,113.84492376327837,52.136790253708405,20.006249023742555,
19.872510326243805,20.006249023742555,20.006249023742555,20.006249023742555,20.006249023742555,20.006249023742555,20.006249023742555,20.006249023742555,20.006249023742555,20.006249023742555,20.006249023742555,20.006249023742555,32.61901286060018,55.364248391899984,52.62999778326678,39.125439294658406,54.35071296680477,42.71299568047177,39.713977388320096,24.855283622741908,50.539537967409075,20.006249023742555,20.006249023742555,20.006249023742555,
19.872510326243805,20.006249023742555,20.006249023742555,20.006249023742555,20.006249023742555,20.006249023742555,20.006249023742555,20.006249023742555,20.006249023742555,20.006249023742555,20.006249023742555,20.006249023742555,32.201190454184555,52.4781781664862,46.64426545675256,80.68704976636585,49.54906028372284,20.006249023742555,24.03870576799009,39.125439294658406,87.09305368397642,20.006249023742555,23.729771191824135,76.5,
19.872510326243805,20.006249023742555,20.006249023742555,20.006249023742555,20.006249023742555,20.006249023742555,20.006249023742555,20.006249023742555,20.006249023742555,20.006249023742555,20.006249023742555,20.006249023742555,66.56716532946254,55.54457669295896,20.006249023742555,39.125439294658406,55.364248391899984,20.006249023742555,94.03545430669575,52.461890930464946,76.64583050194794,46.01304162952064,39.125439294658406,20.006249023742555,
19.872510326243805,20.006249023742555,20.006249023742555,20.006249023742555,20.006249023742555,20.006249023742555,20.006249023742555,20.006249023742555,20.006249023742555,20.006249023742555,20.006249023742555,20.006249023742555,20.006249023742555,20.006249023742555,54.46271660503174,30.113120064184645,38.09708328864614,113.84492376327837,41.65455606312863,51.92863692928338,55.44366510251645,20.006249023742555,25.24102563288584,23.729925726811704,
19.872510326243805,20.006249023742555,20.006249023742555,20.006249023742555,20.006249023742555,20.006249023742555,20.006249023742555,20.006249023742555,20.006249023742555,20.006249023742555,20.006249023742555,20.006249023742555,55.364248391899984,124.5,124.5,20.006249023742555,22.050961384011895,48.811713075176264,49.96358048619014,39.125439294658406,39.914909495074646,20.006249023742555,105.23158983879318,20.006249023742555,
19.872510326243805,20.006249023742555,20.006249023742555,20.006249023742555,20.006249023742555,20.006249023742555,20.006249023742555,20.006249023742555,20.006249023742555,20.006249023742555,20.006249023742555,20.006249023742555,66.56716532946254,110.5,46.60901200411783,47.76609676329017,24.03870576799009,50.26176377684316,20.006249023742555,24.03870576799009,20.006249023742555,23.729771191824135,20.006249023742555,39.318146785761236,
19.872510326243805,20.006249023742555,20.006249023742555,20.006249023742555,20.006249023742555,20.006249023742555,20.006249023742555,20.006249023742555,20.006249023742555,20.006249023742555,20.006249023742555,20.006249023742555,60.375491716424136,22.16082220533179,20.006249023742555,63.32209330083774,49.26662156064692,25.916211142834904,74.26977851050857,38.77740966078059,39.125439294658406,45.72526653831555,110.5,81.25023076890305,
19.872510326243805,20.006249023742555,20.006249023742555,20.006249023742555,20.006249023742555,20.006249023742555,20.006249023742555,20.006249023742555,20.006249023742555,20.006249023742555,20.006249023742555,20.006249023742555,113.88005385784933,87.06549259034833,40.27710140959977,49.80492558216404,20.006249023742555,30.006665926090488,23.729771191824135,20.006249023742555,33.2988937733765,25.24102563288584,20.006249023742555,34.05290002334603,
19.872510326243805,20.006249023742555,20.006249023742555,20.006249023742555,20.006249023742555,20.006249023742555,20.006249023742555,20.006249023742555,20.006249023742555,20.006249023742555,20.006249023742555,20.006249023742555,66.56716532946254,20.006249023742555,20.006249023742555,95.12447984965104,124.5,50.36268459881781,20.006249023742555,50.553669198068654,46.64426545675256,51.85379760953495,65.15814095977058,54.46271660503174,
19.872510326243805,20.006249023742555,20.006249023742555,20.006249023742555,20.006249023742555,20.006249023742555,20.006249023742555,20.006249023742555,20.006249023742555,20.006249023742555,20.006249023742555,20.006249023742555,20.006249023742555,65.23802572120036,20.006249023742555,48.98354575877537,20.006249023742555,20.006249023742555,49.0011160587185,20.006249023742555,48.46562355594599,20.006249023742555,25.24102563288584,20.006249023742555,
19.872510326243805,20.006249023742555,20.006249023742555,20.006249023742555,20.006249023742555,20.006249023742555,20.006249023742555,20.006249023742555,20.006249023742555,20.006249023742555,20.006249023742555,20.006249023742555,54.46271660503174,53.58715642141625,20.006249023742555,49.96858388027422,51.23394057328273,37.490739597339974,20.006249023742555,81.73483549462452,22.263725415746467,20.006249023742555,20.006249023742555,81.67733773820007,
19.872510326243805,20.006249023742555,20.006249023742555,20.006249023742555,20.006249023742555,20.006249023742555,20.006249023742555,20.006249023742555,20.006249023742555,20.006249023742555,20.006249023742555,20.006249023742555,20.006249023742555,66.56716532946254,47.04103926360471,44.59197735517505,22.050961384011895,20.006249023742555,20.006249023742555,25.438200424093026,33.26455489323279,20.006249023742555,25.24102563288584,20.006249023742555,
19.872510326243805,20.006249023742555,20.006249023742555,20.006249023742555,20.006249023742555,20.006249023742555,20.006249023742555,20.006249023742555,20.006249023742555,20.006249023742555,20.006249023742555,20.006249023742555,66.56716532946254,25.24102563288584,76.75415298210254,94.03545430669575,49.6958093745112,52.47558956314831,43.04775691020381,39.189000724409624,63.613579525129694,20.006249023742555,50.36268459881781,95.12447984965104,
19.872510326243805,20.006249023742555,20.006249023742555,20.006249023742555,20.006249023742555,20.006249023742555,20.006249023742555,20.006249023742555,20.006249023742555,20.006249023742555,20.006249023742555,20.006249023742555,20.006249023742555,33.26455489323279,50.36781379677568,56.189411813970786,33.81978382216211,52.47558956314831,25.24102563288584,24.03870576799009,20.006249023742555,25.24102563288584,59.078337823605025,76.06083091841687,
19.872510326243805,20.006249023742555,20.006249023742555,20.006249023742555,20.006249023742555,20.006249023742555,20.006249023742555,20.006249023742555,20.006249023742555,20.006249023742555,20.006249023742555,20.006249023742555,23.729925726811704,52.47558956314831,25.24102563288584,46.64426545675256,56.29564814441699,124.5,38.77606650155909,48.5499952710227,38.09708328864614,105.23158983879318,49.04334817281544,38.80184703507467,
19.872510326243805,20.006249023742555,20.006249023742555,20.006249023742555,20.006249023742555,20.006249023742555,20.006249023742555,20.006249023742555,20.006249023742555,20.006249023742555,20.006249023742555,20.006249023742555,71.15417532841391,20.006249023742555,20.006249023742555,46.504480070920756,81.47507287508247,39.125439294658406,110.5,65.06679260575244,95.12447984965104,24.03870576799009,81.83886607230089,77.02477735463188,
19.872510326243805,20.006249023742555,20.006249023742555,20.006249023742555,20.006249023742555,20.006249023742555,20.006249023742555,20.006249023742555,20.006249023742555,20.006249023742555,20.006249023742555,20.006249023742555,52.47558956314831,50.22748251704439,71.09711667852642,51.483304208693696,124.5,20.006249023742555,45.35538679265244,20.006249023742555,20.006249023742555,90.17864214990155,48.328805793105985,108.68618817494705,
19.872510326243805,20.006249023742555,20.006249023742555,20.006249023742555,20.006249023742555,20.006249023742555,20.006249023742555,20.006249023742555,20.006249023742555,20.006249023742555,20.006249023742555,20.006249023742555,20.006249023742555,76.98831080105603,47.566065763786874,23.729771191824135,20.006249023742555,20.006249023742555,50.641715347461655,80.68704976636585,27.909078570720794,25.24102563288584,29.31865162884087,25.24102563288584,
19.872510326243805,20.006249023742555,20.006249023742555,20.006249023742555,20.006249023742555,20.006249023742555,20.006249023742555,20.006249023742555,20.006249023742555,20.006249023742555,20.006249023742555,20.006249023742555,49.13613105444913,39.125439294658406,20.006249023742555,50.753908063059235,32.218007387174026,20.006249023742555,20.006249023742555,36.04973416453072,20.006249023742555,20.006249023742555,45.9956519684198,94.59739249401468,
19.872510326243805,20.006249023742555,20.006249023742555,20.006249023742555,20.006249023742555,20.006249023742555,20.006249023742555,20.006249023742555,20.006249023742555,20.006249023742555,20.006249023742555,20.006249023742555,30.113120064184645,25.24102563288584,52.461890930464946,20.006249023742555,20.006249023742555,20.006249023742555,22.263725415746467,37.45741383544344,38.5814801717728,48.668361129177136,87.19403649332907,25.16166478991404,
19.872510326243805,20.006249023742555,20.006249023742555,20.006249023742555,20.006249023742555,20.006249023742555,20.006249023742555,20.006249023742555,20.006249023742555,20.006249023742555,20.006249023742555,20.006249023742555,20.006249023742555,43.60791212612684,52.4781781664862,52.47558956314831,30.006665926090488,20.006249023742555,39.125439294658406,24.03870576799009,42.937272561260805,20.006249023742555,20.006249023742555,45.7473095004571,
19.872510326243805,20.006249023742555,20.006249023742555,20.006249023742555,20.006249023742555,20.006249023742555,20.006249023742555,20.006249023742555,20.006249023742555,20.006249023742555,20.006249023742555,20.006249023742555,20.006249023742555,46.836668000486064,54.46271660503174,20.006249023742555,31.599535000453688,36.24374946111398,47.894252003763455,48.53528066662184,25.24102563288584,43.464928390600164,56.01071326094678,25.68410927767897,
19.872510326243805,20.006249023742555,20.006249023742555,20.006249023742555,20.006249023742555,20.006249023742555,20.006249023742555,20.006249023742555,20.006249023742555,20.006249023742555,20.006249023742555,20.006249023742555,60.33810984775708,65.05910774057695,54.46271660503174,51.79575272162767,48.46562355594599,105.53672346628922,41.82403615147634,105.23158983879318,20.006249023742555,73.07947300713109,20.006249023742555,33.26455489323279,
19.872510326243805,20.006249023742555,20.006249023742555,20.006249023742555,20.006249023742555,20.006249023742555,20.006249023742555,20.006249023742555,20.006249023742555,20.006249023742555,20.006249023742555,20.006249023742555,20.006249023742555,23.729771191824135,20.006249023742555,76.04727148294013,25.24102563288584,41.93546629445454,36.58665512633443,44.447827562210506,20.006249023742555,52.50904683956851,63.52322409953701,110.5,
19.872510326243805,20.006249023742555,20.006249023742555,20.006249023742555,20.006249023742555,20.006249023742555,20.006249023742555,20.006249023742555,20.006249023742555,20.006249023742555,20.006249023742555,20.006249023742555,52.461890930464946,20.006249023742555,124.5,20.006249023742555,19.872510326243805,25.916211142834904,20.006249023742555,22.050961384011895,20.006249023742555,20.006249023742555,20.006249023742555,113.85077953180645,
19.872510326243805,19.872510326243805,20.006249023742555,20.006249023742555,20.006249023742555,20.006249023742555,20.006249023742555,20.006249023742555,20.006249023742555,20.006249023742555,20.006249023742555,20.006249023742555,50.36268459881781,40.09188664804888,25.24102563288584,124.5,20.006249023742555,37.08249062712901,89.19466071464143,32.118271020298295,94.03545430669575,124.5,110.5,20.006249023742555,
19.872510326243805,19.872510326243805,20.006249023742555,20.006249023742555,20.006249023742555,20.006249023742555,20.006249023742555,20.006249023742555,20.006249023742555,20.006249023742555,20.006249023742555,20.006249023742555,39.125439294658406,20.006249023742555,22.263725415746467,46.64426545675256,25.916211142834904,113.84492376327837,40.73376571619039,94.03545430669575,25.916211142834904,48.46562355594599,40.18220221690195,42.73792943329026,
19.872510326243805,19.872510326243805,20.006249023742555,20.006249023742555,20.006249023742555,20.006249023742555,20.006249023742555,20.006249023742555,20.006249023742555,20.006249023742555,20.006249023742555,20.006249023742555,52.461890930464946,80.68704976636585,22.263725415746467,23.9553621346036,40.917537779773404,53.608389035672396,39.125439294658406,65.05910774057695,65.94777763503483,23.86649063017016,39.685219750767,20.006249023742555,
19.872510326243805,19.872510326243805,20.006249023742555,20.006249023742555,20.006249023742555,20.006249023742555,20.006249023742555,20.006249023742555,20.006249023742555,20.006249023742555,20.006249023742555,20.006249023742555,41.82403615147634,20.006249023742555,60.33810984775708,52.47558956314831,25.916211142834904,32.358151986786886,30.113120064184645,20.006249023742555,20.006249023742555,37.41221016443369,60.33810984775708,51.4481940078237,
19.872510326243805,19.872510326243805,20.006249023742555,20.006249023742555,20.006249023742555,20.006249023742555,20.006249023742555,20.006249023742555,20.006249023742555,20.006249023742555,20.006249023742555,20.006249023742555,25.24102563288584,20.006249023742555,72.61255630628447,68.76015694916256,56.189411813970786,55.01533877020117,45.35528680116935,20.006249023742555,52.4781781664862,20.006249023742555,49.21297254450971,50.60323606252865,
19.872510326243805,19.872510326243805,20.006249023742555,20.006249023742555,20.006249023742555,20.006249023742555,20.006249023742555,20.006249023742555,20.006249023742555,20.006249023742555,20.006249023742555,20.006249023742555,20.62159062730128,53.14508443873243,20.006249023742555,20.006249023742555,51.77435014882691,52.47558956314831,52.62999778326678,45.02343139966122,20.006249023742555,20.006249023742555,31.159535726109056,110.5,
19.872510326243805,19.872510326243805,20.006249023742555,20.006249023742555,20.006249023742555,20.006249023742555,20.006249023742555,20.006249023742555,20.006249023742555,20.006249023742555,20.006249023742555,20.006249023742555,23.729771191824135,110.5,70.39353663512013,20.006249023742555,20.006249023742555,38.5814801717728,37.54226268624876,23.729771191824135,110.5,54.39485269765881,23.729925726811704,20.006249023742555,
19.872510326243805,19.872510326243805,20.006249023742555,20.006249023742555,20.006249023742555,20.006249023742555,20.006249023742555,20.006249023742555,20.006249023742555,20.006249023742555,20.006249023742555,20.006249023742555,61.08344702126755,20.006249023742555,39.125439294658406,46.64426545675256,24.03870576799009,45.871802038095495,80.68704976636585,20.006249023742555,87.0384254223386,19.872510326243805,87.0384254223386,40.18220221690195,
19.872510326243805,19.872510326243805,19.872510326243805,20.006249023742555,20.006249023742555,20.006249023742555,20.006249023742555,20.006249023742555,20.006249023742555,20.006249023742555,20.006249023742555,20.006249023742555,63.8817347373868,23.9553621346036,20.006249023742555,20.006249023742555,42.778022203854505,95.12447984965104,81.73483549462452,44.87761134463375,113.84492376327837,58.913495907134894,36.24374946111398,54.46271660503174,
19.872510326243805,19.872510326243805,19.872510326243805,20.006249023742555,20.006249023742555,20.006249023742555,20.006249023742555,20.006249023742555,20.006249023742555,20.006249023742555,20.006249023742555,20.006249023742555,67.64382824766794,48.07659903736952,20.006249023742555,20.006249023742555,25.916211142834904,24.793027545582913,23.729771191824135,24.913735466124564,23.729771191824135,50.76333979031193,39.420288985159274,20.006249023742555,
19.872510326243805,19.872510326243805,19.872510326243805,20.006249023742555,20.006249023742555,20.006249023742555,20.006249023742555,20.006249023742555,20.006249023742555,20.006249023742555,20.006249023742555,20.006249023742555,69.29184205229357,53.51261533507776,19.872510326243805,110.5,80.68704976636585,36.24374946111398,48.52350577034699,23.729771191824135,87.0384254223386,113.84492376327837,24.03870576799009,40.442345794146675,
19.872510326243805,19.872510326243805,19.872510326243805,19.872510326243805,20.006249023742555,20.006249023742555,20.006249023742555,20.006249023742555,20.006249023742555,20.006249023742555,20.006249023742555,20.006249023742555,20.006249023742555,60.771703941884006,48.04419733910833,30.006665926090488,24.03870576799009,25.916211142834904,19.872510326243805,20.006249023742555,81.67733773820007,24.617067250182345,110.5,25.916211142834904,
19.872510326243805,19.872510326243805,19.872510326243805,19.872510326243805,19.872510326243805,20.006249023742555,20.006249023742555,20.006249023742555,20.006249023742555,20.006249023742555,20.006249023742555,20.006249023742555,113.84492376327837,20.006249023742555,33.08574718314016,57.337451402493755,19.872510326243805,20.006249023742555,42.74108094094018,38.637417097937586,25.24102563288584,80.68704976636585,86.79681733796464,110.5,
19.872510326243805,19.872510326243805,19.872510326243805,19.872510326243805,19.872510326243805,19.872510326243805,20.006249023742555,20.006249023742555,20.006249023742555,20.006249023742555,20.006249023742555,20.006249023742555,22.16082220533179,54.429133855361854,81.67733773820007,19.872510326243805,20.006249023742555,20.006249023742555,79.62529434796458,51.36941041642012,22.16082220533179,20.006249023742555,36.24374946111398,77.71486344323073,
19.872510326243805,19.872510326243805,19.872510326243805,19.872510326243805,19.872510326243805,19.872510326243805,19.872510326243805,20.006249023742555,20.006249023742555,20.006249023742555,20.006249023742555,20.006249023742555,35.93883693165375,22.050961384011895,20.006249023742555,20.006249023742555,89.04317772856042,82.18994768218313,25.729360660537214,20.006249023742555,46.030424721047275,40.3598397750371,39.125439294658406,31.600781240342776,
19.872510326243805,19.872510326243805,19.872510326243805,19.872510326243805,19.872510326243805,19.872510326243805,19.872510326243805,20.006249023742555,20.006249023742555,20.006249023742555,20.006249023742555,20.006249023742555,77.36665948585346,73.07947300713109,54.35071296680477,47.167958685219915,66.56716532946254,51.813216219416454,23.63325225704025,20.006249023742555,46.01304162952064,46.72367751810988,79.38631809071384,53.03206577156881,
19.872510326243805,19.872510326243805,19.872510326243805,19.872510326243805,19.872510326243805,19.872510326243805,19.872510326243805,20.006249023742555,20.006249023742555,20.006249023742555,20.006249023742555,20.006249023742555,110.5,39.125439294658406,50.584744009736895,21.947060609287867,66.56716532946254,36.24374946111398,20.006249023742555,76.5,20.006249023742555,110.5,20.006249023742555,19.872510326243805,
19.872510326243805,19.872510326243805,19.872510326243805,19.872510326243805,19.872510326243805,19.872510326243805,19.872510326243805,19.872510326243805,20.006249023742555,20.006249023742555,20.006249023742555,20.006249023742555,77.1529865483724,19.872510326243805,74.7127833774114,30.006665926090488,19.872510326243805,19.872510326243805,80.68704976636585,19.872510326243805,19.872510326243805,50.22200712834962,19.872510326243805,30.006665926090488,
19.872510326243805,19.872510326243805,19.872510326243805,19.872510326243805,19.872510326243805,19.872510326243805,19.872510326243805,19.872510326243805,19.872510326243805,19.872510326243805,19.872510326243805,19.872510326243805,126.5,26.369173922088144,40.27710140959977,19.872510326243805,48.0407812870135,19.872510326243805,48.032378402490124,105.23158983879318,47.96787119173277,19.872510326243805,30.006665926090488,52.47558956314831,
19.872510326243805,19.872510326243805,19.872510326243805,19.872510326243805,19.872510326243805,19.872510326243805,19.872510326243805,19.872510326243805,19.872510326243805,19.872510326243805,19.872510326243805,19.872510326243805,59.177698502053964,19.872510326243805,82.41472865938466,80.45288476286396,50.36268459881781,40.19899480924205,55.364248391899984,30.006665926090488,30.006665926090488,45.3774295339777,35.185224171518364,19.872510326243805,
19.872510326243805,19.872510326243805,19.872510326243805,19.872510326243805,19.872510326243805,19.872510326243805,19.872510326243805,19.872510326243805,19.872510326243805,19.872510326243805,19.872510326243805,19.872510326243805,46.51403611336642,86.21883494921512,30.006665926090488,19.872510326243805,19.872510326243805,54.53152757809009,19.872510326243805,59.942055353482836,53.03206577156881,80.45288476286396,57.22488532098601,25.854400012377006,
19.872510326243805,19.872510326243805,19.872510326243805,19.872510326243805,19.872510326243805,19.872510326243805,19.872510326243805,19.872510326243805,19.872510326243805,19.872510326243805,19.872510326243805,19.872510326243805,54.35071296680477,19.872510326243805,40.19899480924205,113.84492376327837,39.914909495074646,20.006249023742555,102.36057590693792,81.47507287508247,54.43160846420029,124.5,81.75993823383186,23.629629176100078,
19.872510326243805,19.872510326243805,19.872510326243805,19.872510326243805,19.872510326243805,19.872510326243805,19.872510326243805,19.872510326243805,19.872510326243805,19.872510326243805,19.872510326243805,19.872510326243805,19.872510326243805,30.006665926090488,81.73483549462452,34.23388940324294,21.947060609287867,43.16085466021265,19.872510326243805,66.61568884279438,77.52418977325722,81.67733773820007,110.5,33.32041416309227,
19.872510326243805,19.872510326243805,19.872510326243805,19.872510326243805,19.872510326243805,19.872510326243805,19.872510326243805,19.872510326243805,19.872510326243805,19.872510326243805,19.872510326243805,19.872510326243805,42.51411530303788,19.872510326243805,43.170447067409434,32.97556299901551,23.9553621346036,41.84627953726724,124.5,40.099875311526844,105.53672346628922,105.53672346628922,50.612086830453194,56.78732252888844,
19.872510326243805,19.872510326243805,19.872510326243805,19.872510326243805,19.872510326243805,19.872510326243805,19.872510326243805,19.872510326243805,19.872510326243805,19.872510326243805,19.872510326243805,19.872510326243805,19.872510326243805,61.48644837143656,19.872510326243805,72.41715886417516,23.9553621346036,87.09305368397642,30.006665926090488,77.99487162628066,19.872510326243805,20.006249023742555,23.9553621346036,47.76097895888558,
19.872510326243805,19.872510326243805,19.872510326243805,19.872510326243805,19.872510326243805,19.872510326243805,19.872510326243805,19.872510326243805,19.872510326243805,19.872510326243805,19.872510326243805,19.872510326243805,85.60191294591495,46.64426545675256,46.30964622336618,19.872510326243805,19.872510326243805,23.992707225321613,59.177698502053964,124.5,19.872510326243805,82.40866155932882,32.118271020298295,80.68704976636585,
19.872510326243805,19.872510326243805,19.872510326243805,19.872510326243805,19.872510326243805,19.872510326243805,19.872510326243805,19.872510326243805,19.872510326243805,19.872510326243805,19.872510326243805,19.872510326243805,45.17855731225076,124.5,79.23330528677108,72.52987890058368,33.43440406228291,77.14434522374275,56.83033960834653,22.16082220533179,110.5,33.32041416309227,19.872510326243805,20.006249023742555,
19.872510326243805,19.872510326243805,19.872510326243805,19.872510326243805,19.872510326243805,19.872510326243805,19.872510326243805,19.872510326243805,19.872510326243805,19.872510326243805,19.872510326243805,19.872510326243805,39.125439294658406,33.23018052853737,45.267108490725484,79.23330528677108,81.73483549462452,19.872510326243805,22.16082220533179,52.47558956314831,39.125439294658406,19.872510326243805,89.35707862279294,19.872510326243805,
19.872510326243805,19.872510326243805,19.872510326243805,19.872510326243805,19.872510326243805,19.872510326243805,19.872510326243805,19.872510326243805,19.872510326243805,19.872510326243805,19.872510326243805,19.872510326243805,44.01576711931806,94.03545430669575,50.70603554623776,19.872510326243805,19.872510326243805,49.73513178160216,30.006665926090488,22.050961384011895,19.872510326243805,63.520075566705685,27.17591971295356,19.872510326243805,
19.872510326243805,19.872510326243805,19.872510326243805,19.872510326243805,19.872510326243805,19.872510326243805,19.872510326243805,19.872510326243805,19.872510326243805,19.872510326243805,19.872510326243805,19.872510326243805,113.88005385784933,32.05244725446093,25.854400012377006,47.46138781507904,30.006665926090488,61.08344702126755,51.23394057328273,54.65894254374118,22.16082220533179,20.006249023742555,21.370405117265157,19.872510326243805,
19.872510326243805,19.872510326243805,19.872510326243805,19.872510326243805,19.872510326243805,19.872510326243805,19.872510326243805,19.872510326243805,19.872510326243805,19.872510326243805,19.872510326243805,19.872510326243805,20.006249023742555,78.5282592446821,20.006249023742555,86.30565836992767,81.73483549462452,80.68704976636585,87.0384254223386,23.63325225704025,67.6208794185149,113.85077953180645,39.125439294658406,39.092772963288034,
19.872510326243805,19.872510326243805,19.872510326243805,19.872510326243805,19.872510326243805,19.872510326243805,19.872510326243805,19.872510326243805,19.872510326243805,19.872510326243805,19.872510326243805,19.872510326243805,124.5,68.76638951210549,19.872510326243805,48.136286113661974,81.67733773820007,81.67733773820007,39.914909495074646,19.872510326243805,81.19359580656592,37.54441813816447,32.201190454184555,25.16166478991404,
19.872510326243805,19.872510326243805,19.872510326243805,19.872510326243805,19.872510326243805,19.872510326243805,19.872510326243805,19.872510326243805,19.872510326243805,19.872510326243805,19.872510326243805,19.872510326243805,25.854400012377006,62.599420923839226,19.872510326243805,81.73483549462452,38.40389791414408,47.674063457299425,81.67733773820007,61.560437782718864,30.006665926090488,46.32493928760188,19.872510326243805,23.9553621346036,
19.872510326243805,19.872510326243805,19.872510326243805,19.872510326243805,19.872510326243805,19.872510326243805,19.872510326243805,19.872510326243805,19.872510326243805,19.872510326243805,19.872510326243805,19.872510326243805,20.006249023742555,39.713977388320096,94.03545430669575,28.20261964963611,19.872510326243805,19.872510326243805,20.006249023742555,19.872510326243805,81.47507287508247,19.872510326243805,19.872510326243805,21.624137110764075,
19.872510326243805,19.872510326243805,19.872510326243805,19.872510326243805,19.872510326243805,19.872510326243805,19.872510326243805,19.872510326243805,19.872510326243805,19.872510326243805,19.872510326243805,19.872510326243805,22.16082220533179,49.6411613276642,25.854400012377006,66.93280212272605,41.012193308819754,81.67733773820007,110.5,19.872510326243805,19.872510326243805,19.872510326243805,78.5282592446821,43.31696405566761,
19.872510326243805,19.872510326243805,19.872510326243805,19.872510326243805,19.872510326243805,19.872510326243805,19.872510326243805,19.872510326243805,19.872510326243805,19.872510326243805,19.872510326243805,19.872510326243805,83.34266614405853,86.34632302536107,19.872510326243805,19.872510326243805,77.52418977325722,66.6321994234019,19.872510326243805,57.24435925632032,19.872510326243805,19.872510326243805,37.841775856849004,76.51524902484036,
19.872510326243805,19.872510326243805,19.872510326243805,19.872510326243805,19.872510326243805,19.872510326243805,19.872510326243805,19.872510326243805,19.872510326243805,19.872510326243805,19.872510326243805,19.872510326243805,20.006249023742555,19.872510326243805,66.61597030742703,115.27647924302106,19.872510326243805,41.012193308819754,54.69632071721095,65.05910774057695,19.872510326243805,81.90970638453052,124.5,124.5,
19.872510326243805,19.872510326243805,19.872510326243805,19.872510326243805,19.872510326243805,19.872510326243805,19.872510326243805,19.872510326243805,19.872510326243805,19.872510326243805,19.872510326243805,19.872510326243805,72.52987890058368,73.21145174538384,25.16166478991404,23.9553621346036,19.872510326243805,20.006249023742555,19.872510326243805,108.68618817494705,19.872510326243805,124.5,50.13897353024558,25.854400012377006,
19.872510326243805,19.872510326243805,19.872510326243805,19.872510326243805,19.872510326243805,19.872510326243805,19.872510326243805,19.872510326243805,19.872510326243805,19.872510326243805,19.872510326243805,19.872510326243805,113.84492376327837,19.872510326243805,46.64426545675256,38.569539470934835,94.03545430669575,27.018512172212592,48.876545158865994,39.092772963288034,25.16166478991404,19.872510326243805,21.947060609287867,80.68704976636585,
19.872510326243805,19.872510326243805,19.872510326243805,19.872510326243805,19.872510326243805,19.872510326243805,19.872510326243805,19.872510326243805,19.872510326243805,19.872510326243805,19.872510326243805,19.872510326243805,39.125439294658406,87.0384254223386,51.338947203852946,108.68618817494705,25.16166478991404,22.16082220533179,81.67733773820007,19.872510326243805,19.872510326243805,25.24102563288584,33.76717669901086,26.901179702528943,
19.872510326243805,19.872510326243805,19.872510326243805,19.872510326243805,19.872510326243805,19.872510326243805,19.872510326243805,19.872510326243805,19.872510326243805,19.872510326243805,19.872510326243805,19.872510326243805,70.27268317063182,19.872510326243805,20.006249023742555,19.872510326243805,110.5,19.872510326243805,76.06083091841687,30.006665926090488,22.16082220533179,23.63325225704025,19.872510326243805,55.364248391899984,
19.872510326243805,19.872510326243805,19.872510326243805,19.872510326243805,19.872510326243805,19.872510326243805,19.872510326243805,19.872510326243805,19.872510326243805,19.872510326243805,19.872510326243805,19.872510326243805,20.006249023742555,19.872510326243805,32.09921143891233,19.872510326243805,40.3598397750371,19.872510326243805,81.47507287508247,33.522794898065676,19.872510326243805,19.872510326243805,19.872510326243805,31.16167517961767,
19.872510326243805,19.872510326243805,19.872510326243805,19.872510326243805,19.872510326243805,19.872510326243805,19.872510326243805,19.872510326243805,19.872510326243805,19.872510326243805,19.872510326243805,19.872510326243805,81.67733773820007,46.01304162952064,77.01947805587882,115.97700921590739,25.16166478991404,30.80449101456907,29.398042417126753,50.641715347461655,20.006249023742555,124.5,124.5,60.07217880738692,
19.872510326243805,19.872510326243805,19.872510326243805,19.872510326243805,19.872510326243805,19.872510326243805,19.872510326243805,19.872510326243805,19.872510326243805,19.872510326243805,19.872510326243805,19.872510326243805,19.872510326243805,113.84492376327837,50.36268459881781,39.914909495074646,19.872510326243805,42.90512789865566,19.872510326243805,21.947060609287867,124.5,77.07918006829081,19.872510326243805,19.872510326243805,
19.872510326243805,19.872510326243805,19.872510326243805,19.872510326243805,19.872510326243805,19.872510326243805,19.872510326243805,19.872510326243805,19.872510326243805,19.872510326243805,19.872510326243805,19.872510326243805,19.872510326243805,48.876545158865994,113.84492376327837,80.67713430706374,69.9612988253744,48.79754092164891,103.49969806719244,83.88563643437415,57.26182556177079,23.63325225704025,30.006665926090488,21.947060609287867,
19.872510326243805,19.872510326243805,19.872510326243805,19.872510326243805,19.872510326243805,19.872510326243805,19.872510326243805,19.872510326243805,19.872510326243805,19.872510326243805,19.872510326243805,19.872510326243805,47.957889691618725,103.49969806719244,19.872510326243805,73.12564102283139,30.006665926090488,61.08344702126755,37.37534838187688,46.64426545675256,81.41744284856901,76.4476945368531,36.438685181792415,52.191155061625786,
19.872510326243805,19.872510326243805,19.872510326243805,19.872510326243805,19.872510326243805,19.872510326243805,19.872510326243805,19.872510326243805,19.872510326243805,19.872510326243805,19.872510326243805,19.872510326243805,30.006665926090488,105.53672346628922,22.16082220533179,20.006249023742555,19.872510326243805,105.22921409950756,90.17864214990155,39.125439294658406,81.67733773820007,81.90970638453052,67.92827099227537,81.47507287508247,
19.872510326243805,19.872510326243805,19.872510326243805,19.872510326243805,19.872510326243805,19.872510326243805,19.872510326243805,19.872510326243805,19.872510326243805,19.872510326243805,19.872510326243805,19.872510326243805,36.19737559547653,19.872510326243805,113.85077953180645,19.872510326243805,20.006249023742555,39.914909495074646,59.5867714625766,39.125439294658406,22.16082220533179,94.03545430669575,87.19403649332907,106.38227060934543,
19.872510326243805,19.872510326243805,19.872510326243805,19.872510326243805,19.872510326243805,19.872510326243805,19.872510326243805,19.872510326243805,19.872510326243805,19.872510326243805,19.872510326243805,19.872510326243805,23.9553621346036,25.854400012377006,56.01785429664367,30.006665926090488,31.16978594016256,40.19899480924205,23.729771191824135,19.872510326243805,81.6634353102211,30.006665926090488,105.53672346628922,72.17478784173875,
19.872510326243805,19.872510326243805,19.872510326243805,19.872510326243805,19.872510326243805,19.872510326243805,19.872510326243805,19.872510326243805,19.872510326243805,19.872510326243805,19.872510326243805,19.872510326243805,57.619441163551734,39.125439294658406,23.64549375673936,24.805913273518744,40.846052440841824,19.872510326243805,19.872510326243805,39.125439294658406,40.787367836132795,23.729771191824135,81.47507287508247,124.5,
19.872510326243805,19.872510326243805,19.872510326243805,19.872510326243805,19.872510326243805,19.872510326243805,19.872510326243805,19.872510326243805,19.872510326243805,19.872510326243805,19.872510326243805,19.872510326243805,41.012193308819754,22.16082220533179,25.16166478991404,20.006249023742555,19.872510326243805,32.65515847458101,19.872510326243805,22.16082220533179,30.88014464560251,19.872510326243805,19.872510326243805,45.5,
19.872510326243805,19.872510326243805,19.872510326243805,19.872510326243805,19.872510326243805,19.872510326243805,19.872510326243805,19.872510326243805,19.872510326243805,19.872510326243805,19.872510326243805,19.872510326243805,23.729771191824135,19.872510326243805,20.006249023742555,45.68643124604941,44.81982068829161,19.872510326243805,19.872510326243805,78.41037877730218,30.006665926090488,115.97700921590739,80.68704976636585,124.5,
19.872510326243805,19.872510326243805,19.872510326243805,19.872510326243805,19.872510326243805,19.872510326243805,19.872510326243805,19.872510326243805,19.872510326243805,19.872510326243805,19.872510326243805,19.872510326243805,23.64549375673936,25.16166478991404,66.61597030742703,19.872510326243805,56.776755807284374,105.53672346628922,60.771703941884006,81.47507287508247,39.092772963288034,19.872510326243805,96.69636756362671,19.872510326243805,
19.872510326243805,19.872510326243805,19.872510326243805,19.872510326243805,19.872510326243805,19.872510326243805,19.872510326243805,19.872510326243805,19.872510326243805,19.872510326243805,19.872510326243805,19.872510326243805,79.1117353283738,20.006249023742555,19.872510326243805,20.006249023742555,20.006249023742555,24.793027545582913,25.16166478991404,84.28048409922667,33.23018052853737,26.29371360230426,19.872510326243805,97.51922887307919,
19.872510326243805,19.872510326243805,19.872510326243805,19.872510326243805,19.872510326243805,19.872510326243805,19.872510326243805,19.872510326243805,19.872510326243805,19.872510326243805,19.872510326243805,19.872510326243805,19.872510326243805,54.35071296680477,19.872510326243805,22.16082220533179,32.118271020298295,51.23394057328273,66.6321994234019,51.4481940078237,19.872510326243805,94.03545430669575,19.872510326243805,36.19737559547653,
19.872510326243805,19.872510326243805,19.872510326243805,19.872510326243805,19.872510326243805,19.872510326243805,19.872510326243805,19.872510326243805,19.872510326243805,19.872510326243805,19.872510326243805,19.872510326243805,36.24374946111398,48.782040752719645,25.16166478991404,45.98459887107132,42.73792943329026,35.16545712769848,19.872510326243805,19.872510326243805,78.18951336336606,39.125439294658406,108.68618817494705,124.5,
19.872510326243805,19.872510326243805,19.872510326243805,19.872510326243805,19.872510326243805,19.872510326243805,19.872510326243805,19.872510326243805,19.872510326243805,19.872510326243805,19.872510326243805,19.872510326243805,38.17537655348013,19.872510326243805,19.872510326243805,51.43611055851478,105.22921409950756,110.5,76.06083091841687,33.34066586017742,20.006249023742555,39.564981424260026,113.84492376327837,34.80099675296672,
19.872510326243805,19.872510326243805,19.872510326243805,19.872510326243805,19.872510326243805,19.872510326243805,19.872510326243805,19.872510326243805,19.872510326243805,19.872510326243805,19.872510326243805,19.872510326243805,40.099875311526844,19.872510326243805,39.125439294658406,74.7127833774114,23.9553621346036,42.75129786787478,67.06650927748265,110.5,19.872510326243805,51.88234553080438,77.17856316520084,25.854400012377006,
19.872510326243805,19.872510326243805,19.872510326243805,19.872510326243805,19.872510326243805,19.872510326243805,19.872510326243805,19.872510326243805,19.872510326243805,19.872510326243805,19.872510326243805,19.872510326243805,94.59739249401468,54.35071296680477,21.947060609287867,52.62999778326678,24.805913273518744,56.83033960834653,51.72620225765661,23.63325225704025,63.910190084948226,39.125439294658406,36.428697478773515,24.855283622741908,
19.872510326243805,19.872510326243805,19.872510326243805,19.872510326243805,19.872510326243805,19.872510326243805,19.872510326243805,19.872510326243805,19.872510326243805,19.872510326243805,19.872510326243805,19.872510326243805,49.56916421341323,87.19403649332907,19.872510326243805,113.85077953180645,85.56343869209748,69.6483229438361,47.47301865270419,113.85077953180645,22.16082220533179,50.22200712834962,72.52987890058368,87.0384254223386,
19.872510326243805,19.872510326243805,19.872510326243805,19.872510326243805,19.872510326243805,19.872510326243805,19.872510326243805,19.872510326243805,19.872510326243805,19.872510326243805,19.872510326243805,19.872510326243805,81.73483549462452,19.872510326243805,37.01951437342803,19.872510326243805,108.68618817494705,40.91352669554003,39.125439294658406,19.872510326243805,38.637417097937586,39.457783347099806,41.012193308819754,25.16166478991404,
19.872510326243805,19.872510326243805,19.872510326243805,19.872510326243805,19.872510326243805,19.872510326243805,19.872510326243805,19.872510326243805,19.872510326243805,19.872510326243805,19.872510326243805,19.872510326243805,19.872510326243805,90.17864214990155,19.872510326243805,57.81796145374434,19.872510326243805,50.36268459881781,22.16082220533179,81.73483549462452,39.125439294658406,19.872510326243805,46.87127762998003,91.97100992522951,
19.872510326243805,19.872510326243805,19.872510326243805,19.872510326243805,19.872510326243805,19.872510326243805,19.872510326243805,19.872510326243805,19.872510326243805,19.872510326243805,19.872510326243805,19.872510326243805,19.872510326243805,47.76097895888558,19.872510326243805,23.9553621346036,20.006249023742555,72.86231307518769,39.914909495074646,22.16082220533179,81.67733773820007,20.006249023742555,105.53672346628922,19.872510326243805,
19.872510326243805,19.872510326243805,19.872510326243805,19.872510326243805,19.872510326243805,19.872510326243805,19.872510326243805,19.872510326243805,19.872510326243805,19.872510326243805,19.872510326243805,19.872510326243805,19.872510326243805,19.872510326243805,19.872510326243805,30.006665926090488,73.13400941650426,72.58959980603282,90.17864214990155,23.9553621346036,61.08344702126755,19.872510326243805,22.16082220533179,94.03545430669575,
19.872510326243805,19.872510326243805,19.872510326243805,19.872510326243805,19.872510326243805,19.872510326243805,19.872510326243805,19.872510326243805,19.872510326243805,19.872510326243805,19.872510326243805,19.872510326243805,39.914909495074646,113.84492376327837,94.03545430669575,113.85077953180645,39.914909495074646,77.04703042920721,19.872510326243805,44.30416882190659,108.68618817494705,46.01304162952064,108.68618817494705,19.872510326243805,
19.872510326243805,19.872510326243805,19.872510326243805,19.872510326243805,19.872510326243805,19.872510326243805,19.872510326243805,19.872510326243805,19.872510326243805,19.872510326243805,19.872510326243805,19.872510326243805,54.35071296680477,19.872510326243805,54.02391445770413,30.006665926090488,53.03206577156881,46.35371254459201,113.84492376327837,126.5,81.67733773820007,38.48843170356516,53.56491388959754,20.006249023742555,
19.872510326243805,19.872510326243805,19.872510326243805,19.872510326243805,19.872510326243805,19.872510326243805,19.872510326243805,19.872510326243805,19.872510326243805,19.872510326243805,19.872510326243805,19.872510326243805,103.49245141555011,25.854400012377006,19.872510326243805,40.98381960466539,43.30800541855204,19.872510326243805,44.901545188674504,81.67733773820007,44.10045351240733,126.5,95.12447984965104,22.16082220533179,
19.872510326243805,19.872510326243805,19.872510326243805,19.872510326243805,19.872510326243805,19.872510326243805,19.872510326243805,19.872510326243805,19.872510326243805,19.872510326243805,19.872510326243805,19.872510326243805,19.872510326243805,25.24102563288584,55.364248391899984,43.30800541855204,19.872510326243805,19.872510326243805,47.54586601377663,19.872510326243805,25.24102563288584,19.872510326243805,53.549821039227886,105.2220865598093,
19.872510326243805,19.872510326243805,19.872510326243805,19.872510326243805,19.872510326243805,19.872510326243805,19.872510326243805,19.872510326243805,19.872510326243805,19.872510326243805,19.872510326243805,19.872510326243805,76.95453203028396,19.872510326243805,25.854400012377006,105.53672346628922,19.872510326243805,54.35071296680477,19.872510326243805,23.9553621346036,115.27647924302106,81.51564267059422,108.68618817494705,24.805913273518744,
19.872510326243805,19.872510326243805,19.872510326243805,19.872510326243805,19.872510326243805,19.872510326243805,19.872510326243805,19.872510326243805,19.872510326243805,19.872510326243805,19.872510326243805,19.872510326243805,38.53375143948484,19.872510326243805,27.57253883774912,87.12455164877464,20.006249023742555,34.23388940324294,21.947060609287867,124.5,73.07947300713109,22.050961384011895,124.5,82.43057685106905,
19.872510326243805,19.872510326243805,19.872510326243805,19.872510326243805,19.872510326243805,19.872510326243805,19.872510326243805,19.872510326243805,19.872510326243805,19.872510326243805,19.872510326243805,19.872510326243805,39.457783347099806,23.64549375673936,19.872510326243805,19.872510326243805,89.35707862279294,21.947060609287867,70.43010719855536,72.87374927457303,77.14894155899657,19.872510326243805,54.35071296680477,73.12564102283139,
19.872510326243805,19.872510326243805,19.872510326243805,19.872510326243805,19.872510326243805,19.872510326243805,19.872510326243805,19.872510326243805,19.872510326243805,19.872510326243805,19.872510326243805,19.872510326243805,60.07217880738692,19.872510326243805,74.21379588728769,53.0306515140065,40.787367836132795,81.73483549462452,19.872510326243805,19.872510326243805,22.76510487566442,72.85876748888907,77.0266320230628,74.54022335597864,
19.872510326243805,19.872510326243805,19.872510326243805,19.872510326243805,19.872510326243805,19.872510326243805,19.872510326243805,19.872510326243805,19.872510326243805,19.872510326243805,19.872510326243805,19.872510326243805,19.872510326243805,19.872510326243805,110.5,19.872510326243805,81.47507287508247,46.761195183613516,19.872510326243805,46.18559705146183,50.36268459881781,22.16082220533179,30.006665926090488,20.006249023742555,
19.872510326243805,19.872510326243805,19.872510326243805,19.872510326243805,19.872510326243805,19.872510326243805,19.872510326243805,19.872510326243805,19.872510326243805,19.872510326243805,19.872510326243805,19.872510326243805,24.855283622741908,124.5,52.09206593458675,19.872510326243805,19.872510326243805,47.76097895888558,87.79749426948356,58.25536455984118,23.63325225704025,39.888620442631584,30.006665926090488,42.058491017470736,
19.872510326243805,19.872510326243805,19.872510326243805,19.872510326243805,19.872510326243805,19.872510326243805,19.872510326243805,19.872510326243805,19.872510326243805,19.872510326243805,19.872510326243805,19.872510326243805,39.318146785761236,77.01947805587882,44.81982068829161,48.48968962573384,118.5,81.47507287508247,55.971867933811176,48.088778444091275,45.64263357870578,19.872510326243805,24.805913273518744,83.5175879680442,
19.872510326243805,19.872510326243805,19.872510326243805,19.872510326243805,19.872510326243805,19.872510326243805,19.872510326243805,19.872510326243805,19.872510326243805,19.872510326243805,19.872510326243805,19.872510326243805,33.23018052853737,81.73483549462452,72.90533245243451,124.5,40.74616546375867,113.84492376327837,84.28048409922667,22.16082220533179,57.59267893288752,124.5,59.5867714625766,19.872510326243805,
19.872510326243805,19.872510326243805,19.872510326243805,19.872510326243805,19.872510326243805,19.872510326243805,19.872510326243805,19.872510326243805,19.872510326243805,19.872510326243805,19.872510326243805,19.872510326243805,81.91458966508958,113.84492376327837,42.058491017470736,124.5,81.68384173139752,113.84492376327837,24.230188625273364,52.30280425879031,23.63325225704025,52.05726830783065,38.17537655348013,30.006665926090488,
19.872510326243805,19.872510326243805,19.872510326243805,19.872510326243805,19.872510326243805,19.872510326243805,19.872510326243805,19.872510326243805,19.872510326243805,19.872510326243805,19.872510326243805,19.872510326243805,51.56925203163258,24.855283622741908,39.125439294658406,21.947060609287867,81.71240215944374,19.872510326243805,20.006249023742555,63.53266876182678,55.364248391899984,113.85077953180645,76.37135152223858,84.28048409922667,
19.872510326243805,19.872510326243805,19.872510326243805,19.872510326243805,19.872510326243805,19.872510326243805,19.872510326243805,19.872510326243805,19.872510326243805,19.872510326243805,19.872510326243805,19.872510326243805,34.23388940324294,19.872510326243805,105.23158983879318,19.872510326243805,19.872510326243805,43.30800541855204,77.06927707840364,25.16166478991404,113.84492376327837,19.872510326243805,19.872510326243805,61.08344702126755,
19.872510326243805,19.872510326243805,19.872510326243805,19.872510326243805,19.872510326243805,19.872510326243805,19.872510326243805,19.872510326243805,19.872510326243805,19.872510326243805,19.872510326243805,19.872510326243805,25.16166478991404,19.872510326243805,30.401396315945483,50.36268459881781,33.23018052853737,106.38932042268152,25.854400012377006,82.65099817909037,77.14434522374275,33.23018052853737,52.84169658479167,47.76097895888558,
19.872510326243805,19.872510326243805,19.872510326243805,19.872510326243805,19.872510326243805,19.872510326243805,19.872510326243805,19.872510326243805,19.872510326243805,19.872510326243805,19.872510326243805,19.872510326243805,19.872510326243805,35.1236881518407,25.916211142834904,52.461890930464946,46.01304162952064,20.006249023742555,69.52051525137257,124.5,19.872510326243805,39.092772963288034,30.006665926090488,37.17105728924051,
19.872510326243805,19.872510326243805,19.872510326243805,19.872510326243805,19.872510326243805,19.872510326243805,19.872510326243805,19.872510326243805,19.872510326243805,19.872510326243805,19.872510326243805,19.872510326243805,30.006665926090488,43.30800541855204,24.03870576799009,59.177698502053964,27.968732541893992,60.771703941884006,113.85077953180645,19.872510326243805,74.21379588728769,50.59644256269407,50.36268459881781,19.872510326243805,
19.872510326243805,19.872510326243805,19.872510326243805,19.872510326243805,19.872510326243805,19.872510326243805,19.872510326243805,19.872510326243805,19.872510326243805,19.872510326243805,19.872510326243805,19.872510326243805,95.12447984965104,19.872510326243805,21.947060609287867,23.384824138744342,50.36268459881781,44.26174466530128,19.872510326243805,19.872510326243805,19.872510326243805,108.68618817494705,20.006249023742555,81.72871792297572,
19.872510326243805,19.872510326243805,19.872510326243805,19.872510326243805,19.872510326243805,19.872510326243805,19.872510326243805,19.872510326243805,19.872510326243805,19.872510326243805,19.872510326243805,19.872510326243805,22.16082220533179,113.84492376327837,19.872510326243805,110.5,81.67733773820007,54.35071296680477,28.166635848109372,53.830172765838306,20.006249023742555,33.26455489323279,36.666666666666664,19.872510326243805,
19.872510326243805,19.872510326243805,19.872510326243805,19.872510326243805,19.872510326243805,19.872510326243805,19.872510326243805,19.872510326243805,19.872510326243805,19.872510326243805,19.872510326243805,19.872510326243805,46.87127762998003,19.872510326243805,19.872510326243805,82.41472865938466,53.58715642141625,80.68704976636585,86.79681733796464,95.12447984965104,24.855283622741908,124.5,82.41472865938466,25.16166478991404,
19.872510326243805,19.872510326243805,19.872510326243805,19.872510326243805,19.872510326243805,19.872510326243805,19.872510326243805,19.872510326243805,19.872510326243805,19.872510326243805,19.872510326243805,19.872510326243805,19.872510326243805,19.872510326243805,42.56040125635614,49.392401996663416,95.12447984965104,19.872510326243805,22.16082220533179,81.73483549462452,19.872510326243805,113.84492376327837,87.0384254223386,55.364248391899984,
19.872510326243805,19.872510326243805,19.872510326243805,19.872510326243805,19.872510326243805,19.872510326243805,19.872510326243805,19.872510326243805,19.872510326243805,19.872510326243805,19.872510326243805,19.872510326243805,52.312363102170536,44.16481192357664,30.006665926090488,23.9553621346036,61.08344702126755,19.872510326243805,56.50132741803505,50.612086830453194,19.872510326243805,25.16166478991404,57.256004051976944,67.76860138244948,
19.872510326243805,19.872510326243805,19.872510326243805,19.872510326243805,19.872510326243805,19.872510326243805,19.872510326243805,19.872510326243805,19.872510326243805,19.872510326243805,19.872510326243805,19.872510326243805,40.27710140959977,80.68704976636585,19.872510326243805,41.08020610139795,33.94641917787501,48.876545158865994,65.24483802484981,42.058491017470736,19.872510326243805,81.67733773820007,19.872510326243805,47.76097895888558,
19.872510326243805,19.872510326243805,19.872510326243805,19.872510326243805,19.872510326243805,19.872510326243805,19.872510326243805,19.872510326243805,19.872510326243805,19.872510326243805,19.872510326243805,19.872510326243805,19.872510326243805,54.71745608121781,37.88029390945464,23.63325225704025,54.536684901082864,19.872510326243805,19.872510326243805,19.872510326243805,86.79681733796464,39.125439294658406,81.91458966508958,38.09708328864614,
19.872510326243805,19.872510326243805,19.872510326243805,19.872510326243805,19.872510326243805,19.872510326243805,19.872510326243805,19.872510326243805,19.872510326243805,19.872510326243805,19.872510326243805,19.872510326243805,19.872510326243805,62.55308856394613,108.68618817494705,49.805454855199685,33.23018052853737,63.52322409953701,19.872510326243805,22.098854608327553,25.854400012377006,19.872510326243805,20.006249023742555,32.146349016677476,
19.872510326243805,19.872510326243805,19.872510326243805,19.872510326243805,19.872510326243805,19.872510326243805,19.872510326243805,19.872510326243805,19.872510326243805,19.872510326243805,19.872510326243805,19.872510326243805,25.854400012377006,39.457783347099806,30.113120064184645,105.53672346628922,120.5,124.5,39.914909495074646,19.872510326243805,19.872510326243805,42.058491017470736,33.34066586017742,30.006665926090488,
19.872510326243805,19.872510326243805,19.872510326243805,19.872510326243805,19.872510326243805,19.872510326243805,19.872510326243805,19.872510326243805,19.872510326243805,19.872510326243805,19.872510326243805,19.872510326243805,19.872510326243805,37.89028199139926,110.5,124.5,19.872510326243805,110.5,30.006665926090488,50.96976227791009,19.872510326243805,94.03545430669575,20.006249023742555,31.94656997759436,
19.872510326243805,19.872510326243805,19.872510326243805,19.872510326243805,19.872510326243805,19.872510326243805,19.872510326243805,19.872510326243805,19.872510326243805,19.872510326243805,19.872510326243805,19.872510326243805,113.85077953180645,40.955924542147024,33.51948023993743,20.006249023742555,31.610915836147488,41.44373696149194,55.364248391899984,25.16166478991404,41.012193308819754,87.0384254223386,39.092772963288034,44.70812371963972,
19.872510326243805,19.872510326243805,19.872510326243805,19.872510326243805,19.872510326243805,19.872510326243805,19.872510326243805,19.872510326243805,19.872510326243805,19.872510326243805,19.872510326243805,19.872510326243805,25.16166478991404,105.53672346628922,19.872510326243805,97.50692283115082,19.872510326243805,36.683422269299726,48.782040752719645,76.75415298210254,25.471873243454482,24.544743723340126,50.79763774035167,52.312363102170536,
19.872510326243805,19.872510326243805,19.872510326243805,19.872510326243805,19.872510326243805,19.872510326243805,19.872510326243805,19.872510326243805,19.872510326243805,19.872510326243805,19.872510326243805,19.872510326243805,30.006665926090488,19.872510326243805,60.94554434082938,39.125439294658406,113.85077953180645,20.006249023742555,39.125439294658406,39.15780041490243,19.872510326243805,80.68704976636585,19.872510326243805,77.99487162628066,
19.872510326243805,19.872510326243805,19.872510326243805,19.872510326243805,19.872510326243805,19.872510326243805,19.872510326243805,19.872510326243805,19.872510326243805,19.872510326243805,19.872510326243805,19.872510326243805,114.56293757872423,110.5,76.75415298210254,48.20373429517676,19.872510326243805,26.70931963008494,39.914909495074646,126.5,49.09090207631824,60.771703941884006,36.01926921943366,81.161567259387,
19.872510326243805,19.872510326243805,19.872510326243805,19.872510326243805,19.872510326243805,19.872510326243805,19.872510326243805,19.872510326243805,19.872510326243805,19.872510326243805,19.872510326243805,19.872510326243805,30.006665926090488,19.872510326243805,30.006665926090488,19.872510326243805,118.5,52.417395331448255,20.006249023742555,83.74485058796152,19.872510326243805,20.006249023742555,30.006665926090488,57.537668820811064,
19.872510326243805,19.872510326243805,19.872510326243805,19.872510326243805,19.872510326243805,19.872510326243805,19.872510326243805,19.872510326243805,19.872510326243805,19.872510326243805,19.872510326243805,19.872510326243805,113.84492376327837,23.63325225704025,19.872510326243805,19.872510326243805,30.006665926090488,25.374384228981793,19.872510326243805,68.67981265748085,20.006249023742555,39.092772963288034,79.1117353283738,23.9553621346036,
19.872510326243805,19.872510326243805,19.872510326243805,19.872510326243805,19.872510326243805,19.872510326243805,19.872510326243805,19.872510326243805,19.872510326243805,19.872510326243805,19.872510326243805,19.872510326243805,50.36781379677568,58.42017345632129,19.872510326243805,39.125439294658406,32.32723310151984,33.23018052853737,19.872510326243805,80.68704976636585,25.16166478991404,25.854400012377006,30.006665926090488,36.81304116749932,
19.872510326243805,19.872510326243805,19.872510326243805,19.872510326243805,19.872510326243805,19.872510326243805,19.872510326243805,19.872510326243805,19.872510326243805,19.872510326243805,19.872510326243805,19.872510326243805,30.006665926090488,24.502232041183515,19.872510326243805,25.16166478991404,72.522984862272,19.872510326243805,19.872510326243805,19.872510326243805,25.854400012377006,77.99487162628066,33.34066586017742,19.872510326243805,
19.872510326243805,19.872510326243805,19.872510326243805,19.872510326243805,19.872510326243805,19.872510326243805,19.872510326243805,19.872510326243805,19.872510326243805,19.872510326243805,19.872510326243805,19.872510326243805,81.47507287508247,30.006665926090488,50.612086830453194,22.16082220533179,30.006665926090488,40.955924542147024,30.006665926090488,19.872510326243805,32.25290684574028,30.006665926090488,115.27647924302106,39.914909495074646,
19.872510326243805,19.872510326243805,19.872510326243805,19.872510326243805,19.872510326243805,19.872510326243805,19.872510326243805,19.872510326243805,19.872510326243805,19.872510326243805,19.872510326243805,19.872510326243805,19.872510326243805,80.68704976636585,40.3598397750371,19.872510326243805,30.006665926090488,81.73483549462452,37.37534838187688,56.01071326094678,19.872510326243805,19.872510326243805,19.872510326243805,56.274473134189456,
19.872510326243805,19.872510326243805,19.872510326243805,19.872510326243805,19.872510326243805,19.872510326243805,19.872510326243805,19.872510326243805,19.872510326243805,19.872510326243805,19.872510326243805,19.872510326243805,19.872510326243805,37.95206680801456,60.07217880738692,110.5,39.914909495074646,19.872510326243805,20.006249023742555,53.658643292576826,19.872510326243805,19.872510326243805,53.983793864455286,30.006665926090488,
19.872510326243805,19.872510326243805,19.872510326243805,19.872510326243805,19.872510326243805,19.872510326243805,19.872510326243805,19.872510326243805,19.872510326243805,19.872510326243805,19.872510326243805,19.872510326243805,20.006249023742555,80.68704976636585,19.872510326243805,19.872510326243805,40.77817277662157,86.49084729996964,23.63325225704025,60.07217880738692,67.52221856544703,110.5,113.85077953180645,72.69571284929165,
19.872510326243805,19.872510326243805,19.872510326243805,19.872510326243805,19.872510326243805,19.872510326243805,19.872510326243805,19.872510326243805,19.872510326243805,19.872510326243805,19.872510326243805,19.872510326243805,19.872510326243805,124.5,124.5,22.16082220533179,77.04803696396165,19.872510326243805,34.18576701884378,76.06083091841687,34.61154697024491,19.872510326243805,46.64426545675256,124.5,
19.872510326243805,19.872510326243805,19.872510326243805,19.872510326243805,19.872510326243805,19.872510326243805,19.872510326243805,19.872510326243805,19.872510326243805,19.872510326243805,19.872510326243805,19.872510326243805,51.347157781564675,30.006665926090488,37.446560562476016,39.125439294658406,113.84492376327837,20.006249023742555,23.60845981846338,19.872510326243805,19.872510326243805,39.125439294658406,40.09580363813345,54.13178363955875,
19.872510326243805,19.872510326243805,19.872510326243805,19.872510326243805,19.872510326243805,19.872510326243805,19.872510326243805,19.872510326243805,19.872510326243805,19.872510326243805,19.872510326243805,19.872510326243805,33.34441482467491,24.03870576799009,34.81450846988939,39.092772963288034,118.5,87.16191829004224,19.872510326243805,110.5,105.23158983879318,30.80449101456907,126.5,105.23158983879318,
19.872510326243805,19.872510326243805,19.872510326243805,19.872510326243805,19.872510326243805,19.872510326243805,19.872510326243805,19.872510326243805,19.872510326243805,19.872510326243805,19.872510326243805,19.872510326243805,86.79681733796464,19.872510326243805,23.63325225704025,60.771703941884006,19.872510326243805,19.872510326243805,63.613579525129694,83.34266614405853,110.5,32.118271020298295,19.872510326243805,113.84492376327837,
19.872510326243805,19.872510326243805,19.872510326243805,19.872510326243805,19.872510326243805,19.872510326243805,19.872510326243805,19.872510326243805,19.872510326243805,19.872510326243805,19.872510326243805,19.872510326243805,19.872510326243805,46.87127762998003,39.125439294658406,95.12447984965104,30.051656207542482,113.84492376327837,82.40866155932882,45.43566880766696,113.85077953180645,46.231584171429816,28.950118738962022,113.85077953180645,
19.872510326243805,19.872510326243805,19.872510326243805,19.872510326243805,19.872510326243805,19.872510326243805,19.872510326243805,19.872510326243805,19.872510326243805,19.872510326243805,19.872510326243805,19.872510326243805,39.125439294658406,23.9553621346036,9.99999999E8,37.37400602732617,25.854400012377006,19.872510326243805,126.5,31.94656997759436,80.68704976636585,36.004990973474776,82.65099817909037,39.125439294658406,
19.872510326243805,19.872510326243805,19.872510326243805,19.872510326243805,19.872510326243805,19.872510326243805,19.872510326243805,19.872510326243805,19.872510326243805,19.872510326243805,19.872510326243805,19.872510326243805,19.872510326243805,79.23961551311734,19.872510326243805,30.006665926090488,19.872510326243805,77.52418977325722,77.14434522374275,105.22921409950756,54.76027300881543,19.872510326243805,76.75415298210254,19.872510326243805,
19.872510326243805,19.872510326243805,19.872510326243805,19.872510326243805,19.872510326243805,19.872510326243805,19.872510326243805,19.872510326243805,19.872510326243805,19.872510326243805,19.872510326243805,19.872510326243805,19.872510326243805,50.22748251704439,60.771703941884006,113.85077953180645,50.46032994302736,48.782040752719645,20.006249023742555,19.872510326243805,41.1242021199196,118.5,19.872510326243805,22.16082220533179,
19.872510326243805,19.872510326243805,19.872510326243805,19.872510326243805,19.872510326243805,19.872510326243805,19.872510326243805,19.872510326243805,19.872510326243805,19.872510326243805,19.872510326243805,19.872510326243805,48.93788580094839,58.25536455984118,90.17864214990155,28.414070018214566,77.04803696396165,22.16082220533179,37.10268689731244,49.67813066799783,25.16166478991404,105.53672346628922,80.68704976636585,34.41293361513953,
19.872510326243805,19.872510326243805,19.872510326243805,19.872510326243805,19.872510326243805,19.872510326243805,19.872510326243805,19.872510326243805,19.872510326243805,19.872510326243805,19.872510326243805,19.872510326243805,19.872510326243805,39.092772963288034,22.16082220533179,70.5,19.872510326243805,81.67733773820007,39.99895831976961,124.5,25.854400012377006,39.992346206518576,47.91920283143283,20.006249023742555,
19.872510326243805,19.872510326243805,19.872510326243805,19.872510326243805,19.872510326243805,19.872510326243805,19.872510326243805,19.872510326243805,19.872510326243805,19.872510326243805,19.872510326243805,19.872510326243805,97.50692283115082,19.872510326243805,46.93878992901287,53.152610472111334,59.177698502053964,25.916211142834904,19.872510326243805,113.85077953180645,30.006665926090488,49.73513178160216,113.84492376327837,39.43170520025732,
19.872510326243805,19.872510326243805,19.872510326243805,19.872510326243805,19.872510326243805,19.872510326243805,19.872510326243805,19.872510326243805,19.872510326243805,19.872510326243805,19.872510326243805,19.872510326243805,76.75415298210254,30.006665926090488,62.053740150507174,110.5,22.16082220533179,48.228622207149975,19.872510326243805,37.41221016443369,53.03206577156881,61.773780845922005,49.52978901630815,39.092772963288034,
19.872510326243805,19.872510326243805,19.872510326243805,19.872510326243805,19.872510326243805,19.872510326243805,19.872510326243805,19.872510326243805,19.872510326243805,19.872510326243805,19.872510326243805,19.872510326243805,113.84492376327837,65.06679260575244,40.35859668683504,45.267108490725484,80.68704976636585,19.872510326243805,105.53672346628922,37.37534838187688,105.22921409950756,23.63325225704025,54.35071296680477,32.118271020298295,
19.872510326243805,19.872510326243805,19.872510326243805,19.872510326243805,19.872510326243805,19.872510326243805,19.872510326243805,19.872510326243805,19.872510326243805,19.872510326243805,19.872510326243805,19.872510326243805,45.11762405091828,20.006249023742555,91.6951470907812,95.12447984965104,46.64426545675256,26.153393661244042,24.544743723340126,108.68618817494705,110.5,54.01774399830732,22.263725415746467,19.872510326243805,
19.872510326243805,19.872510326243805,19.872510326243805,19.872510326243805,19.872510326243805,19.872510326243805,19.872510326243805,19.872510326243805,19.872510326243805,19.872510326243805,19.872510326243805,19.872510326243805,20.006249023742555,113.84492376327837,113.88005385784933,20.006249023742555,23.63325225704025,113.85077953180645,58.291651775075536,53.250195617794056,76.3544366752843,39.125439294658406,37.867092133759975,53.315882561703255,
19.872510326243805,19.872510326243805,19.872510326243805,19.872510326243805,19.872510326243805,19.872510326243805,19.872510326243805,19.872510326243805,19.872510326243805,19.872510326243805,19.872510326243805,19.872510326243805,23.63325225704025,52.62999778326678,28.24889378365107,87.0384254223386,19.872510326243805,58.3060888758627,39.914909495074646,39.178012541049945,39.914909495074646,86.30565836992767,113.84492376327837,27.507574714370342,
19.872510326243805,19.872510326243805,19.872510326243805,19.872510326243805,19.872510326243805,19.872510326243805,19.872510326243805,19.872510326243805,19.872510326243805,19.872510326243805,19.872510326243805,19.872510326243805,30.006665926090488,34.05290002334603,121.5,59.177698502053964,33.32041416309227,89.20587144353223,57.81796145374434,70.5,30.006665926090488,19.872510326243805,19.872510326243805,22.16082220533179,
19.872510326243805,19.872510326243805,19.872510326243805,19.872510326243805,19.872510326243805,19.872510326243805,19.872510326243805,19.872510326243805,19.872510326243805,19.872510326243805,19.872510326243805,19.872510326243805,55.364248391899984,25.16166478991404,113.84492376327837,40.099875311526844,19.872510326243805,36.75743972313632,55.110797490147064,19.872510326243805,25.854400012377006,30.006665926090488,113.85077953180645,121.5,
19.872510326243805,19.872510326243805,19.872510326243805,19.872510326243805,19.872510326243805,19.872510326243805,19.872510326243805,19.872510326243805,19.872510326243805,19.872510326243805,19.872510326243805,19.872510326243805,39.318146785761236,20.006249023742555,77.06927707840364,19.872510326243805,22.16082220533179,30.006665926090488,60.07217880738692,20.006249023742555,30.006665926090488,22.16082220533179,34.24787098005753,29.093718298705728,
19.872510326243805,19.872510326243805,19.872510326243805,19.872510326243805,19.872510326243805,19.872510326243805,19.872510326243805,19.872510326243805,19.872510326243805,19.872510326243805,19.872510326243805,19.872510326243805,19.872510326243805,81.73483549462452,24.805913273518744,65.06679260575244,59.177698502053964,87.19403649332907,41.68541074989852,53.30337700371338,56.50132741803505,19.872510326243805,87.0384254223386,19.872510326243805,
19.872510326243805,19.872510326243805,19.872510326243805,19.872510326243805,19.872510326243805,19.872510326243805,19.872510326243805,19.872510326243805,19.872510326243805,19.872510326243805,19.872510326243805,19.872510326243805,21.947060609287867,19.872510326243805,53.250195617794056,110.5,60.07217880738692,44.32738055273136,39.125439294658406,39.914909495074646,81.99504558203502,36.38232358423188,60.93939099630058,42.89055840158764,
19.872510326243805,19.872510326243805,19.872510326243805,19.872510326243805,19.872510326243805,19.872510326243805,19.872510326243805,19.872510326243805,19.872510326243805,19.872510326243805,19.872510326243805,19.872510326243805,23.63325225704025,66.56716532946254,124.5,34.220607826279185,105.53672346628922,89.04317772856042,30.006665926090488,91.73657939993184,59.53727823809214,113.84492376327837,87.17797887081348,53.250195617794056,
19.872510326243805,19.872510326243805,19.872510326243805,19.872510326243805,19.872510326243805,19.872510326243805,19.872510326243805,19.872510326243805,19.872510326243805,19.872510326243805,19.872510326243805,19.872510326243805,39.60955271985114,113.85077953180645,77.36665948585346,40.74616546375867,19.872510326243805,113.85077953180645,87.0384254223386,19.872510326243805,30.006665926090488,19.872510326243805,113.84492376327837,54.57105459856901,
19.872510326243805,19.872510326243805,19.872510326243805,19.872510326243805,19.872510326243805,19.872510326243805,19.872510326243805,19.872510326243805,19.872510326243805,19.872510326243805,19.872510326243805,19.872510326243805,22.16082220533179,54.874402046856055,39.318146785761236,113.84492376327837,110.5,110.5,105.23871673485951,113.84492376327837,50.488632788146745,24.03870576799009,59.177698502053964,51.66801073520572,
19.872510326243805,19.872510326243805,19.872510326243805,19.872510326243805,19.872510326243805,19.872510326243805,19.872510326243805,19.872510326243805,19.872510326243805,19.872510326243805,19.872510326243805,19.872510326243805,23.717343795084112,19.872510326243805,30.006665926090488,23.729771191824135,22.16082220533179,19.872510326243805,53.546241698180836,22.16082220533179,21.947060609287867,19.872510326243805,20.006249023742555,19.872510326243805,
19.872510326243805,19.872510326243805,19.872510326243805,19.872510326243805,19.872510326243805,19.872510326243805,19.872510326243805,19.872510326243805,19.872510326243805,19.872510326243805,19.872510326243805,19.872510326243805,113.85077953180645,81.33142074253959,19.872510326243805,23.9553621346036,89.04317772856042,39.879819457966455,19.872510326243805,39.93494710150497,118.5,81.56715025057575,19.872510326243805,50.36268459881781,
19.872510326243805,19.872510326243805,19.872510326243805,19.872510326243805,19.872510326243805,19.872510326243805,19.872510326243805,19.872510326243805,19.872510326243805,19.872510326243805,19.872510326243805,19.872510326243805,19.872510326243805,46.37381386348224,55.364248391899984,95.12447984965104,19.872510326243805,19.872510326243805,19.872510326243805,50.22748251704439,41.65455606312863,54.057839394485605,19.872510326243805,25.16166478991404,
19.872510326243805,19.872510326243805,19.872510326243805,19.872510326243805,19.872510326243805,19.872510326243805,19.872510326243805,19.872510326243805,19.872510326243805,19.872510326243805,19.872510326243805,19.872510326243805,83.34266614405853,19.872510326243805,90.17864214990155,23.64549375673936,45.267108490725484,30.006665926090488,87.16191829004224,19.872510326243805,39.125439294658406,19.872510326243805,39.092772963288034,60.771703941884006,
19.872510326243805,19.872510326243805,19.872510326243805,19.872510326243805,19.872510326243805,19.872510326243805,19.872510326243805,19.872510326243805,19.872510326243805,19.872510326243805,19.872510326243805,19.872510326243805,55.364248391899984,22.16082220533179,110.5,30.006665926090488,19.872510326243805,19.872510326243805,28.20261964963611,64.29375941722493,23.63325225704025,110.5,19.872510326243805,87.0384254223386,
19.872510326243805,19.872510326243805,19.872510326243805,19.872510326243805,19.872510326243805,19.872510326243805,19.872510326243805,19.872510326243805,19.872510326243805,19.872510326243805,19.872510326243805,19.872510326243805,50.22748251704439,83.34266614405853,86.21883494921512,55.364248391899984,81.73483549462452,49.93855599634415,110.5,114.55420841971134,81.71240215944374,47.21016839622583,19.872510326243805,19.872510326243805,
19.872510326243805,19.872510326243805,19.872510326243805,19.872510326243805,19.872510326243805,19.872510326243805,19.872510326243805,19.872510326243805,19.872510326243805,19.872510326243805,19.872510326243805,19.872510326243805,53.152492886034985,19.872510326243805,19.872510326243805,70.5,19.872510326243805,19.872510326243805,19.872510326243805,26.47833153384719,39.125439294658406,113.88005385784933,28.20261964963611,66.56716532946254,
19.872510326243805,19.872510326243805,19.872510326243805,19.872510326243805,19.872510326243805,19.872510326243805,19.872510326243805,19.872510326243805,19.872510326243805,19.872510326243805,19.872510326243805,19.872510326243805,19.872510326243805,19.872510326243805,77.06371601817948,105.22921409950756,90.04813527589934,19.872510326243805,30.006665926090488,20.006249023742555,86.1278120005379,124.5,50.36268459881781,94.59739249401468,
19.872510326243805,19.872510326243805,19.872510326243805,19.872510326243805,19.872510326243805,19.872510326243805,19.872510326243805,19.872510326243805,19.872510326243805,19.872510326243805,19.872510326243805,19.872510326243805,113.84492376327837,19.872510326243805,19.872510326243805,38.40705717464339,30.113120064184645,38.3400467354106,55.364248391899984,55.034682942037676,22.16082220533179,115.27647924302106,54.35071296680477,23.9553621346036,
19.872510326243805,19.872510326243805,19.872510326243805,19.872510326243805,19.872510326243805,19.872510326243805,19.872510326243805,19.872510326243805,19.872510326243805,19.872510326243805,19.872510326243805,19.872510326243805,94.03545430669575,19.872510326243805,19.872510326243805,48.403092618137535,77.1118985498294,22.16082220533179,23.63325225704025,19.872510326243805,39.457783347099806,25.16166478991404,52.461890930464946,19.872510326243805,
19.872510326243805,19.872510326243805,19.872510326243805,19.872510326243805,19.872510326243805,19.872510326243805,19.872510326243805,19.872510326243805,19.872510326243805,19.872510326243805,19.872510326243805,19.872510326243805,124.5,19.872510326243805,41.012193308819754,19.872510326243805,19.872510326243805,91.73657939993184,50.36268459881781,25.24102563288584,55.45448584199478,81.2132994034844,65.06679260575244,20.006249023742555,
19.872510326243805,19.872510326243805,19.872510326243805,19.872510326243805,19.872510326243805,19.872510326243805,19.872510326243805,19.872510326243805,19.872510326243805,19.872510326243805,19.872510326243805,19.872510326243805,55.364248391899984,19.872510326243805,39.914909495074646,31.878596235706233,40.6560778564124,53.26897158133742,19.872510326243805,61.773780845922005,30.006665926090488,19.872510326243805,66.61597030742703,81.73483549462452,
19.872510326243805,19.872510326243805,19.872510326243805,19.872510326243805,19.872510326243805,19.872510326243805,19.872510326243805,19.872510326243805,19.872510326243805,19.872510326243805,19.872510326243805,19.872510326243805,19.872510326243805,22.16082220533179,60.07217880738692,30.006665926090488,19.872510326243805,64.89366301881871,19.872510326243805,30.006665926090488,20.006249023742555,48.83219566365344,34.02939905434711,81.73483549462452,
