107.40693646129192,118.96463059806193,94.52997760851669,51.10458464197289,118.96042759394123,57.374727668199,140.5,142.83192920352226,130.21744634776607,71.03421270768051,85.74007231160934,93.80277181405675,98.27186779541742,63.41206509805527,84.67339212133487,132.79526849000808,82.73669077259495,101.81434083664246,117.16654812701448,117.54046111871435,64.80226333495871,56.214677798596334,103.71528033515601,83.23610995235181,
51.10458464197289,56.214677798596334,57.374727668199,63.41206509805527,64.80226333495871,71.03421270768051,82.73669077259495,83.23610995235181,84.67339212133487,85.74007231160934,93.80277181405675,94.52997760851669,72.16358730920555,84.16204607778973,90.13519937664013,77.59886167549968,55.76818089197459,93.80277181405675,68.86863501543274,67.1934520619383,93.18753493180655,58.240879114244144,82.73669077259495,85.03740353515033,
51.10458464197289,55.76818089197459,56.214677798596334,57.374727668199,58.240879114244144,63.41206509805527,64.80226333495871,67.1934520619383,68.86863501543274,71.03421270768051,72.16358730920555,77.59886167549968,39.58041655920261,71.15025913515706,83.67624684290212,55.76818089197459,96.17128816162683,107.20874164784459,124.46589894424898,67.86424357167444,54.77240663806567,55.548653382075635,54.82715138437907,83.75474400209903,
39.58041655920261,51.10458464197289,54.77240663806567,54.82715138437907,55.548653382075635,55.76818089197459,55.76818089197459,56.214677798596334,57.374727668199,58.240879114244144,63.41206509805527,64.80226333495871,96.79545121027124,163.60222339564947,55.76818089197459,58.45758510405939,60.594672090162234,53.768213968229716,55.3486320913188,60.93165570265317,140.5,100.12182661782224,93.76438556296307,153.18187719178792,
39.58041655920261,51.10458464197289,53.768213968229716,54.77240663806567,54.82715138437907,55.3486320913188,55.548653382075635,55.76818089197459,55.76818089197459,55.76818089197459,56.214677798596334,57.374727668199,57.59652767311585,80.19975062305369,63.328429634722504,55.3486320913188,169.88580723533087,65.46585199764667,75.4204879326566,52.04492824678518,51.35341598504751,57.590508477236654,104.66772823240856,51.2330111214579,
39.58041655920261,51.10458464197289,51.2330111214579,51.35341598504751,52.04492824678518,53.768213968229716,54.77240663806567,54.82715138437907,55.3486320913188,55.3486320913188,55.548653382075635,55.76818089197459,59.90917605008435,62.082893894258135,133.60358029134798,52.79479084936697,76.43025142790866,95.69409595163118,123.6541927109631,84.22059946948846,52.125880692958354,53.91370419475924,56.30710434749774,55.778932010198496,
39.58041655920261,51.10458464197289,51.2330111214579,51.35341598504751,52.04492824678518,52.125880692958354,52.79479084936697,53.768213968229716,53.91370419475924,54.77240663806567,54.82715138437907,55.3486320913188,59.25951400408208,52.06118385040169,69.66860329958025,121.58190654863083,83.70526523804479,80.51775813446373,66.66473955548015,66.01346663960148,53.768213968229716,69.77809289827798,62.630738260058855,124.96742432673062,
39.58041655920261,51.10458464197289,51.2330111214579,51.35341598504751,52.04492824678518,52.06118385040169,52.125880692958354,52.79479084936697,53.768213968229716,53.768213968229716,53.91370419475924,54.77240663806567,53.091843080202935,163.57165860869662,62.89268637926035,95.32532017605116,59.25951400408208,53.92761352034781,53.305917432620305,60.2980876562433,53.399633269652085,57.093694923345076,66.97529395232245,132.7400341519719,
39.58041655920261,51.10458464197289,51.2330111214579,51.35341598504751,52.04492824678518,52.06118385040169,52.125880692958354,52.79479084936697,53.091843080202935,53.305917432620305,53.399633269652085,53.768213968229716,98.14370840762031,47.35878130470279,53.305917432620305,50.36312584068273,53.38558638184406,31.88172586991558,111.18324642550373,55.20884466211569,140.5,113.35600263476714,144.22985127913014,51.10039138793361,
31.88172586991558,39.58041655920261,47.35878130470279,50.36312584068273,51.10039138793361,51.10458464197289,51.2330111214579,51.35341598504751,52.04492824678518,52.06118385040169,52.125880692958354,52.79479084936697,102.7468572106547,52.23494998561787,119.39370646251477,52.06118385040169,142.89212714492004,50.930508211352716,57.54997827975264,75.24021531069671,87.95290947839239,50.36312584068273,102.7468572106547,95.08792923244404,
31.88172586991558,39.58041655920261,47.35878130470279,50.36312584068273,50.36312584068273,50.930508211352716,51.10039138793361,51.10458464197289,51.2330111214579,51.35341598504751,52.04492824678518,52.06118385040169,153.18187719178792,56.1755284799351,83.89940032562808,55.3250338906358,57.590508477236654,50.236341427297425,57.590508477236654,31.88172586991558,58.79293643797697,57.05356583948106,112.80563421705102,89.85126598996811,
31.88172586991558,31.88172586991558,39.58041655920261,47.35878130470279,50.236341427297425,50.36312584068273,50.36312584068273,50.930508211352716,51.10039138793361,51.10458464197289,51.2330111214579,51.35341598504751,67.279194406592,58.41309784628786,50.36312584068273,148.6760236218335,148.6087480601327,96.0386826827012,72.79841601985582,133.621433535193,111.2366096810458,53.92785011245562,57.28751500108903,57.56928193248742,
31.88172586991558,31.88172586991558,39.58041655920261,47.35878130470279,50.236341427297425,50.36312584068273,50.36312584068273,50.36312584068273,50.930508211352716,51.10039138793361,51.10458464197289,51.2330111214579,82.2349276970153,60.89266513026562,58.46101264945724,140.5,72.79841601985582,119.4666719812924,33.01953966971678,130.67516979135706,52.600944620795545,138.8797441433895,89.86338838163499,85.77505464877302,
31.88172586991558,31.88172586991558,33.01953966971678,39.58041655920261,47.35878130470279,50.236341427297425,50.36312584068273,50.36312584068273,50.36312584068273,50.930508211352716,51.10039138793361,51.10458464197289,153.41997099465246,48.955177203233575,132.63577948653221,123.65116002286432,94.83626240350611,31.88172586991558,47.35878130470279,140.5,48.171464582260725,24.24871130596428,114.74584687473443,54.38002850311868,
24.24871130596428,31.88172586991558,31.88172586991558,31.88172586991558,33.01953966971678,39.58041655920261,47.35878130470279,47.35878130470279,48.171464582260725,48.955177203233575,50.236341427297425,50.36312584068273,172.5514416051051,95.43016643947901,33.25492444736569,35.33058165385903,125.84684569518845,61.66935523418418,42.86734625562912,81.76362235632912,92.00874618752285,82.4717123220643,54.25578310189615,153.41997099465246,
24.24871130596428,31.88172586991558,31.88172586991558,31.88172586991558,33.01953966971678,33.25492444736569,35.33058165385903,39.58041655920261,42.86734625562912,47.35878130470279,47.35878130470279,48.171464582260725,29.450965603864333,52.976315462666896,48.347399871970005,90.8263649576959,58.18576572782499,24.24871130596428,87.03365523093433,146.31254218282177,35.33058165385903,68.69395442831923,108.661170617659,60.703514450702656,
24.24871130596428,24.24871130596428,29.450965603864333,31.88172586991558,31.88172586991558,31.88172586991558,33.01953966971678,33.25492444736569,35.33058165385903,35.33058165385903,39.58041655920261,42.86734625562912,54.90773511082023,77.36655177357547,90.82321918351685,31.864295588218067,100.89443740861039,33.01953966971678,136.21952870275246,94.41906587125293,146.53554745066697,81.2425958164804,29.450965603864333,24.614210834394022,
24.24871130596428,24.24871130596428,24.614210834394022,29.450965603864333,29.450965603864333,31.864295588218067,31.88172586991558,31.88172586991558,31.88172586991558,33.01953966971678,33.01953966971678,33.25492444736569,54.014658504273946,89.46820664347754,90.82164625556746,29.44247569413958,26.221280585729513,101.31021666149964,61.79227875945112,100.89443740861039,73.5507599261509,106.42302088833975,146.53554745066697,31.88172586991558,
24.24871130596428,24.24871130596428,24.614210834394022,26.221280585729513,29.44247569413958,29.450965603864333,29.450965603864333,31.864295588218067,31.88172586991558,31.88172586991558,31.88172586991558,31.88172586991558,35.31131389355102,94.83626240350611,68.91015436784335,90.59939293394851,95.95707373612431,24.24871130596428,91.34549797335389,91.11316795611927,64.1393746071787,98.64562838767868,125.84230494665024,179.5,
24.24871130596428,24.24871130596428,24.24871130596428,24.614210834394022,26.221280585729513,29.44247569413958,29.450965603864333,29.450965603864333,31.864295588218067,31.88172586991558,31.88172586991558,31.88172586991558,146.53554745066697,60.88422528774501,86.14280778645036,31.88172586991558,100.89443740861039,24.24871130596428,126.18304164981916,94.83626240350611,100.89443740861039,64.28507936194393,39.8066756784767,57.23635208501674,
24.24871130596428,24.24871130596428,24.24871130596428,24.24871130596428,24.614210834394022,26.221280585729513,29.44247569413958,29.450965603864333,29.450965603864333,31.864295588218067,31.88172586991558,31.88172586991558,172.72714513551907,26.537185649993525,24.24871130596428,118.96463059806193,52.600944620795545,24.24871130596428,150.17219283209525,29.46793808531571,89.46373566982322,29.450965603864333,51.285692178445075,24.24871130596428,
24.24871130596428,24.24871130596428,24.24871130596428,24.24871130596428,24.24871130596428,24.24871130596428,24.24871130596428,24.614210834394022,26.221280585729513,26.537185649993525,29.44247569413958,29.450965603864333,86.2494057950546,133.8569665725322,52.54625938161536,46.455455815221534,100.89443740861039,26.221280585729513,118.96042759394123,28.600988250856293,24.24871130596428,24.24871130596428,89.5582910734679,142.68202409553908,
24.24871130596428,24.24871130596428,24.24871130596428,24.24871130596428,24.24871130596428,24.24871130596428,24.24871130596428,24.24871130596428,24.24871130596428,24.614210834394022,26.221280585729513,26.221280585729513,148.62758828696641,24.614210834394022,24.24871130596428,133.5936001461148,95.95707373612431,86.8192566965033,50.9569364758126,76.90849541283893,87.02074106211691,89.44584954037835,51.79017495840521,89.5582910734679,
24.24871130596428,24.24871130596428,24.24871130596428,24.24871130596428,24.24871130596428,24.24871130596428,24.24871130596428,24.24871130596428,24.24871130596428,24.24871130596428,24.614210834394022,24.614210834394022,24.24871130596428,146.53554745066697,24.24871130596428,82.64129314896599,88.40637703242906,55.15691900646477,100.89443740861039,56.87339741331912,29.44247569413958,68.09816443928572,29.46793808531571,89.5582910734679,
24.24871130596428,24.24871130596428,24.24871130596428,24.24871130596428,24.24871130596428,24.24871130596428,24.24871130596428,24.24871130596428,24.24871130596428,24.24871130596428,24.24871130596428,24.24871130596428,85.48075806870222,94.47624039937236,31.04205816307933,74.13308496018688,85.77505464877302,24.24871130596428,24.614210834394022,142.89212714492004,100.89443740861039,74.13308496018688,24.24871130596428,100.89443740861039,
24.24871130596428,24.24871130596428,24.24871130596428,24.24871130596428,24.24871130596428,24.24871130596428,24.24871130596428,24.24871130596428,24.24871130596428,24.24871130596428,24.24871130596428,24.24871130596428,24.24871130596428,100.89443740861039,49.60958688712406,51.75457191674678,181.02670152954417,24.24871130596428,59.948125723643585,133.5936001461148,29.46793808531571,79.35633920127977,166.4427454111473,133.8569665725322,
24.24871130596428,24.24871130596428,24.24871130596428,24.24871130596428,24.24871130596428,24.24871130596428,24.24871130596428,24.24871130596428,24.24871130596428,24.24871130596428,24.24871130596428,24.24871130596428,24.24871130596428,88.40637703242906,24.24871130596428,29.44247569413958,79.68509450150816,100.89443740861039,104.79198442629092,26.221280585729513,132.08212407438032,40.2768199119819,35.33058165385903,95.95707373612431,
24.24871130596428,24.24871130596428,24.24871130596428,24.24871130596428,24.24871130596428,24.24871130596428,24.24871130596428,24.24871130596428,24.24871130596428,24.24871130596428,24.24871130596428,24.24871130596428,146.53554745066697,110.80613701415639,133.8569665725322,62.6553070377921,114.49126604243662,157.1004774022027,133.72702294849262,24.24871130596428,24.24871130596428,24.24871130596428,89.5582910734679,24.24871130596428,
24.24871130596428,24.24871130596428,24.24871130596428,24.24871130596428,24.24871130596428,24.24871130596428,24.24871130596428,24.24871130596428,24.24871130596428,24.24871130596428,24.24871130596428,24.24871130596428,160.07400632207592,33.78771041369924,133.5936001461148,134.24365906812878,181.02670152954417,70.47593307546302,79.62411694957753,166.43523515169497,24.24871130596428,140.5,63.8416791759114,24.24871130596428,
24.24871130596428,24.24871130596428,24.24871130596428,24.24871130596428,24.24871130596428,24.24871130596428,24.24871130596428,24.24871130596428,24.24871130596428,24.24871130596428,24.24871130596428,24.24871130596428,75.62792694060398,24.476746334247757,112.56617101573126,142.83893026762698,64.61875372779433,24.24871130596428,59.80175582706581,28.948229652260256,91.67392963651116,135.56164649339428,79.75319071091405,51.39348150133831,
24.24871130596428,24.24871130596428,24.24871130596428,24.24871130596428,24.24871130596428,24.24871130596428,24.24871130596428,24.24871130596428,24.24871130596428,24.24871130596428,24.24871130596428,24.24871130596428,49.75549592758573,82.64129314896599,153.3531463648529,172.5340546095176,55.46674679481392,62.43283891510941,59.948125723643585,24.24871130596428,63.2094025555421,68.02653434506274,115.99551715475903,24.24871130596428,
24.24871130596428,24.24871130596428,24.24871130596428,24.24871130596428,24.24871130596428,24.24871130596428,24.24871130596428,24.24871130596428,24.24871130596428,24.24871130596428,24.24871130596428,24.24871130596428,181.02670152954417,26.633312473917574,121.58190654863083,100.89443740861039,106.17281510192082,34.94161797436785,24.24871130596428,95.95707373612431,142.83893026762698,148.62758828696641,89.5582910734679,133.2354588688762,
24.24871130596428,24.24871130596428,24.24871130596428,24.24871130596428,24.24871130596428,24.24871130596428,24.24871130596428,24.24871130596428,24.24871130596428,24.24871130596428,24.24871130596428,24.24871130596428,76.17836213218854,154.44308552559636,128.92124533993612,111.80769204307903,100.89443740861039,65.96147865736991,24.24871130596428,29.450965603864333,100.89443740861039,57.64422905076572,62.007392032455826,93.1231263793622,
24.24871130596428,24.24871130596428,24.24871130596428,24.24871130596428,24.24871130596428,24.24871130596428,24.24871130596428,24.24871130596428,24.24871130596428,24.24871130596428,24.24871130596428,24.24871130596428,76.57747302568818,160.07400632207592,52.600944620795545,133.8569665725322,93.76438556296307,31.864295588218067,181.02670152954417,59.948125723643585,133.5936001461148,108.34983848626632,100.89443740861039,146.53554745066697,
24.24871130596428,24.24871130596428,24.24871130596428,24.24871130596428,24.24871130596428,24.24871130596428,24.24871130596428,24.24871130596428,24.24871130596428,24.24871130596428,24.24871130596428,24.24871130596428,59.948125723643585,88.3718469498818,146.53554745066697,142.83893026762698,98.64562838767868,91.33298574838275,24.24871130596428,44.01623077262036,44.01623077262036,24.24871130596428,24.24871130596428,24.24871130596428,
24.24871130596428,24.24871130596428,24.24871130596428,24.24871130596428,24.24871130596428,24.24871130596428,24.24871130596428,24.24871130596428,24.24871130596428,24.24871130596428,24.24871130596428,24.24871130596428,126.17987161191755,76.81054208245115,65.39813962695473,25.36839678725393,134.36130395318438,89.5582910734679,61.45209007836918,133.71494867814891,24.24871130596428,24.24871130596428,160.0724445368409,30.8818312280862,
24.24871130596428,24.24871130596428,24.24871130596428,24.24871130596428,24.24871130596428,24.24871130596428,24.24871130596428,24.24871130596428,24.24871130596428,24.24871130596428,24.24871130596428,24.24871130596428,103.23449036053793,48.74679476642541,106.39509700482756,24.24871130596428,163.5502598591638,100.89443740861039,63.8416791759114,35.33058165385903,37.206980191894104,60.80591562504424,24.24871130596428,119.98619712283576,
24.24871130596428,24.24871130596428,24.24871130596428,24.24871130596428,24.24871130596428,24.24871130596428,24.24871130596428,24.24871130596428,24.24871130596428,24.24871130596428,24.24871130596428,24.24871130596428,100.89443740861039,48.47844882006849,119.98619712283576,94.8274749215648,68.09816443928572,24.24871130596428,133.58237159146412,88.40637703242906,61.78659509418959,24.24871130596428,89.69218193354425,24.24871130596428,
24.24871130596428,24.24871130596428,24.24871130596428,24.24871130596428,24.24871130596428,24.24871130596428,24.24871130596428,24.24871130596428,24.24871130596428,24.24871130596428,24.24871130596428,24.24871130596428,48.74679476642541,61.887877447849185,59.636901327952984,95.95981301714647,58.14278401773804,55.667379522096624,35.80901722032754,74.57989005087096,31.864295588218067,24.24871130596428,30.506829836393468,90.47605576431074,
24.24871130596428,24.24871130596428,24.24871130596428,24.24871130596428,24.24871130596428,24.24871130596428,24.24871130596428,24.24871130596428,24.24871130596428,24.24871130596428,24.24871130596428,24.24871130596428,193.5,153.41997099465246,24.24871130596428,142.83893026762698,42.347766568419324,181.02670152954417,24.24871130596428,133.5936001461148,35.549652287719745,59.948125723643585,89.5582910734679,148.62758828696641,
24.24871130596428,24.24871130596428,24.24871130596428,24.24871130596428,24.24871130596428,24.24871130596428,24.24871130596428,24.24871130596428,24.24871130596428,24.24871130596428,24.24871130596428,24.24871130596428,110.80613701415639,75.58824864576063,39.82820249880371,34.55752048718516,60.08512479992217,143.4649347401657,142.95519402945806,134.36130395318438,88.40637703242906,133.5936001461148,120.0236955771651,53.99470873547307,
24.24871130596428,24.24871130596428,24.24871130596428,24.24871130596428,24.24871130596428,24.24871130596428,24.24871130596428,24.24871130596428,24.24871130596428,24.24871130596428,24.24871130596428,24.24871130596428,100.89443740861039,27.177368802001418,110.6204722865026,50.99019513592785,181.02117739829964,83.49165912147838,74.57989005087096,24.24871130596428,94.830990012056,66.49597195104592,118.67006081288294,24.24871130596428,
24.24871130596428,24.24871130596428,24.24871130596428,24.24871130596428,24.24871130596428,24.24871130596428,24.24871130596428,24.24871130596428,24.24871130596428,24.24871130596428,24.24871130596428,24.24871130596428,64.7398640715286,29.847267462868356,79.74960814950754,180.34966038226963,183.84957619387288,59.15727625012272,32.41784488004511,143.4649347401657,56.92099788303083,110.80613701415639,29.44247569413958,83.36837358546533,
24.24871130596428,24.24871130596428,24.24871130596428,24.24871130596428,24.24871130596428,24.24871130596428,24.24871130596428,24.24871130596428,24.24871130596428,24.24871130596428,24.24871130596428,24.24871130596428,33.089525029330154,95.43016643947901,181.02670152954417,24.24871130596428,24.24871130596428,29.44247569413958,125.84230494665024,29.450965603864333,54.90773511082023,24.24871130596428,100.89443740861039,100.89443740861039,
24.24871130596428,24.24871130596428,24.24871130596428,24.24871130596428,24.24871130596428,24.24871130596428,24.24871130596428,24.24871130596428,24.24871130596428,24.24871130596428,24.24871130596428,24.24871130596428,79.75319071091405,24.24871130596428,98.65779239370805,92.48558446230058,49.936052857629825,78.88546549692578,158.9156615944445,24.24871130596428,24.24871130596428,36.206583195141,34.94161797436785,69.32358905884779,
24.24871130596428,24.24871130596428,24.24871130596428,24.24871130596428,24.24871130596428,24.24871130596428,24.24871130596428,24.24871130596428,24.24871130596428,24.24871130596428,24.24871130596428,24.24871130596428,37.721567659187585,41.0964313130309,61.78659509418959,91.10936651446254,41.1929258836653,29.44247569413958,62.206812327911486,29.46793808531571,141.03427479398994,120.0236955771651,24.24871130596428,142.68482750453882,
24.24871130596428,24.24871130596428,24.24871130596428,24.24871130596428,24.24871130596428,24.24871130596428,24.24871130596428,24.24871130596428,24.24871130596428,24.24871130596428,24.24871130596428,24.24871130596428,24.807832864411424,88.06452180077969,108.36829564037629,24.24871130596428,80.45761972261279,26.221280585729513,100.89443740861039,23.77673933350268,100.89443740861039,56.59965400365389,66.49597195104592,79.69585040281942,
23.77673933350268,24.24871130596428,24.24871130596428,24.24871130596428,24.24871130596428,24.24871130596428,24.24871130596428,24.24871130596428,24.24871130596428,24.24871130596428,24.24871130596428,24.24871130596428,77.89186643766381,24.24871130596428,24.24871130596428,24.24871130596428,146.53554745066697,31.87126884480406,51.062308751171834,89.5582910734679,100.89443740861039,34.592042076177,66.95707580233773,24.24871130596428,
23.77673933350268,24.24871130596428,24.24871130596428,24.24871130596428,24.24871130596428,24.24871130596428,24.24871130596428,24.24871130596428,24.24871130596428,24.24871130596428,24.24871130596428,24.24871130596428,58.18576572782499,29.44247569413958,57.74724064102883,56.893403615885035,66.12047085938414,99.18548280872558,83.49165912147838,24.24871130596428,99.75048872060728,29.44247569413958,110.80613701415639,145.47229117601742,
23.77673933350268,24.24871130596428,24.24871130596428,24.24871130596428,24.24871130596428,24.24871130596428,24.24871130596428,24.24871130596428,24.24871130596428,24.24871130596428,24.24871130596428,24.24871130596428,24.24871130596428,28.108884271703136,133.8569665725322,24.24871130596428,45.784519460427035,34.111719027337216,29.450965603864333,24.24871130596428,24.24871130596428,68.03352114950394,81.71511488090805,98.65779239370805,
23.77673933350268,24.24871130596428,24.24871130596428,24.24871130596428,24.24871130596428,24.24871130596428,24.24871130596428,24.24871130596428,24.24871130596428,24.24871130596428,24.24871130596428,24.24871130596428,24.24871130596428,83.32416616244454,24.24871130596428,24.24871130596428,65.54069982334133,82.41510783830839,133.8569665725322,76.94062239805446,169.88580723533087,24.24871130596428,24.24871130596428,54.18409975875456,
23.77673933350268,24.24871130596428,24.24871130596428,24.24871130596428,24.24871130596428,24.24871130596428,24.24871130596428,24.24871130596428,24.24871130596428,24.24871130596428,24.24871130596428,24.24871130596428,24.24871130596428,31.864295588218067,54.03908050866726,24.24871130596428,24.24871130596428,24.24871130596428,89.43243259578709,24.24871130596428,24.24871130596428,100.89443740861039,54.97012175458852,114.48563228632665,
23.77673933350268,24.24871130596428,24.24871130596428,24.24871130596428,24.24871130596428,24.24871130596428,24.24871130596428,24.24871130596428,24.24871130596428,24.24871130596428,24.24871130596428,24.24871130596428,24.24871130596428,78.6347796552427,81.36190754892611,154.44308552559636,27.764354395519447,24.24871130596428,98.52187574341039,89.5582910734679,146.53554745066697,174.01724052518475,71.08144222349057,179.5,
23.77673933350268,24.24871130596428,24.24871130596428,24.24871130596428,24.24871130596428,24.24871130596428,24.24871130596428,24.24871130596428,24.24871130596428,24.24871130596428,24.24871130596428,24.24871130596428,52.12110297182898,95.95707373612431,24.24871130596428,88.3718469498818,28.108884271703136,24.24871130596428,24.24871130596428,37.721567659187585,121.53017457953943,123.89385577985698,100.89443740861039,140.5,
23.77673933350268,24.24871130596428,24.24871130596428,24.24871130596428,24.24871130596428,24.24871130596428,24.24871130596428,24.24871130596428,24.24871130596428,24.24871130596428,24.24871130596428,24.24871130596428,48.74679476642541,133.60358029134798,146.53554745066697,35.80901722032754,24.24871130596428,24.24871130596428,82.64129314896599,54.546854858919225,61.78659509418959,24.24871130596428,153.41997099465246,24.24871130596428,
23.77673933350268,24.24871130596428,24.24871130596428,24.24871130596428,24.24871130596428,24.24871130596428,24.24871130596428,24.24871130596428,24.24871130596428,24.24871130596428,24.24871130596428,24.24871130596428,24.24871130596428,58.18576572782499,24.24871130596428,24.24871130596428,24.24871130596428,83.49165912147838,68.09816443928572,68.69395442831923,50.44659924117779,188.5,127.12104467789744,153.18187719178792,
23.77673933350268,24.24871130596428,24.24871130596428,24.24871130596428,24.24871130596428,24.24871130596428,24.24871130596428,24.24871130596428,24.24871130596428,24.24871130596428,24.24871130596428,24.24871130596428,127.08327978140947,43.190607444542515,35.42480298698451,52.600944620795545,34.879384005045566,189.5,100.89443740861039,172.58234749436764,111.92568963379229,95.43016643947901,42.0343774652235,50.61778343625884,
23.77673933350268,24.24871130596428,24.24871130596428,24.24871130596428,24.24871130596428,24.24871130596428,24.24871130596428,24.24871130596428,24.24871130596428,24.24871130596428,24.24871130596428,24.24871130596428,71.15777238944858,71.15777238944858,24.24871130596428,70.8396075652597,110.80613701415639,54.448752664011195,24.24871130596428,91.33298574838275,45.44593857907804,72.37600233700196,52.600944620795545,24.24871130596428,
23.77673933350268,24.24871130596428,24.24871130596428,24.24871130596428,24.24871130596428,24.24871130596428,24.24871130596428,24.24871130596428,24.24871130596428,24.24871130596428,24.24871130596428,24.24871130596428,52.600944620795545,118.023655820913,24.24871130596428,125.53150998852837,24.24871130596428,100.89443740861039,79.35633920127977,70.37655415690655,21.18630158852649,46.17977293763394,76.5991421063485,24.24871130596428,
21.18630158852649,23.77673933350268,24.24871130596428,24.24871130596428,24.24871130596428,24.24871130596428,24.24871130596428,24.24871130596428,24.24871130596428,24.24871130596428,24.24871130596428,24.24871130596428,37.44808907007138,24.24871130596428,94.830990012056,128.1217682519251,69.2075682277596,88.04868782992412,24.24871130596428,35.08716823854556,24.24871130596428,24.24871130596428,183.84957619387288,34.9225333178069,
21.18630158852649,23.77673933350268,24.24871130596428,24.24871130596428,24.24871130596428,24.24871130596428,24.24871130596428,24.24871130596428,24.24871130596428,24.24871130596428,24.24871130596428,24.24871130596428,83.75474400209903,42.1851079568766,92.79502501032405,70.45963383384844,68.69395442831923,35.33212949993249,113.30427783186299,32.188652891974215,176.77858090466353,70.45963383384844,91.75340593133315,23.77673933350268,
21.18630158852649,23.77673933350268,23.77673933350268,24.24871130596428,24.24871130596428,24.24871130596428,24.24871130596428,24.24871130596428,24.24871130596428,24.24871130596428,24.24871130596428,24.24871130596428,34.883511506154306,132.08212407438032,66.87737534722287,140.5,179.5,33.73002054126688,24.24871130596428,100.92416707607747,30.767948691238203,24.24871130596428,52.600944620795545,140.5,
21.18630158852649,23.77673933350268,23.77673933350268,24.24871130596428,24.24871130596428,24.24871130596428,24.24871130596428,24.24871130596428,24.24871130596428,24.24871130596428,24.24871130596428,24.24871130596428,31.88172586991558,146.53554745066697,88.40637703242906,82.41510783830839,143.4649347401657,88.14397313486612,40.28470110174758,89.5582910734679,37.5,37.5,24.24871130596428,123.97322291527311,
21.18630158852649,23.77673933350268,23.77673933350268,24.24871130596428,24.24871130596428,24.24871130596428,24.24871130596428,24.24871130596428,24.24871130596428,24.24871130596428,24.24871130596428,24.24871130596428,33.089525029330154,26.139816372729168,24.807832864411424,24.24871130596428,100.89443740861039,29.46793808531571,24.24871130596428,41.67633221226008,61.78659509418959,61.78659509418959,68.88335551253776,70.8396075652597,
21.18630158852649,23.77673933350268,23.77673933350268,24.24871130596428,24.24871130596428,24.24871130596428,24.24871130596428,24.24871130596428,24.24871130596428,24.24871130596428,24.24871130596428,24.24871130596428,33.02256804065971,24.24871130596428,126.07045649159838,95.95707373612431,146.53554745066697,146.53554745066697,133.5936001461148,23.77673933350268,27.848798098940563,24.24871130596428,43.346151950189174,74.57989005087096,
21.18630158852649,23.77673933350268,23.77673933350268,23.77673933350268,24.24871130596428,24.24871130596428,24.24871130596428,24.24871130596428,24.24871130596428,24.24871130596428,24.24871130596428,24.24871130596428,23.77673933350268,65.36245099443563,118.67006081288294,146.53554745066697,65.05830718158391,45.40925015897091,100.89443740861039,60.663003552412405,71.15777238944858,145.47229117601742,119.99453112538087,27.964262908219126,
21.18630158852649,23.77673933350268,23.77673933350268,23.77673933350268,23.77673933350268,24.24871130596428,24.24871130596428,24.24871130596428,24.24871130596428,24.24871130596428,24.24871130596428,24.24871130596428,146.53554745066697,52.600944620795545,66.15557421714364,45.40925015897091,89.5582910734679,62.24146527838174,118.6869130668303,27.764354395519447,28.108884271703136,143.4649347401657,63.8416791759114,79.63488108683458,
21.18630158852649,23.77673933350268,23.77673933350268,23.77673933350268,23.77673933350268,24.24871130596428,24.24871130596428,24.24871130596428,24.24871130596428,24.24871130596428,24.24871130596428,24.24871130596428,87.91554388811376,80.2470144823677,60.23088908525259,166.43523515169497,100.89443740861039,24.385788210895843,24.24871130596428,49.741833500585805,24.24871130596428,29.46793808531571,167.00205837054824,23.68845408934186,
21.18630158852649,23.68845408934186,23.77673933350268,23.77673933350268,23.77673933350268,23.77673933350268,24.24871130596428,24.24871130596428,24.24871130596428,24.24871130596428,24.24871130596428,24.24871130596428,29.44247569413958,140.5,35.33058165385903,35.08716823854556,77.01677306491965,147.62303343313332,34.94161797436785,141.61412358942167,23.77673933350268,64.73684711970455,35.08716823854556,103.49763282317136,
21.18630158852649,23.68845408934186,23.77673933350268,23.77673933350268,23.77673933350268,23.77673933350268,23.77673933350268,24.24871130596428,24.24871130596428,24.24871130596428,24.24871130596428,24.24871130596428,134.17809061094886,123.89385577985698,23.77673933350268,35.33058165385903,73.5507599261509,144.3024168196777,84.63427201790064,140.5,98.65779239370805,146.53554745066697,68.43671042162484,23.77673933350268,
21.18630158852649,23.68845408934186,23.77673933350268,23.77673933350268,23.77673933350268,23.77673933350268,23.77673933350268,23.77673933350268,23.77673933350268,24.24871130596428,24.24871130596428,24.24871130596428,56.4876724857481,23.77673933350268,23.77673933350268,61.78659509418959,23.68845408934186,28.948229652260256,69.48792289723033,89.5582910734679,67.47698020171661,87.32649464318757,152.07296768328024,23.77673933350268,
21.18630158852649,23.68845408934186,23.68845408934186,23.77673933350268,23.77673933350268,23.77673933350268,23.77673933350268,23.77673933350268,23.77673933350268,23.77673933350268,23.77673933350268,23.77673933350268,23.68845408934186,74.59836906170716,126.83683744611947,74.62010452954351,35.08716823854556,28.324724182240505,144.29721930792707,143.4649347401657,26.139816372729168,20.392630409047285,23.77673933350268,31.797973380564855,
20.392630409047285,21.18630158852649,23.68845408934186,23.68845408934186,23.68845408934186,23.77673933350268,23.77673933350268,23.77673933350268,23.77673933350268,23.77673933350268,23.77673933350268,23.77673933350268,106.1677132339834,60.23088908525259,21.18630158852649,172.6576574226196,31.838880095164868,83.2601345182675,29.022159021783928,53.99470873547307,102.99312274775114,94.94044185698738,73.59135479117096,91.84872073142881,
20.392630409047285,21.18630158852649,21.18630158852649,23.68845408934186,23.68845408934186,23.68845408934186,23.77673933350268,23.77673933350268,23.77673933350268,23.77673933350268,23.77673933350268,23.77673933350268,62.33320600954656,99.18548280872558,73.82129322447103,28.948229652260256,65.46571621849104,38.63750953228149,46.14263600123922,100.07341055445248,90.59571365872303,40.38080453631403,100.07341055445248,193.5,
20.392630409047285,21.18630158852649,21.18630158852649,23.68845408934186,23.68845408934186,23.68845408934186,23.77673933350268,23.77673933350268,23.77673933350268,23.77673933350268,23.77673933350268,23.77673933350268,152.07296768328024,34.42261853297431,89.41022033302457,40.17817460121495,34.905005013608005,180.31638860624955,72.70881259222591,90.78867403665137,21.18630158852649,172.58234749436764,71.40931311810806,74.62010452954351,
20.392630409047285,21.18630158852649,21.18630158852649,21.18630158852649,23.68845408934186,23.68845408934186,23.68845408934186,23.77673933350268,23.77673933350268,23.77673933350268,23.77673933350268,23.77673933350268,21.18630158852649,48.74679476642541,23.68845408934186,60.23088908525259,125.73657980078828,89.5582910734679,31.432467291003423,88.37058334083802,134.17809061094886,100.46770625429845,35.08716823854556,89.5582910734679,
20.392630409047285,21.18630158852649,21.18630158852649,21.18630158852649,21.18630158852649,23.68845408934186,23.68845408934186,23.68845408934186,23.68845408934186,23.77673933350268,23.77673933350268,23.77673933350268,102.89367995654544,146.53554745066697,23.68845408934186,28.413611761501446,23.77673933350268,57.38369880801419,23.68845408934186,89.5582910734679,43.475970374449375,23.513589451397863,126.18938148671621,42.99903099683372,
20.392630409047285,21.18630158852649,21.18630158852649,21.18630158852649,21.18630158852649,23.513589451397863,23.68845408934186,23.68845408934186,23.68845408934186,23.68845408934186,23.68845408934186,23.68845408934186,33.73002054126688,62.6553070377921,71.79267023868105,85.33088538155454,33.898541430437845,23.513589451397863,98.14370840762031,89.5582910734679,27.511613709284465,79.66357834221179,48.74679476642541,23.68845408934186,
20.392630409047285,21.18630158852649,21.18630158852649,21.18630158852649,21.18630158852649,23.513589451397863,23.513589451397863,23.68845408934186,23.68845408934186,23.68845408934186,23.68845408934186,23.68845408934186,23.68845408934186,64.67059389154946,40.87003027892199,133.621433535193,176.77858090466353,91.12765771158611,133.8569665725322,28.258108748802908,98.67400873583681,97.47902338452103,97.98857076210469,36.58779395736598,
20.392630409047285,21.18630158852649,21.18630158852649,21.18630158852649,21.18630158852649,23.513589451397863,23.513589451397863,23.68845408934186,23.68845408934186,23.68845408934186,23.68845408934186,23.68845408934186,23.513589451397863,130.65549028975835,29.022159021783928,68.09816443928572,44.95063959500465,85.33088538155454,98.68211590759493,89.5582910734679,94.41906587125293,23.513589451397863,172.58234749436764,80.29410225628565,
20.392630409047285,21.18630158852649,21.18630158852649,21.18630158852649,21.18630158852649,23.513589451397863,23.513589451397863,23.513589451397863,23.513589451397863,23.68845408934186,23.68845408934186,23.68845408934186,94.41906587125293,91.23025813840493,94.72416094464319,29.022159021783928,86.91135330515417,25.197023633754842,30.624489791668367,53.26897158133742,23.68845408934186,23.68845408934186,29.135101967672373,33.90588997504711,
20.392630409047285,21.18630158852649,21.18630158852649,21.18630158852649,21.18630158852649,23.513589451397863,23.513589451397863,23.513589451397863,23.513589451397863,23.68845408934186,23.68845408934186,23.68845408934186,21.18630158852649,83.42811276781946,73.98553490379048,89.5582910734679,23.68845408934186,45.835132540443254,104.31163246094208,33.089525029330154,99.82038556827959,25.867795753462588,69.45905268573708,59.317867249252984,
20.392630409047285,21.18630158852649,21.18630158852649,21.18630158852649,21.18630158852649,21.18630158852649,23.513589451397863,23.513589451397863,23.513589451397863,23.513589451397863,23.68845408934186,23.68845408934186,136.25221710734348,96.37902607241197,40.359102354452126,60.663003552412405,21.18630158852649,33.73002054126688,146.53554745066697,33.73002054126688,25.197023633754842,37.653389990514505,21.18630158852649,72.1726402454559,
20.392630409047285,21.18630158852649,21.18630158852649,21.18630158852649,21.18630158852649,21.18630158852649,21.18630158852649,21.18630158852649,23.513589451397863,23.513589451397863,23.513589451397863,23.513589451397863,50.743050192682965,23.513589451397863,32.02677451312083,81.71511488090805,23.513589451397863,21.18630158852649,93.55167912264679,76.90849541283893,48.207883172775794,23.513589451397863,94.47624039937236,82.73669077259495,
20.392630409047285,21.18630158852649,21.18630158852649,21.18630158852649,21.18630158852649,21.18630158852649,21.18630158852649,21.18630158852649,21.18630158852649,23.513589451397863,23.513589451397863,23.513589451397863,53.99470873547307,62.6553070377921,115.0575942734768,100.92416707607747,125.96924227762902,121.89405235695463,33.20929301953209,90.3184841072334,90.86207496346684,89.5582910734679,135.92851062231205,142.95519402945806,
20.392630409047285,21.18630158852649,21.18630158852649,21.18630158852649,21.18630158852649,21.18630158852649,21.18630158852649,21.18630158852649,21.18630158852649,23.513589451397863,23.513589451397863,23.513589451397863,29.44247569413958,64.29898424547622,40.71965127552052,100.46770625429845,28.941481907462858,29.31817790306136,33.20929301953209,91.16788542756343,20.392630409047285,25.36401650632907,35.55431584210277,91.01419303236905,
20.392630409047285,20.392630409047285,21.18630158852649,21.18630158852649,21.18630158852649,21.18630158852649,21.18630158852649,21.18630158852649,21.18630158852649,21.18630158852649,23.513589451397863,23.513589451397863,125.95777070113617,21.18630158852649,92.10817915183573,25.73624227945227,129.486244443184,112.20134962264427,21.18630158852649,101.00070721110252,29.35822415344271,193.5,89.5582910734679,68.74798698351621,
20.392630409047285,20.392630409047285,21.18630158852649,21.18630158852649,21.18630158852649,21.18630158852649,21.18630158852649,21.18630158852649,21.18630158852649,21.18630158852649,21.18630158852649,21.18630158852649,21.18630158852649,74.59836906170716,76.48927620915235,80.0931749068962,36.316103521716094,89.5582910734679,35.55431584210277,21.18630158852649,23.68845408934186,73.73375527305433,142.83893026762698,24.385788210895843,
20.392630409047285,20.392630409047285,21.18630158852649,21.18630158852649,21.18630158852649,21.18630158852649,21.18630158852649,21.18630158852649,21.18630158852649,21.18630158852649,21.18630158852649,21.18630158852649,76.90649761236043,79.20858539325141,33.20929301953209,28.162163233965693,160.15825506874964,87.54101079738896,61.78659509418959,40.69397989875161,73.27053588292793,34.592042076177,98.34307296398663,112.31333720571976,
20.392630409047285,20.392630409047285,21.18630158852649,21.18630158852649,21.18630158852649,21.18630158852649,21.18630158852649,21.18630158852649,21.18630158852649,21.18630158852649,21.18630158852649,21.18630158852649,46.96657721188547,193.5,92.16169365727704,90.78316657471986,25.36401650632907,128.79707877122058,79.60976250256174,94.41906587125293,21.18630158852649,36.29544565093533,80.45761972261279,85.33088538155454,
20.392630409047285,20.392630409047285,21.18630158852649,21.18630158852649,21.18630158852649,21.18630158852649,21.18630158852649,21.18630158852649,21.18630158852649,21.18630158852649,21.18630158852649,21.18630158852649,70.76899038420711,28.07328578916262,57.36848313440802,142.83893026762698,83.7598608267366,65.36245099443563,47.24404724407086,35.21163692588006,74.59836906170716,53.99470873547307,25.36401650632907,64.98791096372133,
20.392630409047285,20.392630409047285,21.18630158852649,21.18630158852649,21.18630158852649,21.18630158852649,21.18630158852649,21.18630158852649,21.18630158852649,21.18630158852649,21.18630158852649,21.18630158852649,31.54185931248963,97.57689275643081,25.36401650632907,23.68845408934186,35.55431584210277,89.73955370961012,32.02677451312083,90.78316657471986,25.933982119439904,83.96761280398532,82.81052670604947,97.20164607659686,
20.392630409047285,20.392630409047285,21.18630158852649,21.18630158852649,21.18630158852649,21.18630158852649,21.18630158852649,21.18630158852649,21.18630158852649,21.18630158852649,21.18630158852649,21.18630158852649,44.45503346079047,54.647592581924414,51.91201347334876,25.337718918639855,20.392630409047285,51.78184406720178,90.8263649576959,23.68845408934186,21.18630158852649,33.20929301953209,158.91723474815436,82.73669077259495,
20.392630409047285,20.392630409047285,20.392630409047285,21.18630158852649,21.18630158852649,21.18630158852649,21.18630158852649,21.18630158852649,21.18630158852649,21.18630158852649,21.18630158852649,21.18630158852649,167.01403384147093,36.316103521716094,21.18630158852649,21.18630158852649,37.5,163.56095958388113,128.79707877122058,57.73695138778593,146.53554745066697,31.432467291003423,20.392630409047285,23.513589451397863,
20.392630409047285,20.392630409047285,20.392630409047285,20.392630409047285,21.18630158852649,21.18630158852649,21.18630158852649,21.18630158852649,21.18630158852649,21.18630158852649,21.18630158852649,21.18630158852649,96.37902607241197,36.206583195141,93.28942419517159,135.08278942929778,42.99903099683372,26.386023236217735,89.5582910734679,60.23088908525259,80.31544950114784,91.12582875709096,21.18630158852649,100.50715148684695,
20.392630409047285,20.392630409047285,20.392630409047285,20.392630409047285,21.18630158852649,21.18630158852649,21.18630158852649,21.18630158852649,21.18630158852649,21.18630158852649,21.18630158852649,21.18630158852649,20.392630409047285,61.04461028169845,28.07328578916262,89.29405675311527,66.5432190384565,100.92416707607747,99.18548280872558,89.46373566982322,80.0931749068962,25.337718918639855,28.07328578916262,117.02034011230697,
20.392630409047285,20.392630409047285,20.392630409047285,20.392630409047285,20.392630409047285,21.18630158852649,21.18630158852649,21.18630158852649,21.18630158852649,21.18630158852649,21.18630158852649,21.18630158852649,82.2168436210002,20.392630409047285,20.392630409047285,20.392630409047285,83.98325726000391,38.44765561412324,68.43671042162484,106.30106615959534,21.18630158852649,59.524038094799245,66.5432190384565,38.80353444873657,
20.392630409047285,20.392630409047285,20.392630409047285,20.392630409047285,20.392630409047285,20.392630409047285,20.392630409047285,20.392630409047285,21.18630158852649,21.18630158852649,21.18630158852649,21.18630158852649,62.21133337262592,35.31797523924609,82.36266979038501,93.55167912264679,65.36245099443563,36.206583195141,20.392630409047285,94.41906587125293,24.348703764266386,20.392630409047285,75.92485319928734,72.61444169624347,
20.392630409047285,20.392630409047285,20.392630409047285,20.392630409047285,20.392630409047285,20.392630409047285,20.392630409047285,20.392630409047285,20.392630409047285,20.392630409047285,21.18630158852649,21.18630158852649,85.33088538155454,38.84768792531747,26.97202254188588,92.88657958320279,20.392630409047285,24.779023386727733,70.97283182417661,89.5582910734679,193.5,26.9794366138361,41.61997383735629,30.10312852690627,
20.392630409047285,20.392630409047285,20.392630409047285,20.392630409047285,20.392630409047285,20.392630409047285,20.392630409047285,20.392630409047285,20.392630409047285,20.392630409047285,20.392630409047285,21.18630158852649,79.09435293790996,193.5,20.392630409047285,89.38321990172429,77.45697730568456,35.184039942375385,83.28415215393622,89.5582910734679,61.97464919511157,76.90849541283893,20.300477211139643,75.92485319928734,
20.300477211139643,20.392630409047285,20.392630409047285,20.392630409047285,20.392630409047285,20.392630409047285,20.392630409047285,20.392630409047285,20.392630409047285,20.392630409047285,20.392630409047285,20.392630409047285,87.3691020899265,24.779023386727733,84.02743227660834,32.636526425814026,65.36245099443563,40.90671552447104,32.636526425814026,146.53554745066697,20.392630409047285,65.36245099443563,20.392630409047285,32.636526425814026,
20.300477211139643,20.392630409047285,20.392630409047285,20.392630409047285,20.392630409047285,20.392630409047285,20.392630409047285,20.392630409047285,20.392630409047285,20.392630409047285,20.392630409047285,20.392630409047285,32.636526425814026,119.98619712283576,108.16971618711034,25.37389821733747,158.9156615944445,24.752104287649296,133.8569665725322,90.86207496346684,87.20255566372877,23.68845408934186,20.392630409047285,44.95063959500465,
20.300477211139643,20.392630409047285,20.392630409047285,20.392630409047285,20.392630409047285,20.392630409047285,20.392630409047285,20.392630409047285,20.392630409047285,20.392630409047285,20.392630409047285,20.392630409047285,64.11643055151049,126.18938148671621,23.68845408934186,87.3691020899265,89.5582910734679,146.53554745066697,32.636526425814026,41.45910205078184,89.5582910734679,65.38317826474942,20.392630409047285,20.392630409047285,
20.300477211139643,20.392630409047285,20.392630409047285,20.392630409047285,20.392630409047285,20.392630409047285,20.392630409047285,20.392630409047285,20.392630409047285,20.392630409047285,20.392630409047285,20.392630409047285,60.02406924633558,146.53554745066697,20.392630409047285,23.77673933350268,101.00070721110252,119.98619712283576,61.78659509418959,61.98156407928317,20.392630409047285,74.31408569937017,125.8243219731384,20.392630409047285,
20.300477211139643,20.392630409047285,20.392630409047285,20.392630409047285,20.392630409047285,20.392630409047285,20.392630409047285,20.392630409047285,20.392630409047285,20.392630409047285,20.392630409047285,20.392630409047285,21.18630158852649,35.33058165385903,88.37058334083802,136.25221710734348,85.26757883275448,64.331640737665,100.45988005169029,94.41906587125293,126.06252416955643,62.6553070377921,89.5582910734679,117.28154159969078,
20.300477211139643,20.392630409047285,20.392630409047285,20.392630409047285,20.392630409047285,20.392630409047285,20.392630409047285,20.392630409047285,20.392630409047285,20.392630409047285,20.392630409047285,20.392630409047285,23.032368527791494,119.98619712283576,83.35616353935683,20.392630409047285,29.022159021783928,183.84957619387288,145.6200106441419,29.022159021783928,25.867795753462588,89.3854574301659,101.82774125398683,90.78316657471986,
20.300477211139643,20.392630409047285,20.392630409047285,20.392630409047285,20.392630409047285,20.392630409047285,20.392630409047285,20.392630409047285,20.392630409047285,20.392630409047285,20.392630409047285,20.392630409047285,80.42742957829392,32.188652891974215,65.38317826474942,87.53774696013797,68.24192259894207,125.95777070113617,29.022159021783928,68.74798698351621,57.00534514411785,147.6270977835709,142.6918357860743,84.64210367356021,
20.300477211139643,20.392630409047285,20.392630409047285,20.392630409047285,20.392630409047285,20.392630409047285,20.392630409047285,20.392630409047285,20.392630409047285,20.392630409047285,20.392630409047285,20.392630409047285,23.68845408934186,133.8569665725322,80.37775397044466,32.636526425814026,76.90849541283893,20.392630409047285,64.20475060305117,61.97464919511157,20.300477211139643,23.68845408934186,89.5582910734679,20.392630409047285,
20.300477211139643,20.300477211139643,20.392630409047285,20.392630409047285,20.392630409047285,20.392630409047285,20.392630409047285,20.392630409047285,20.392630409047285,20.392630409047285,20.392630409047285,20.392630409047285,26.386023236217735,89.5582910734679,146.53554745066697,37.340135434753236,112.31333720571976,144.7141579113806,20.392630409047285,32.570801998985885,32.636526425814026,51.330881299662096,48.01157267900221,33.824685881763926,
20.300477211139643,20.300477211139643,20.392630409047285,20.392630409047285,20.392630409047285,20.392630409047285,20.392630409047285,20.392630409047285,20.392630409047285,20.392630409047285,20.392630409047285,20.392630409047285,35.08716823854556,22.612680808195506,20.392630409047285,20.300477211139643,32.636526425814026,31.432467291003423,84.67339212133487,77.93037185297435,85.77505464877302,29.022159021783928,56.84283101690598,101.00070721110252,
20.300477211139643,20.300477211139643,20.300477211139643,20.392630409047285,20.392630409047285,20.392630409047285,20.392630409047285,20.392630409047285,20.392630409047285,20.392630409047285,20.392630409047285,20.392630409047285,20.300477211139643,20.300477211139643,142.6918357860743,20.300477211139643,89.5582910734679,65.08675529080948,32.636526425814026,20.392630409047285,142.6918357860743,32.636526425814026,20.392630409047285,20.392630409047285,
20.300477211139643,20.300477211139643,20.300477211139643,20.300477211139643,20.300477211139643,20.300477211139643,20.392630409047285,20.392630409047285,20.392630409047285,20.392630409047285,20.392630409047285,20.392630409047285,53.99470873547307,134.95439044358653,80.54989580555467,108.1302917780212,23.77673933350268,140.5,20.392630409047285,64.11013472922983,65.13800733826604,46.96657721188547,26.386023236217735,32.570801998985885,
20.300477211139643,20.300477211139643,20.300477211139643,20.300477211139643,20.300477211139643,20.300477211139643,20.392630409047285,20.392630409047285,20.392630409047285,20.392630409047285,20.392630409047285,20.392630409047285,65.83095233789562,146.53554745066697,55.10509439762742,35.08716823854556,74.57989005087096,68.43671042162484,89.5582910734679,20.300477211139643,133.8569665725322,89.71947020203214,24.684678108764825,33.089525029330154,
20.300477211139643,20.300477211139643,20.300477211139643,20.300477211139643,20.300477211139643,20.300477211139643,20.300477211139643,20.392630409047285,20.392630409047285,20.392630409047285,20.392630409047285,20.392630409047285,71.95665361868907,90.78316657471986,37.721567659187585,119.98619712283576,81.92330908495195,84.67339212133487,20.392630409047285,31.432467291003423,67.85396082764808,40.54274640073469,24.98218114977153,74.57989005087096,
20.300477211139643,20.300477211139643,20.300477211139643,20.300477211139643,20.300477211139643,20.300477211139643,20.300477211139643,20.392630409047285,20.392630409047285,20.392630409047285,20.392630409047285,20.392630409047285,152.07296768328024,20.300477211139643,62.66777481289726,20.300477211139643,32.636526425814026,126.09090635992219,80.29410225628565,61.97464919511157,20.392630409047285,20.300477211139643,160.078691586357,24.614210834394022,
20.300477211139643,20.300477211139643,20.300477211139643,20.300477211139643,20.300477211139643,20.300477211139643,20.300477211139643,20.300477211139643,20.300477211139643,20.300477211139643,20.392630409047285,20.392630409047285,83.5291033778713,28.948229652260256,100.92416707607747,20.300477211139643,25.867795753462588,41.92510328805745,146.53554745066697,110.80613701415639,118.69112575644961,68.71681017043792,72.61444169624347,20.300477211139643,
20.300477211139643,20.300477211139643,20.300477211139643,20.300477211139643,20.300477211139643,20.300477211139643,20.300477211139643,20.300477211139643,20.300477211139643,20.300477211139643,20.300477211139643,20.300477211139643,20.300477211139643,133.8569665725322,20.300477211139643,32.570801998985885,20.300477211139643,20.300477211139643,59.388214319004405,118.69112575644961,83.36016234789054,134.24365906812878,23.040385738958452,28.948229652260256,
20.300477211139643,20.300477211139643,20.300477211139643,20.300477211139643,20.300477211139643,20.300477211139643,20.300477211139643,20.300477211139643,20.300477211139643,20.300477211139643,20.300477211139643,20.300477211139643,20.300477211139643,20.300477211139643,63.76519426771944,118.69112575644961,133.8569665725322,20.300477211139643,126.83420937060579,120.0236955771651,125.98952337396946,160.078691586357,74.57989005087096,62.6553070377921,
20.300477211139643,20.300477211139643,20.300477211139643,20.300477211139643,20.300477211139643,20.300477211139643,20.300477211139643,20.300477211139643,20.300477211139643,20.300477211139643,20.300477211139643,20.300477211139643,121.90389657430971,68.09816443928572,68.71681017043792,89.5582910734679,126.82106817612495,20.300477211139643,93.76438556296307,67.50081018032301,61.78659509418959,74.62010452954351,20.300477211139643,59.86890440191564,
20.300477211139643,20.300477211139643,20.300477211139643,20.300477211139643,20.300477211139643,20.300477211139643,20.300477211139643,20.300477211139643,20.300477211139643,20.300477211139643,20.300477211139643,20.300477211139643,20.300477211139643,90.70235204594567,35.78560290116683,93.55167912264679,32.570801998985885,44.95063959500465,119.27514409968238,20.300477211139643,142.6918357860743,51.462213079112715,20.300477211139643,32.570801998985885,
20.300477211139643,20.300477211139643,20.300477211139643,20.300477211139643,20.300477211139643,20.300477211139643,20.300477211139643,20.300477211139643,20.300477211139643,20.300477211139643,20.300477211139643,20.300477211139643,146.53554745066697,67.98958253536591,20.300477211139643,65.13800733826604,20.300477211139643,24.24871130596428,75.9314383726091,130.21744634776607,64.60585628769785,74.8615388567454,20.300477211139643,20.300477211139643,
20.300477211139643,20.300477211139643,20.300477211139643,20.300477211139643,20.300477211139643,20.300477211139643,20.300477211139643,20.300477211139643,20.300477211139643,20.300477211139643,20.300477211139643,20.300477211139643,35.08716823854556,67.85396082764808,25.05712224099168,24.711670657134185,63.37016472897777,32.570801998985885,20.300477211139643,20.300477211139643,20.300477211139643,169.2158385021922,66.45988765162538,89.73955370961012,
20.300477211139643,20.300477211139643,20.300477211139643,20.300477211139643,20.300477211139643,20.300477211139643,20.300477211139643,20.300477211139643,20.300477211139643,20.300477211139643,20.300477211139643,20.300477211139643,32.94858684374794,87.20255566372877,20.300477211139643,20.300477211139643,62.21133337262592,117.02034011230697,83.7244156610112,20.300477211139643,62.6553070377921,20.300477211139643,89.5582910734679,65.67533783696891,
20.300477211139643,20.300477211139643,20.300477211139643,20.300477211139643,20.300477211139643,20.300477211139643,20.300477211139643,20.300477211139643,20.300477211139643,20.300477211139643,20.300477211139643,20.300477211139643,138.86534244847897,93.55167912264679,24.684678108764825,133.8569665725322,85.33088538155454,74.57989005087096,20.300477211139643,23.77673933350268,33.824685881763926,124.58796089510413,20.300477211139643,62.21133337262592,
20.300477211139643,20.300477211139643,20.300477211139643,20.300477211139643,20.300477211139643,20.300477211139643,20.300477211139643,20.300477211139643,20.300477211139643,20.300477211139643,20.300477211139643,20.300477211139643,24.98218114977153,98.45134161943486,23.040385738958452,24.614210834394022,28.108884271703136,24.684678108764825,65.13800733826604,114.28728421540751,153.18187719178792,65.18544973491291,85.33088538155454,142.67922063145704,
20.300477211139643,20.300477211139643,20.300477211139643,20.300477211139643,20.300477211139643,20.300477211139643,20.300477211139643,20.300477211139643,20.300477211139643,20.300477211139643,20.300477211139643,20.300477211139643,89.5582910734679,87.3691020899265,142.6918357860743,146.53554745066697,140.5,92.79502501032405,100.92416707607747,28.10399812738041,22.96715045450785,45.40925015897091,26.916351907344353,126.18938148671621,
20.300477211139643,20.300477211139643,20.300477211139643,20.300477211139643,20.300477211139643,20.300477211139643,20.300477211139643,20.300477211139643,20.300477211139643,20.300477211139643,20.300477211139643,20.300477211139643,20.300477211139643,143.5990511807094,30.648970211085395,32.570801998985885,60.23088908525259,20.300477211139643,84.67339212133487,118.69112575644961,62.21133337262592,133.8569665725322,90.6177870692798,52.230259428802384,
20.300477211139643,20.300477211139643,20.300477211139643,20.300477211139643,20.300477211139643,20.300477211139643,20.300477211139643,20.300477211139643,20.300477211139643,20.300477211139643,20.300477211139643,20.300477211139643,46.92663822393418,89.73955370961012,20.300477211139643,94.41906587125293,24.614210834394022,91.07643310245886,32.570801998985885,118.65039682473324,93.55167912264679,20.300477211139643,20.300477211139643,136.25221710734348,
20.300477211139643,20.300477211139643,20.300477211139643,20.300477211139643,20.300477211139643,20.300477211139643,20.300477211139643,20.300477211139643,20.300477211139643,20.300477211139643,20.300477211139643,20.300477211139643,65.05821568850031,34.788248335066,45.40925015897091,144.0457826525997,45.40925015897091,146.53554745066697,148.60605640417216,59.175284415998256,20.300477211139643,58.18576572782499,125.73657980078828,89.5582910734679,
20.300477211139643,20.300477211139643,20.300477211139643,20.300477211139643,20.300477211139643,20.300477211139643,20.300477211139643,20.300477211139643,20.300477211139643,20.300477211139643,20.300477211139643,20.300477211139643,133.8569665725322,24.711670657134185,31.59565973809875,32.570801998985885,74.57989005087096,62.03716124227478,98.65779239370805,20.300477211139643,32.570801998985885,20.300477211139643,112.30188905674866,90.69132630338287,
20.300477211139643,20.300477211139643,20.300477211139643,20.300477211139643,20.300477211139643,20.300477211139643,20.300477211139643,20.300477211139643,20.300477211139643,20.300477211139643,20.300477211139643,20.300477211139643,53.99470873547307,134.24365906812878,160.12397540655803,20.300477211139643,68.89787127819456,89.23093633936607,65.13800733826604,20.300477211139643,130.04198040120224,118.5927906746443,20.300477211139643,20.300477211139643,
20.300477211139643,20.300477211139643,20.300477211139643,20.300477211139643,20.300477211139643,20.300477211139643,20.300477211139643,20.300477211139643,20.300477211139643,20.300477211139643,20.300477211139643,20.300477211139643,100.89443740861039,133.8569665725322,90.69132630338287,94.83965415373464,110.80613701415639,85.03479679911435,95.95707373612431,87.29915725333697,65.13800733826604,61.97464919511157,37.5,110.80613701415639,
20.300477211139643,20.300477211139643,20.300477211139643,20.300477211139643,20.300477211139643,20.300477211139643,20.300477211139643,20.300477211139643,20.300477211139643,20.300477211139643,20.300477211139643,20.300477211139643,136.25221710734348,32.570801998985885,76.69002542703973,26.923781309466914,108.1302917780212,68.71681017043792,65.13800733826604,66.25707509390978,63.8416791759114,20.300477211139643,94.41906587125293,160.078691586357,
20.300477211139643,20.300477211139643,20.300477211139643,20.300477211139643,20.300477211139643,20.300477211139643,20.300477211139643,20.300477211139643,20.300477211139643,20.300477211139643,20.300477211139643,20.300477211139643,62.869388417575685,68.71681017043792,52.56766472842407,89.5582910734679,31.364219832705636,35.33058165385903,28.71156851630831,32.570801998985885,59.990475434498286,24.420896078753053,20.300477211139643,20.300477211139643,
20.300477211139643,20.300477211139643,20.300477211139643,20.300477211139643,20.300477211139643,20.300477211139643,20.300477211139643,20.300477211139643,20.300477211139643,20.300477211139643,20.300477211139643,20.300477211139643,20.300477211139643,66.15557421714364,118.6869130668303,85.33088538155454,102.83816169107652,68.71681017043792,89.44584954037835,85.1170762342473,65.13800733826604,73.10071330509905,89.5582910734679,20.300477211139643,
20.300477211139643,20.300477211139643,20.300477211139643,20.300477211139643,20.300477211139643,20.300477211139643,20.300477211139643,20.300477211139643,20.300477211139643,20.300477211139643,20.300477211139643,20.300477211139643,55.93620808563984,44.11632350955823,94.41906587125293,62.03716124227478,28.948229652260256,26.386023236217735,32.570801998985885,68.71681017043792,94.41906587125293,142.6918357860743,134.24365906812878,31.432467291003423,
20.300477211139643,20.300477211139643,20.300477211139643,20.300477211139643,20.300477211139643,20.300477211139643,20.300477211139643,20.300477211139643,20.300477211139643,20.300477211139643,20.300477211139643,20.300477211139643,133.8569665725322,89.5582910734679,72.17835053334403,65.13800733826604,27.422919773897522,129.0410141518321,61.78659509418959,85.33088538155454,90.64082965198409,133.8569665725322,91.15691599288193,68.71681017043792,
20.300477211139643,20.300477211139643,20.300477211139643,20.300477211139643,20.300477211139643,20.300477211139643,20.300477211139643,20.300477211139643,20.300477211139643,20.300477211139643,20.300477211139643,20.300477211139643,146.53554745066697,20.300477211139643,79.09435293790996,74.80259735750204,181.02670152954417,20.300477211139643,32.570801998985885,94.41906587125293,89.5582910734679,20.300477211139643,89.5148963394734,32.570801998985885,
20.300477211139643,20.300477211139643,20.300477211139643,20.300477211139643,20.300477211139643,20.300477211139643,20.300477211139643,20.300477211139643,20.300477211139643,20.300477211139643,20.300477211139643,20.300477211139643,58.00939579068204,85.77505464877302,20.300477211139643,28.948229652260256,83.36016234789054,20.392630409047285,65.67887244551542,90.72807356785073,57.133615324080445,68.09816443928572,129.486244443184,53.99470873547307,
20.300477211139643,20.300477211139643,20.300477211139643,20.300477211139643,20.300477211139643,20.300477211139643,20.300477211139643,20.300477211139643,20.300477211139643,20.300477211139643,20.300477211139643,20.300477211139643,59.464274989274024,24.24871130596428,20.300477211139643,146.53554745066697,20.300477211139643,59.175284415998256,28.948229652260256,20.300477211139643,176.78423760807033,28.948229652260256,61.97464919511157,89.5582910734679,
20.300477211139643,20.300477211139643,20.300477211139643,20.300477211139643,20.300477211139643,20.300477211139643,20.300477211139643,20.300477211139643,20.300477211139643,20.300477211139643,20.300477211139643,20.300477211139643,20.300477211139643,133.8569665725322,85.26757883275448,61.042790092051185,92.0,20.300477211139643,88.20294779654475,145.6727840057984,32.570801998985885,120.08806292526688,62.21133337262592,93.55167912264679,
20.300477211139643,20.300477211139643,20.300477211139643,20.300477211139643,20.300477211139643,20.300477211139643,20.300477211139643,20.300477211139643,20.300477211139643,20.300477211139643,20.300477211139643,20.300477211139643,28.948229652260256,30.624489791668367,61.97464919511157,65.66772418776213,24.614210834394022,24.614210834394022,65.03012122598778,46.92663822393418,89.5582910734679,89.79246906060663,121.86779722305643,61.74833716673788,
20.300477211139643,20.300477211139643,20.300477211139643,20.300477211139643,20.300477211139643,20.300477211139643,20.300477211139643,20.300477211139643,20.300477211139643,20.300477211139643,20.300477211139643,20.300477211139643,65.13800733826604,24.684678108764825,30.225971861960037,61.78659509418959,22.612680808195506,74.41006076369743,74.57989005087096,126.17987161191755,32.570801998985885,35.08716823854556,160.078691586357,20.300477211139643,
20.300477211139643,20.300477211139643,20.300477211139643,20.300477211139643,20.300477211139643,20.300477211139643,20.300477211139643,20.300477211139643,20.300477211139643,20.300477211139643,20.300477211139643,20.300477211139643,28.948229652260256,100.51326612276942,133.8569665725322,89.51640911028548,160.078691586357,146.53554745066697,35.78560290116683,46.92663822393418,172.72714513551907,133.8569665725322,20.300477211139643,20.300477211139643,
20.300477211139643,20.300477211139643,20.300477211139643,20.300477211139643,20.300477211139643,20.300477211139643,20.300477211139643,20.300477211139643,20.300477211139643,20.300477211139643,20.300477211139643,20.300477211139643,95.95707373612431,127.87461306555991,62.48885614937389,20.300477211139643,51.062308751171834,146.53554745066697,26.916351907344353,32.570801998985885,20.300477211139643,20.300477211139643,94.41906587125293,20.300477211139643,
20.300477211139643,20.300477211139643,20.300477211139643,20.300477211139643,20.300477211139643,20.300477211139643,20.300477211139643,20.300477211139643,20.300477211139643,20.300477211139643,20.300477211139643,20.300477211139643,76.90849541283893,48.74679476642541,26.139816372729168,143.4649347401657,73.73375527305433,20.300477211139643,74.57989005087096,28.948229652260256,32.767209218973775,26.916351907344353,61.98156407928317,61.98156407928317,
20.300477211139643,20.300477211139643,20.300477211139643,20.300477211139643,20.300477211139643,20.300477211139643,20.300477211139643,20.300477211139643,20.300477211139643,20.300477211139643,20.300477211139643,20.300477211139643,61.98156407928317,172.72714513551907,46.7221574844313,95.17188397841035,58.867081916240195,65.13800733826604,28.948229652260256,20.300477211139643,65.77450656816602,76.90849541283893,20.300477211139643,20.300477211139643,
20.300477211139643,20.300477211139643,20.300477211139643,20.300477211139643,20.300477211139643,20.300477211139643,20.300477211139643,20.300477211139643,20.300477211139643,20.300477211139643,20.300477211139643,20.300477211139643,85.26757883275448,67.98958253536591,24.98218114977153,74.57989005087096,29.642312100554282,89.5582910734679,60.23088908525259,117.28154159969078,83.20606949015198,146.53554745066697,31.432467291003423,163.54108810938,
20.300477211139643,20.300477211139643,20.300477211139643,20.300477211139643,20.300477211139643,20.300477211139643,20.300477211139643,20.300477211139643,20.300477211139643,20.300477211139643,20.300477211139643,20.300477211139643,153.18187719178792,172.6576574226196,32.570801998985885,68.43671042162484,92.26787089772908,74.57989005087096,65.13800733826604,133.8569665725322,91.12765771158611,121.90389657430971,74.41006076369743,21.85304453744502,
20.300477211139643,20.300477211139643,20.300477211139643,20.300477211139643,20.300477211139643,20.300477211139643,20.300477211139643,20.300477211139643,20.300477211139643,20.300477211139643,20.300477211139643,20.300477211139643,86.8192566965033,89.5582910734679,119.98619712283576,20.300477211139643,62.03716124227478,27.980151695244416,20.300477211139643,95.17188397841035,23.040385738958452,20.300477211139643,59.388214319004405,24.684678108764825,
20.300477211139643,20.300477211139643,20.300477211139643,20.300477211139643,20.300477211139643,20.300477211139643,20.300477211139643,20.300477211139643,20.300477211139643,20.300477211139643,20.300477211139643,20.300477211139643,65.67533783696891,110.80613701415639,72.37600233700196,20.300477211139643,76.59608345078748,20.300477211139643,89.5582910734679,172.72714513551907,23.040385738958452,172.53598658444176,100.89443740861039,28.10399812738041,
20.300477211139643,20.300477211139643,20.300477211139643,20.300477211139643,20.300477211139643,20.300477211139643,20.300477211139643,20.300477211139643,20.300477211139643,20.300477211139643,20.300477211139643,20.300477211139643,68.09816443928572,20.300477211139643,80.4238770515324,28.948229652260256,48.74679476642541,49.57401873293443,118.69112575644961,66.47525855534523,27.860141779969464,107.61040841851685,20.300477211139643,83.98325726000391,
20.300477211139643,20.300477211139643,20.300477211139643,20.300477211139643,20.300477211139643,20.300477211139643,20.300477211139643,20.300477211139643,20.300477211139643,20.300477211139643,20.300477211139643,20.300477211139643,64.63966053659097,133.8569665725322,93.13087565356614,135.44356758443718,77.36655177357547,89.5148963394734,106.25892903657555,110.80613701415639,60.53188725787426,87.0451442807532,32.570801998985885,133.8569665725322,
20.300477211139643,20.300477211139643,20.300477211139643,20.300477211139643,20.300477211139643,20.300477211139643,20.300477211139643,20.300477211139643,20.300477211139643,20.300477211139643,20.300477211139643,20.300477211139643,26.923781309466914,126.08826273686223,28.303533348329495,77.01677306491965,20.300477211139643,31.364219832705636,20.300477211139643,30.511073724710357,20.300477211139643,89.5582910734679,77.66715843907257,74.57989005087096,
20.300477211139643,20.300477211139643,20.300477211139643,20.300477211139643,20.300477211139643,20.300477211139643,20.300477211139643,20.300477211139643,20.300477211139643,20.300477211139643,20.300477211139643,20.300477211139643,117.28154159969078,32.570801998985885,74.90756208249509,83.2941574581715,73.86624548616386,25.867795753462588,48.47844882006849,83.54106400447627,100.89443740861039,126.18938148671621,20.300477211139643,22.612680808195506,
20.300477211139643,20.300477211139643,20.300477211139643,20.300477211139643,20.300477211139643,20.300477211139643,20.300477211139643,20.300477211139643,20.300477211139643,20.300477211139643,20.300477211139643,20.300477211139643,144.7141579113806,32.570801998985885,133.8569665725322,136.25221710734348,32.570801998985885,31.432467291003423,67.82022805427104,94.41906587125293,20.300477211139643,85.48075806870222,32.570801998985885,87.3691020899265,
20.300477211139643,20.300477211139643,20.300477211139643,20.300477211139643,20.300477211139643,20.300477211139643,20.300477211139643,20.300477211139643,20.300477211139643,20.300477211139643,20.300477211139643,20.300477211139643,80.59776671843954,32.570801998985885,85.39648704718479,63.017358719641685,29.743346594938956,125.96729734339782,65.13800733826604,43.37337893224368,62.03716124227478,20.300477211139643,37.5,65.29080248311311,
20.300477211139643,20.300477211139643,20.300477211139643,20.300477211139643,20.300477211139643,20.300477211139643,20.300477211139643,20.300477211139643,20.300477211139643,20.300477211139643,20.300477211139643,20.300477211139643,21.85304453744502,61.82704370526973,65.13800733826604,23.040385738958452,131.22753776043604,68.71681017043792,71.32383893201487,20.300477211139643,67.98958253536591,68.71681017043792,145.47229117601742,36.206583195141,
20.300477211139643,20.300477211139643,20.300477211139643,20.300477211139643,20.300477211139643,20.300477211139643,20.300477211139643,20.300477211139643,20.300477211139643,20.300477211139643,20.300477211139643,20.300477211139643,114.47515014185392,152.07296768328024,65.67533783696891,88.40637703242906,68.88335551253776,65.67533783696891,64.8074069840786,25.867795753462588,133.74485971430826,85.8799161620457,20.300477211139643,134.24365906812878,
20.300477211139643,20.300477211139643,20.300477211139643,20.300477211139643,20.300477211139643,20.300477211139643,20.300477211139643,20.300477211139643,20.300477211139643,20.300477211139643,20.300477211139643,20.300477211139643,66.15557421714364,133.8569665725322,55.637127891364045,20.300477211139643,32.570801998985885,66.73767052172758,32.94858684374794,48.74679476642541,85.64544854890339,53.99470873547307,20.300477211139643,24.684678108764825,
20.300477211139643,20.300477211139643,20.300477211139643,20.300477211139643,20.300477211139643,20.300477211139643,20.300477211139643,20.300477211139643,20.300477211139643,20.300477211139643,20.300477211139643,20.300477211139643,20.300477211139643,28.303533348329495,24.684678108764825,120.0236955771651,142.6918357860743,94.41906587125293,118.96042759394123,20.300477211139643,28.948229652260256,74.57989005087096,80.05847862656397,94.09442066350161,
20.300477211139643,20.300477211139643,20.300477211139643,20.300477211139643,20.300477211139643,20.300477211139643,20.300477211139643,20.300477211139643,20.300477211139643,20.300477211139643,20.300477211139643,20.300477211139643,24.614210834394022,22.96715045450785,32.570801998985885,26.916351907344353,27.980151695244416,146.53554745066697,65.13800733826604,24.009257473825475,58.642277127228496,56.932321717969195,80.48453267553958,33.87166957798213,
20.300477211139643,20.300477211139643,20.300477211139643,20.300477211139643,20.300477211139643,20.300477211139643,20.300477211139643,20.300477211139643,20.300477211139643,20.300477211139643,20.300477211139643,20.300477211139643,93.55167912264679,40.860853821230904,33.824685881763926,60.23088908525259,136.25221710734348,20.300477211139643,65.67533783696891,20.300477211139643,28.948229652260256,81.81295740895814,140.5,20.300477211139643,
20.300477211139643,20.300477211139643,20.300477211139643,20.300477211139643,20.300477211139643,20.300477211139643,20.300477211139643,20.300477211139643,20.300477211139643,20.300477211139643,20.300477211139643,20.300477211139643,20.300477211139643,46.92663822393418,32.94858684374794,20.300477211139643,160.078691586357,69.73009188496538,89.5582910734679,26.916351907344353,83.20606949015198,160.078691586357,23.040385738958452,20.300477211139643,
20.300477211139643,20.300477211139643,20.300477211139643,20.300477211139643,20.300477211139643,20.300477211139643,20.300477211139643,20.300477211139643,20.300477211139643,20.300477211139643,20.300477211139643,20.300477211139643,62.21133337262592,74.57989005087096,74.90756208249509,32.570801998985885,76.90849541283893,85.33088538155454,32.876425824593525,61.78659509418959,37.62597886719076,91.07643310245886,100.89443740861039,131.28666154640388,
20.300477211139643,20.300477211139643,20.300477211139643,20.300477211139643,20.300477211139643,20.300477211139643,20.300477211139643,20.300477211139643,20.300477211139643,20.300477211139643,20.300477211139643,20.300477211139643,85.33088538155454,65.13800733826604,35.78560290116683,107.73931501545756,38.41691521973101,78.87701397323134,108.16971618711034,20.300477211139643,20.300477211139643,79.63129320275326,85.03479679911435,45.40925015897091,
20.300477211139643,20.300477211139643,20.300477211139643,20.300477211139643,20.300477211139643,20.300477211139643,20.300477211139643,20.300477211139643,20.300477211139643,20.300477211139643,20.300477211139643,20.300477211139643,20.300477211139643,55.3052137385497,91.16254370628323,32.570801998985885,120.85399248680203,90.78867403665137,152.07296768328024,64.69930447848725,104.7911613639242,173.9482681718907,63.715887231633886,24.606706402930076,
20.300477211139643,20.300477211139643,20.300477211139643,20.300477211139643,20.300477211139643,20.300477211139643,20.300477211139643,20.300477211139643,20.300477211139643,20.300477211139643,20.300477211139643,20.300477211139643,26.920066864701507,65.13800733826604,75.42519472961274,24.24871130596428,20.392630409047285,32.570801998985885,23.040385738958452,89.56515319401105,20.300477211139643,55.175084956889734,20.300477211139643,94.29134182339936,
20.300477211139643,20.300477211139643,20.300477211139643,20.300477211139643,20.300477211139643,20.300477211139643,20.300477211139643,20.300477211139643,20.300477211139643,20.300477211139643,20.300477211139643,20.300477211139643,74.57989005087096,35.78560290116683,37.5,53.99470873547307,20.300477211139643,84.8831129091226,93.77999520153539,87.3691020899265,110.80613701415639,20.300477211139643,32.570801998985885,95.95707373612431,
20.300477211139643,20.300477211139643,20.300477211139643,20.300477211139643,20.300477211139643,20.300477211139643,20.300477211139643,20.300477211139643,20.300477211139643,20.300477211139643,20.300477211139643,20.300477211139643,20.300477211139643,28.948229652260256,82.85039227426748,28.948229652260256,30.511073724710357,20.300477211139643,20.300477211139643,128.92124533993612,28.108884271703136,89.5582910734679,88.40637703242906,32.570801998985885,
20.300477211139643,20.300477211139643,20.300477211139643,20.300477211139643,20.300477211139643,20.300477211139643,20.300477211139643,20.300477211139643,20.300477211139643,20.300477211139643,20.300477211139643,20.300477211139643,81.71511488090805,63.291073620219144,163.5502598591638,80.05847862656397,32.570801998985885,106.39509700482756,62.67575288738062,70.88219603176607,68.83978985054114,20.300477211139643,20.300477211139643,53.99470873547307,
20.300477211139643,20.300477211139643,20.300477211139643,20.300477211139643,20.300477211139643,20.300477211139643,20.300477211139643,20.300477211139643,20.300477211139643,20.300477211139643,20.300477211139643,20.300477211139643,83.80419355344252,77.01677306491965,119.98619712283576,125.73657980078828,32.570801998985885,74.26697336860667,131.22753776043604,32.570801998985885,66.63332499583073,28.11370066869988,40.860853821230904,83.20606949015198,
20.300477211139643,20.300477211139643,20.300477211139643,20.300477211139643,20.300477211139643,20.300477211139643,20.300477211139643,20.300477211139643,20.300477211139643,20.300477211139643,20.300477211139643,20.300477211139643,20.300477211139643,80.05847862656397,28.108884271703136,20.300477211139643,117.24060729968946,62.03716124227478,30.74627348693388,24.684678108764825,80.05847862656397,146.53554745066697,74.40150088091862,105.0759725151283,
20.300477211139643,20.300477211139643,20.300477211139643,20.300477211139643,20.300477211139643,20.300477211139643,20.300477211139643,20.300477211139643,20.300477211139643,20.300477211139643,20.300477211139643,20.300477211139643,23.77673933350268,69.01999710228914,74.28043708361801,34.592042076177,119.98619712283576,32.570801998985885,53.99470873547307,173.9482681718907,33.824685881763926,20.300477211139643,20.300477211139643,58.56620185738529,
20.300477211139643,20.300477211139643,20.300477211139643,20.300477211139643,20.300477211139643,20.300477211139643,20.300477211139643,20.300477211139643,20.300477211139643,20.300477211139643,20.300477211139643,20.300477211139643,80.05847862656397,60.26423298920992,65.66772418776213,53.99470873547307,24.614210834394022,34.94161797436785,126.18938148671621,89.5582910734679,24.711670657134185,89.5582910734679,28.108884271703136,73.78647873726219,
20.300477211139643,20.300477211139643,20.300477211139643,20.300477211139643,20.300477211139643,20.300477211139643,20.300477211139643,20.300477211139643,20.300477211139643,20.300477211139643,20.300477211139643,20.300477211139643,20.300477211139643,24.684678108764825,95.95707373612431,134.24365906812878,89.5582910734679,51.425765672472004,142.6918357860743,89.23766021137041,65.36245099443563,35.78560290116683,50.76990578416837,20.300477211139643,
20.300477211139643,20.300477211139643,20.300477211139643,20.300477211139643,20.300477211139643,20.300477211139643,20.300477211139643,20.300477211139643,20.300477211139643,20.300477211139643,20.300477211139643,20.300477211139643,64.32231339123307,20.300477211139643,55.67251181174217,136.25221710734348,20.300477211139643,184.55532142603383,20.300477211139643,65.13800733826604,32.570801998985885,20.300477211139643,20.392630409047285,89.5582910734679,
20.300477211139643,20.300477211139643,20.300477211139643,20.300477211139643,20.300477211139643,20.300477211139643,20.300477211139643,20.300477211139643,20.300477211139643,20.300477211139643,20.300477211139643,20.300477211139643,20.300477211139643,20.300477211139643,64.18535658543934,129.29810516786392,59.86890440191564,56.26214154676812,95.95707373612431,20.300477211139643,76.78775537154345,20.300477211139643,62.983463438164996,119.99453112538087,
20.300477211139643,20.300477211139643,20.300477211139643,20.300477211139643,20.300477211139643,20.300477211139643,20.300477211139643,20.300477211139643,20.300477211139643,20.300477211139643,20.300477211139643,20.300477211139643,89.85126598996811,62.03716124227478,53.79856609878849,133.8569665725322,25.867795753462588,119.20826051494922,161.23953454410614,20.300477211139643,158.92195411584896,20.392630409047285,133.8569665725322,46.62378982641563,
20.300477211139643,20.300477211139643,20.300477211139643,20.300477211139643,20.300477211139643,20.300477211139643,20.300477211139643,20.300477211139643,20.300477211139643,20.300477211139643,20.300477211139643,20.300477211139643,52.683541600347596,61.98156407928317,74.57989005087096,104.7911613639242,65.29080248311311,68.09816443928572,32.570801998985885,83.69802491695965,62.6553070377921,31.432467291003423,20.300477211139643,65.36245099443563,
20.300477211139643,20.300477211139643,20.300477211139643,20.300477211139643,20.300477211139643,20.300477211139643,20.300477211139643,20.300477211139643,20.300477211139643,20.300477211139643,20.300477211139643,20.300477211139643,53.99470873547307,65.67533783696891,20.300477211139643,72.76921996970972,32.570801998985885,20.300477211139643,20.300477211139643,90.78867403665137,99.6975896147946,28.108884271703136,20.300477211139643,65.67533783696891,
20.300477211139643,20.300477211139643,20.300477211139643,20.300477211139643,20.300477211139643,20.300477211139643,20.300477211139643,20.300477211139643,20.300477211139643,20.300477211139643,20.300477211139643,20.300477211139643,36.33792019976438,142.6918357860743,94.41906587125293,60.53188725787426,66.0033669174872,37.721567659187585,65.67533783696891,20.300477211139643,108.18898808500403,20.300477211139643,32.570801998985885,28.948229652260256,
20.300477211139643,20.300477211139643,20.300477211139643,20.300477211139643,20.300477211139643,20.300477211139643,20.300477211139643,20.300477211139643,20.300477211139643,20.300477211139643,20.300477211139643,20.300477211139643,31.432467291003423,133.74485971430826,61.78659509418959,88.40637703242906,65.13800733826604,63.8416791759114,24.614210834394022,176.8238294649979,20.392630409047285,73.86624548616386,46.92663822393418,133.8569665725322,
20.300477211139643,20.300477211139643,20.300477211139643,20.300477211139643,20.300477211139643,20.300477211139643,20.300477211139643,20.300477211139643,20.300477211139643,20.300477211139643,20.300477211139643,20.300477211139643,133.59859031192408,153.18187719178792,71.56415703009833,90.78867403665137,95.95707373612431,20.300477211139643,32.570801998985885,20.300477211139643,63.8416791759114,74.57989005087096,75.9314383726091,147.52520971006956,
20.300477211139643,20.300477211139643,20.300477211139643,20.300477211139643,20.300477211139643,20.300477211139643,20.300477211139643,20.300477211139643,20.300477211139643,20.300477211139643,20.300477211139643,20.300477211139643,20.300477211139643,100.89443740861039,152.07296768328024,26.386023236217735,94.41906587125293,32.570801998985885,30.648970211085395,37.53477554215557,20.300477211139643,97.40718659318725,82.16209208022882,66.5432190384565,
20.300477211139643,20.300477211139643,20.300477211139643,20.300477211139643,20.300477211139643,20.300477211139643,20.300477211139643,20.300477211139643,20.300477211139643,20.300477211139643,20.300477211139643,20.300477211139643,176.78423760807033,28.948229652260256,154.44308552559636,37.12626260479231,144.29721930792707,26.139816372729168,79.35633920127977,127.87461306555991,24.684678108764825,129.486244443184,31.432467291003423,20.300477211139643,
20.300477211139643,20.300477211139643,20.300477211139643,20.300477211139643,20.300477211139643,20.300477211139643,20.300477211139643,20.300477211139643,20.300477211139643,20.300477211139643,20.300477211139643,20.300477211139643,98.67400873583681,110.80613701415639,36.98916526643225,32.41784488004511,57.90879528559174,161.23953454410614,89.5582910734679,28.948229652260256,94.41906587125293,20.300477211139643,20.300477211139643,146.53554745066697,
20.300477211139643,20.300477211139643,20.300477211139643,20.300477211139643,20.300477211139643,20.300477211139643,20.300477211139643,20.300477211139643,20.300477211139643,20.300477211139643,20.300477211139643,20.300477211139643,37.5,98.45134161943486,20.300477211139643,20.300477211139643,144.29721930792707,83.7598608267366,76.56767839630506,86.90751789498229,154.44308552559636,28.108884271703136,64.59811658761164,24.711670657134185,
20.300477211139643,20.300477211139643,20.300477211139643,20.300477211139643,20.300477211139643,20.300477211139643,20.300477211139643,20.300477211139643,20.300477211139643,20.300477211139643,20.300477211139643,20.300477211139643,134.24365906812878,20.300477211139643,61.98156407928317,32.188652891974215,20.300477211139643,34.111719027337216,110.80613701415639,20.300477211139643,20.300477211139643,26.916351907344353,161.23953454410614,94.41906587125293,
20.300477211139643,20.300477211139643,20.300477211139643,20.300477211139643,20.300477211139643,20.300477211139643,20.300477211139643,20.300477211139643,20.300477211139643,20.300477211139643,20.300477211139643,20.300477211139643,74.53802161760578,68.71681017043792,28.948229652260256,20.300477211139643,76.90849541283893,119.98619712283576,32.570801998985885,65.66772418776213,111.90481446300691,35.78560290116683,32.570801998985885,146.53554745066697,
20.300477211139643,20.300477211139643,20.300477211139643,20.300477211139643,20.300477211139643,20.300477211139643,20.300477211139643,20.300477211139643,20.300477211139643,20.300477211139643,20.300477211139643,20.300477211139643,24.606706402930076,134.24365906812878,102.757907238324,61.98156407928317,26.386023236217735,85.33088538155454,20.300477211139643,32.570801998985885,65.67533783696891,120.46101918403788,76.90849541283893,98.45134161943486,
20.300477211139643,20.300477211139643,20.300477211139643,20.300477211139643,20.300477211139643,20.300477211139643,20.300477211139643,20.300477211139643,20.300477211139643,20.300477211139643,20.300477211139643,20.300477211139643,85.08635319485728,146.53554745066697,79.50920881076786,118.69112575644961,142.6918357860743,20.300477211139643,24.711670657134185,20.300477211139643,82.67320832651893,32.570801998985885,20.300477211139643,32.570801998985885,
20.300477211139643,20.300477211139643,20.300477211139643,20.300477211139643,20.300477211139643,20.300477211139643,20.300477211139643,20.300477211139643,20.300477211139643,20.300477211139643,20.300477211139643,20.300477211139643,144.7141579113806,134.24365906812878,85.33088538155454,24.711670657134185,102.757907238324,32.971341722774945,20.300477211139643,20.300477211139643,28.108884271703136,28.108884271703136,24.684678108764825,51.425765672472004,
20.300477211139643,20.300477211139643,20.300477211139643,20.300477211139643,20.300477211139643,20.300477211139643,20.300477211139643,20.300477211139643,20.300477211139643,20.300477211139643,20.300477211139643,20.300477211139643,20.300477211139643,20.300477211139643,22.808380526074668,68.71681017043792,20.300477211139643,73.73375527305433,85.33088538155454,61.97464919511157,157.23290845112547,89.28471313724427,20.300477211139643,74.59836906170716,
20.300477211139643,20.300477211139643,20.300477211139643,20.300477211139643,20.300477211139643,20.300477211139643,20.300477211139643,20.300477211139643,20.300477211139643,20.300477211139643,20.300477211139643,20.300477211139643,28.948229652260256,20.300477211139643,28.108884271703136,100.01804524684533,20.300477211139643,66.61050968128077,79.35633920127977,85.03479679911435,36.206583195141,63.04908801878105,59.388214319004405,32.570801998985885,
20.300477211139643,20.300477211139643,20.300477211139643,20.300477211139643,20.300477211139643,20.300477211139643,20.300477211139643,20.300477211139643,20.300477211139643,20.300477211139643,20.300477211139643,20.300477211139643,20.300477211139643,144.7141579113806,20.300477211139643,133.74485971430826,98.45134161943486,160.48052841388576,142.6918357860743,24.807832864411424,56.50884886458049,28.948229652260256,20.300477211139643,20.300477211139643,
20.300477211139643,20.300477211139643,20.300477211139643,20.300477211139643,20.300477211139643,20.300477211139643,20.300477211139643,20.300477211139643,20.300477211139643,20.300477211139643,20.300477211139643,20.300477211139643,20.300477211139643,46.92663822393418,134.24365906812878,20.300477211139643,20.300477211139643,24.684678108764825,60.174053101537595,63.04908801878105,28.11370066869988,35.858881396384916,63.69121939931303,20.300477211139643,
20.300477211139643,20.300477211139643,20.300477211139643,20.300477211139643,20.300477211139643,20.300477211139643,20.300477211139643,20.300477211139643,20.300477211139643,20.300477211139643,20.300477211139643,20.300477211139643,32.570801998985885,20.300477211139643,60.78946763214825,76.48600770729244,76.90849541283893,57.133615324080445,145.43275937697118,24.476746334247757,102.83816169107652,146.53554745066697,31.973203065781732,84.80713413386871,
20.300477211139643,20.300477211139643,20.300477211139643,20.300477211139643,20.300477211139643,20.300477211139643,20.300477211139643,20.300477211139643,20.300477211139643,20.300477211139643,20.300477211139643,20.300477211139643,64.11643055151049,79.09435293790996,126.18938148671621,81.01675311757616,37.190201815950275,20.300477211139643,35.08716823854556,81.71511488090805,83.71236467810475,65.54048791056988,119.27514409968238,133.8569665725322,
20.300477211139643,20.300477211139643,20.300477211139643,20.300477211139643,20.300477211139643,20.300477211139643,20.300477211139643,20.300477211139643,20.300477211139643,20.300477211139643,20.300477211139643,20.300477211139643,68.83978985054114,32.570801998985885,59.86890440191564,50.65816814690401,68.51946195546684,61.74833716673788,53.99470873547307,65.66772418776213,144.3024168196777,51.24058580008717,20.300477211139643,62.6553070377921,
