207.72150158859873,78.66494034515105,72.64850690520457,104.0702136780741,65.70773297595578,142.63054449248318,178.24764296400167,88.22334937532128,66.17483944068168,179.92689487678044,106.99700638335635,116.01158347337562,146.09519347177564,58.012313963748866,147.24455847330998,167.96335165743747,105.70173670691103,137.04743704279917,81.52125051613405,188.46667477302188,94.07747567070149,77.92694896504032,64.78098786595407,105.55790933048182,
58.012313963748866,64.78098786595407,65.70773297595578,66.17483944068168,72.64850690520457,77.92694896504032,78.66494034515105,81.52125051613405,88.22334937532128,94.07747567070149,104.0702136780741,105.55790933048182,76.57257586760419,81.82036072134753,75.89278151256735,66.0367862850483,78.10779988174589,136.7909353721949,159.19974874352033,146.94815412246592,149.9803632979998,58.09352066157759,150.43855888700875,158.68257623318323,
58.012313963748866,58.09352066157759,64.78098786595407,65.70773297595578,66.0367862850483,66.17483944068168,72.64850690520457,75.89278151256735,76.57257586760419,77.92694896504032,78.10779988174589,78.66494034515105,75.89278151256735,91.37544649533714,178.24764296400167,66.0367862850483,60.42705165262137,70.52190328525747,60.44906947174621,77.40387587194843,179.7196118649517,153.9077950430062,57.54828890206516,113.96134212968887,
57.54828890206516,58.012313963748866,58.09352066157759,60.42705165262137,60.44906947174621,64.78098786595407,65.70773297595578,66.0367862850483,66.0367862850483,66.17483944068168,70.52190328525747,72.64850690520457,65.25035919441363,55.43851162710423,66.0367862850483,76.10590893616606,78.17774619416961,133.30457372123433,99.14781893718084,59.55069868847648,58.09352066157759,111.01850915500532,192.41974950612527,75.36249845141485,
55.43851162710423,57.54828890206516,58.012313963748866,58.09352066157759,58.09352066157759,59.55069868847648,60.42705165262137,60.44906947174621,64.78098786595407,65.25035919441363,65.70773297595578,66.0367862850483,94.89236007182033,58.09352066157759,68.62422276876646,178.24764296400167,54.63123125622768,167.96335165743747,108.23187556763898,108.90448796996385,60.42705165262137,87.05119024012379,159.2111412558807,92.75628493564051,
54.63123125622768,55.43851162710423,57.54828890206516,58.012313963748866,58.09352066157759,58.09352066157759,58.09352066157759,59.55069868847648,60.42705165262137,60.42705165262137,60.44906947174621,64.78098786595407,99.93067041148522,62.522715871913306,68.33256063528724,82.31277456836732,76.18220523889899,57.79520494198212,121.92814368398389,58.09352066157759,106.49614345800777,62.431676941391586,112.89237131002254,98.07868561226017,
54.63123125622768,55.43851162710423,57.54828890206516,57.79520494198212,58.012313963748866,58.09352066157759,58.09352066157759,58.09352066157759,58.09352066157759,59.55069868847648,60.42705165262137,60.42705165262137,58.09352066157759,71.09753423994394,57.54828890206516,87.94963836701596,110.9525674431296,158.68257623318323,57.54828890206516,118.17173943037312,52.06528006675612,56.022069064094936,99.43936594729473,64.42936331474071,
52.06528006675612,54.63123125622768,55.43851162710423,56.022069064094936,57.54828890206516,57.54828890206516,57.54828890206516,57.79520494198212,58.012313963748866,58.09352066157759,58.09352066157759,58.09352066157759,57.54828890206516,83.1874990608565,179.13838226354508,97.30950050683072,80.80693039585157,94.8286466328726,106.09693680780799,58.09352066157759,102.49321623892969,99.11703940292001,94.58579291956177,57.54828890206516,
52.06528006675612,54.63123125622768,55.43851162710423,56.022069064094936,57.54828890206516,57.54828890206516,57.54828890206516,57.54828890206516,57.54828890206516,57.79520494198212,58.012313963748866,58.09352066157759,142.0905144114634,58.012313963748866,57.54828890206516,55.902941683679664,52.068772069191226,55.43851162710423,86.60808276367744,61.11578264972878,65.10637070343302,62.8101056757589,53.7144585335788,85.14756099182843,
52.06528006675612,52.068772069191226,53.7144585335788,54.63123125622768,55.43851162710423,55.43851162710423,55.902941683679664,56.022069064094936,57.54828890206516,57.54828890206516,57.54828890206516,57.54828890206516,99.59397572142605,51.066231503802975,76.7190038748911,139.02225541257775,119.91304720041472,158.3625192398757,54.63123125622768,90.4185858170599,145.9238157395838,50.37663700124846,52.068772069191226,154.39944138499985,
50.37663700124846,51.066231503802975,52.06528006675612,52.068772069191226,52.068772069191226,53.7144585335788,54.63123125622768,54.63123125622768,55.43851162710423,55.43851162710423,55.902941683679664,56.022069064094936,131.67926401460699,137.00715309793134,72.02562044161786,167.96335165743747,63.05307288308794,191.98225829487473,57.54828890206516,54.63123125622768,108.35038327369014,154.36705445139518,118.17173943037312,171.08093844727412,
50.37663700124846,51.066231503802975,52.06528006675612,52.068772069191226,52.068772069191226,53.7144585335788,54.63123125622768,54.63123125622768,54.63123125622768,55.43851162710423,55.43851162710423,55.902941683679664,136.51699527897617,65.71801231669399,54.63123125622768,176.41360491753463,70.24592514872303,62.15592791520371,55.43851162710423,80.6379080967644,145.0800545292916,104.98843473721965,136.83917567714298,130.44868483430562,
50.37663700124846,51.066231503802975,52.06528006675612,52.068772069191226,52.068772069191226,53.7144585335788,54.63123125622768,54.63123125622768,54.63123125622768,54.63123125622768,55.43851162710423,55.43851162710423,62.025308454604954,77.0826076041913,50.37663700124846,51.066231503802975,63.88747432008876,78.80355321938218,65.3299318842443,145.0800545292916,66.72793480957294,63.59555850630133,53.13056693521294,167.96335165743747,
50.37663700124846,50.37663700124846,51.066231503802975,51.066231503802975,52.06528006675612,52.068772069191226,52.068772069191226,53.13056693521294,53.7144585335788,54.63123125622768,54.63123125622768,54.63123125622768,125.10984062903374,176.1254098646757,95.50439780449902,167.85948157776357,63.86593100282139,64.01870868526164,61.83437555276191,158.35944646819868,119.73953213352537,90.9316855038519,154.36705445139518,96.58919309230315,
50.37663700124846,50.37663700124846,51.066231503802975,51.066231503802975,52.06528006675612,52.068772069191226,52.068772069191226,53.13056693521294,53.7144585335788,54.63123125622768,54.63123125622768,54.63123125622768,98.55356693471603,118.39155375279101,96.65448773854217,54.63123125622768,51.474036065660215,49.46778475326201,77.4519564346541,151.29229987015202,147.24455847330998,51.066231503802975,59.55551506787596,98.76668032720926,
49.46778475326201,50.37663700124846,50.37663700124846,51.066231503802975,51.066231503802975,51.066231503802975,51.474036065660215,52.06528006675612,52.068772069191226,52.068772069191226,53.13056693521294,53.7144585335788,96.58919309230315,154.0493021730381,63.98507638504466,72.02562044161786,119.70667274634276,158.70456480167448,51.066231503802975,76.16224458352052,51.066231503802975,96.58919309230315,60.5404233313813,82.1784034889946,
49.46778475326201,50.37663700124846,50.37663700124846,51.066231503802975,51.066231503802975,51.066231503802975,51.066231503802975,51.066231503802975,51.474036065660215,52.06528006675612,52.068772069191226,52.068772069191226,51.066231503802975,91.38821343890882,154.39944138499985,80.37105307783087,93.36258045154617,50.37663700124846,111.1510683709338,80.51619180548185,58.28001372683435,65.1700766371261,52.068772069191226,119.73953213352537,
49.46778475326201,50.37663700124846,50.37663700124846,50.37663700124846,51.066231503802975,51.066231503802975,51.066231503802975,51.066231503802975,51.066231503802975,51.066231503802975,51.474036065660215,52.06528006675612,79.10853304163844,87.10274903175495,54.46429449648641,77.45782262440822,122.30571327619981,90.53678656889818,56.29510537239351,57.17638401375947,231.5,49.45416348210013,145.0800545292916,72.5176223793607,
49.45416348210013,49.46778475326201,50.37663700124846,50.37663700124846,50.37663700124846,51.066231503802975,51.066231503802975,51.066231503802975,51.066231503802975,51.066231503802975,51.066231503802975,51.474036065660215,60.60092591885228,158.35854435877016,191.98225829487473,154.96673030040998,113.13570391348613,50.37663700124846,154.96673030040998,50.37663700124846,69.02274182390097,57.80835195329093,76.16224458352052,63.05639836685886,
49.45416348210013,49.46778475326201,50.37663700124846,50.37663700124846,50.37663700124846,50.37663700124846,50.37663700124846,51.066231503802975,51.066231503802975,51.066231503802975,51.066231503802975,51.066231503802975,54.63123125622768,49.45416348210013,60.71358076154699,105.07192477060654,50.37663700124846,77.48363882597593,76.16224458352052,73.56435472234013,50.37663700124846,119.70667274634276,154.39944138499985,49.45416348210013,
49.45416348210013,49.45416348210013,49.45416348210013,49.46778475326201,50.37663700124846,50.37663700124846,50.37663700124846,50.37663700124846,50.37663700124846,50.37663700124846,50.37663700124846,51.066231503802975,119.70667274634276,97.42155818914006,125.92135442410076,96.58919309230315,69.5039966876406,77.21213820193225,69.91251676202195,50.37663700124846,87.03884190406028,49.49997913014002,79.10853304163844,60.02380480157137,
49.45416348210013,49.45416348210013,49.45416348210013,49.46778475326201,49.49997913014002,50.37663700124846,50.37663700124846,50.37663700124846,50.37663700124846,50.37663700124846,50.37663700124846,50.37663700124846,114.1980188094347,72.49233675974924,114.1980188094347,70.87742500260573,55.58132735566221,112.16844476054753,50.37663700124846,119.73953213352537,51.89517679900513,117.77503980046028,204.94281045100252,61.87941279937183,
49.45416348210013,49.45416348210013,49.45416348210013,49.46778475326201,49.49997913014002,50.37663700124846,50.37663700124846,50.37663700124846,50.37663700124846,50.37663700124846,50.37663700124846,50.37663700124846,50.37663700124846,48.39489762053929,50.37663700124846,139.44582779304974,50.37663700124846,50.37663700124846,164.41164040298364,97.09305705556429,128.6397586285049,69.5039966876406,64.54013147978993,117.78449600860039,
48.39489762053929,49.45416348210013,49.45416348210013,49.45416348210013,49.46778475326201,49.49997913014002,50.37663700124846,50.37663700124846,50.37663700124846,50.37663700124846,50.37663700124846,50.37663700124846,76.20991154229186,167.96335165743747,57.65335829092892,198.96529219941854,154.0493021730381,194.5,50.34492596327791,167.8233818631957,49.45416348210013,76.16224458352052,51.33909309034241,100.16555739818398,
48.39489762053929,49.45416348210013,49.45416348210013,49.45416348210013,49.45416348210013,49.46778475326201,49.49997913014002,50.34492596327791,50.37663700124846,50.37663700124846,50.37663700124846,50.37663700124846,51.066231503802975,139.3060928315772,117.77503980046028,178.24764296400167,49.02458283577967,67.35064494865658,49.45416348210013,84.71633338888755,156.7078811036637,51.25533508816424,74.25598034693199,106.38987524927151,
48.39489762053929,49.02458283577967,49.45416348210013,49.45416348210013,49.45416348210013,49.45416348210013,49.45416348210013,49.46778475326201,49.49997913014002,50.34492596327791,50.37663700124846,50.37663700124846,107.45086086207034,153.55391742171722,142.35057955624907,96.99581176525098,109.71000735705798,75.87232285227599,74.18124522315019,68.4147018452279,49.45416348210013,109.34741488877157,99.56139925805694,126.02424121969551,
48.39489762053929,49.02458283577967,49.45416348210013,49.45416348210013,49.45416348210013,49.45416348210013,49.45416348210013,49.45416348210013,49.46778475326201,49.49997913014002,50.34492596327791,50.37663700124846,116.28616522279088,69.17092802580154,48.21988204872953,156.6772478696253,198.22130939936807,76.00565357261262,50.34492596327791,114.46894290107203,167.96335165743747,59.13661208497566,156.6721417483019,49.45416348210013,
48.21988204872953,48.39489762053929,49.02458283577967,49.45416348210013,49.45416348210013,49.45416348210013,49.45416348210013,49.45416348210013,49.45416348210013,49.45416348210013,49.46778475326201,49.49997913014002,51.885354388305,50.97417840343604,71.65269970489598,49.36435461112441,74.38604674680114,105.55431912391973,167.96335165743747,146.79427781763158,52.63243144208876,91.43926338772032,179.2723068407388,53.14940615848873,
48.21988204872953,48.39489762053929,49.02458283577967,49.36435461112441,49.45416348210013,49.45416348210013,49.45416348210013,49.45416348210013,49.45416348210013,49.45416348210013,49.45416348210013,49.46778475326201,140.2528329227511,95.32998245859251,50.85409412121004,101.51654729648759,47.720467889109756,105.0695454211162,59.15538331377796,167.96335165743747,156.7078811036637,48.21988204872953,87.13864158421829,114.1980188094347,
47.720467889109756,48.21988204872953,48.21988204872953,48.39489762053929,49.02458283577967,49.36435461112441,49.45416348210013,49.45416348210013,49.45416348210013,49.45416348210013,49.45416348210013,49.45416348210013,53.17602843387235,49.45416348210013,52.24452124385868,91.28911479107924,88.56981184493922,49.45416348210013,82.54610454164387,95.03931934847924,82.65272059782559,53.14940615848873,95.08359479952364,69.90569043758566,
47.720467889109756,48.21988204872953,48.21988204872953,48.39489762053929,49.02458283577967,49.36435461112441,49.45416348210013,49.45416348210013,49.45416348210013,49.45416348210013,49.45416348210013,49.45416348210013,101.28972985944824,73.17103251970687,96.16355115857864,62.41399020123217,74.92502919585684,104.51384050518313,51.15243326149235,117.78449600860039,89.3238101267269,102.06112003217592,51.25533508816424,74.96325766667294,
47.720467889109756,48.21988204872953,48.21988204872953,48.39489762053929,49.02458283577967,49.36435461112441,49.45416348210013,49.45416348210013,49.45416348210013,49.45416348210013,49.45416348210013,49.45416348210013,120.7797996355351,107.23538861508625,117.78449600860039,85.02269917498504,49.45416348210013,90.62954422104464,111.35837417994212,58.987461897906954,101.13658771680998,70.42376142211877,110.55896142157489,82.55789214578795,
47.720467889109756,48.21988204872953,48.21988204872953,48.39489762053929,49.02458283577967,49.36435461112441,49.45416348210013,49.45416348210013,49.45416348210013,49.45416348210013,49.45416348210013,49.45416348210013,91.7875808592862,124.16744966196075,158.68257623318323,164.71532681838957,96.23975270126165,146.79427781763158,108.28254418418511,91.43926338772032,79.10853304163844,105.34993770762279,106.09693680780799,95.67073742790947,
47.720467889109756,48.21988204872953,48.21988204872953,48.39489762053929,49.02458283577967,49.36435461112441,49.45416348210013,49.45416348210013,49.45416348210013,49.45416348210013,49.45416348210013,49.45416348210013,57.54828890206516,184.9923241650853,138.34819197308732,68.69356269371647,82.34767081641647,52.63243144208876,136.7909353721949,87.68756682107218,49.90881685634313,144.54302992534784,167.96335165743747,53.663237468080105,
47.720467889109756,48.21988204872953,48.21988204872953,48.39489762053929,49.02458283577967,49.36435461112441,49.45416348210013,49.45416348210013,49.45416348210013,49.45416348210013,49.45416348210013,49.45416348210013,231.5,53.15056207154078,99.06426396567902,73.28123149135041,98.23868640292805,146.08948931695562,70.45215520365225,90.87039436157725,147.24455847330998,105.66981297892033,91.7875808592862,66.84631442395397,
47.720467889109756,48.21988204872953,48.21988204872953,48.39489762053929,49.02458283577967,49.36435461112441,49.45416348210013,49.45416348210013,49.45416348210013,49.45416348210013,49.45416348210013,49.45416348210013,81.08196910710615,59.317867249252984,68.46721843334954,49.45416348210013,106.41294228482872,53.585536502140414,52.17173564297052,51.165320286303306,55.231241159329386,68.97214673180318,51.066231503802975,119.73953213352537,
47.720467889109756,48.21988204872953,48.21988204872953,48.39489762053929,49.02458283577967,49.36435461112441,49.45416348210013,49.45416348210013,49.45416348210013,49.45416348210013,49.45416348210013,49.45416348210013,104.29841801293057,51.066231503802975,102.95197606165702,99.7024143567819,90.62954422104464,156.66958862523384,159.16205577963612,76.16224458352052,192.12284481549818,71.65269970489598,85.01212694901277,99.7024143567819,
47.720467889109756,48.21988204872953,48.21988204872953,48.39489762053929,49.02458283577967,49.36435461112441,49.45416348210013,49.45416348210013,49.45416348210013,49.45416348210013,49.45416348210013,49.45416348210013,138.34819197308732,111.35837417994212,48.39489762053929,51.98181773466565,92.9287899415461,119.79345650836785,68.09448858020743,47.21698621240292,167.96335165743747,111.66531626759877,72.58886179809446,111.35837417994212,
47.21698621240292,47.720467889109756,48.21988204872953,48.21988204872953,48.39489762053929,48.39489762053929,49.02458283577967,49.36435461112441,49.45416348210013,49.45416348210013,49.45416348210013,49.45416348210013,72.17439197626022,155.74398062204523,139.3060928315772,47.21698621240292,77.39324444494032,110.60564802486354,48.28205696522663,100.87794295583153,79.67283100279543,47.36816500093238,198.23139887515296,57.99663244534117,
47.21698621240292,47.21698621240292,47.36816500093238,47.720467889109756,48.21988204872953,48.21988204872953,48.28205696522663,48.39489762053929,48.39489762053929,49.02458283577967,49.36435461112441,49.45416348210013,85.01212694901277,154.39944138499985,48.70946078789966,47.720467889109756,94.39988793942081,77.69996107217355,63.018722416437484,167.96335165743747,72.48648149827663,106.09693680780799,62.70703979224479,47.828032168980414,
47.21698621240292,47.21698621240292,47.36816500093238,47.720467889109756,47.720467889109756,47.828032168980414,48.21988204872953,48.21988204872953,48.28205696522663,48.39489762053929,48.39489762053929,48.70946078789966,80.7270671770008,68.80822210006177,127.18020897748028,96.58919309230315,91.81987802213636,83.36609218047698,86.23157366951308,47.73094442346134,49.55137579296065,72.44646299164646,68.26383095962275,101.00233770671954,
47.21698621240292,47.21698621240292,47.36816500093238,47.720467889109756,47.720467889109756,47.73094442346134,47.828032168980414,48.21988204872953,48.21988204872953,48.28205696522663,48.39489762053929,48.39489762053929,111.15369025427296,167.96335165743747,110.38505050503895,77.1604069135313,87.51205274132244,67.1065570566692,56.53193234801018,64.79474805105735,47.30126554567248,158.21414059973998,64.00382801051825,74.93806966898924,
47.21698621240292,47.21698621240292,47.30126554567248,47.36816500093238,47.720467889109756,47.720467889109756,47.73094442346134,47.828032168980414,48.21988204872953,48.21988204872953,48.28205696522663,48.39489762053929,98.30620211868629,64.89152273003171,48.26893410880336,95.14142105308285,82.07411284930225,88.48225457683591,54.982809813613564,47.9695360503819,52.77578943622998,158.21143177045437,80.3463484813449,67.68846574610573,
47.21698621240292,47.21698621240292,47.30126554567248,47.36816500093238,47.720467889109756,47.720467889109756,47.73094442346134,47.828032168980414,47.9695360503819,48.21988204872953,48.21988204872953,48.26893410880336,81.1488686852065,77.47626364617378,126.84559730457953,154.39944138499985,73.77572190671633,156.59808427947004,51.028475633157875,51.67761980672958,97.93963875523625,47.720467889109756,51.15243326149235,109.74646105586145,
47.21698621240292,47.21698621240292,47.30126554567248,47.36816500093238,47.720467889109756,47.720467889109756,47.720467889109756,47.73094442346134,47.828032168980414,47.9695360503819,48.21988204872953,48.21988204872953,49.90881685634313,49.06026622657303,146.09519347177564,118.45910686815093,104.2434050671792,95.03309949696472,179.098185362108,97.39463170891035,74.50097356228572,86.86084017297757,92.22537970188588,54.08178534564885,
47.21698621240292,47.21698621240292,47.30126554567248,47.36816500093238,47.720467889109756,47.720467889109756,47.720467889109756,47.73094442346134,47.828032168980414,47.9695360503819,48.21988204872953,48.21988204872953,76.17801520123768,59.15115700474505,53.70820634289911,116.93656399946083,100.7624023552191,47.73094442346134,82.26264557588004,50.25295389327875,78.13724189801283,90.53034328641175,62.6875457731576,77.90288425340874,
47.21698621240292,47.21698621240292,47.30126554567248,47.36816500093238,47.720467889109756,47.720467889109756,47.720467889109756,47.73094442346134,47.73094442346134,47.828032168980414,47.9695360503819,48.21988204872953,56.926419911589534,75.8914104022287,47.73094442346134,91.83618185399838,51.680165500633215,52.343958581673974,51.214990057712306,175.551018225472,47.720467889109756,48.95654252043904,98.65965941083381,198.2086968324044,
47.21698621240292,47.21698621240292,47.30126554567248,47.36816500093238,47.720467889109756,47.720467889109756,47.720467889109756,47.720467889109756,47.73094442346134,47.73094442346134,47.73094442346134,47.828032168980414,117.93286225645505,75.18168469970405,106.83215515470985,48.21988204872953,68.09448858020743,83.18136142723854,107.64831628966614,116.76388806285766,90.16175939467273,53.70820634289911,68.60641009536091,72.37205459094197,
47.21698621240292,47.21698621240292,47.30126554567248,47.36816500093238,47.720467889109756,47.720467889109756,47.720467889109756,47.720467889109756,47.73094442346134,47.73094442346134,47.73094442346134,47.828032168980414,52.09692889221015,94.48940646381635,95.14142105308285,51.77286694849066,82.43667603412668,192.415591883818,110.49965085694241,68.11820608324913,89.32042817233294,81.32123251121355,61.614893181181415,63.86593100282139,
47.21698621240292,47.21698621240292,47.30126554567248,47.36816500093238,47.720467889109756,47.720467889109756,47.720467889109756,47.720467889109756,47.73094442346134,47.73094442346134,47.73094442346134,47.828032168980414,54.0427357186016,53.20861795605472,96.19052595734478,96.68381457100253,48.038552011263235,95.39544014259799,98.48567698619212,74.28889221258343,47.73094442346134,57.918989761562656,76.45494997055455,57.423240690756664,
47.21698621240292,47.21698621240292,47.30126554567248,47.36816500093238,47.720467889109756,47.720467889109756,47.720467889109756,47.720467889109756,47.73094442346134,47.73094442346134,47.73094442346134,47.73094442346134,65.14231083679044,48.39489762053929,52.94313181718258,48.500412369380946,179.25445601155917,112.46937360899634,47.73094442346134,58.92125495705506,72.97458461683766,69.98694763672847,65.14231083679044,51.066231503802975,
47.21698621240292,47.21698621240292,47.30126554567248,47.36816500093238,47.720467889109756,47.720467889109756,47.720467889109756,47.720467889109756,47.73094442346134,47.73094442346134,47.73094442346134,47.73094442346134,49.6951645031989,109.97790182072437,85.47514258543241,136.7909353721949,51.54238337475885,179.0892514920982,47.720467889109756,47.720467889109756,49.700833388447045,51.57024335796759,75.40935902506683,63.01673884770617,
47.21698621240292,47.21698621240292,47.30126554567248,47.36816500093238,47.720467889109756,47.720467889109756,47.720467889109756,47.720467889109756,47.720467889109756,47.720467889109756,47.73094442346134,47.73094442346134,53.79460358623344,66.72516717014877,98.50308189522367,48.32346246693617,77.2535395629223,81.62107570964744,74.28889221258343,84.48062030200518,110.34670390060772,188.4799392508391,79.54470048343887,139.26336817083563,
47.21698621240292,47.21698621240292,47.30126554567248,47.36816500093238,47.720467889109756,47.720467889109756,47.720467889109756,47.720467889109756,47.720467889109756,47.720467889109756,47.73094442346134,47.73094442346134,100.22544032773759,47.22513120946811,81.62107570964744,78.51299255537265,49.700833388447045,68.3,49.700833388447045,110.49965085694241,66.11058444001233,179.0892514920982,49.02458283577967,57.423240690756664,
47.21698621240292,47.21698621240292,47.22513120946811,47.30126554567248,47.36816500093238,47.720467889109756,47.720467889109756,47.720467889109756,47.720467889109756,47.720467889109756,47.720467889109756,47.73094442346134,53.94079509054348,109.74255588161127,47.720467889109756,49.15811947236357,86.95176464569307,52.11051883103359,138.25268733574603,49.700833388447045,179.0892514920982,179.8713081622525,72.47340934251952,49.49446917928147,
47.21698621240292,47.21698621240292,47.22513120946811,47.30126554567248,47.36816500093238,47.720467889109756,47.720467889109756,47.720467889109756,47.720467889109756,47.720467889109756,47.720467889109756,47.720467889109756,67.25540870443061,79.78763134535627,60.31989721476654,47.720467889109756,47.720467889109756,104.84001417125319,74.8031160637009,92.12280700373786,102.9738285925118,68.19720943704368,65.13393702261607,47.536327995953194,
47.21698621240292,47.21698621240292,47.22513120946811,47.30126554567248,47.36816500093238,47.536327995953194,47.720467889109756,47.720467889109756,47.720467889109756,47.720467889109756,47.720467889109756,47.720467889109756,93.38821860920145,50.32325259823848,47.536327995953194,47.74490955996135,105.81379872209484,132.44945970067224,146.79427781763158,83.22294858749979,50.45483128502166,75.90197214170394,68.3,127.76725802106822,
47.21698621240292,47.21698621240292,47.22513120946811,47.30126554567248,47.36816500093238,47.536327995953194,47.536327995953194,47.720467889109756,47.720467889109756,47.720467889109756,47.720467889109756,47.720467889109756,55.28266310070611,47.98864159592582,54.20863758561811,95.5619694229875,68.09448858020743,68.09448858020743,88.73223609389218,44.87408599347735,171.08093844727412,146.79427781763158,68.09448858020743,110.55896142157489,
44.87408599347735,47.21698621240292,47.21698621240292,47.22513120946811,47.30126554567248,47.36816500093238,47.536327995953194,47.536327995953194,47.720467889109756,47.720467889109756,47.720467889109756,47.720467889109756,79.72759873469161,90.77784577720831,95.47831887397264,135.313730107316,49.49446917928147,48.32158116837208,74.59777746264874,132.4302080342699,47.89129763212612,87.85721370496563,87.88691242158869,65.14682935492716,
44.87408599347735,47.21698621240292,47.21698621240292,47.22513120946811,47.30126554567248,47.36816500093238,47.536327995953194,47.536327995953194,47.720467889109756,47.720467889109756,47.720467889109756,47.720467889109756,68.01977653594578,47.720467889109756,91.99973161528219,119.73953213352537,52.58648916761041,69.42340653554822,158.21143177045437,53.707448273028206,68.3795291004552,68.77070395322576,100.34139256422743,61.16966891410913,
44.87408599347735,47.21698621240292,47.21698621240292,47.22513120946811,47.30126554567248,47.36816500093238,47.536327995953194,47.536327995953194,47.720467889109756,47.720467889109756,47.720467889109756,47.720467889109756,104.76504324303163,71.30314781893496,178.24764296400167,104.2434050671792,53.707448273028206,70.82718404680507,72.53199294104637,52.03931206309323,104.29841801293057,61.598661200779325,110.33082071660664,50.334090447300476,
44.87408599347735,47.21698621240292,47.21698621240292,47.22513120946811,47.30126554567248,47.36816500093238,47.536327995953194,47.536327995953194,47.720467889109756,47.720467889109756,47.720467889109756,47.720467889109756,95.14142105308285,167.96335165743747,123.7800717920276,155.74398062204523,87.16358184471311,66.14592920669634,69.59518661516758,51.16704130299581,91.97049216227686,50.33849705458324,98.91817606262033,79.71494353144975,
44.87408599347735,47.21698621240292,47.21698621240292,47.22513120946811,47.30126554567248,47.36816500093238,47.536327995953194,47.536327995953194,47.720467889109756,47.720467889109756,47.720467889109756,47.720467889109756,49.46778475326201,55.110407590521305,53.70820634289911,109.32912303159274,49.804517867358186,119.70667274634276,61.211576869552566,47.20426946321228,102.46394182833296,132.44945970067224,106.09693680780799,192.12284481549818,
44.87408599347735,47.20426946321228,47.21698621240292,47.21698621240292,47.22513120946811,47.30126554567248,47.36816500093238,47.536327995953194,47.536327995953194,47.720467889109756,47.720467889109756,47.720467889109756,53.82076324443028,104.04873324019322,110.4350035088513,66.35222139424283,50.28535854451689,44.35924994356369,52.58648916761041,66.18224837522521,60.79981319009637,47.73772093428843,113.14971119210664,192.12284481549818,
44.35924994356369,44.87408599347735,47.20426946321228,47.21698621240292,47.21698621240292,47.22513120946811,47.30126554567248,47.36816500093238,47.536327995953194,47.536327995953194,47.720467889109756,47.720467889109756,99.06426396567902,53.13056693521294,178.24764296400167,162.93625201968476,53.27691575219155,71.70152979539557,47.92086938090984,66.75241042479786,50.180573930556044,53.06220531730748,44.35924994356369,47.92086938090984,
44.35924994356369,44.35924994356369,44.87408599347735,47.20426946321228,47.21698621240292,47.21698621240292,47.22513120946811,47.30126554567248,47.36816500093238,47.536327995953194,47.536327995953194,47.720467889109756,95.96964540679606,47.536327995953194,101.1772677342734,115.4135421615926,118.92633107189602,94.8547762183253,47.536327995953194,71.29943460505139,47.536327995953194,46.572333509506585,53.36937323971493,89.11851308791007,
44.35924994356369,44.35924994356369,44.87408599347735,46.572333509506585,47.20426946321228,47.21698621240292,47.21698621240292,47.22513120946811,47.30126554567248,47.36816500093238,47.536327995953194,47.536327995953194,70.87042601784341,73.47182708358355,44.35924994356369,162.93625201968476,121.2689572809134,46.82928836231349,102.14445653093466,79.77346398117331,84.54029647685807,47.03448793763524,47.20426946321228,99.16851850122798,
44.35924994356369,44.35924994356369,44.35924994356369,44.87408599347735,46.572333509506585,46.82928836231349,47.03448793763524,47.20426946321228,47.20426946321228,47.21698621240292,47.21698621240292,47.22513120946811,46.572333509506585,95.08359479952364,48.586932399566045,44.57550007135725,51.05575383832855,59.10236881885532,62.96514412752503,97.26093768826208,48.002531761934755,116.76388806285766,44.35924994356369,90.00199650563314,
44.35924994356369,44.35924994356369,44.35924994356369,44.35924994356369,44.57550007135725,44.87408599347735,46.572333509506585,46.572333509506585,46.82928836231349,47.03448793763524,47.20426946321228,47.20426946321228,139.02225541257775,44.06915020737296,129.62680808767914,100.17886780931173,73.98303859669458,94.03950537635005,72.49233675974924,83.73427357676528,80.68977324402913,165.6372165305853,46.72404193426074,93.5771873909448,
44.06915020737296,44.35924994356369,44.35924994356369,44.35924994356369,44.35924994356369,44.57550007135725,44.87408599347735,46.572333509506585,46.572333509506585,46.72404193426074,46.82928836231349,47.03448793763524,139.3060928315772,44.57550007135725,44.86078465653493,44.35924994356369,46.15463140357639,113.46866919502004,159.2273845794121,97.25313794169406,62.927813582089605,94.60501770519363,103.42146779078317,146.79427781763158,
44.06915020737296,44.35924994356369,44.35924994356369,44.35924994356369,44.35924994356369,44.35924994356369,44.57550007135725,44.57550007135725,44.86078465653493,44.87408599347735,46.15463140357639,46.572333509506585,158.7066651264387,65.01519212162316,138.25268733574603,64.66149839742349,98.76668032720926,57.89032734403909,96.67471230885562,156.58786670748154,105.55790933048182,146.9415038563154,132.3685331618832,43.57710735827111,
43.57710735827111,44.06915020737296,44.35924994356369,44.35924994356369,44.35924994356369,44.35924994356369,44.35924994356369,44.57550007135725,44.57550007135725,44.86078465653493,44.87408599347735,46.15463140357639,106.81928372255639,43.09751217362268,103.42146779078317,71.00781207022224,74.72862145058829,159.33969652565833,91.54856027753188,76.61827050384262,73.98303859669458,44.35924994356369,179.8713081622525,58.628406084422934,
43.09751217362268,43.57710735827111,44.06915020737296,44.35924994356369,44.35924994356369,44.35924994356369,44.35924994356369,44.35924994356369,44.35924994356369,44.57550007135725,44.57550007135725,44.86078465653493,57.521079233729765,100.24649619812156,98.1805916229301,144.25865658600875,94.3814567327714,70.12234206829416,44.06915020737296,44.38952299885769,44.35924994356369,72.04842265179418,119.73953213352537,74.73147521914547,
43.09751217362268,43.57710735827111,44.06915020737296,44.06915020737296,44.35924994356369,44.35924994356369,44.35924994356369,44.35924994356369,44.35924994356369,44.35924994356369,44.35924994356369,44.38952299885769,76.91482301871338,44.21105386609346,45.21738128472207,60.28019972875706,42.44242423566307,103.4417106393741,57.04123490369789,57.04123490369789,69.5708945968068,129.6759784038663,120.47048970137413,98.76668032720926,
42.44242423566307,43.09751217362268,43.57710735827111,44.06915020737296,44.06915020737296,44.21105386609346,44.35924994356369,44.35924994356369,44.35924994356369,44.35924994356369,44.35924994356369,44.35924994356369,179.098185362108,44.57550007135725,90.13172801550922,96.61707600108792,67.31040038508165,188.4481029355297,58.75372328627353,44.524484860199294,70.11859442366638,163.51073359262995,74.90257046142273,94.14070438562811,
42.44242423566307,43.09751217362268,43.57710735827111,44.06915020737296,44.06915020737296,44.21105386609346,44.35924994356369,44.35924994356369,44.35924994356369,44.35924994356369,44.35924994356369,44.35924994356369,167.96335165743747,44.35924994356369,73.06633971946316,129.883464250513,43.09751217362268,52.58808014027044,63.68111141160528,43.784782092150955,90.1662387886062,50.39380630876888,61.67077063420956,49.46691021896931,
42.44242423566307,43.09751217362268,43.09751217362268,43.57710735827111,43.784782092150955,44.06915020737296,44.06915020737296,44.21105386609346,44.35924994356369,44.35924994356369,44.35924994356369,44.35924994356369,44.06915020737296,45.21738128472207,57.04123490369789,42.44242423566307,179.13838226354508,64.08907646566786,85.40848538055221,68.63717453679938,44.06756876983288,115.34366042396957,76.57257586760419,158.68257623318323,
42.44242423566307,42.44242423566307,43.09751217362268,43.09751217362268,43.57710735827111,43.784782092150955,44.06756876983288,44.06915020737296,44.06915020737296,44.06915020737296,44.21105386609346,44.35924994356369,42.44242423566307,44.2343142392082,42.44242423566307,94.40589082373101,43.09441830317343,147.68940381760635,59.42465818160001,43.24035609314207,76.94094957967586,59.71339883141806,61.731851005550034,158.2105288170526,
42.44242423566307,42.44242423566307,42.44242423566307,42.44242423566307,43.09441830317343,43.09751217362268,43.09751217362268,43.24035609314207,43.57710735827111,43.784782092150955,44.06756876983288,44.06915020737296,44.06756876983288,42.804708333962,86.06834493587058,54.98305279515276,179.0892514920982,156.63894790249327,107.0255680770825,123.89312399338192,109.6865483497812,39.31557306862366,50.80508857184867,105.12925377838464,
39.31557306862366,42.44242423566307,42.44242423566307,42.44242423566307,42.44242423566307,42.804708333962,43.09441830317343,43.09751217362268,43.09751217362268,43.24035609314207,43.57710735827111,43.784782092150955,112.43202390778173,94.58482965042543,109.32134752551025,98.76668032720926,123.8925315545695,44.64869732522446,41.93758750422752,59.927951533487274,97.08187266426208,62.60678377779839,70.98321832623974,122.85015262505783,
39.31557306862366,41.93758750422752,42.44242423566307,42.44242423566307,42.44242423566307,42.44242423566307,42.804708333962,43.09441830317343,43.09751217362268,43.09751217362268,43.24035609314207,43.57710735827111,158.3625192398757,45.63570185666719,67.8716435634205,42.53155997315405,42.44242423566307,71.69034923083794,76.01716500238614,52.60503721915233,146.81415143550842,43.62952800897248,71.02283474739343,42.44242423566307,
39.31557306862366,41.93758750422752,42.44242423566307,42.44242423566307,42.44242423566307,42.44242423566307,42.44242423566307,42.44242423566307,42.53155997315405,42.804708333962,43.09441830317343,43.09751217362268,50.14937686552047,149.94618826432367,60.636948358017165,42.44242423566307,56.301026238919974,71.84782094816794,192.10722917162695,57.74579109241546,179.2477614922987,70.54154361083971,39.31557306862366,44.58893180494653,
39.31557306862366,39.31557306862366,41.93758750422752,42.44242423566307,42.44242423566307,42.44242423566307,42.44242423566307,42.44242423566307,42.44242423566307,42.44242423566307,42.53155997315405,42.804708333962,99.94067684826278,167.96335165743747,113.55302726039496,103.5478633289939,112.43202390778173,39.155368177848324,68.85375448131235,36.59656532722709,44.706710905634736,119.73953213352537,64.8074069840786,149.93535065153915,
36.59656532722709,39.155368177848324,39.31557306862366,39.31557306862366,41.93758750422752,42.44242423566307,42.44242423566307,42.44242423566307,42.44242423566307,42.44242423566307,42.44242423566307,42.44242423566307,60.36645902320261,115.60029658884345,41.851172757248094,36.59656532722709,106.9928606133242,44.06756876983288,68.00066176148582,106.9928606133242,59.04477719735857,119.73953213352537,73.82992037688476,59.61635157404385,
36.59656532722709,36.59656532722709,39.155368177848324,39.31557306862366,39.31557306862366,41.851172757248094,41.93758750422752,42.44242423566307,42.44242423566307,42.44242423566307,42.44242423566307,42.44242423566307,50.87519743731433,51.3566565582253,167.96335165743747,99.43936594729473,61.82372392137321,77.23525069951728,110.07887796939066,39.31557306862366,99.43936594729473,45.4944288408543,44.59889828678576,57.33690487946681,
36.59656532722709,36.59656532722709,39.155368177848324,39.31557306862366,39.31557306862366,39.31557306862366,41.851172757248094,41.93758750422752,42.44242423566307,42.44242423566307,42.44242423566307,42.44242423566307,50.87519743731433,87.287957359535,83.96938217503535,64.8074069840786,43.094165995609465,39.31557306862366,136.4747595711383,88.81080663410282,56.301026238919974,42.44242423566307,91.16361969314052,154.36705445139518,
36.59656532722709,36.59656532722709,39.155368177848324,39.31557306862366,39.31557306862366,39.31557306862366,39.31557306862366,41.851172757248094,41.93758750422752,42.44242423566307,42.44242423566307,42.44242423566307,89.69732089087165,106.9928606133242,199.68030003538712,69.09207107703665,40.44749683231337,136.4747595711383,99.43936594729473,165.1888616099766,42.55212795795294,41.189457735826394,105.95357473912809,167.96335165743747,
36.59656532722709,36.59656532722709,39.155368177848324,39.31557306862366,39.31557306862366,39.31557306862366,39.31557306862366,40.44749683231337,41.189457735826394,41.851172757248094,41.93758750422752,42.44242423566307,71.02914112453345,44.83740466555638,138.46505490040232,111.07532757125557,163.36637178003136,104.66594479581217,65.814289186749,129.97582192744267,63.74054551741099,39.19323123959034,91.15405492020123,82.8725489833636,
36.59656532722709,36.59656532722709,39.155368177848324,39.19323123959034,39.31557306862366,39.31557306862366,39.31557306862366,39.31557306862366,40.44749683231337,41.189457735826394,41.851172757248094,41.93758750422752,171.08093844727412,158.68257623318323,69.82935549529932,106.03093888106434,67.44301298133114,69.69296503234742,84.50021132687016,67.2464868970863,119.73953213352537,39.31557306862366,142.72651952247696,136.64657227419104,
36.59656532722709,36.59656532722709,39.155368177848324,39.19323123959034,39.31557306862366,39.31557306862366,39.31557306862366,39.31557306862366,39.31557306862366,40.44749683231337,41.189457735826394,41.851172757248094,39.155368177848324,95.08665638364944,95.08665638364944,98.06406069503751,179.0892514920982,91.39808190000488,63.57808458506888,95.45752400355296,119.73953213352537,59.8661057467742,55.828820002371025,97.52362351172737,
36.59656532722709,36.59656532722709,39.155368177848324,39.155368177848324,39.19323123959034,39.31557306862366,39.31557306862366,39.31557306862366,39.31557306862366,39.31557306862366,40.44749683231337,41.189457735826394,61.73888563944121,72.06323178292797,82.16513478964177,31.025946802636014,60.11655346075655,39.31557306862366,111.05025889208903,45.05447064880229,199.68030003538712,58.971942481149455,200.07295544375808,72.559697644231,
31.025946802636014,36.59656532722709,36.59656532722709,39.155368177848324,39.155368177848324,39.19323123959034,39.31557306862366,39.31557306862366,39.31557306862366,39.31557306862366,39.31557306862366,39.31557306862366,88.8208246352672,179.2477614922987,36.59656532722709,37.02515661306813,31.025946802636014,45.513116647646186,111.05025889208903,55.17118246874903,108.76184482109932,41.036569057366385,146.79427781763158,97.42155818914006,
31.025946802636014,31.025946802636014,36.59656532722709,36.59656532722709,36.59656532722709,37.02515661306813,39.155368177848324,39.155368177848324,39.19323123959034,39.31557306862366,39.31557306862366,39.31557306862366,82.57457235735465,113.02813808959255,179.098185362108,85.48543735631233,98.41319537944791,46.02245229996419,65.16985019930613,35.1718883256936,109.56492240777712,56.301026238919974,37.47713588690729,92.58972482331473,
31.025946802636014,31.025946802636014,35.1718883256936,36.59656532722709,36.59656532722709,36.59656532722709,37.02515661306813,37.47713588690729,39.155368177848324,39.155368177848324,39.19323123959034,39.31557306862366,133.273625954275,103.42146779078317,45.69729812095629,105.27671869886522,46.668518481776886,52.459037517704715,84.83254092622713,71.9344145732764,36.61705331877484,75.49575733112424,204.94281045100252,34.96126427919906,
31.025946802636014,31.025946802636014,34.96126427919906,35.1718883256936,36.59656532722709,36.59656532722709,36.59656532722709,36.61705331877484,37.02515661306813,37.47713588690729,39.155368177848324,39.155368177848324,37.470777568628506,49.708047638184304,37.8375286115329,106.03093888106434,98.61521180832094,35.1718883256936,49.0884769719796,35.399011285627736,68.71968467425033,36.285583895204404,94.8286466328726,37.02515661306813,
31.025946802636014,31.025946802636014,34.96126427919906,35.1718883256936,35.1718883256936,35.399011285627736,36.285583895204404,36.59656532722709,36.59656532722709,36.59656532722709,36.61705331877484,37.02515661306813,97.42155818914006,146.2210975714517,94.45294794234852,35.1718883256936,46.308970082038876,105.12925377838464,184.94366709893043,104.03608111054312,66.12215127239047,31.615196680663317,42.022129586683256,43.06501544822149,
31.025946802636014,31.025946802636014,31.615196680663317,34.96126427919906,35.1718883256936,35.1718883256936,35.1718883256936,35.399011285627736,36.285583895204404,36.59656532722709,36.59656532722709,36.59656532722709,78.45420147063548,50.87130821986005,136.51479773270003,80.91532611316597,104.2434050671792,53.40244777696457,37.19260599673546,162.93625201968476,159.24762339060374,30.022647701360384,174.38660355658058,36.666193178761034,
30.022647701360384,31.025946802636014,31.025946802636014,31.615196680663317,34.96126427919906,35.1718883256936,35.1718883256936,35.1718883256936,35.399011285627736,36.285583895204404,36.59656532722709,36.59656532722709,51.53807174804052,167.96335165743747,126.87187325101739,45.038761084203905,89.2396452576672,106.78570831342554,35.1718883256936,69.49898830198897,152.7246069091538,145.9238157395838,148.13375501552642,133.5739495560418,
30.022647701360384,31.025946802636014,31.025946802636014,31.615196680663317,34.96126427919906,35.1718883256936,35.1718883256936,35.1718883256936,35.1718883256936,35.399011285627736,36.285583895204404,36.59656532722709,76.85357650898376,168.75947380813915,42.5012867452269,36.72977523602464,93.01687421585875,37.10070379685838,31.615196680663317,68.4686104524106,30.022647701360384,91.53627696165057,141.08372437652267,35.1718883256936,
30.022647701360384,30.022647701360384,31.025946802636014,31.025946802636014,31.615196680663317,31.615196680663317,34.96126427919906,35.1718883256936,35.1718883256936,35.1718883256936,35.1718883256936,35.1718883256936,49.503629917411104,35.1718883256936,98.15783208689972,55.710047343365275,88.8208246352672,58.54870295133746,52.348441953892,32.72730341609111,52.26307081896903,30.022647701360384,32.842222370721714,181.48212033145302,
30.022647701360384,30.022647701360384,30.022647701360384,31.025946802636014,31.025946802636014,31.615196680663317,31.615196680663317,32.72730341609111,32.842222370721714,34.96126427919906,35.1718883256936,35.1718883256936,117.77503980046028,51.79391252840434,55.75456419497357,72.74809766781338,167.96335165743747,39.21809750099606,89.60669269089223,31.615196680663317,45.038761084203905,87.05090105794426,111.35837417994212,106.05120057244586,
30.022647701360384,30.022647701360384,30.022647701360384,31.025946802636014,31.025946802636014,31.615196680663317,31.615196680663317,31.615196680663317,32.72730341609111,32.842222370721714,34.96126427919906,35.1718883256936,37.796949281654996,54.25578310189615,117.77503980046028,167.96335165743747,74.8636856464563,107.2070893178245,99.308153617918,43.0359152336743,34.32452242211351,159.33551253739876,73.3763585904888,59.469398643335886,
30.022647701360384,30.022647701360384,30.022647701360384,31.025946802636014,31.025946802636014,31.615196680663317,31.615196680663317,31.615196680663317,32.72730341609111,32.842222370721714,34.32452242211351,34.96126427919906,122.85015262505783,59.469398643335886,91.09649514976648,78.42103910941248,32.82899717560004,94.60182964847723,57.98521979164789,72.54729061102144,78.99367063252599,113.34816079476347,102.02518752194915,167.96335165743747,
30.022647701360384,30.022647701360384,30.022647701360384,31.025946802636014,31.025946802636014,31.615196680663317,31.615196680663317,31.615196680663317,32.72730341609111,32.82899717560004,32.842222370721714,34.32452242211351,126.91710135865833,44.77047086784318,31.41428246605583,174.38660355658058,39.177027786355104,68.05358183078977,54.64073000061401,167.96335165743747,32.72730341609111,108.23187556763898,69.42001792630775,31.615196680663317,
30.022647701360384,30.022647701360384,30.022647701360384,31.025946802636014,31.025946802636014,31.41428246605583,31.615196680663317,31.615196680663317,31.615196680663317,31.615196680663317,32.72730341609111,32.72730341609111,48.7838023835781,104.52340817799072,31.41428246605583,116.00059865745904,43.72481417913632,180.90242535687574,127.7985611117051,64.21922901281204,41.692753738338205,71.9344145732764,63.37238492906538,77.15658681466468,
30.022647701360384,30.022647701360384,30.022647701360384,31.025946802636014,31.025946802636014,31.41428246605583,31.41428246605583,31.615196680663317,31.615196680663317,31.615196680663317,31.615196680663317,32.72730341609111,117.77503980046028,56.301026238919974,50.66979940189789,59.469398643335886,96.679677285353,54.689029978598086,82.94057444272308,44.10033453583816,81.94188319914439,155.5254320039009,93.75121332548181,50.535723750630105,
30.022647701360384,30.022647701360384,30.022647701360384,31.025946802636014,31.025946802636014,31.41428246605583,31.41428246605583,31.615196680663317,31.615196680663317,31.615196680663317,31.615196680663317,32.72730341609111,118.17173943037312,59.59265013923516,35.43105100049955,72.49903016592705,130.40705502387516,66.7210797225198,112.8526219709329,83.6995183677899,64.8074069840786,67.16665839536756,44.03509963653994,74.98043822026169,
30.022647701360384,30.022647701360384,30.022647701360384,31.025946802636014,31.025946802636014,31.41428246605583,31.41428246605583,31.615196680663317,31.615196680663317,31.615196680663317,31.615196680663317,32.72730341609111,154.0493021730381,87.88691242158869,30.022647701360384,52.985585041803795,33.7401105767067,68.26778156641682,45.47625754171071,98.11503452580547,45.285686352640745,94.8286466328726,73.82218017448608,154.52430229578778,
30.022647701360384,30.022647701360384,30.022647701360384,30.022647701360384,31.025946802636014,31.025946802636014,31.41428246605583,31.41428246605583,31.615196680663317,31.615196680663317,31.615196680663317,31.615196680663317,146.94815412246592,39.177027786355104,103.72305540342619,31.025946802636014,119.70667274634276,199.68030003538712,74.3693858758801,41.11655905558524,167.96335165743747,31.742863371157934,41.11655905558524,42.88647805544307,
30.022647701360384,30.022647701360384,30.022647701360384,30.022647701360384,31.025946802636014,31.025946802636014,31.025946802636014,31.41428246605583,31.41428246605583,31.615196680663317,31.615196680663317,31.615196680663317,74.34206787247416,77.93770406090825,61.95159400693416,36.27511953833731,104.28806259586952,49.59192852672701,44.10033453583816,137.17820298793828,142.66169554228634,98.27657764841892,48.329374039622415,62.29652592927749,
30.022647701360384,30.022647701360384,30.022647701360384,30.022647701360384,31.025946802636014,31.025946802636014,31.025946802636014,31.41428246605583,31.41428246605583,31.615196680663317,31.615196680663317,31.615196680663317,150.93438143776254,104.0702136780741,84.43080006727403,92.24036922240562,38.612300141563985,39.76353717778247,188.44279636006254,154.52430229578778,75.1962247870345,59.83268853464593,70.76079422957321,30.022647701360384,
30.022647701360384,30.022647701360384,30.022647701360384,30.022647701360384,30.022647701360384,31.025946802636014,31.025946802636014,31.025946802636014,31.41428246605583,31.41428246605583,31.615196680663317,31.615196680663317,47.668543086610065,43.0359152336743,54.37069835404152,167.96335165743747,36.66646631550572,119.77836675651051,56.46743688685921,127.35233521200394,64.36503043467891,77.4350534318922,154.5657141800859,46.9091912339386,
30.022647701360384,30.022647701360384,30.022647701360384,30.022647701360384,30.022647701360384,31.025946802636014,31.025946802636014,31.025946802636014,31.41428246605583,31.41428246605583,31.615196680663317,31.615196680663317,31.025946802636014,82.63006955740585,75.35954968280438,74.62010452954351,119.77836675651051,167.96335165743747,112.39217054581694,58.380525128553906,38.66315437432439,164.32646621892653,67.16665839536756,92.06053908783534,
30.022647701360384,30.022647701360384,30.022647701360384,30.022647701360384,30.022647701360384,31.025946802636014,31.025946802636014,31.025946802636014,31.025946802636014,31.41428246605583,31.41428246605583,31.615196680663317,180.90242535687574,100.75891709918284,122.25664603611536,60.28778718737831,30.022647701360384,84.17754673902061,204.94281045100252,57.188910013842964,129.94724204185988,154.0493021730381,116.00059865745904,98.73508638751788,
30.022647701360384,30.022647701360384,30.022647701360384,30.022647701360384,30.022647701360384,30.022647701360384,31.025946802636014,31.025946802636014,31.025946802636014,31.025946802636014,31.41428246605583,31.41428246605583,113.65652447420497,147.68940381760635,52.348441953892,119.07219448721015,81.49606969050716,59.37288007911431,147.24455847330998,94.8286466328726,154.0493021730381,55.509993469644726,162.93625201968476,117.77503980046028,
30.022647701360384,30.022647701360384,30.022647701360384,30.022647701360384,30.022647701360384,30.022647701360384,31.025946802636014,31.025946802636014,31.025946802636014,31.025946802636014,31.41428246605583,31.41428246605583,169.5752340408233,115.75053995554406,31.025946802636014,52.348441953892,93.33902099072056,92.47702417357513,33.249152964241155,142.66169554228634,207.72150158859873,27.302537820293765,94.56801454508813,83.24632494761526,
27.302537820293765,30.022647701360384,30.022647701360384,30.022647701360384,30.022647701360384,30.022647701360384,30.022647701360384,31.025946802636014,31.025946802636014,31.025946802636014,31.025946802636014,31.025946802636014,117.77503980046028,55.710047343365275,91.6451826675731,106.9928606133242,178.24764296400167,54.62013708331388,164.32646621892653,105.44045713102727,100.20548332745513,49.22833098357664,51.6077453004876,117.77503980046028,
27.302537820293765,30.022647701360384,30.022647701360384,30.022647701360384,30.022647701360384,30.022647701360384,30.022647701360384,31.025946802636014,31.025946802636014,31.025946802636014,31.025946802636014,31.025946802636014,82.93666258054998,44.91665807737154,169.9327481355165,52.985585041803795,30.022647701360384,103.46566027983805,39.31557306862366,31.870272758705497,52.985585041803795,33.249152964241155,55.7745959694515,180.90242535687574,
27.302537820293765,30.022647701360384,30.022647701360384,30.022647701360384,30.022647701360384,30.022647701360384,30.022647701360384,30.022647701360384,31.025946802636014,31.025946802636014,31.025946802636014,31.025946802636014,48.79402773759451,147.68940381760635,31.41428246605583,30.022647701360384,150.33106322855755,30.022647701360384,93.73824926357436,34.547158679687485,207.72150158859873,100.06067603653739,181.45126067349324,112.43202390778173,
27.302537820293765,30.022647701360384,30.022647701360384,30.022647701360384,30.022647701360384,30.022647701360384,30.022647701360384,30.022647701360384,30.022647701360384,30.022647701360384,31.025946802636014,31.025946802636014,80.98987591051119,31.025946802636014,34.547158679687485,33.249152964241155,117.77503980046028,96.48042403628946,30.022647701360384,187.3210813015983,30.022647701360384,44.91665807737154,39.31557306862366,23.065125189341593,
23.065125189341593,27.302537820293765,30.022647701360384,30.022647701360384,30.022647701360384,30.022647701360384,30.022647701360384,30.022647701360384,30.022647701360384,30.022647701360384,30.022647701360384,30.022647701360384,34.547158679687485,97.88289803839618,75.02758751878463,91.16361969314052,49.22833098357664,46.80048839793997,167.96335165743747,36.27511953833731,75.02758751878463,110.51910342661228,39.155368177848324,156.7563714813532,
23.065125189341593,27.302537820293765,30.022647701360384,30.022647701360384,30.022647701360384,30.022647701360384,30.022647701360384,30.022647701360384,30.022647701360384,30.022647701360384,30.022647701360384,30.022647701360384,91.83214501002826,42.71252011998355,106.9928606133242,84.16269586342871,30.022647701360384,192.12284481549818,62.18110645525697,30.022647701360384,30.022647701360384,35.96790235751871,112.00508420999864,85.55559595958643,
23.065125189341593,27.302537820293765,30.022647701360384,30.022647701360384,30.022647701360384,30.022647701360384,30.022647701360384,30.022647701360384,30.022647701360384,30.022647701360384,30.022647701360384,30.022647701360384,154.0493021730381,105.12925377838464,73.82992037688476,30.022647701360384,118.56161749426812,63.35048500696174,77.37045624784696,112.43202390778173,44.32673431463229,113.52955562319445,33.249152964241155,86.22230404185285,
23.065125189341593,27.302537820293765,30.022647701360384,30.022647701360384,30.022647701360384,30.022647701360384,30.022647701360384,30.022647701360384,30.022647701360384,30.022647701360384,30.022647701360384,30.022647701360384,192.12284481549818,112.43202390778173,30.022647701360384,39.31557306862366,92.06053908783534,30.022647701360384,76.85357650898376,30.022647701360384,30.022647701360384,30.022647701360384,30.022647701360384,129.68272581573848,
23.065125189341593,27.302537820293765,30.022647701360384,30.022647701360384,30.022647701360384,30.022647701360384,30.022647701360384,30.022647701360384,30.022647701360384,30.022647701360384,30.022647701360384,30.022647701360384,49.33416032527563,84.49473356369614,78.37001579047946,82.9425838892316,92.47702417357513,86.22230404185285,46.77866025823693,39.155368177848324,30.022647701360384,56.445893463465424,34.43440713968702,73.20081539846397,
23.065125189341593,27.302537820293765,30.022647701360384,30.022647701360384,30.022647701360384,30.022647701360384,30.022647701360384,30.022647701360384,30.022647701360384,30.022647701360384,30.022647701360384,30.022647701360384,154.0493021730381,30.022647701360384,154.0493021730381,30.022647701360384,30.022647701360384,109.76315692109057,23.065125189341593,30.022647701360384,49.22833098357664,30.022647701360384,33.7401105767067,152.7246069091538,
23.065125189341593,23.065125189341593,27.302537820293765,30.022647701360384,30.022647701360384,30.022647701360384,30.022647701360384,30.022647701360384,30.022647701360384,30.022647701360384,30.022647701360384,30.022647701360384,54.7937895659718,30.022647701360384,79.10853304163844,33.439091487451826,80.84553172563095,74.24378013604162,179.8713081622525,144.3321170079619,73.85439880076353,110.51910342661228,30.022647701360384,47.29809060628135,
23.065125189341593,23.065125189341593,27.302537820293765,30.022647701360384,30.022647701360384,30.022647701360384,30.022647701360384,30.022647701360384,30.022647701360384,30.022647701360384,30.022647701360384,30.022647701360384,34.18504474109427,30.022647701360384,23.065125189341593,51.054964254223115,46.80048839793997,99.13102440709469,34.18504474109427,30.022647701360384,47.29809060628135,73.08765665661717,30.022647701360384,147.81799619802726,
23.065125189341593,23.065125189341593,23.065125189341593,27.302537820293765,30.022647701360384,30.022647701360384,30.022647701360384,30.022647701360384,30.022647701360384,30.022647701360384,30.022647701360384,30.022647701360384,63.915091245252,49.22833098357664,84.44409722150836,50.66979940189789,31.034479033631108,111.05025889208903,93.1619174187761,84.18856386537476,116.1700142989671,127.08319672123804,30.022647701360384,154.5657141800859,
23.065125189341593,23.065125189341593,23.065125189341593,27.302537820293765,30.022647701360384,30.022647701360384,30.022647701360384,30.022647701360384,30.022647701360384,30.022647701360384,30.022647701360384,30.022647701360384,71.24331108953317,82.01393609799321,87.10274903175495,71.01540325872972,111.35837417994212,136.60951650598872,35.1718883256936,108.23187556763898,30.022647701360384,192.12284481549818,44.5773360452247,58.54870295133746,
23.065125189341593,23.065125189341593,23.065125189341593,27.302537820293765,30.022647701360384,30.022647701360384,30.022647701360384,30.022647701360384,30.022647701360384,30.022647701360384,30.022647701360384,30.022647701360384,192.12284481549818,135.45179031670273,31.421948427416254,92.75849766403554,207.72150158859873,50.47860933108201,45.728972095258044,92.14274640081939,43.8960063673223,64.89665930453499,35.335779090754706,30.518181056543984,
23.065125189341593,23.065125189341593,23.065125189341593,27.302537820293765,30.022647701360384,30.022647701360384,30.022647701360384,30.022647701360384,30.022647701360384,30.022647701360384,30.022647701360384,30.022647701360384,105.01428474260061,178.24764296400167,28.650643535529877,106.9928606133242,49.22833098357664,30.022647701360384,141.37807467920902,41.41423534111053,179.25445601155917,91.83214501002826,102.1845756462295,44.5773360452247,
23.065125189341593,23.065125189341593,23.065125189341593,27.302537820293765,28.650643535529877,30.022647701360384,30.022647701360384,30.022647701360384,30.022647701360384,30.022647701360384,30.022647701360384,30.022647701360384,46.80048839793997,38.12760529739949,145.9238157395838,39.155368177848324,79.50370749954268,51.87831314721017,71.437800743024,49.22833098357664,147.24455847330998,27.302537820293765,23.065125189341593,70.24040351332191,
23.065125189341593,23.065125189341593,23.065125189341593,23.065125189341593,27.302537820293765,27.302537820293765,28.650643535529877,30.022647701360384,30.022647701360384,30.022647701360384,30.022647701360384,30.022647701360384,129.68272581573848,154.39944138499985,51.783261512186606,49.247937774083496,33.439091487451826,52.97929364908101,79.10853304163844,150.91781703960604,70.02821300935753,71.02914112453345,106.29998824082719,14.780805871880673,
14.780805871880673,23.065125189341593,23.065125189341593,23.065125189341593,23.065125189341593,27.302537820293765,27.302537820293765,28.650643535529877,30.022647701360384,30.022647701360384,30.022647701360384,30.022647701360384,41.41423534111053,48.90286290187928,101.76718528091459,30.022647701360384,110.23139298766029,126.74306906318607,57.80835195329093,106.9928606133242,49.22833098357664,92.26531790921705,90.1247592075686,30.797276214337888,
14.780805871880673,23.065125189341593,23.065125189341593,23.065125189341593,23.065125189341593,27.302537820293765,27.302537820293765,28.650643535529877,30.022647701360384,30.022647701360384,30.022647701360384,30.022647701360384,67.83516326360541,113.02813808959255,31.296520928407077,30.022647701360384,28.650643535529877,167.96335165743747,52.69116980102074,110.69128240290651,74.11720448047134,147.68940381760635,35.75877514680837,47.9391280688333,
14.780805871880673,23.065125189341593,23.065125189341593,23.065125189341593,23.065125189341593,27.302537820293765,27.302537820293765,28.650643535529877,28.650643535529877,30.022647701360384,30.022647701360384,30.022647701360384,48.28486896977739,54.86706718723351,50.72897171664897,52.226519843849445,60.36687833572314,117.26240754061901,69.5039966876406,81.03740943783347,107.91727799054648,101.15733070596295,123.32668901021474,191.98225829487473,
14.780805871880673,23.065125189341593,23.065125189341593,23.065125189341593,23.065125189341593,27.302537820293765,27.302537820293765,28.650643535529877,28.650643535529877,30.022647701360384,30.022647701360384,30.022647701360384,14.780805871880673,52.76939809207605,23.065125189341593,204.94281045100252,28.650643535529877,58.34785533524109,23.065125189341593,43.730531382547824,55.318522114106486,69.0830820260809,145.76970040291485,86.07763937283596,
14.780805871880673,14.780805871880673,23.065125189341593,23.065125189341593,23.065125189341593,23.065125189341593,23.065125189341593,23.065125189341593,27.302537820293765,27.302537820293765,28.650643535529877,28.650643535529877,44.321496609753545,147.24455847330998,167.99842922546097,165.1888616099766,74.4117556236916,156.0038060433142,74.69809606379238,95.11670463173122,116.09892333695434,23.065125189341593,31.025946802636014,23.065125189341593,
14.780805871880673,14.780805871880673,23.065125189341593,23.065125189341593,23.065125189341593,23.065125189341593,23.065125189341593,23.065125189341593,23.065125189341593,23.065125189341593,27.302537820293765,27.302537820293765,99.11703940292001,23.065125189341593,46.979676456953165,71.45628033979938,23.065125189341593,51.87831314721017,101.15733070596295,23.065125189341593,31.034479033631108,49.33416032527563,111.05025889208903,76.16224458352052,
14.780805871880673,14.780805871880673,23.065125189341593,23.065125189341593,23.065125189341593,23.065125189341593,23.065125189341593,23.065125189341593,23.065125189341593,23.065125189341593,23.065125189341593,23.065125189341593,53.09999411487726,154.0493021730381,30.022647701360384,23.065125189341593,51.79391252840434,73.34241184335296,87.287957359535,72.45246717676355,136.60951650598872,23.065125189341593,92.47702417357513,31.754674852689014,
14.780805871880673,14.780805871880673,23.065125189341593,23.065125189341593,23.065125189341593,23.065125189341593,23.065125189341593,23.065125189341593,23.065125189341593,23.065125189341593,23.065125189341593,23.065125189341593,77.62530193177994,52.04010798899415,70.45288762712285,36.863125206634344,41.41423534111053,42.42902570437156,35.86015361489617,117.16287333831006,23.065125189341593,35.335779090754706,197.78832680980497,48.14311996536992,
14.780805871880673,14.780805871880673,23.065125189341593,23.065125189341593,23.065125189341593,23.065125189341593,23.065125189341593,23.065125189341593,23.065125189341593,23.065125189341593,23.065125189341593,23.065125189341593,58.453908124264885,68.76388748625416,86.22230404185285,231.5,71.86890070739143,23.065125189341593,154.39944138499985,31.034479033631108,23.065125189341593,50.72897171664897,72.13244762241193,30.797276214337888,
14.780805871880673,14.780805871880673,23.065125189341593,23.065125189341593,23.065125189341593,23.065125189341593,23.065125189341593,23.065125189341593,23.065125189341593,23.065125189341593,23.065125189341593,23.065125189341593,60.7956361509607,127.16401810260636,111.3001091001904,75.28991584914561,91.83214501002826,31.296520928407077,154.39944138499985,99.67376472773566,158.68257623318323,111.05025889208903,87.10274903175495,82.82684175003726,
14.780805871880673,14.780805871880673,23.065125189341593,23.065125189341593,23.065125189341593,23.065125189341593,23.065125189341593,23.065125189341593,23.065125189341593,23.065125189341593,23.065125189341593,23.065125189341593,120.6792120550272,117.20554120385644,31.754674852689014,44.5773360452247,50.72897171664897,66.02380523071096,164.32646621892653,51.27727932525282,58.67162325179013,28.650643535529877,32.396082677377926,23.065125189341593,
14.780805871880673,14.780805871880673,23.065125189341593,23.065125189341593,23.065125189341593,23.065125189341593,23.065125189341593,23.065125189341593,23.065125189341593,23.065125189341593,23.065125189341593,23.065125189341593,98.05182303251684,71.08227627193716,192.18009132061522,87.10274903175495,55.33690305308179,103.03950159472284,132.72889662767489,94.8286466328726,231.5,156.0038060433142,111.05025889208903,85.07502571260264,
14.780805871880673,14.780805871880673,23.065125189341593,23.065125189341593,23.065125189341593,23.065125189341593,23.065125189341593,23.065125189341593,23.065125189341593,23.065125189341593,23.065125189341593,23.065125189341593,112.59733567007703,31.034479033631108,145.9238157395838,108.26420871594125,107.44167853172384,32.5500564183767,52.80804862897322,44.5773360452247,109.70214218510047,87.10274903175495,114.1980188094347,114.1980188094347,
14.780805871880673,14.780805871880673,23.065125189341593,23.065125189341593,23.065125189341593,23.065125189341593,23.065125189341593,23.065125189341593,23.065125189341593,23.065125189341593,23.065125189341593,23.065125189341593,58.57721399998467,59.12939805448483,125.4007974456303,51.566090877582155,111.05025889208903,70.65271088610511,186.14829437843366,54.78569359077443,31.296520928407077,77.73765404964865,35.85930841497086,23.065125189341593,
14.780805871880673,14.780805871880673,23.065125189341593,23.065125189341593,23.065125189341593,23.065125189341593,23.065125189341593,23.065125189341593,23.065125189341593,23.065125189341593,23.065125189341593,23.065125189341593,76.16224458352052,95.94195836546177,30.797276214337888,23.065125189341593,82.84056977109707,207.72150158859873,70.98692032440101,56.076376487786725,81.67908068913498,117.26240754061901,67.21725968826757,34.43440713968702,
14.780805871880673,14.780805871880673,23.065125189341593,23.065125189341593,23.065125189341593,23.065125189341593,23.065125189341593,23.065125189341593,23.065125189341593,23.065125189341593,23.065125189341593,23.065125189341593,101.15733070596295,14.780805871880673,43.8960063673223,23.065125189341593,23.065125189341593,111.68240685085544,89.30206814514432,36.90406105325296,189.5438969972098,111.1510683709338,23.065125189341593,76.16224458352052,
14.780805871880673,14.780805871880673,14.780805871880673,23.065125189341593,23.065125189341593,23.065125189341593,23.065125189341593,23.065125189341593,23.065125189341593,23.065125189341593,23.065125189341593,23.065125189341593,105.9550481205224,80.57721452122802,23.065125189341593,44.32673431463229,106.9928606133242,64.45378189059197,139.30711475808485,87.10274903175495,34.43440713968702,30.022647701360384,117.37364026292883,102.5,
14.780805871880673,14.780805871880673,14.780805871880673,23.065125189341593,23.065125189341593,23.065125189341593,23.065125189341593,23.065125189341593,23.065125189341593,23.065125189341593,23.065125189341593,23.065125189341593,88.47488658119633,50.8759213675782,76.97492376669747,45.80704874018533,74.13886584357377,23.065125189341593,154.39944138499985,98.05182303251684,26.99022456783608,138.45988187518032,48.92197870078437,23.065125189341593,
14.780805871880673,14.780805871880673,14.780805871880673,23.065125189341593,23.065125189341593,23.065125189341593,23.065125189341593,23.065125189341593,23.065125189341593,23.065125189341593,23.065125189341593,23.065125189341593,35.91897603643752,23.065125189341593,179.07584985139678,51.27727932525282,30.022647701360384,100.25646799583556,101.15733070596295,186.86141254951488,101.15733070596295,23.065125189341593,105.55790933048182,150.36906976787859,
14.780805871880673,14.780805871880673,14.780805871880673,23.065125189341593,23.065125189341593,23.065125189341593,23.065125189341593,23.065125189341593,23.065125189341593,23.065125189341593,23.065125189341593,23.065125189341593,107.8603698074506,146.62250850398107,154.39944138499985,58.706662502838824,57.018759096361336,31.034479033631108,92.47702417357513,133.68230997405752,107.81168477952656,38.29957105317425,207.72150158859873,110.4597664310404,
14.780805871880673,14.780805871880673,14.780805871880673,23.065125189341593,23.065125189341593,23.065125189341593,23.065125189341593,23.065125189341593,23.065125189341593,23.065125189341593,23.065125189341593,23.065125189341593,54.982809813613564,101.15733070596295,94.52347592000625,45.509080290518824,156.0038060433142,158.68257623318323,77.40387587194843,81.53593916181993,112.45514661410566,71.00503000291096,139.7037540257558,31.034479033631108,
14.780805871880673,14.780805871880673,14.780805871880673,23.065125189341593,23.065125189341593,23.065125189341593,23.065125189341593,23.065125189341593,23.065125189341593,23.065125189341593,23.065125189341593,23.065125189341593,56.076376487786725,111.05025889208903,154.02782679948265,36.90406105325296,100.24649619812156,101.15733070596295,126.13407769336388,23.065125189341593,75.43912597846732,167.96335165743747,27.74397943810023,74.11720448047134,
14.780805871880673,14.780805871880673,14.780805871880673,23.065125189341593,23.065125189341593,23.065125189341593,23.065125189341593,23.065125189341593,23.065125189341593,23.065125189341593,23.065125189341593,23.065125189341593,23.065125189341593,101.81434083664247,29.04065038872236,86.22230404185285,187.3210813015983,72.97388231415401,121.34013586373048,121.52267278166656,127.08319672123804,145.9238157395838,23.065125189341593,72.29875085366275,
14.780805871880673,14.780805871880673,14.780805871880673,23.065125189341593,23.065125189341593,23.065125189341593,23.065125189341593,23.065125189341593,23.065125189341593,23.065125189341593,23.065125189341593,23.065125189341593,179.8713081622525,159.2111412558807,108.26420871594125,23.065125189341593,77.8342652018131,109.8875968916296,95.08359479952364,41.41423534111053,156.0038060433142,207.72150158859873,204.94281045100252,106.09693680780799,
14.780805871880673,14.780805871880673,14.780805871880673,23.065125189341593,23.065125189341593,23.065125189341593,23.065125189341593,23.065125189341593,23.065125189341593,23.065125189341593,23.065125189341593,23.065125189341593,109.70214218510047,198.96529219941854,28.867975336001656,23.065125189341593,23.28324236441308,23.065125189341593,158.3625192398757,92.06053908783534,71.9344145732764,58.10455136122203,36.25037930836035,39.50406850656561,
14.780805871880673,14.780805871880673,14.780805871880673,23.065125189341593,23.065125189341593,23.065125189341593,23.065125189341593,23.065125189341593,23.065125189341593,23.065125189341593,23.065125189341593,23.065125189341593,65.8808448206739,41.41423534111053,23.065125189341593,192.10722917162695,94.09442066350162,44.5773360452247,33.7401105767067,39.31557306862366,75.61396843323476,55.37697513407535,101.92245827098166,23.065125189341593,
14.780805871880673,14.780805871880673,14.780805871880673,23.065125189341593,23.065125189341593,23.065125189341593,23.065125189341593,23.065125189341593,23.065125189341593,23.065125189341593,23.065125189341593,23.065125189341593,84.1686365281035,76.16224458352052,46.92021070753526,41.41423534111053,214.0565864957727,87.81166715698369,32.4257393351111,28.74646717424595,101.76718528091459,192.16187837341724,134.5629499528009,62.24921112523665,
14.780805871880673,14.780805871880673,14.780805871880673,23.065125189341593,23.065125189341593,23.065125189341593,23.065125189341593,23.065125189341593,23.065125189341593,23.065125189341593,23.065125189341593,23.065125189341593,132.88173522179622,41.012193308819754,34.43440713968702,108.9722900557752,54.32023103780027,52.7359117574437,23.065125189341593,204.94281045100252,51.23368032847143,101.15733070596295,67.44301298133114,187.3210813015983,
14.780805871880673,14.780805871880673,14.780805871880673,23.065125189341593,23.065125189341593,23.065125189341593,23.065125189341593,23.065125189341593,23.065125189341593,23.065125189341593,23.065125189341593,23.065125189341593,167.96335165743747,23.065125189341593,23.065125189341593,34.547158679687485,105.61325674364937,86.20792049200325,70.73089406334407,102.5,14.780805871880673,43.67940017903177,92.08088835366435,51.27727932525282,
14.780805871880673,14.780805871880673,14.780805871880673,14.780805871880673,23.065125189341593,23.065125189341593,23.065125189341593,23.065125189341593,23.065125189341593,23.065125189341593,23.065125189341593,23.065125189341593,79.59340032314238,23.065125189341593,50.40413067288125,56.076376487786725,31.41428246605583,96.76331375520833,29.04065038872236,73.32877590005168,67.21725968826757,88.8208246352672,179.92689487678044,23.065125189341593,
14.780805871880673,14.780805871880673,14.780805871880673,14.780805871880673,23.065125189341593,23.065125189341593,23.065125189341593,23.065125189341593,23.065125189341593,23.065125189341593,23.065125189341593,23.065125189341593,14.780805871880673,48.92197870078437,72.75343104208257,23.065125189341593,113.717896568658,111.1510683709338,104.10456282027219,55.07168056269938,156.1325078258849,117.16287333831006,43.630372162061605,52.40774206709757,
14.780805871880673,14.780805871880673,14.780805871880673,14.780805871880673,14.780805871880673,23.065125189341593,23.065125189341593,23.065125189341593,23.065125189341593,23.065125189341593,23.065125189341593,23.065125189341593,119.73953213352537,23.065125189341593,90.56347528422016,112.80496442976259,101.15733070596295,143.72823506728088,97.6699983179511,156.0038060433142,36.033784060933705,51.813082860948896,30.797276214337888,167.99842922546097,
14.780805871880673,14.780805871880673,14.780805871880673,14.780805871880673,14.780805871880673,23.065125189341593,23.065125189341593,23.065125189341593,23.065125189341593,23.065125189341593,23.065125189341593,23.065125189341593,185.47603618796688,108.90448796996385,99.1689075377067,103.5478633289939,92.26531790921705,126.13407769336388,111.65554173438953,51.79391252840434,49.33416032527563,57.7417472458186,194.7965284598265,69.49898830198897,
14.780805871880673,14.780805871880673,14.780805871880673,14.780805871880673,14.780805871880673,23.065125189341593,23.065125189341593,23.065125189341593,23.065125189341593,23.065125189341593,23.065125189341593,23.065125189341593,39.989461421646936,108.02512935159379,41.41423534111053,179.8713081622525,80.41113490856817,75.53548421106467,81.84100816390247,50.73741927104407,105.12925377838464,27.302537820293765,143.72823506728088,92.02068004288795,
14.780805871880673,14.780805871880673,14.780805871880673,14.780805871880673,14.780805871880673,23.065125189341593,23.065125189341593,23.065125189341593,23.065125189341593,23.065125189341593,23.065125189341593,23.065125189341593,104.95441187214843,101.22485970463096,155.74398062204523,14.780805871880673,86.22230404185285,159.38989581805018,48.14311996536992,34.43440713968702,69.75089605159205,103.4905102619835,23.065125189341593,192.10722917162695,
14.780805871880673,14.780805871880673,14.780805871880673,14.780805871880673,14.780805871880673,14.780805871880673,23.065125189341593,23.065125189341593,23.065125189341593,23.065125189341593,23.065125189341593,23.065125189341593,108.14560657845617,60.32818578409267,76.16224458352052,113.01929038885353,29.66074847336122,77.40387587194843,58.27400256546653,76.16055246691765,45.82455673544481,104.35126975748786,101.15733070596295,14.780805871880673,
14.780805871880673,14.780805871880673,14.780805871880673,14.780805871880673,14.780805871880673,14.780805871880673,14.780805871880673,23.065125189341593,23.065125189341593,23.065125189341593,23.065125189341593,23.065125189341593,141.53334412780615,23.065125189341593,109.76315692109057,39.00933728047335,207.72150158859873,105.63008229531152,31.034479033631108,84.0699708576136,102.5,111.1510683709338,69.67643472190261,51.16334136860102,
14.780805871880673,14.780805871880673,14.780805871880673,14.780805871880673,14.780805871880673,14.780805871880673,14.780805871880673,23.065125189341593,23.065125189341593,23.065125189341593,23.065125189341593,23.065125189341593,14.780805871880673,28.867975336001656,112.46937360899634,51.27727932525282,51.12103285341563,48.92197870078437,127.08319672123804,111.4309523555154,14.780805871880673,32.4257393351111,207.72150158859873,45.15927368769343,
14.780805871880673,14.780805871880673,14.780805871880673,14.780805871880673,14.780805871880673,14.780805871880673,14.780805871880673,14.780805871880673,14.780805871880673,23.065125189341593,23.065125189341593,23.065125189341593,113.13570391348613,49.33416032527563,85.7582195607058,159.3334205020682,126.13407769336388,127.08319672123804,28.867975336001656,51.12103285341563,14.780805871880673,74.58264830757506,39.989461421646936,207.72150158859873,
14.780805871880673,14.780805871880673,14.780805871880673,14.780805871880673,14.780805871880673,14.780805871880673,14.780805871880673,14.780805871880673,14.780805871880673,14.780805871880673,23.065125189341593,23.065125189341593,27.302537820293765,88.19564741086842,48.92197870078437,28.867975336001656,104.51384050518313,104.69651379105228,14.780805871880673,72.76063066659057,54.62117009202771,180.90242535687574,22.85982127164227,75.61396843323476,
14.780805871880673,14.780805871880673,14.780805871880673,14.780805871880673,14.780805871880673,14.780805871880673,14.780805871880673,14.780805871880673,14.780805871880673,14.780805871880673,14.780805871880673,22.85982127164227,80.63320833077576,14.780805871880673,54.78569359077443,156.0038060433142,158.68257623318323,167.96335165743747,58.706662502838824,156.0038060433142,28.867975336001656,14.780805871880673,48.92197870078437,14.780805871880673,
14.780805871880673,14.780805871880673,14.780805871880673,14.780805871880673,14.780805871880673,14.780805871880673,14.780805871880673,14.780805871880673,14.780805871880673,14.780805871880673,14.780805871880673,14.780805871880673,79.75391839903541,67.84889256444959,111.20785718644164,37.626166361479456,156.0038060433142,55.37042800557588,28.219840095223784,29.66074847336122,45.15927368769343,28.219840095223784,14.780805871880673,30.060096057730753,
14.780805871880673,14.780805871880673,14.780805871880673,14.780805871880673,14.780805871880673,14.780805871880673,14.780805871880673,14.780805871880673,14.780805871880673,14.780805871880673,14.780805871880673,14.780805871880673,51.12103285341563,207.72150158859873,156.0038060433142,111.1510683709338,14.780805871880673,99.1019046234733,68.84624576224586,28.219840095223784,100.78496601676264,108.02512935159379,101.74709933075351,105.9550481205224,
14.780805871880673,14.780805871880673,14.780805871880673,14.780805871880673,14.780805871880673,14.780805871880673,14.780805871880673,14.780805871880673,14.780805871880673,14.780805871880673,14.780805871880673,14.780805871880673,156.0038060433142,57.21092553000694,75.61396843323476,110.69128240290651,108.30114906541337,40.44119187165482,22.85982127164227,118.05659659671714,22.85982127164227,51.12103285341563,14.780805871880673,68.98168033776955,
14.780805871880673,14.780805871880673,14.780805871880673,14.780805871880673,14.780805871880673,14.780805871880673,14.780805871880673,14.780805871880673,14.780805871880673,14.780805871880673,14.780805871880673,14.780805871880673,38.405405955562685,54.121968737288185,70.35623639735144,41.3354240809335,73.05087098773099,54.62117009202771,22.85982127164227,180.90242535687574,43.789504006748295,40.00303807907039,114.1980188094347,68.65659760767154,
14.780805871880673,14.780805871880673,14.780805871880673,14.780805871880673,14.780805871880673,14.780805871880673,14.780805871880673,14.780805871880673,14.780805871880673,14.780805871880673,14.780805871880673,14.780805871880673,29.722526329849075,51.16334136860102,26.99022456783608,67.08420082254837,36.99878000991684,191.98225829487473,55.37042800557588,81.8633579509172,156.0038060433142,40.09843260678229,110.69128240290651,14.780805871880673,
14.780805871880673,14.780805871880673,14.780805871880673,14.780805871880673,14.780805871880673,14.780805871880673,14.780805871880673,14.780805871880673,14.780805871880673,14.780805871880673,14.780805871880673,14.780805871880673,32.4257393351111,14.780805871880673,27.302537820293765,14.780805871880673,82.36115589281151,53.17790894723109,40.04884170887121,26.99022456783608,51.12103285341563,55.9299561952269,82.83574107835337,14.780805871880673,
14.780805871880673,14.780805871880673,14.780805871880673,14.780805871880673,14.780805871880673,14.780805871880673,14.780805871880673,14.780805871880673,14.780805871880673,14.780805871880673,14.780805871880673,14.780805871880673,105.61325674364937,34.97816779395717,48.92197870078437,99.97085995181882,194.5,23.958297101421877,38.73162646841582,39.76353717778247,14.780805871880673,74.04970881104124,156.0038060433142,82.36115589281151,
14.780805871880673,14.780805871880673,14.780805871880673,14.780805871880673,14.780805871880673,14.780805871880673,14.780805871880673,14.780805871880673,14.780805871880673,14.780805871880673,14.780805871880673,14.780805871880673,14.780805871880673,14.780805871880673,71.04324638656976,194.5,95.11670463173122,14.780805871880673,66.92426423097338,98.13541664455296,51.12103285341563,53.70855960645379,101.74709933075351,103.60109796715477,
14.780805871880673,14.780805871880673,14.780805871880673,14.780805871880673,14.780805871880673,14.780805871880673,14.780805871880673,14.780805871880673,14.780805871880673,14.780805871880673,14.780805871880673,14.780805871880673,56.8846145719561,58.80245228782324,156.0038060433142,28.867975336001656,39.76353717778247,34.97816779395717,146.0628610393484,48.81744418896648,94.52347592000625,31.41428246605583,22.85982127164227,73.50122279299927,
14.780805871880673,14.780805871880673,14.780805871880673,14.780805871880673,14.780805871880673,14.780805871880673,14.780805871880673,14.780805871880673,14.780805871880673,14.780805871880673,14.780805871880673,14.780805871880673,111.20785718644164,37.13879293714865,75.56513746430956,58.73426841047981,14.780805871880673,48.92197870078437,32.79372762326008,57.184870158110876,39.76353717778247,167.96335165743747,43.063789893598546,14.780805871880673,
14.780805871880673,14.780805871880673,14.780805871880673,14.780805871880673,14.780805871880673,14.780805871880673,14.780805871880673,14.780805871880673,14.780805871880673,14.780805871880673,14.780805871880673,14.780805871880673,101.81434083664247,26.99022456783608,51.12103285341563,61.87171708462599,194.5,101.09208364159876,36.16922749730051,14.780805871880673,108.02512935159379,108.02512935159379,58.34785533524109,54.70749237739034,
14.780805871880673,14.780805871880673,14.780805871880673,14.780805871880673,14.780805871880673,14.780805871880673,14.780805871880673,14.780805871880673,14.780805871880673,14.780805871880673,14.780805871880673,14.780805871880673,156.0038060433142,27.302537820293765,14.780805871880673,156.0038060433142,207.72150158859873,56.53536887545971,46.731205372379975,14.780805871880673,95.11670463173122,48.92197870078437,14.780805871880673,41.287704661472986,
14.780805871880673,14.780805871880673,14.780805871880673,14.780805871880673,14.780805871880673,14.780805871880673,14.780805871880673,14.780805871880673,14.780805871880673,14.780805871880673,14.780805871880673,14.780805871880673,103.5478633289939,204.94281045100252,99.1019046234733,33.588284259636914,48.92197870078437,27.302537820293765,22.85982127164227,39.84582788699464,111.20785718644164,97.878291770954,154.0493021730381,58.34785533524109,
14.780805871880673,14.780805871880673,14.780805871880673,14.780805871880673,14.780805871880673,14.780805871880673,14.780805871880673,14.780805871880673,14.780805871880673,14.780805871880673,14.780805871880673,14.780805871880673,35.27732983092683,78.28336805660392,58.73426841047981,54.78569359077443,51.12103285341563,92.08088835366435,43.85272771898074,48.92197870078437,14.780805871880673,138.54291352822375,82.36115589281151,32.3302189221718,
14.780805871880673,14.780805871880673,14.780805871880673,14.780805871880673,14.780805871880673,14.780805871880673,14.780805871880673,14.780805871880673,14.780805871880673,14.780805871880673,14.780805871880673,14.780805871880673,103.60109796715477,74.86750200950247,105.95357473912809,180.90242535687574,66.10113463473982,156.0038060433142,75.61396843323476,89.5899513059361,204.94281045100252,51.12103285341563,107.37783756436893,39.92627133676701,
14.780805871880673,14.780805871880673,14.780805871880673,14.780805871880673,14.780805871880673,14.780805871880673,14.780805871880673,14.780805871880673,14.780805871880673,14.780805871880673,14.780805871880673,14.780805871880673,100.92640332880633,111.1510683709338,167.96335165743747,156.0038060433142,54.78569359077443,82.84056977109707,77.4350534318922,88.23677461841933,14.780805871880673,156.0038060433142,14.780805871880673,98.14275317108238,
14.780805871880673,14.780805871880673,14.780805871880673,14.780805871880673,14.780805871880673,14.780805871880673,14.780805871880673,14.780805871880673,14.780805871880673,14.780805871880673,14.780805871880673,14.780805871880673,31.253693996546264,58.92274603241095,156.0038060433142,14.780805871880673,101.81434083664247,167.8435945224667,14.780805871880673,48.92197870078437,191.98225829487473,35.27732983092683,14.780805871880673,67.21725968826757,
14.780805871880673,14.780805871880673,14.780805871880673,14.780805871880673,14.780805871880673,14.780805871880673,14.780805871880673,14.780805871880673,14.780805871880673,14.780805871880673,14.780805871880673,14.780805871880673,158.7161162439264,95.47149079990086,59.43575838668166,93.31055339563687,82.83574107835337,83.73768566183328,40.00303807907039,42.90446816393081,191.98225829487473,156.0038060433142,83.26721186294502,14.780805871880673,
14.780805871880673,14.780805871880673,14.780805871880673,14.780805871880673,14.780805871880673,14.780805871880673,14.780805871880673,14.780805871880673,14.780805871880673,14.780805871880673,14.780805871880673,14.780805871880673,103.60109796715477,56.029313315596546,14.780805871880673,31.25014285681633,99.1019046234733,34.97816779395717,82.36115589281151,59.582794286605925,14.780805871880673,119.73953213352537,60.236801228337335,194.5,
14.780805871880673,14.780805871880673,14.780805871880673,14.780805871880673,14.780805871880673,14.780805871880673,14.780805871880673,14.780805871880673,14.780805871880673,14.780805871880673,14.780805871880673,14.780805871880673,14.780805871880673,39.772909090493506,40.04884170887121,45.15927368769343,96.35709626176994,32.396082677377926,66.1224079983947,107.4870793268764,14.780805871880673,105.29463424125657,156.0038060433142,49.33416032527563,
14.780805871880673,14.780805871880673,14.780805871880673,14.780805871880673,14.780805871880673,14.780805871880673,14.780805871880673,14.780805871880673,14.780805871880673,14.780805871880673,14.780805871880673,14.780805871880673,149.29731243394838,57.711431926438976,156.0038060433142,34.97816779395717,55.501438920285864,30.283813745960067,113.13570391348613,39.76353717778247,57.70514966205929,14.780805871880673,51.16334136860102,146.07569741404626,
14.780805871880673,14.780805871880673,14.780805871880673,14.780805871880673,14.780805871880673,14.780805871880673,14.780805871880673,14.780805871880673,14.780805871880673,14.780805871880673,14.780805871880673,14.780805871880673,113.74075786629875,40.04884170887121,70.20049412219261,39.8003280853623,40.04884170887121,113.52955562319445,14.780805871880673,156.0038060433142,156.0038060433142,14.780805871880673,113.52955562319445,14.780805871880673,
14.780805871880673,14.780805871880673,14.780805871880673,14.780805871880673,14.780805871880673,14.780805871880673,14.780805871880673,14.780805871880673,14.780805871880673,14.780805871880673,14.780805871880673,14.780805871880673,99.1472280979462,14.780805871880673,51.12103285341563,69.51258878793107,67.21725968826757,65.60815309141172,14.780805871880673,31.699516952155594,75.62939610730443,156.7563714813532,34.97816779395717,41.71005148716228,
14.780805871880673,14.780805871880673,14.780805871880673,14.780805871880673,14.780805871880673,14.780805871880673,14.780805871880673,14.780805871880673,14.780805871880673,14.780805871880673,14.780805871880673,14.780805871880673,34.97816779395717,14.780805871880673,14.780805871880673,28.219840095223784,48.70495703217664,30.283813745960067,36.033249391754765,14.780805871880673,35.64113715132341,106.09693680780799,40.722054396674466,14.780805871880673,
14.780805871880673,14.780805871880673,14.780805871880673,14.780805871880673,14.780805871880673,14.780805871880673,14.780805871880673,14.780805871880673,14.780805871880673,14.780805871880673,14.780805871880673,14.780805871880673,156.0038060433142,14.780805871880673,14.780805871880673,36.90406105325296,156.0038060433142,51.12103285341563,108.02512935159379,100.48312980296743,100.92640332880633,103.60109796715477,156.0038060433142,58.37901485122886,
