9.99999999E8,54.19640209460403,9.99999999E8,89.26799824239413,142.0,125.13576627007963,46.206722719641085,9.99999999E8,46.21349911010851,123.16882722507346,150.0,38.5658179486652,52.99359383599418,63.05714933005339,87.17351789518548,52.58935253451976,52.78105720805524,99.85806253408497,68.85121491969744,142.0,59.82286778652526,89.66012212795609,96.78197146163122,103.4628220935209,
38.5658179486652,46.206722719641085,46.21349911010851,52.58935253451976,52.78105720805524,52.99359383599418,54.19640209460403,59.82286778652526,63.05714933005339,68.85121491969744,87.17351789518548,89.26799824239413,45.19114957599552,47.24870368592137,30.796712486887298,91.35075259679034,97.76314567904014,136.61716583211643,64.1510716979849,164.0,87.17351789518548,99.94672050035213,46.11333863428238,132.70550101634822,
30.796712486887298,38.5658179486652,45.19114957599552,46.11333863428238,46.206722719641085,46.21349911010851,47.24870368592137,52.58935253451976,52.78105720805524,52.99359383599418,54.19640209460403,59.82286778652526,47.34588316909111,103.42898798477898,38.39164449912166,79.43139768866912,83.01180638921188,42.09798094920943,40.45260465211722,59.90356834112639,33.33826630165402,59.717334166889934,47.22522866246623,134.81932354080405,
30.796712486887298,33.33826630165402,38.39164449912166,38.5658179486652,40.45260465211722,42.09798094920943,45.19114957599552,46.11333863428238,46.206722719641085,46.21349911010851,47.22522866246623,47.24870368592137,63.352628639667,43.92536283287823,38.43122009103992,45.85455266383045,47.22522866246623,80.12795889025482,44.49366191283005,57.11070524044703,58.3913996711464,80.61860827377262,99.9810186066968,156.0348963818315,
30.796712486887298,33.33826630165402,38.39164449912166,38.43122009103992,38.5658179486652,40.45260465211722,42.09798094920943,43.92536283287823,44.49366191283005,45.19114957599552,45.85455266383045,46.11333863428238,38.43122009103992,60.04454129040799,45.22927702274269,155.32832609955238,45.52898954390366,65.97679516314808,33.29479253391652,39.17827842057382,68.7325250518268,116.95393205113807,76.77864286375477,38.13712102401019,
30.796712486887298,33.29479253391652,33.33826630165402,38.13712102401019,38.39164449912166,38.43122009103992,38.43122009103992,38.5658179486652,39.17827842057382,40.45260465211722,42.09798094920943,43.92536283287823,58.13215064639799,61.504272292289436,37.68473018198338,56.363897034262,29.031507063307338,97.76314567904014,81.20679288013129,30.796712486887298,77.40577705176568,96.78197146163122,72.9229730606206,165.0,
29.031507063307338,30.796712486887298,30.796712486887298,33.29479253391652,33.33826630165402,37.68473018198338,38.13712102401019,38.39164449912166,38.43122009103992,38.43122009103992,38.5658179486652,39.17827842057382,142.89419162443238,38.5658179486652,48.137534442700975,39.203794459210194,71.53763102774109,53.73720778008474,70.86293499111899,47.586655649650005,39.95046933391396,63.36578116161926,38.22878496630517,39.04151636399385,
29.031507063307338,30.796712486887298,30.796712486887298,33.29479253391652,33.33826630165402,37.68473018198338,38.13712102401019,38.22878496630517,38.39164449912166,38.43122009103992,38.43122009103992,38.5658179486652,142.89419162443238,88.23131775111808,132.70550101634822,87.30836156978323,63.60964942522479,43.80567885560045,83.01180638921188,74.04348384564302,36.124211793282775,103.25480887375443,30.796712486887298,125.13097138598421,
29.031507063307338,30.796712486887298,30.796712486887298,30.796712486887298,33.29479253391652,33.33826630165402,36.124211793282775,37.68473018198338,38.13712102401019,38.22878496630517,38.39164449912166,38.43122009103992,41.43091490733909,31.85887088898456,43.30369356698352,45.95308423178169,82.13860237427954,64.07200810199586,89.72611386995473,85.0760689030705,49.29052196473026,99.9538669097103,97.55835511662353,32.460552983583014,
29.031507063307338,30.796712486887298,30.796712486887298,30.796712486887298,31.85887088898456,32.460552983583014,33.29479253391652,33.33826630165402,36.124211793282775,37.68473018198338,38.13712102401019,38.22878496630517,63.8113539183184,83.0190339620981,33.33826630165402,46.38430911667657,31.013993109482715,97.71637424668583,47.937976456843266,28.898721332864472,30.796712486887298,77.27368389188018,63.7564811520279,43.25247807356397,
28.898721332864472,29.031507063307338,30.796712486887298,30.796712486887298,30.796712486887298,30.796712486887298,31.013993109482715,31.85887088898456,32.460552983583014,33.29479253391652,33.33826630165402,33.33826630165402,89.75158460314509,142.0,147.6060823799465,69.3061825436628,165.0,147.6060823799465,88.20178884555321,142.0,31.206854512991875,29.618237624814885,33.89016391044079,89.40111856123501,
28.898721332864472,29.031507063307338,29.618237624814885,30.796712486887298,30.796712486887298,30.796712486887298,30.796712486887298,31.013993109482715,31.206854512991875,31.85887088898456,32.460552983583014,33.29479253391652,28.90138302622216,44.87915873642117,50.3420399631791,42.17553212710044,51.260650805346344,136.61716583211643,29.031507063307338,32.460552983583014,156.0348963818315,25.90829982843336,99.82595966091297,30.796712486887298,
25.90829982843336,28.898721332864472,28.90138302622216,29.031507063307338,29.031507063307338,29.618237624814885,30.796712486887298,30.796712486887298,30.796712486887298,30.796712486887298,30.796712486887298,31.013993109482715,35.075931743209914,28.776017299091844,20.60390036034856,89.98827084064284,63.352628639667,24.261904294593204,48.23655700916853,74.77893345648151,35.08617961534142,72.13567463852789,155.32832609955238,83.0190339620981,
20.60390036034856,24.261904294593204,25.90829982843336,28.776017299091844,28.898721332864472,28.90138302622216,29.031507063307338,29.031507063307338,29.618237624814885,30.796712486887298,30.796712486887298,30.796712486887298,24.261904294593204,123.27595061487052,59.57925393960552,99.82595966091297,134.71038894194052,37.05654463114444,29.85753208525819,28.776017299091844,75.63215071794681,78.57792180961754,28.320703067230205,39.845380171202464,
20.60390036034856,24.261904294593204,24.261904294593204,25.90829982843336,28.320703067230205,28.776017299091844,28.776017299091844,28.898721332864472,28.90138302622216,29.031507063307338,29.031507063307338,29.618237624814885,156.0348963818315,64.450898887036,39.27645605194033,46.21349911010851,41.61296539407987,28.776017299091844,82.82042152888515,50.81180965090694,28.320703067230205,89.70541357404132,46.98552968734098,28.776017299091844,
20.60390036034856,24.261904294593204,24.261904294593204,25.90829982843336,28.320703067230205,28.320703067230205,28.776017299091844,28.776017299091844,28.776017299091844,28.776017299091844,28.898721332864472,28.90138302622216,42.09798094920943,54.23688781631925,48.23655700916853,61.15463096846296,48.86633163382472,82.1872861213947,69.5085606238541,32.03760545461078,25.503101051936923,42.414474584992654,64.38118902288151,41.147788468735094,
20.60390036034856,24.261904294593204,24.261904294593204,25.503101051936923,25.90829982843336,28.320703067230205,28.320703067230205,28.776017299091844,28.776017299091844,28.776017299091844,28.776017299091844,28.898721332864472,99.98387625114403,110.10613061950727,25.90829982843336,28.85610084909286,77.48709569986477,28.776017299091844,55.69504017414836,29.031507063307338,28.642047131888557,28.474143700981287,24.261904294593204,85.06990589444007,
20.60390036034856,24.261904294593204,24.261904294593204,24.261904294593204,25.503101051936923,25.90829982843336,25.90829982843336,28.320703067230205,28.320703067230205,28.474143700981287,28.642047131888557,28.776017299091844,40.08974307725107,80.61860827377262,103.73311910860484,77.5834228427697,63.654680639737236,59.35778751583915,57.355319309208134,28.320703067230205,45.07147102103502,35.56458913020084,123.1623319038739,35.4356811702555,
20.60390036034856,24.261904294593204,24.261904294593204,24.261904294593204,25.503101051936923,25.90829982843336,25.90829982843336,28.320703067230205,28.320703067230205,28.320703067230205,28.474143700981287,28.642047131888557,61.224484481292286,81.46816080217963,45.87045634645571,57.94508307925034,88.42001337611354,155.32832609955238,136.61716583211643,91.35075259679034,25.508323273257645,25.709116625935447,28.320703067230205,133.96848717349746,
20.60390036034856,24.261904294593204,24.261904294593204,24.261904294593204,25.503101051936923,25.508323273257645,25.709116625935447,25.90829982843336,25.90829982843336,28.320703067230205,28.320703067230205,28.320703067230205,64.78377497491174,55.09301226108444,70.9907564405395,25.77412569914944,44.56725255162135,103.27901798311,110.90788971033575,82.85022631230406,106.75835769987991,25.14924203629207,31.17112267610663,38.51217340010818,
20.60390036034856,24.261904294593204,24.261904294593204,24.261904294593204,25.14924203629207,25.503101051936923,25.508323273257645,25.709116625935447,25.77412569914944,25.90829982843336,25.90829982843336,28.320703067230205,61.856318041350086,25.508323273257645,26.704352622364617,59.898989047302706,25.77412569914944,43.67318329107131,25.77412569914944,79.43139768866912,62.32432099633594,57.832132552375725,29.17511782324109,101.38978690622093,
20.60390036034856,24.261904294593204,24.261904294593204,24.261904294593204,25.14924203629207,25.503101051936923,25.508323273257645,25.508323273257645,25.709116625935447,25.77412569914944,25.77412569914944,25.77412569914944,64.49682162711586,99.82595966091297,100.11271425526108,44.58294392353301,45.87045634645571,25.93849563015472,85.30468269027726,67.97175884144826,29.42254153558498,46.82934608043324,72.27878127239158,42.031981870951554,
20.60390036034856,24.261904294593204,24.261904294593204,24.261904294593204,25.14924203629207,25.503101051936923,25.508323273257645,25.508323273257645,25.709116625935447,25.77412569914944,25.77412569914944,25.77412569914944,26.19254830628092,104.80915990503883,58.77004651475902,26.022826518270456,74.18733045473465,41.26548194314468,79.32562987808893,29.223962770302045,35.27658571914238,70.38386810121258,58.031766735239266,25.77412569914944,
20.60390036034856,24.261904294593204,24.261904294593204,24.261904294593204,25.14924203629207,25.503101051936923,25.508323273257645,25.508323273257645,25.709116625935447,25.77412569914944,25.77412569914944,25.77412569914944,68.6529112436044,33.08121617935661,114.99286934414671,25.20730376825943,38.573544915485,48.18129823904707,25.77412569914944,74.08272403199008,46.799616255185825,25.89669648601707,116.25386015096444,55.70446709484786,
20.60390036034856,24.261904294593204,24.261904294593204,24.261904294593204,25.14924203629207,25.20730376825943,25.503101051936923,25.508323273257645,25.508323273257645,25.709116625935447,25.77412569914944,25.77412569914944,85.30468269027726,65.0335298134739,41.21069021084603,38.32462471445914,42.031981870951554,64.53853284838618,25.432821360731175,92.71109393581499,99.82595966091297,110.10613061950727,69.2195560428952,64.70848089701998,
20.60390036034856,24.261904294593204,24.261904294593204,24.261904294593204,25.14924203629207,25.20730376825943,25.432821360731175,25.503101051936923,25.508323273257645,25.508323273257645,25.709116625935447,25.77412569914944,116.25386015096444,41.69317675176984,25.916018212680743,89.40392175117262,26.057391548675543,63.331578923068776,91.27190148123353,25.709116625935447,24.261904294593204,52.032990484551554,67.97175884144826,39.986716544372584,
20.60390036034856,24.261904294593204,24.261904294593204,24.261904294593204,24.261904294593204,25.14924203629207,25.20730376825943,25.432821360731175,25.503101051936923,25.508323273257645,25.508323273257645,25.709116625935447,64.14480146945313,28.927986490021457,43.71230298324221,32.62699357984385,25.98861603212657,46.518141622382124,71.89034860273125,59.65068383206225,57.6470944627741,35.25109927363968,103.21606248813968,164.0,
20.60390036034856,24.261904294593204,24.261904294593204,24.261904294593204,24.261904294593204,25.14924203629207,25.20730376825943,25.432821360731175,25.503101051936923,25.508323273257645,25.508323273257645,25.709116625935447,90.1873605335027,48.594624188278274,25.432821360731175,26.83509733501244,67.97175884144826,61.42292332838027,33.3581389183924,25.715861944635563,46.21349911010851,81.08498942593556,66.77406315482143,136.61716583211643,
20.60390036034856,24.261904294593204,24.261904294593204,24.261904294593204,24.261904294593204,25.14924203629207,25.20730376825943,25.432821360731175,25.432821360731175,25.503101051936923,25.508323273257645,25.508323273257645,59.445437167204005,41.246696120154915,64.98728290039143,123.24998985801174,62.433311359777626,29.84694289202832,20.60390036034856,24.261904294593204,101.38978690622093,25.491895470793803,25.432821360731175,49.374982419124855,
20.60390036034856,20.60390036034856,24.261904294593204,24.261904294593204,24.261904294593204,24.261904294593204,24.261904294593204,25.14924203629207,25.20730376825943,25.432821360731175,25.432821360731175,25.432821360731175,56.21554500313948,136.61716583211643,57.40402618477403,28.965144429757892,28.749800354231386,42.20710840604932,68.86158847533898,37.964750941492916,40.450463532572776,25.615208156267027,48.34705265060116,48.63483256654134,
20.60390036034856,20.60390036034856,24.261904294593204,24.261904294593204,24.261904294593204,24.261904294593204,24.261904294593204,25.14924203629207,25.20730376825943,25.432821360731175,25.432821360731175,25.432821360731175,9.99999999E8,24.261904294593204,46.334004791297716,52.33604135287456,96.78197146163122,39.0902748362922,25.715861944635563,23.791796627763517,71.89034860273125,35.27658571914238,26.057391548675543,20.469055877609744,
20.469055877609744,20.60390036034856,20.60390036034856,23.791796627763517,24.261904294593204,24.261904294593204,24.261904294593204,24.261904294593204,24.261904294593204,24.261904294593204,25.14924203629207,25.20730376825943,34.49973050559493,20.873281427485722,46.21349911010851,81.83672769606567,24.261904294593204,29.307996821447052,26.057391548675543,58.26525551304139,24.261904294593204,93.6014007492528,59.898989047302706,56.324859484231,
20.469055877609744,20.60390036034856,20.60390036034856,20.873281427485722,23.791796627763517,24.261904294593204,24.261904294593204,24.261904294593204,24.261904294593204,24.261904294593204,24.261904294593204,24.261904294593204,155.32832609955238,40.728859547009165,164.0,66.40188157381695,111.33984012921879,58.33821165218823,156.0348963818315,26.057391548675543,24.261904294593204,55.59844871936626,56.66361647564304,58.33821165218823,
20.469055877609744,20.60390036034856,20.60390036034856,20.873281427485722,23.791796627763517,24.261904294593204,24.261904294593204,24.261904294593204,24.261904294593204,24.261904294593204,24.261904294593204,24.261904294593204,22.41764975210745,45.13066429274149,22.27625204020366,52.025378422458395,24.261904294593204,77.15690182997241,58.33821165218823,58.17806717311946,46.68018851718574,90.37344742788115,31.68343415730056,103.18214746532249,
20.469055877609744,20.60390036034856,20.60390036034856,20.873281427485722,22.27625204020366,22.41764975210745,23.791796627763517,24.261904294593204,24.261904294593204,24.261904294593204,24.261904294593204,24.261904294593204,52.47320744913541,156.0348963818315,99.82595966091297,155.32832609955238,60.2215908125981,42.47592355243913,61.856318041350086,68.72726896945636,65.85505970606123,68.00780267358883,21.987355161143153,116.93825531260312,
20.469055877609744,20.60390036034856,20.60390036034856,20.873281427485722,21.987355161143153,22.27625204020366,22.41764975210745,23.791796627763517,24.261904294593204,24.261904294593204,24.261904294593204,24.261904294593204,76.79166621450534,156.0348963818315,155.32832609955238,54.91072299651499,20.60390036034856,47.2733057031002,43.931053936822416,43.447143991149225,57.18992481198065,59.898989047302706,34.26277134150126,28.39579172437918,
20.469055877609744,20.60390036034856,20.60390036034856,20.60390036034856,20.873281427485722,21.987355161143153,22.27625204020366,22.41764975210745,23.791796627763517,24.261904294593204,24.261904294593204,24.261904294593204,24.677565692764553,27.29718107560845,22.285421243494593,31.13102143951863,22.145161170452248,22.76049208606879,77.27368389188018,22.475232917025714,71.85556500523965,76.82375211410134,41.45122533330773,52.74139096561309,
20.469055877609744,20.60390036034856,20.60390036034856,20.60390036034856,20.873281427485722,21.987355161143153,22.145161170452248,22.27625204020366,22.285421243494593,22.41764975210745,22.475232917025714,22.76049208606879,40.36629163051766,49.436002744426446,20.60390036034856,22.27625204020366,31.30878470972644,20.918834411508083,155.32832609955238,20.60390036034856,43.63852641478996,85.30468269027726,123.2077919613853,44.32425972309069,
20.469055877609744,20.60390036034856,20.60390036034856,20.60390036034856,20.60390036034856,20.60390036034856,20.873281427485722,20.918834411508083,21.987355161143153,22.145161170452248,22.27625204020366,22.27625204020366,20.60390036034856,155.32832609955238,85.30468269027726,108.87862763442399,59.42273322971433,20.60390036034856,29.436723833660082,29.543865691544156,9.99999999E8,74.18733045473465,49.927702833237596,74.18733045473465,
20.469055877609744,20.60390036034856,20.60390036034856,20.60390036034856,20.60390036034856,20.60390036034856,20.60390036034856,20.60390036034856,20.873281427485722,20.918834411508083,21.987355161143153,22.145161170452248,20.60390036034856,31.645536810109572,22.576225335808978,20.72371159378122,58.52646357653528,29.41041009952466,9.99999999E8,46.658200290206096,20.081466732349234,21.37381575666825,20.074470727767643,73.85228500188738,
20.074470727767643,20.081466732349234,20.469055877609744,20.60390036034856,20.60390036034856,20.60390036034856,20.60390036034856,20.60390036034856,20.60390036034856,20.60390036034856,20.60390036034856,20.72371159378122,21.208619840893835,85.04051322098715,73.95503322138062,60.122271247849575,22.31295069225586,66.71909396866837,46.41163647190217,73.85228500188738,109.99709087062256,42.35489936241143,25.28061263102617,41.41624748278815,
20.074470727767643,20.081466732349234,20.469055877609744,20.60390036034856,20.60390036034856,20.60390036034856,20.60390036034856,20.60390036034856,20.60390036034856,20.60390036034856,20.60390036034856,20.72371159378122,95.04188550318223,64.53853284838618,20.60390036034856,57.94508307925034,20.60390036034856,42.77705627097166,70.4122779697468,37.83720815530203,20.238518550923995,20.406081526478964,20.145389911686433,20.0847094964193,
20.074470727767643,20.081466732349234,20.0847094964193,20.145389911686433,20.238518550923995,20.406081526478964,20.469055877609744,20.60390036034856,20.60390036034856,20.60390036034856,20.60390036034856,20.60390036034856,19.562400159489634,41.45122533330773,9.99999999E8,73.85228500188738,27.759602943045774,43.45327950799571,21.010563699773705,22.805673974519998,92.57395692093971,85.67120610540951,77.08072067644412,20.379046973682446,
19.562400159489634,20.074470727767643,20.081466732349234,20.0847094964193,20.145389911686433,20.238518550923995,20.379046973682446,20.406081526478964,20.469055877609744,20.60390036034856,20.60390036034856,20.60390036034856,20.60390036034856,46.441791524444874,109.67337872063575,76.79166621450534,32.92291553533706,31.8587860490746,21.993041571165648,70.86033798959754,64.53853284838618,65.7347794131067,29.025372042787364,22.087728914377806,
19.562400159489634,20.074470727767643,20.081466732349234,20.0847094964193,20.145389911686433,20.238518550923995,20.379046973682446,20.406081526478964,20.469055877609744,20.60390036034856,20.60390036034856,20.60390036034856,20.0847094964193,56.32993187009723,100.16266769610321,80.89978683657999,20.60390036034856,45.02488200983984,80.86799523335065,40.46776494940139,81.18634258434248,29.837313989741922,20.430260780409917,103.18214746532249,
19.562400159489634,20.074470727767643,20.081466732349234,20.0847094964193,20.0847094964193,20.145389911686433,20.238518550923995,20.379046973682446,20.406081526478964,20.430260780409917,20.469055877609744,20.60390036034856,86.05553762283724,20.145389911686433,76.8957736159797,64.53853284838618,19.562400159489634,22.894079778162936,30.689411854905266,80.1368727075554,39.90222424878092,20.42390987726288,74.18733045473465,72.13336414047401,
19.562400159489634,19.562400159489634,20.074470727767643,20.081466732349234,20.0847094964193,20.0847094964193,20.145389911686433,20.145389911686433,20.238518550923995,20.379046973682446,20.406081526478964,20.42390987726288,20.145389911686433,99.74244610774069,19.871068793600408,109.83150731916592,48.34705265060116,20.21794826629956,46.262160563466985,155.32832609955238,28.566749405517477,43.55854610493227,19.246817918814525,81.12197920541684,
19.246817918814525,19.562400159489634,19.562400159489634,19.871068793600408,20.074470727767643,20.081466732349234,20.0847094964193,20.0847094964193,20.145389911686433,20.145389911686433,20.145389911686433,20.21794826629956,31.887928750547594,20.145389911686433,42.105106578656226,20.074470727767643,48.34705265060116,109.73402186904276,84.2509479010309,90.9096254529739,90.9096254529739,59.598133360030666,20.0847094964193,63.994897755801674,
19.246817918814525,19.562400159489634,19.562400159489634,19.871068793600408,20.074470727767643,20.074470727767643,20.081466732349234,20.0847094964193,20.0847094964193,20.0847094964193,20.145389911686433,20.145389911686433,20.637473814490644,144.0,9.99999999E8,29.508928470958285,77.21520251867504,25.806437612003368,59.188024314232884,21.221848739102008,20.367336653742036,37.32479733190481,29.328953271468794,28.45854685132199,
19.246817918814525,19.562400159489634,19.562400159489634,19.871068793600408,20.074470727767643,20.074470727767643,20.081466732349234,20.0847094964193,20.0847094964193,20.0847094964193,20.145389911686433,20.145389911686433,19.871068793600408,32.66711643025397,45.433712397538265,85.04051322098715,41.67901745324341,100.16266769610321,76.79166621450534,82.5240705626075,22.846711409352164,45.14905868343215,20.0248734217112,44.47963016932582,
19.246817918814525,19.562400159489634,19.562400159489634,19.871068793600408,19.871068793600408,20.0248734217112,20.074470727767643,20.074470727767643,20.081466732349234,20.0847094964193,20.0847094964193,20.0847094964193,38.172509687833845,83.1098670435707,42.51913149642025,21.54001444340793,9.99999999E8,29.534819375705613,25.77412569914944,20.425716059497397,59.62539308046531,75.52853765299577,46.047944830801036,77.21520251867504,
19.246817918814525,19.562400159489634,19.562400159489634,19.871068793600408,19.871068793600408,20.0248734217112,20.074470727767643,20.074470727767643,20.081466732349234,20.0847094964193,20.0847094964193,20.0847094964193,45.50078007742638,67.96313452395341,20.081466732349234,90.9096254529739,71.40719609619879,22.32571387436469,89.2370438775288,20.074470727767643,20.0248734217112,25.62866368671734,43.384184906484066,85.04051322098715,
19.246817918814525,19.562400159489634,19.562400159489634,19.871068793600408,19.871068793600408,20.0248734217112,20.0248734217112,20.074470727767643,20.074470727767643,20.074470727767643,20.081466732349234,20.081466732349234,42.219542819864444,76.68478046884894,20.0248734217112,20.382438200133187,25.432821360731175,22.872168560819855,26.576409756691284,76.3278291319752,20.074470727767643,90.9096254529739,57.97958824501278,63.32266576826974,
19.246817918814525,19.562400159489634,19.562400159489634,19.871068793600408,19.871068793600408,20.0248734217112,20.0248734217112,20.0248734217112,20.074470727767643,20.074470727767643,20.074470727767643,20.074470727767643,44.87623584047437,26.06319130168833,54.515303973718595,20.811921936105666,41.67901745324341,25.119360034059586,43.79864139050801,26.29902828792138,9.99999999E8,76.3278291319752,19.562400159489634,49.88190134339962,
19.246817918814525,19.562400159489634,19.562400159489634,19.562400159489634,19.871068793600408,19.871068793600408,20.0248734217112,20.0248734217112,20.0248734217112,20.074470727767643,20.074470727767643,20.074470727767643,123.57543804854139,9.99999999E8,20.32885196518048,43.380499865665925,20.074470727767643,20.33738859834271,21.755227896494265,72.14260568870212,19.562400159489634,27.532700317565286,19.985198604600008,80.54414938404899,
19.246817918814525,19.562400159489634,19.562400159489634,19.562400159489634,19.562400159489634,19.871068793600408,19.871068793600408,19.985198604600008,20.0248734217112,20.0248734217112,20.0248734217112,20.074470727767643,68.0203310202087,47.52565096871373,73.85228500188738,31.7144376515737,79.85650395859936,19.562400159489634,9.99999999E8,25.432985170716343,21.505167337694036,42.178667593939,34.48779730956018,20.113453716559054,
19.246817918814525,19.562400159489634,19.562400159489634,19.562400159489634,19.562400159489634,19.562400159489634,19.871068793600408,19.871068793600408,19.985198604600008,20.0248734217112,20.0248734217112,20.0248734217112,64.53853284838618,67.99519790967234,59.68714732298366,48.86633163382472,90.9096254529739,59.42273322971433,64.36272213012747,19.781444728723827,38.82061308119695,22.32571387436469,9.99999999E8,20.711822513645064,
19.246817918814525,19.562400159489634,19.562400159489634,19.562400159489634,19.562400159489634,19.562400159489634,19.781444728723827,19.871068793600408,19.871068793600408,19.985198604600008,20.0248734217112,20.0248734217112,35.72692574432477,26.740628722784287,22.067447116107974,9.99999999E8,19.562400159489634,9.99999999E8,81.07794184031329,66.66153313568478,63.75335125245077,95.86257170064458,19.7452916719373,9.99999999E8,
19.246817918814525,19.562400159489634,19.562400159489634,19.562400159489634,19.562400159489634,19.562400159489634,19.562400159489634,19.7452916719373,19.781444728723827,19.871068793600408,19.871068793600408,19.985198604600008,41.54073486424168,22.76049208606879,23.093772191861312,19.562400159489634,30.341309156368222,9.99999999E8,51.83520896927965,41.509772638377534,9.99999999E8,20.21794826629956,9.99999999E8,20.685176895784007,
19.246817918814525,19.562400159489634,19.562400159489634,19.562400159489634,19.562400159489634,19.562400159489634,19.562400159489634,19.562400159489634,19.7452916719373,19.781444728723827,19.871068793600408,19.871068793600408,74.36098140527433,21.37381575666825,73.59098214496953,24.227716535420956,9.99999999E8,41.4238759654381,44.79330307088326,74.08272403199008,22.268088570756163,45.45924779268288,50.00749943758436,65.2300544227889,
19.246817918814525,19.562400159489634,19.562400159489634,19.562400159489634,19.562400159489634,19.562400159489634,19.562400159489634,19.562400159489634,19.7452916719373,19.781444728723827,19.871068793600408,19.871068793600408,43.380499865665925,85.0287533066838,164.0,19.562400159489634,91.35075259679034,142.81067498226068,9.99999999E8,19.562400159489634,20.749535172541652,9.99999999E8,71.84860626499461,9.99999999E8,
19.246817918814525,19.562400159489634,19.562400159489634,19.562400159489634,19.562400159489634,19.562400159489634,19.562400159489634,19.562400159489634,19.562400159489634,19.562400159489634,19.7452916719373,19.781444728723827,19.562400159489634,19.562400159489634,85.91791948650112,26.740628722784287,19.562400159489634,27.196188208299052,19.562400159489634,19.562400159489634,20.685176895784007,20.96756754821333,20.685176895784007,74.94623072576766,
19.246817918814525,19.562400159489634,19.562400159489634,19.562400159489634,19.562400159489634,19.562400159489634,19.562400159489634,19.562400159489634,19.562400159489634,19.562400159489634,19.562400159489634,19.562400159489634,123.1623319038739,46.262160563466985,73.66308437745462,147.6060823799465,9.99999999E8,19.562400159489634,19.562400159489634,81.76932323446381,82.00135500235481,17.97803872904967,45.67518168789504,65.2300544227889,
17.97803872904967,19.246817918814525,19.562400159489634,19.562400159489634,19.562400159489634,19.562400159489634,19.562400159489634,19.562400159489634,19.562400159489634,19.562400159489634,19.562400159489634,19.562400159489634,64.5155020130821,30.990534411986122,109.73402186904276,20.379046973682446,22.76049208606879,21.562900493346216,25.701187140055673,21.050902495327097,9.99999999E8,19.562400159489634,19.562400159489634,19.562400159489634,
17.97803872904967,19.246817918814525,19.562400159489634,19.562400159489634,19.562400159489634,19.562400159489634,19.562400159489634,19.562400159489634,19.562400159489634,19.562400159489634,19.562400159489634,19.562400159489634,60.62144834957344,24.323651041733022,9.99999999E8,19.562400159489634,24.039062860475166,26.740628722784287,30.81147414155172,103.17730155201556,19.562400159489634,19.562400159489634,19.562400159489634,23.833589742210467,
17.97803872904967,19.246817918814525,19.562400159489634,19.562400159489634,19.562400159489634,19.562400159489634,19.562400159489634,19.562400159489634,19.562400159489634,19.562400159489634,19.562400159489634,19.562400159489634,19.562400159489634,19.7452916719373,59.91034969018291,19.562400159489634,21.579757885880536,32.218776928630604,86.19837585476886,22.32571387436469,114.33381924094998,20.957334671737478,41.93375728455536,19.562400159489634,
17.97803872904967,19.246817918814525,19.562400159489634,19.562400159489634,19.562400159489634,19.562400159489634,19.562400159489634,19.562400159489634,19.562400159489634,19.562400159489634,19.562400159489634,19.562400159489634,28.927072271560455,20.794547918637132,19.562400159489634,71.89034860273125,82.5240705626075,19.562400159489634,85.06990589444007,42.26766560333745,21.398049986152394,45.85592036039366,19.246817918814525,43.69704908532648,
17.97803872904967,19.246817918814525,19.246817918814525,19.562400159489634,19.562400159489634,19.562400159489634,19.562400159489634,19.562400159489634,19.562400159489634,19.562400159489634,19.562400159489634,19.562400159489634,19.562400159489634,81.07794184031329,42.49894116328076,44.61170341550133,91.35075259679034,30.77271518732138,48.42405279289301,48.221851258278235,31.30878470972644,19.562400159489634,60.58844774377373,89.2370438775288,
17.97803872904967,19.246817918814525,19.246817918814525,19.562400159489634,19.562400159489634,19.562400159489634,19.562400159489634,19.562400159489634,19.562400159489634,19.562400159489634,19.562400159489634,19.562400159489634,43.590122337888644,144.0,46.002037998332206,19.562400159489634,95.57312499977294,73.85645205534911,21.562900493346216,19.562400159489634,76.79166621450534,19.562400159489634,117.01816098366955,19.562400159489634,
17.97803872904967,19.246817918814525,19.246817918814525,19.562400159489634,19.562400159489634,19.562400159489634,19.562400159489634,19.562400159489634,19.562400159489634,19.562400159489634,19.562400159489634,19.562400159489634,29.890334537529554,20.718108021728238,72.74097882211925,18.92936839026387,59.44207264219511,23.06090968621046,65.48451895083466,26.022826518270456,19.7452916719373,20.685176895784007,9.99999999E8,71.89034860273125,
17.97803872904967,18.92936839026387,19.246817918814525,19.246817918814525,19.562400159489634,19.562400159489634,19.562400159489634,19.562400159489634,19.562400159489634,19.562400159489634,19.562400159489634,19.562400159489634,9.99999999E8,21.98035701881469,9.99999999E8,26.199488986247342,67.12793755211014,64.5155020130821,80.89978683657999,18.995789007040482,19.562400159489634,55.66664629923453,59.405902269806454,164.0,
17.97803872904967,18.92936839026387,18.995789007040482,19.246817918814525,19.246817918814525,19.562400159489634,19.562400159489634,19.562400159489634,19.562400159489634,19.562400159489634,19.562400159489634,19.562400159489634,9.99999999E8,42.553965737637185,26.740628722784287,59.42273322971433,57.73809401080018,20.598678490513795,61.5,58.437659090692534,19.246817918814525,9.99999999E8,63.69730715482021,85.0209124601445,
17.97803872904967,18.92936839026387,18.995789007040482,19.246817918814525,19.246817918814525,19.246817918814525,19.562400159489634,19.562400159489634,19.562400159489634,19.562400159489634,19.562400159489634,19.562400159489634,26.484665374514364,83.1098670435707,19.246817918814525,30.81147414155172,42.26766560333745,85.91791948650112,31.653396342256862,9.99999999E8,46.32537101848187,69.88740945263316,63.69730715482021,20.685176895784007,
17.97803872904967,18.92936839026387,18.995789007040482,19.246817918814525,19.246817918814525,19.246817918814525,19.246817918814525,19.562400159489634,19.562400159489634,19.562400159489634,19.562400159489634,19.562400159489634,103.18214746532249,36.20965187472656,17.97803872904967,43.13916612917996,117.01816098366955,80.54414938404899,19.562400159489634,16.773399738142242,23.90899412355108,49.88190134339962,42.16263155923738,117.01816098366955,
16.773399738142242,17.97803872904967,17.97803872904967,18.92936839026387,18.995789007040482,19.246817918814525,19.246817918814525,19.246817918814525,19.246817918814525,19.562400159489634,19.562400159489634,19.562400159489634,24.70017743725941,19.899050786965248,66.80538900418138,57.94508307925034,21.705771026797656,16.773399738142242,26.740628722784287,30.84538052934345,25.51415729006589,117.01816098366955,20.5013549687711,27.420207304012884,
16.773399738142242,16.773399738142242,17.97803872904967,17.97803872904967,18.92936839026387,18.995789007040482,19.246817918814525,19.246817918814525,19.246817918814525,19.246817918814525,19.562400159489634,19.562400159489634,73.27591691681516,18.525320510047862,65.05574532660432,73.66308437745462,19.957980550504626,46.32537101848187,57.150872453727445,70.12528470926557,64.53853284838618,65.2300544227889,49.08043285148257,21.722517547352595,
16.773399738142242,16.773399738142242,17.97803872904967,17.97803872904967,18.525320510047862,18.92936839026387,18.995789007040482,19.246817918814525,19.246817918814525,19.246817918814525,19.246817918814525,19.562400159489634,60.66208773928646,24.34009038602774,22.118770309400116,56.070655135703014,19.246817918814525,27.420207304012884,103.73311910860484,18.525320510047862,61.401987603274314,65.2300544227889,56.24277731406941,94.55289524916728,
16.773399738142242,16.773399738142242,17.97803872904967,17.97803872904967,18.525320510047862,18.525320510047862,18.92936839026387,18.995789007040482,19.246817918814525,19.246817918814525,19.246817918814525,19.246817918814525,70.12528470926557,58.83498581248708,117.01816098366955,33.96229526990189,56.24277731406941,21.050902495327097,82.1872861213947,19.246817918814525,17.97803872904967,117.01816098366955,20.530565803976398,46.22702131870493,
16.773399738142242,16.773399738142242,17.97803872904967,17.97803872904967,17.97803872904967,18.525320510047862,18.525320510047862,18.92936839026387,18.995789007040482,19.246817918814525,19.246817918814525,19.246817918814525,39.94696484089874,21.476498783554085,19.246817918814525,19.453534383242545,19.246817918814525,25.847606570669143,17.942616865998115,48.60251106303719,90.89642457214696,17.376348868505143,22.063020180930177,63.61572132735744,
16.773399738142242,16.773399738142242,17.376348868505143,17.942616865998115,17.97803872904967,17.97803872904967,17.97803872904967,18.525320510047862,18.525320510047862,18.92936839026387,18.995789007040482,19.246817918814525,43.47668596181432,65.2300544227889,104.68887237906424,20.474615418688817,25.256217911830674,64.53853284838618,17.376348868505143,55.88772226527039,20.72274351444403,19.246817918814525,9.99999999E8,70.12528470926557,
16.773399738142242,16.773399738142242,17.376348868505143,17.376348868505143,17.942616865998115,17.97803872904967,17.97803872904967,17.97803872904967,18.525320510047862,18.525320510047862,18.92936839026387,18.995789007040482,21.03898497762877,43.96518509002322,44.64178411408855,19.668248523953523,17.376348868505143,109.80236791617928,30.06998639229245,22.17295650110738,17.942616865998115,89.2370438775288,114.33381924094998,26.057391548675543,
16.773399738142242,16.773399738142242,17.376348868505143,17.376348868505143,17.376348868505143,17.942616865998115,17.942616865998115,17.97803872904967,17.97803872904967,17.97803872904967,18.525320510047862,18.525320510047862,103.41063775066857,22.486276994229712,29.27560801229918,96.78197146163122,18.525320510047862,89.094107549265,89.2370438775288,114.33381924094998,18.525320510047862,114.33381924094998,50.456802206331794,28.831233064161513,
16.773399738142242,16.773399738142242,17.376348868505143,17.376348868505143,17.376348868505143,17.942616865998115,17.942616865998115,17.97803872904967,17.97803872904967,17.97803872904967,18.525320510047862,18.525320510047862,89.094107549265,145.525102836437,48.60251106303719,16.773399738142242,114.33381924094998,24.274266209300745,31.249888888691356,23.207650491213325,21.050902495327097,50.92696295240426,19.44793619441976,40.82202224290218,
16.773399738142242,16.773399738142242,16.773399738142242,17.376348868505143,17.376348868505143,17.376348868505143,17.942616865998115,17.942616865998115,17.97803872904967,17.97803872904967,17.97803872904967,18.525320510047862,20.649775377482825,85.68640498935639,23.98306694315804,117.01816098366955,16.077617855838202,89.2370438775288,96.78197146163122,21.050902495327097,65.2300544227889,59.69388578405665,89.2370438775288,65.2300544227889,
16.077617855838202,16.773399738142242,16.773399738142242,16.773399738142242,17.376348868505143,17.376348868505143,17.376348868505143,17.942616865998115,17.942616865998115,17.97803872904967,17.97803872904967,17.97803872904967,40.98680723534023,86.19837585476886,9.99999999E8,79.53464653847404,29.27560801229918,40.61018960802818,9.99999999E8,19.76804264979418,45.6655990738708,42.516908401246674,61.369554521946974,73.8835266497484,
16.077617855838202,16.773399738142242,16.773399738142242,16.773399738142242,17.376348868505143,17.376348868505143,17.376348868505143,17.942616865998115,17.942616865998115,17.97803872904967,17.97803872904967,17.97803872904967,28.06988363614888,59.768070256803696,48.67173204232617,150.0,57.57160581326846,90.37344742788115,44.61170341550133,77.48709569986477,21.050902495327097,59.444548286513665,76.74561152853556,46.948951869372465,
16.077617855838202,16.773399738142242,16.773399738142242,16.773399738142242,17.376348868505143,17.376348868505143,17.376348868505143,17.942616865998115,17.942616865998115,17.97803872904967,17.97803872904967,17.97803872904967,25.924867703270902,31.63503611826738,20.337960887493722,47.22522866246623,24.34111328428442,73.36865815864428,83.1098670435707,65.2300544227889,23.65243116468157,45.339085269348175,58.08775688559509,9.99999999E8,
16.077617855838202,16.773399738142242,16.773399738142242,16.773399738142242,17.376348868505143,17.376348868505143,17.376348868505143,17.942616865998115,17.942616865998115,17.97803872904967,17.97803872904967,17.97803872904967,55.58077205493122,156.0348963818315,16.077617855838202,22.486276994229712,23.009391534011325,42.287162137375134,18.525320510047862,9.99999999E8,19.562400159489634,65.2300544227889,21.89875694087579,36.487806182339874,
16.077617855838202,16.077617855838202,16.773399738142242,16.773399738142242,16.773399738142242,17.376348868505143,17.376348868505143,17.376348868505143,17.942616865998115,17.942616865998115,17.97803872904967,17.97803872904967,80.9336147716139,50.69999798736058,114.33381924094998,28.74439075715469,9.99999999E8,164.0,58.10281834816621,22.17295650110738,9.99999999E8,9.99999999E8,9.99999999E8,64.53853284838618,
16.077617855838202,16.077617855838202,16.773399738142242,16.773399738142242,16.773399738142242,17.376348868505143,17.376348868505143,17.376348868505143,17.942616865998115,17.942616865998115,17.97803872904967,17.97803872904967,41.6878464688436,50.35235843533051,43.106380038226355,90.37344742788115,50.347680074546524,9.99999999E8,61.08918798681882,82.5240705626075,142.81067498226068,9.99999999E8,67.22164829874376,47.168727870156616,
16.077617855838202,16.077617855838202,16.773399738142242,16.773399738142242,16.773399738142242,17.376348868505143,17.376348868505143,17.376348868505143,17.942616865998115,17.942616865998115,17.97803872904967,17.97803872904967,22.17295650110738,50.94735177672363,17.376348868505143,16.077617855838202,35.476189197826756,90.37344742788115,42.94038359411658,89.2370438775288,23.297326715714945,50.65261592455023,31.015117281738593,20.650423724466286,
16.077617855838202,16.077617855838202,16.077617855838202,16.773399738142242,16.773399738142242,16.773399738142242,17.376348868505143,17.376348868505143,17.376348868505143,17.376348868505143,17.942616865998115,17.942616865998115,9.99999999E8,73.7239596211586,164.0,94.53159377807094,63.50413774081245,20.685176895784007,53.62109866668364,47.45271330493126,25.73013797086988,9.99999999E8,67.3108460799595,114.33381924094998,
16.077617855838202,16.077617855838202,16.077617855838202,16.773399738142242,16.773399738142242,16.773399738142242,17.376348868505143,17.376348868505143,17.376348868505143,17.376348868505143,17.942616865998115,17.942616865998115,21.75408007707979,114.33381924094998,43.47668596181432,110.48479030567461,70.12528470926557,22.55304857441672,17.942616865998115,56.751651958335096,85.91791948650112,23.77265001822239,17.376348868505143,92.75101077616351,
16.077617855838202,16.077617855838202,16.077617855838202,16.773399738142242,16.773399738142242,16.773399738142242,17.376348868505143,17.376348868505143,17.376348868505143,17.376348868505143,17.376348868505143,17.942616865998115,86.057474334824,20.337960887493722,16.077617855838202,155.32832609955238,17.942616865998115,24.298971171636055,80.54414938404899,28.305650964837564,16.773399738142242,16.077617855838202,70.12528470926557,44.34171286723146,
16.077617855838202,16.077617855838202,16.077617855838202,16.077617855838202,16.077617855838202,16.773399738142242,16.773399738142242,16.773399738142242,16.773399738142242,17.376348868505143,17.376348868505143,17.376348868505143,9.99999999E8,9.99999999E8,90.1474347943412,22.531887413468567,61.43238152635791,23.74736827524263,132.05638526360207,23.96499504807629,89.094107549265,9.99999999E8,19.246817918814525,9.99999999E8,
16.077617855838202,16.077617855838202,16.077617855838202,16.077617855838202,16.077617855838202,16.773399738142242,16.773399738142242,16.773399738142242,16.773399738142242,17.376348868505143,17.376348868505143,17.376348868505143,21.89875694087579,9.99999999E8,16.773399738142242,16.077617855838202,80.9336147716139,9.99999999E8,73.66308437745462,19.562400159489634,26.740628722784287,64.78339979415166,59.79659399214327,109.810063291121,
16.077617855838202,16.077617855838202,16.077617855838202,16.077617855838202,16.077617855838202,16.077617855838202,16.773399738142242,16.773399738142242,16.773399738142242,16.773399738142242,16.773399738142242,17.376348868505143,9.99999999E8,67.3108460799595,9.99999999E8,18.525320510047862,109.73402186904276,20.30325644378808,62.98063194347926,94.55289524916728,155.32832609955238,60.66208773928646,9.99999999E8,9.99999999E8,
16.077617855838202,16.077617855838202,16.077617855838202,16.077617855838202,16.077617855838202,16.077617855838202,16.773399738142242,16.773399738142242,16.773399738142242,16.773399738142242,16.773399738142242,17.376348868505143,85.04051322098715,147.6060823799465,117.01816098366955,47.02192280723743,89.094107549265,25.17715013437559,23.220893103909887,39.27818109592247,48.36384211877501,18.525320510047862,9.99999999E8,29.663417998385466,
16.077617855838202,16.077617855838202,16.077617855838202,16.077617855838202,16.077617855838202,16.077617855838202,16.773399738142242,16.773399738142242,16.773399738142242,16.773399738142242,16.773399738142242,17.376348868505143,16.773399738142242,76.38644440533209,59.42273322971433,47.4358514206291,57.520083449174514,21.517147913257176,77.34500630292818,9.99999999E8,28.546258754675524,106.32144656653237,16.077617855838202,50.87789303813592,
16.077617855838202,16.077617855838202,16.077617855838202,16.077617855838202,16.077617855838202,16.077617855838202,16.077617855838202,16.773399738142242,16.773399738142242,16.773399738142242,16.773399738142242,16.773399738142242,16.077617855838202,50.899410605624894,20.72274351444403,65.2300544227889,63.04561840445377,20.680606857633556,74.08272403199008,20.685176895784007,56.06413737854173,88.15185760946845,19.76804264979418,117.01816098366955,
16.077617855838202,16.077617855838202,16.077617855838202,16.077617855838202,16.077617855838202,16.077617855838202,16.077617855838202,16.077617855838202,16.773399738142242,16.773399738142242,16.773399738142242,16.773399738142242,17.376348868505143,45.505663736492906,20.344983837470572,20.246913345001506,80.9336147716139,34.42905749508691,165.0,27.8906595276786,21.89875694087579,109.73402186904276,72.17589625352774,17.604498497456234,
16.077617855838202,16.077617855838202,16.077617855838202,16.077617855838202,16.077617855838202,16.077617855838202,16.077617855838202,16.077617855838202,16.773399738142242,16.773399738142242,16.773399738142242,16.773399738142242,16.077617855838202,43.47668596181432,16.077617855838202,20.345454037695987,73.66308437745462,9.99999999E8,68.9919480003927,48.53486018380216,106.34965914378851,24.462486037614735,74.1845464957191,43.47668596181432,
16.077617855838202,16.077617855838202,16.077617855838202,16.077617855838202,16.077617855838202,16.077617855838202,16.077617855838202,16.077617855838202,16.077617855838202,16.077617855838202,16.773399738142242,16.773399738142242,67.12793755211014,20.250895422970775,70.12528470926557,97.52320498324531,132.70550101634822,79.76371355447287,73.66308437745462,22.756901001891197,21.89875694087579,9.99999999E8,16.077617855838202,64.70054095600747,
16.077617855838202,16.077617855838202,16.077617855838202,16.077617855838202,16.077617855838202,16.077617855838202,16.077617855838202,16.077617855838202,16.077617855838202,16.077617855838202,16.077617855838202,16.773399738142242,16.077617855838202,9.99999999E8,21.89875694087579,156.0348963818315,80.84690607699358,45.50078007742638,47.65565259746,21.89875694087579,16.077617855838202,89.094107549265,45.244460705038755,16.077617855838202,
16.077617855838202,16.077617855838202,16.077617855838202,16.077617855838202,16.077617855838202,16.077617855838202,16.077617855838202,16.077617855838202,16.077617855838202,16.077617855838202,16.077617855838202,16.077617855838202,73.66308437745462,80.84690607699358,16.077617855838202,81.09379804666108,9.99999999E8,21.573875376608445,19.76804264979418,16.077617855838202,55.59844871936626,65.2300544227889,90.37344742788115,43.47668596181432,
16.077617855838202,16.077617855838202,16.077617855838202,16.077617855838202,16.077617855838202,16.077617855838202,16.077617855838202,16.077617855838202,16.077617855838202,16.077617855838202,16.077617855838202,16.077617855838202,121.0,80.54414938404899,24.039062860475166,70.12528470926557,16.077617855838202,16.077617855838202,79.06677908929612,41.89139397166068,9.99999999E8,55.525320570797206,16.077617855838202,65.2300544227889,
16.077617855838202,16.077617855838202,16.077617855838202,16.077617855838202,16.077617855838202,16.077617855838202,16.077617855838202,16.077617855838202,16.077617855838202,16.077617855838202,16.077617855838202,16.077617855838202,91.35075259679034,43.05995819784316,59.968741857737854,43.05995819784316,64.53853284838618,16.077617855838202,16.077617855838202,9.99999999E8,29.989113671055872,16.077617855838202,30.701067661492747,16.077617855838202,
16.077617855838202,16.077617855838202,16.077617855838202,16.077617855838202,16.077617855838202,16.077617855838202,16.077617855838202,16.077617855838202,16.077617855838202,16.077617855838202,16.077617855838202,16.077617855838202,73.66308437745462,19.76804264979418,9.99999999E8,47.168727870156616,16.077617855838202,142.81067498226068,16.077617855838202,60.66208773928646,73.54420439436407,28.075295585660754,94.55289524916728,28.075295585660754,
16.077617855838202,16.077617855838202,16.077617855838202,16.077617855838202,16.077617855838202,16.077617855838202,16.077617855838202,16.077617855838202,16.077617855838202,16.077617855838202,16.077617855838202,16.077617855838202,70.12528470926557,46.56397836990148,64.38598881399241,86.10087107573302,16.077617855838202,41.16093077448835,90.1873605335027,38.049441520211566,16.077617855838202,64.5155020130821,9.99999999E8,73.66308437745462,
16.077617855838202,16.077617855838202,16.077617855838202,16.077617855838202,16.077617855838202,16.077617855838202,16.077617855838202,16.077617855838202,16.077617855838202,16.077617855838202,16.077617855838202,16.077617855838202,27.238529696002317,44.34171286723146,16.077617855838202,9.99999999E8,9.99999999E8,21.383170952877876,16.077617855838202,27.907497242978703,16.077617855838202,9.99999999E8,38.89524392518962,16.077617855838202,
16.077617855838202,16.077617855838202,16.077617855838202,16.077617855838202,16.077617855838202,16.077617855838202,16.077617855838202,16.077617855838202,16.077617855838202,16.077617855838202,16.077617855838202,16.077617855838202,67.36632854937415,21.91115618656621,16.077617855838202,9.99999999E8,16.077617855838202,73.66308437745462,16.077617855838202,23.220893103909887,16.077617855838202,16.077617855838202,63.018727375281074,43.380499865665925,
16.077617855838202,16.077617855838202,16.077617855838202,16.077617855838202,16.077617855838202,16.077617855838202,16.077617855838202,16.077617855838202,16.077617855838202,16.077617855838202,16.077617855838202,16.077617855838202,9.99999999E8,16.077617855838202,16.077617855838202,23.220893103909887,164.0,85.0287533066838,44.34171286723146,40.03824702069005,103.73311910860484,16.077617855838202,16.077617855838202,28.075295585660754,
16.077617855838202,16.077617855838202,16.077617855838202,16.077617855838202,16.077617855838202,16.077617855838202,16.077617855838202,16.077617855838202,16.077617855838202,16.077617855838202,16.077617855838202,16.077617855838202,25.17206096173344,65.40152903411357,53.99479141546895,90.37344742788115,16.077617855838202,42.957501542518855,96.78197146163122,23.038346991456773,35.97530016861878,16.077617855838202,9.99999999E8,59.384255454778305,
16.077617855838202,16.077617855838202,16.077617855838202,16.077617855838202,16.077617855838202,16.077617855838202,16.077617855838202,16.077617855838202,16.077617855838202,16.077617855838202,16.077617855838202,16.077617855838202,16.077617855838202,67.22164829874376,45.505663736492906,22.755341253331174,96.78197146163122,76.74561152853556,31.385685025020496,9.99999999E8,16.077617855838202,155.32832609955238,42.94038359411658,65.2300544227889,
16.077617855838202,16.077617855838202,16.077617855838202,16.077617855838202,16.077617855838202,16.077617855838202,16.077617855838202,16.077617855838202,16.077617855838202,16.077617855838202,16.077617855838202,16.077617855838202,16.077617855838202,43.47668596181432,32.15904354349882,38.11516013476482,164.0,40.61634523193833,19.76804264979418,16.077617855838202,55.525320570797206,65.37084165570694,48.53486018380216,106.42015786494586,
16.077617855838202,16.077617855838202,16.077617855838202,16.077617855838202,16.077617855838202,16.077617855838202,16.077617855838202,16.077617855838202,16.077617855838202,16.077617855838202,16.077617855838202,16.077617855838202,69.88740945263316,21.89875694087579,9.99999999E8,16.077617855838202,73.66308437745462,57.53911712913225,29.74500684314538,142.81067498226068,65.17838769271776,20.685176895784007,16.077617855838202,9.99999999E8,
16.077617855838202,16.077617855838202,16.077617855838202,16.077617855838202,16.077617855838202,16.077617855838202,16.077617855838202,16.077617855838202,16.077617855838202,16.077617855838202,16.077617855838202,16.077617855838202,20.685176895784007,35.14167753537102,56.751651958335096,29.109224290171497,28.075295585660754,16.077617855838202,16.077617855838202,16.077617855838202,89.094107549265,19.562400159489634,31.875382350647968,64.5155020130821,
16.077617855838202,16.077617855838202,16.077617855838202,16.077617855838202,16.077617855838202,16.077617855838202,16.077617855838202,16.077617855838202,16.077617855838202,16.077617855838202,16.077617855838202,16.077617855838202,9.99999999E8,9.99999999E8,9.99999999E8,64.5155020130821,73.84145177337726,16.077617855838202,16.077617855838202,123.57543804854139,164.0,89.094107549265,16.077617855838202,16.077617855838202,
16.077617855838202,16.077617855838202,16.077617855838202,16.077617855838202,16.077617855838202,16.077617855838202,16.077617855838202,16.077617855838202,16.077617855838202,16.077617855838202,16.077617855838202,16.077617855838202,16.077617855838202,9.99999999E8,19.44793619441976,42.836170463756446,47.22221405228687,26.358110706194402,73.66308437745462,30.701067661492747,16.077617855838202,23.220893103909887,30.77271518732138,20.246913345001506,
16.077617855838202,16.077617855838202,16.077617855838202,16.077617855838202,16.077617855838202,16.077617855838202,16.077617855838202,16.077617855838202,16.077617855838202,16.077617855838202,16.077617855838202,16.077617855838202,50.94735177672363,59.42273322971433,21.89875694087579,9.99999999E8,20.685176895784007,85.01699176569875,31.834533136202893,9.99999999E8,75.43356164349012,73.85228500188738,16.077617855838202,16.077617855838202,
16.077617855838202,16.077617855838202,16.077617855838202,16.077617855838202,16.077617855838202,16.077617855838202,16.077617855838202,16.077617855838202,16.077617855838202,16.077617855838202,16.077617855838202,16.077617855838202,16.077617855838202,69.88740945263316,43.47668596181432,16.077617855838202,31.67708162062913,16.077617855838202,28.075295585660754,16.077617855838202,9.99999999E8,16.077617855838202,40.98680723534023,25.078626357916814,
16.077617855838202,16.077617855838202,16.077617855838202,16.077617855838202,16.077617855838202,16.077617855838202,16.077617855838202,16.077617855838202,16.077617855838202,16.077617855838202,16.077617855838202,16.077617855838202,16.077617855838202,83.1098670435707,92.81298400547199,49.88190134339962,16.077617855838202,73.66308437745462,16.077617855838202,20.685176895784007,64.36272213012747,35.476189197826756,70.12528470926557,22.032523658569666,
16.077617855838202,16.077617855838202,16.077617855838202,16.077617855838202,16.077617855838202,16.077617855838202,16.077617855838202,16.077617855838202,16.077617855838202,16.077617855838202,16.077617855838202,16.077617855838202,57.313950211871536,9.99999999E8,23.220893103909887,89.31382871649832,18.525320510047862,17.83080200103181,16.077617855838202,64.5155020130821,44.61170341550133,9.99999999E8,31.834533136202893,9.99999999E8,
16.077617855838202,16.077617855838202,16.077617855838202,16.077617855838202,16.077617855838202,16.077617855838202,16.077617855838202,16.077617855838202,16.077617855838202,16.077617855838202,16.077617855838202,16.077617855838202,80.9336147716139,17.376348868505143,69.88740945263316,21.89875694087579,132.5697929394174,46.88453902940712,73.66859048800781,22.852382916419845,16.077617855838202,22.58830239213823,164.0,28.075295585660754,
16.077617855838202,16.077617855838202,16.077617855838202,16.077617855838202,16.077617855838202,16.077617855838202,16.077617855838202,16.077617855838202,16.077617855838202,16.077617855838202,16.077617855838202,16.077617855838202,19.76804264979418,16.077617855838202,43.05995819784316,71.84860626499461,76.80989519586653,20.685176895784007,81.09379804666108,43.84560981443866,40.98680723534023,16.077617855838202,20.72274351444403,45.244460705038755,
16.077617855838202,16.077617855838202,16.077617855838202,16.077617855838202,16.077617855838202,16.077617855838202,16.077617855838202,16.077617855838202,16.077617855838202,16.077617855838202,16.077617855838202,16.077617855838202,58.13967855279407,21.89875694087579,61.786370305719984,46.88453902940712,21.89875694087579,16.077617855838202,64.5155020130821,64.36272213012747,9.99999999E8,9.99999999E8,41.96159565845991,24.690740229106634,
16.077617855838202,16.077617855838202,16.077617855838202,16.077617855838202,16.077617855838202,16.077617855838202,16.077617855838202,16.077617855838202,16.077617855838202,16.077617855838202,16.077617855838202,16.077617855838202,16.077617855838202,16.077617855838202,66.20234134832393,89.094107549265,9.99999999E8,38.049441520211566,59.69388578405665,19.44793619441976,109.73402186904276,27.098357656033713,16.077617855838202,35.476189197826756,
16.077617855838202,16.077617855838202,16.077617855838202,16.077617855838202,16.077617855838202,16.077617855838202,16.077617855838202,16.077617855838202,16.077617855838202,16.077617855838202,16.077617855838202,16.077617855838202,117.01816098366955,9.99999999E8,19.828956099603428,22.000909072126998,71.89034860273125,45.14905868343215,89.094107549265,67.12793755211014,16.077617855838202,38.049441520211566,67.3108460799595,61.08918798681882,
16.077617855838202,16.077617855838202,16.077617855838202,16.077617855838202,16.077617855838202,16.077617855838202,16.077617855838202,16.077617855838202,16.077617855838202,16.077617855838202,16.077617855838202,16.077617855838202,50.88843339169741,21.492731329451825,70.12528470926557,64.35254462723289,70.12528470926557,43.540326135664166,90.37344742788115,16.077617855838202,16.077617855838202,28.075295585660754,9.99999999E8,77.48709569986477,
16.077617855838202,16.077617855838202,16.077617855838202,16.077617855838202,16.077617855838202,16.077617855838202,16.077617855838202,16.077617855838202,16.077617855838202,16.077617855838202,16.077617855838202,16.077617855838202,16.077617855838202,74.92811369721129,74.08272403199008,81.09379804666108,9.99999999E8,70.87002187102809,67.12793755211014,9.99999999E8,16.077617855838202,80.84690607699358,15.862933305704354,72.17589625352774,
15.862933305704354,16.077617855838202,16.077617855838202,16.077617855838202,16.077617855838202,16.077617855838202,16.077617855838202,16.077617855838202,16.077617855838202,16.077617855838202,16.077617855838202,16.077617855838202,54.50458696293368,23.5465496410833,47.22522866246623,80.54414938404899,117.01816098366955,9.99999999E8,28.075295585660754,19.76804264979418,142.81067498226068,60.23088908525259,33.315724515609745,82.8606594765507,
15.862933305704354,16.077617855838202,16.077617855838202,16.077617855838202,16.077617855838202,16.077617855838202,16.077617855838202,16.077617855838202,16.077617855838202,16.077617855838202,16.077617855838202,16.077617855838202,40.684422353306466,70.12528470926557,20.831166553988282,19.44793619441976,23.077165240894637,70.12528470926557,47.22522866246623,123.57543804854139,16.077617855838202,38.48937644033003,16.077617855838202,69.88740945263316,
15.862933305704354,16.077617855838202,16.077617855838202,16.077617855838202,16.077617855838202,16.077617855838202,16.077617855838202,16.077617855838202,16.077617855838202,16.077617855838202,16.077617855838202,16.077617855838202,9.99999999E8,42.4933818376462,117.01816098366955,42.26766560333745,94.63731939474101,164.0,19.828956099603428,9.99999999E8,22.49088704342272,165.0,16.077617855838202,16.077617855838202,
15.862933305704354,16.077617855838202,16.077617855838202,16.077617855838202,16.077617855838202,16.077617855838202,16.077617855838202,16.077617855838202,16.077617855838202,16.077617855838202,16.077617855838202,16.077617855838202,20.685176895784007,19.562400159489634,16.077617855838202,97.50327629822954,71.89034860273125,67.22164829874376,29.27349483748054,16.773399738142242,9.99999999E8,24.34111328428442,50.499724971748336,9.99999999E8,
15.862933305704354,16.077617855838202,16.077617855838202,16.077617855838202,16.077617855838202,16.077617855838202,16.077617855838202,16.077617855838202,16.077617855838202,16.077617855838202,16.077617855838202,16.077617855838202,21.492731329451825,96.78197146163122,23.83703172864971,58.259419839198536,25.17206096173344,16.077617855838202,16.077617855838202,73.66308437745462,94.63731939474101,16.077617855838202,21.89875694087579,16.077617855838202,
15.862933305704354,16.077617855838202,16.077617855838202,16.077617855838202,16.077617855838202,16.077617855838202,16.077617855838202,16.077617855838202,16.077617855838202,16.077617855838202,16.077617855838202,16.077617855838202,19.44793619441976,54.50458696293368,19.76804264979418,42.546493176672655,89.094107549265,155.32832609955238,96.78197146163122,16.077617855838202,28.075295585660754,82.60296604844163,9.99999999E8,73.66308437745462,
15.862933305704354,16.077617855838202,16.077617855838202,16.077617855838202,16.077617855838202,16.077617855838202,16.077617855838202,16.077617855838202,16.077617855838202,16.077617855838202,16.077617855838202,16.077617855838202,9.99999999E8,9.99999999E8,70.12528470926557,47.62866569533905,28.075295585660754,76.13967428351661,67.3108460799595,9.99999999E8,57.281845959633756,17.376348868505143,19.44793619441976,15.862933305704354,
15.862933305704354,15.862933305704354,16.077617855838202,16.077617855838202,16.077617855838202,16.077617855838202,16.077617855838202,16.077617855838202,16.077617855838202,16.077617855838202,16.077617855838202,16.077617855838202,9.99999999E8,78.16596681003145,9.99999999E8,43.05995819784316,19.44793619441976,9.99999999E8,89.094107549265,20.30325644378808,16.077617855838202,24.03993276502534,31.311938617722156,68.13339856487417,
15.862933305704354,15.862933305704354,16.077617855838202,16.077617855838202,16.077617855838202,16.077617855838202,16.077617855838202,16.077617855838202,16.077617855838202,16.077617855838202,16.077617855838202,16.077617855838202,94.55289524916728,31.407602582814246,118.92948424264786,28.075295585660754,26.48935541709581,9.99999999E8,15.862933305704354,16.077617855838202,9.99999999E8,76.74561152853556,16.077617855838202,73.66308437745462,
15.862933305704354,15.862933305704354,15.862933305704354,16.077617855838202,16.077617855838202,16.077617855838202,16.077617855838202,16.077617855838202,16.077617855838202,16.077617855838202,16.077617855838202,16.077617855838202,9.99999999E8,21.35269303858415,50.87789303813592,42.0908541134532,89.094107549265,15.862933305704354,64.08392934269871,79.67534122926615,28.329411493279483,15.862933305704354,33.66656353119516,9.99999999E8,
15.862933305704354,15.862933305704354,15.862933305704354,15.862933305704354,15.862933305704354,16.077617855838202,16.077617855838202,16.077617855838202,16.077617855838202,16.077617855838202,16.077617855838202,16.077617855838202,27.57245001808871,23.026940743398807,40.86019524617517,22.1782899072466,59.60276668006584,16.077617855838202,40.297504747675,15.862933305704354,28.95175437918492,27.932458220182166,16.077617855838202,15.862933305704354,
15.862933305704354,15.862933305704354,15.862933305704354,15.862933305704354,15.862933305704354,15.862933305704354,15.862933305704354,16.077617855838202,16.077617855838202,16.077617855838202,16.077617855838202,16.077617855838202,50.69999798736058,35.476189197826756,17.71828151937992,133.0,19.76804264979418,50.499724971748336,43.81035195904628,76.80989519586653,57.721399844425115,60.57410521189911,17.202834068838772,45.98067226805435,
15.862933305704354,15.862933305704354,15.862933305704354,15.862933305704354,15.862933305704354,15.862933305704354,15.862933305704354,16.077617855838202,16.077617855838202,16.077617855838202,16.077617855838202,16.077617855838202,80.9336147716139,22.922478051031046,89.2370438775288,46.66837794481398,58.57439713731589,28.91766596664879,23.64825574963194,40.75962387922035,9.99999999E8,70.12528470926557,165.0,17.66175246118006,
15.862933305704354,15.862933305704354,15.862933305704354,15.862933305704354,15.862933305704354,15.862933305704354,15.862933305704354,16.077617855838202,16.077617855838202,16.077617855838202,16.077617855838202,16.077617855838202,62.15352946124456,47.12277109376692,106.50938925747344,80.84690607699358,84.98970525893121,70.00349845485128,15.862933305704354,30.164159912218285,27.932458220182166,164.0,42.70701217468729,60.66208773928646,
15.862933305704354,15.862933305704354,15.862933305704354,15.862933305704354,15.862933305704354,15.862933305704354,15.862933305704354,15.862933305704354,16.077617855838202,16.077617855838202,16.077617855838202,16.077617855838202,41.823556478893686,155.32832609955238,31.311938617722156,65.2300544227889,19.593834932114202,89.2370438775288,24.387813188122575,20.345454037695987,15.862933305704354,43.96518509002322,23.301019291009567,21.492731329451825,
15.862933305704354,15.862933305704354,15.862933305704354,15.862933305704354,15.862933305704354,15.862933305704354,15.862933305704354,15.862933305704354,15.862933305704354,16.077617855838202,16.077617855838202,16.077617855838202,21.89875694087579,80.9336147716139,90.55915193949201,43.037240636832806,76.64564929306526,21.89875694087579,89.094107549265,15.862933305704354,27.932458220182166,18.599395151455866,64.53853284838618,42.30742685802267,
15.862933305704354,15.862933305704354,15.862933305704354,15.862933305704354,15.862933305704354,15.862933305704354,15.862933305704354,15.862933305704354,15.862933305704354,15.862933305704354,16.077617855838202,16.077617855838202,76.76822259242428,27.932458220182166,15.862933305704354,132.70550101634822,27.932458220182166,34.003267816817576,64.53853284838618,27.213150415847768,15.862933305704354,15.862933305704354,19.828956099603428,15.862933305704354,
15.862933305704354,15.862933305704354,15.862933305704354,15.862933305704354,15.862933305704354,15.862933305704354,15.862933305704354,15.862933305704354,15.862933305704354,15.862933305704354,15.862933305704354,15.862933305704354,45.67518168789504,111.08217678817786,9.99999999E8,77.48709569986477,22.176689463388254,97.70760211060387,74.34977396662944,50.62668490519398,89.094107549265,9.99999999E8,123.57543804854139,38.64401635441119,
15.862933305704354,15.862933305704354,15.862933305704354,15.862933305704354,15.862933305704354,15.862933305704354,15.862933305704354,15.862933305704354,15.862933305704354,15.862933305704354,15.862933305704354,15.862933305704354,27.932458220182166,123.57543804854139,9.99999999E8,21.891550881561592,90.37344742788115,22.684687375459113,27.932458220182166,40.75962387922035,40.75962387922035,65.31890997253399,65.2300544227889,58.66193162709717,
15.862933305704354,15.862933305704354,15.862933305704354,15.862933305704354,15.862933305704354,15.862933305704354,15.862933305704354,15.862933305704354,15.862933305704354,15.862933305704354,15.862933305704354,15.862933305704354,27.932458220182166,80.84690607699358,65.2300544227889,15.862933305704354,69.88740945263316,19.562400159489634,58.690336134286675,70.12528470926557,113.11449460121761,45.721874370134564,15.862933305704354,9.99999999E8,
15.862933305704354,15.862933305704354,15.862933305704354,15.862933305704354,15.862933305704354,15.862933305704354,15.862933305704354,15.862933305704354,15.862933305704354,15.862933305704354,15.862933305704354,15.862933305704354,9.99999999E8,45.382326466980025,19.562400159489634,58.66193162709717,60.66208773928646,109.73402186904276,40.08460440373687,115.19066320187972,22.1782899072466,59.69388578405665,59.768070256803696,15.862933305704354,
15.862933305704354,15.862933305704354,15.862933305704354,15.862933305704354,15.862933305704354,15.862933305704354,15.862933305704354,15.862933305704354,15.862933305704354,15.862933305704354,15.862933305704354,15.862933305704354,43.206080962044744,164.0,65.2300544227889,9.99999999E8,56.24375520891186,22.1782899072466,77.61586321250458,123.57543804854139,35.63992258174326,90.37344742788115,96.78197146163122,21.11578895542093,
15.862933305704354,15.862933305704354,15.862933305704354,15.862933305704354,15.862933305704354,15.862933305704354,15.862933305704354,15.862933305704354,15.862933305704354,15.862933305704354,15.862933305704354,15.862933305704354,59.42273322971433,77.17795993675915,15.862933305704354,24.387813188122575,48.15138165780455,76.79166621450534,50.87789303813592,155.32832609955238,94.55098565794484,35.476189197826756,83.1098670435707,60.66208773928646,
15.862933305704354,15.862933305704354,15.862933305704354,15.862933305704354,15.862933305704354,15.862933305704354,15.862933305704354,15.862933305704354,15.862933305704354,15.862933305704354,15.862933305704354,15.862933305704354,70.12528470926557,9.99999999E8,65.2300544227889,46.88453902940712,9.99999999E8,27.845052321292382,73.66308437745462,64.10841511758726,80.9336147716139,20.68912757948,85.91791948650112,9.99999999E8,
15.862933305704354,15.862933305704354,15.862933305704354,15.862933305704354,15.862933305704354,15.862933305704354,15.862933305704354,15.862933305704354,15.862933305704354,15.862933305704354,15.862933305704354,15.862933305704354,22.1782899072466,27.932458220182166,89.094107549265,50.35235843533051,9.99999999E8,9.99999999E8,33.26808428657661,65.2300544227889,94.21724305502093,17.66175246118006,59.76791849841061,15.862933305704354,
15.862933305704354,15.862933305704354,15.862933305704354,15.862933305704354,15.862933305704354,15.862933305704354,15.862933305704354,15.862933305704354,15.862933305704354,15.862933305704354,15.862933305704354,15.862933305704354,54.547570981667,40.0491885061358,30.12220009852385,147.6060823799465,9.99999999E8,27.932458220182166,69.00905737655022,39.93353853592241,46.66837794481398,57.68811287732455,21.224744896426134,164.0,
15.862933305704354,15.862933305704354,15.862933305704354,15.862933305704354,15.862933305704354,15.862933305704354,15.862933305704354,15.862933305704354,15.862933305704354,15.862933305704354,15.862933305704354,15.862933305704354,73.66308437745462,15.862933305704354,58.66193162709717,109.73402186904276,65.2300544227889,24.97109440043739,72.17589625352774,15.862933305704354,65.2300544227889,15.862933305704354,23.692761315969697,145.42886768298638,
15.862933305704354,15.862933305704354,15.862933305704354,15.862933305704354,15.862933305704354,15.862933305704354,15.862933305704354,15.862933305704354,15.862933305704354,15.862933305704354,15.862933305704354,15.862933305704354,31.005595281747297,22.68844269884483,59.42273322971433,48.15558119263021,21.89875694087579,31.005595281747297,65.2300544227889,9.99999999E8,46.79059734604806,31.82275129526044,70.12528470926557,49.4761446445546,
15.862933305704354,15.862933305704354,15.862933305704354,15.862933305704354,15.862933305704354,15.862933305704354,15.862933305704354,15.862933305704354,15.862933305704354,15.862933305704354,15.862933305704354,15.862933305704354,9.99999999E8,9.99999999E8,16.077617855838202,80.83909945069897,9.99999999E8,42.83269779035638,83.1098670435707,73.66308437745462,65.20906549109735,21.224744896426134,19.421315609401955,155.32832609955238,
15.862933305704354,15.862933305704354,15.862933305704354,15.862933305704354,15.862933305704354,15.862933305704354,15.862933305704354,15.862933305704354,15.862933305704354,15.862933305704354,15.862933305704354,15.862933305704354,9.99999999E8,62.60240590017124,42.39849824063612,27.932458220182166,21.16834347397308,20.07952937695503,9.99999999E8,21.89875694087579,15.862933305704354,21.89875694087579,17.604498497456234,53.58378693431645,
15.862933305704354,15.862933305704354,15.862933305704354,15.862933305704354,15.862933305704354,15.862933305704354,15.862933305704354,15.862933305704354,15.862933305704354,15.862933305704354,15.862933305704354,15.862933305704354,41.63156855080049,9.99999999E8,26.056429149060314,9.99999999E8,69.88740945263316,38.049441520211566,21.16834347397308,49.14252389042496,47.168727870156616,65.06120195631188,164.0,89.41230340394995,
15.862933305704354,15.862933305704354,15.862933305704354,15.862933305704354,15.862933305704354,15.862933305704354,15.862933305704354,15.862933305704354,15.862933305704354,15.862933305704354,15.862933305704354,15.862933305704354,24.573156085452272,25.17715013437559,9.99999999E8,22.1782899072466,42.13594071573578,15.862933305704354,60.014664874512135,60.66208773928646,44.34171286723146,57.520083449174514,31.189349307160636,90.37344742788115,
15.862933305704354,15.862933305704354,15.862933305704354,15.862933305704354,15.862933305704354,15.862933305704354,15.862933305704354,15.862933305704354,15.862933305704354,15.862933305704354,15.862933305704354,15.862933305704354,15.862933305704354,88.17346539634245,30.570501395226668,69.88740945263316,123.57543804854139,76.76822259242427,43.47668596181432,56.502122047922825,9.99999999E8,70.12528470926557,27.932458220182166,27.476126000584582,
15.862933305704354,15.862933305704354,15.862933305704354,15.862933305704354,15.862933305704354,15.862933305704354,15.862933305704354,15.862933305704354,15.862933305704354,15.862933305704354,15.862933305704354,15.862933305704354,89.094107549265,27.438820836342234,16.077617855838202,109.96981404003553,164.0,67.56304783014726,55.65868206209063,15.862933305704354,15.862933305704354,74.34977396662944,89.094107549265,89.094107549265,
15.862933305704354,15.862933305704354,15.862933305704354,15.862933305704354,15.862933305704354,15.862933305704354,15.862933305704354,15.862933305704354,15.862933305704354,15.862933305704354,15.862933305704354,15.862933305704354,70.87002187102809,15.862933305704354,23.841979783566632,165.0,150.0,21.35269303858415,38.049441520211566,85.91791948650112,70.12528470926557,65.64126377671352,29.576604101960076,86.60808276367743,
15.862933305704354,15.862933305704354,15.862933305704354,15.862933305704354,15.862933305704354,15.862933305704354,15.862933305704354,15.862933305704354,15.862933305704354,15.862933305704354,15.862933305704354,15.862933305704354,9.99999999E8,15.862933305704354,96.78197146163122,66.25471681322017,9.99999999E8,15.862933305704354,15.862933305704354,46.39204912721815,17.202834068838772,9.99999999E8,60.014664874512135,133.49739905914106,
15.862933305704354,15.862933305704354,15.862933305704354,15.862933305704354,15.862933305704354,15.862933305704354,15.862933305704354,15.862933305704354,15.862933305704354,15.862933305704354,15.862933305704354,15.862933305704354,9.99999999E8,24.97109440043739,9.99999999E8,105.90070821292933,27.932458220182166,27.932458220182166,15.862933305704354,35.97530016861878,15.862933305704354,24.34111328428442,21.64347476723643,34.26601815209931,
15.862933305704354,15.862933305704354,15.862933305704354,15.862933305704354,15.862933305704354,15.862933305704354,15.862933305704354,15.862933305704354,15.862933305704354,15.862933305704354,15.862933305704354,15.862933305704354,32.4335859873681,22.1782899072466,164.0,9.99999999E8,21.89875694087579,72.17589625352774,15.862933305704354,15.862933305704354,123.57543804854139,80.54414938404899,67.22164829874376,80.60620323523493,
15.862933305704354,15.862933305704354,15.862933305704354,15.862933305704354,15.862933305704354,15.862933305704354,15.862933305704354,15.862933305704354,15.862933305704354,15.862933305704354,15.862933305704354,15.862933305704354,38.11154412928407,27.932458220182166,20.07952937695503,46.38261461771545,124.64048299007831,79.76371355447287,45.721874370134564,27.932458220182166,57.632938113161956,67.22164829874376,9.99999999E8,58.66193162709717,
15.862933305704354,15.862933305704354,15.862933305704354,15.862933305704354,15.862933305704354,15.862933305704354,15.862933305704354,15.862933305704354,15.862933305704354,15.862933305704354,15.862933305704354,15.862933305704354,27.932458220182166,45.7532512505942,22.17746604100658,98.16086570296514,22.49088704342272,23.55345902619752,80.64049162107638,57.683159923633774,80.54414938404899,19.67072698199027,90.9096254529739,50.63358569171257,
15.862933305704354,15.862933305704354,15.862933305704354,15.862933305704354,15.862933305704354,15.862933305704354,15.862933305704354,15.862933305704354,15.862933305704354,15.862933305704354,15.862933305704354,15.862933305704354,103.72926298783771,57.00053705439797,67.3108460799595,15.862933305704354,87.9190536800755,24.69652541040822,65.2300544227889,67.12793755211014,21.89875694087579,41.663999914661204,76.74561152853556,40.730482715310686,
15.862933305704354,15.862933305704354,15.862933305704354,15.862933305704354,15.862933305704354,15.862933305704354,15.862933305704354,15.862933305704354,15.862933305704354,15.862933305704354,15.862933305704354,15.862933305704354,35.476189197826756,54.50458696293368,16.077617855838202,70.12528470926557,9.99999999E8,57.858063876659024,23.724249197814462,16.077617855838202,23.113446410232243,21.891550881561592,16.077617855838202,29.414450131580054,
15.862933305704354,15.862933305704354,15.862933305704354,15.862933305704354,15.862933305704354,15.862933305704354,15.862933305704354,15.862933305704354,15.862933305704354,15.862933305704354,15.862933305704354,15.862933305704354,65.2300544227889,9.99999999E8,69.88740945263316,59.69388578405665,22.1782899072466,82.5240705626075,64.28236322835544,27.932458220182166,15.862933305704354,104.80915990503883,9.99999999E8,85.16585126811228,
15.862933305704354,15.862933305704354,15.862933305704354,15.862933305704354,15.862933305704354,15.862933305704354,15.862933305704354,15.862933305704354,15.862933305704354,15.862933305704354,15.862933305704354,15.862933305704354,70.4122779697468,15.862933305704354,64.33678747203828,30.570501395226668,15.862933305704354,93.92949483522202,20.07952937695503,40.86019524617517,72.17589625352774,22.243323315070647,73.85228500188738,15.862933305704354,
15.862933305704354,15.862933305704354,15.862933305704354,15.862933305704354,15.862933305704354,15.862933305704354,15.862933305704354,15.862933305704354,15.862933305704354,15.862933305704354,15.862933305704354,15.862933305704354,145.42886768298638,32.50673007240193,21.89875694087579,20.07952937695503,79.63265661774696,22.12311232095141,46.34172585862072,45.977576056160245,42.87703347947477,46.88453902940712,9.99999999E8,47.65565259746,
15.862933305704354,15.862933305704354,15.862933305704354,15.862933305704354,15.862933305704354,15.862933305704354,15.862933305704354,15.862933305704354,15.862933305704354,15.862933305704354,15.862933305704354,15.862933305704354,94.71937499793798,80.9336147716139,45.382326466980025,15.862933305704354,27.845052321292382,15.862933305704354,15.862933305704354,109.73402186904276,94.53159377807094,85.06990589444007,15.862933305704354,19.44793619441976,
15.862933305704354,15.862933305704354,15.862933305704354,15.862933305704354,15.862933305704354,15.862933305704354,15.862933305704354,15.862933305704354,15.862933305704354,15.862933305704354,15.862933305704354,15.862933305704354,46.383532624902905,23.72424919781446,41.166582321101174,29.611484258645326,142.0,15.862933305704354,15.862933305704354,70.12528470926557,46.21908784942269,142.0,72.17589625352774,46.10458386170755,
15.862933305704354,15.862933305704354,15.862933305704354,15.862933305704354,15.862933305704354,15.862933305704354,15.862933305704354,15.862933305704354,15.862933305704354,15.862933305704354,15.862933305704354,15.862933305704354,27.932458220182166,45.382326466980025,90.1474347943412,92.75101077616351,89.26006945997744,9.99999999E8,89.094107549265,77.48709569986477,27.09807291221196,21.89875694087579,70.12528470926557,19.421315609401955,
15.862933305704354,15.862933305704354,15.862933305704354,15.862933305704354,15.862933305704354,15.862933305704354,15.862933305704354,15.862933305704354,15.862933305704354,15.862933305704354,15.862933305704354,15.862933305704354,80.1368727075554,65.2300544227889,74.08272403199008,15.862933305704354,67.12793755211014,18.599395151455866,49.08043285148257,105.90070821292933,70.87002187102809,9.99999999E8,15.862933305704354,15.862933305704354,
15.862933305704354,15.862933305704354,15.862933305704354,15.862933305704354,15.862933305704354,15.862933305704354,15.862933305704354,15.862933305704354,15.862933305704354,15.862933305704354,15.862933305704354,15.862933305704354,50.87789303813592,58.09092489843449,9.99999999E8,9.99999999E8,15.862933305704354,90.37344742788115,15.862933305704354,56.070655135703014,15.862933305704354,70.12528470926557,15.862933305704354,67.12793755211014,
15.862933305704354,15.862933305704354,15.862933305704354,15.862933305704354,15.862933305704354,15.862933305704354,15.862933305704354,15.862933305704354,15.862933305704354,15.862933305704354,15.862933305704354,15.862933305704354,15.862933305704354,45.244460705038755,46.367212201586355,15.862933305704354,15.862933305704354,90.37344742788115,30.12220009852385,165.0,65.65649632903116,28.830322578840494,64.10841511758726,123.57543804854139,
15.862933305704354,15.862933305704354,15.862933305704354,15.862933305704354,15.862933305704354,15.862933305704354,15.862933305704354,15.862933305704354,15.862933305704354,15.862933305704354,15.862933305704354,15.862933305704354,57.520083449174514,22.922478051031046,64.00382641622583,89.094107549265,9.99999999E8,9.99999999E8,45.12431807387955,72.17589625352774,15.862933305704354,15.862933305704354,46.66837794481398,36.46145224754494,
15.862933305704354,15.862933305704354,15.862933305704354,15.862933305704354,15.862933305704354,15.862933305704354,15.862933305704354,15.862933305704354,15.862933305704354,15.862933305704354,15.862933305704354,15.862933305704354,70.12528470926557,65.2300544227889,15.862933305704354,61.26354725464583,72.17589625352774,75.9205999712858,9.99999999E8,15.862933305704354,64.5155020130821,21.89875694087579,15.862933305704354,41.97861457495534,
15.862933305704354,15.862933305704354,15.862933305704354,15.862933305704354,15.862933305704354,15.862933305704354,15.862933305704354,15.862933305704354,15.862933305704354,15.862933305704354,15.862933305704354,15.862933305704354,22.32129028528593,30.12220009852385,9.99999999E8,15.862933305704354,89.094107549265,99.39944667854041,41.20300353129611,41.166582321101174,44.85810963471376,89.094107549265,43.18635460987412,15.862933305704354,
15.862933305704354,15.862933305704354,15.862933305704354,15.862933305704354,15.862933305704354,15.862933305704354,15.862933305704354,15.862933305704354,15.862933305704354,15.862933305704354,15.862933305704354,15.862933305704354,40.75962387922035,21.89875694087579,80.84690607699358,73.66308437745462,15.862933305704354,19.421315609401955,77.7788888809525,9.99999999E8,19.593834932114202,40.75962387922035,42.32430671346561,89.094107549265,
15.862933305704354,15.862933305704354,15.862933305704354,15.862933305704354,15.862933305704354,15.862933305704354,15.862933305704354,15.862933305704354,15.862933305704354,15.862933305704354,15.862933305704354,15.862933305704354,15.862933305704354,9.99999999E8,9.99999999E8,15.862933305704354,57.59393392094167,96.78197146163122,61.53228601492246,57.520083449174514,90.89642457214696,67.12793755211014,43.47668596181432,35.476189197826756,
15.862933305704354,15.862933305704354,15.862933305704354,15.862933305704354,15.862933305704354,15.862933305704354,15.862933305704354,15.862933305704354,15.862933305704354,15.862933305704354,15.862933305704354,15.862933305704354,30.77271518732138,21.35269303858415,42.60093895678826,64.53853284838618,23.682060721145024,46.88453902940712,89.094107549265,90.37344742788115,164.0,21.89875694087579,54.50458696293368,59.42273322971433,
15.862933305704354,15.862933305704354,15.862933305704354,15.862933305704354,15.862933305704354,15.862933305704354,15.862933305704354,15.862933305704354,15.862933305704354,15.862933305704354,15.862933305704354,15.862933305704354,19.181697005218282,64.28236322835544,27.932458220182166,63.7564811520279,27.932458220182166,40.6532594019225,74.08272403199008,59.35778751583915,15.862933305704354,55.525320570797206,15.862933305704354,23.841979783566632,
15.862933305704354,15.862933305704354,15.862933305704354,15.862933305704354,15.862933305704354,15.862933305704354,15.862933305704354,15.862933305704354,15.862933305704354,15.862933305704354,15.862933305704354,15.862933305704354,16.773399738142242,9.99999999E8,15.862933305704354,41.45445961802207,77.34500630292818,9.99999999E8,27.932458220182166,43.22831826476714,67.12793755211014,9.99999999E8,61.5,65.06120195631188,
15.862933305704354,15.862933305704354,15.862933305704354,15.862933305704354,15.862933305704354,15.862933305704354,15.862933305704354,15.862933305704354,15.862933305704354,15.862933305704354,15.862933305704354,15.862933305704354,20.690547731563285,117.01816098366955,117.01816098366955,63.415735867019286,20.690547731563285,80.84690607699358,9.99999999E8,66.24365797736583,80.9336147716139,89.094107549265,80.84690607699358,15.862933305704354,
15.862933305704354,15.862933305704354,15.862933305704354,15.862933305704354,15.862933305704354,15.862933305704354,15.862933305704354,15.862933305704354,15.862933305704354,15.862933305704354,15.862933305704354,15.862933305704354,26.740628722784287,29.27349483748054,15.862933305704354,90.37344742788115,73.66308437745462,30.570501395226668,43.007355801783774,150.0,21.91115618656621,9.99999999E8,15.862933305704354,164.0,
15.862933305704354,15.862933305704354,15.862933305704354,15.862933305704354,15.862933305704354,15.862933305704354,15.862933305704354,15.862933305704354,15.862933305704354,15.862933305704354,15.862933305704354,15.862933305704354,9.99999999E8,22.78019973573542,15.862933305704354,40.08460440373687,15.862933305704354,155.32832609955238,15.862933305704354,19.67072698199027,15.862933305704354,47.22522866246623,15.862933305704354,71.0504046434642,
15.862933305704354,15.862933305704354,15.862933305704354,15.862933305704354,15.862933305704354,15.862933305704354,15.862933305704354,15.862933305704354,15.862933305704354,15.862933305704354,15.862933305704354,15.862933305704354,67.87161082187129,15.862933305704354,58.66193162709717,48.45781670690499,77.25889916378566,164.0,21.89875694087579,164.0,80.9336147716139,164.0,57.57160581326846,66.04712122585073,
15.862933305704354,15.862933305704354,15.862933305704354,15.862933305704354,15.862933305704354,15.862933305704354,15.862933305704354,15.862933305704354,15.862933305704354,15.862933305704354,15.862933305704354,15.862933305704354,108.3662770422607,40.86019524617517,66.24365797736583,23.504042205544135,15.862933305704354,46.25753992594072,94.55289524916728,40.404742418143734,9.99999999E8,15.862933305704354,43.47668596181432,82.18001919904592,
15.862933305704354,15.862933305704354,15.862933305704354,15.862933305704354,15.862933305704354,15.862933305704354,15.862933305704354,15.862933305704354,15.862933305704354,15.862933305704354,15.862933305704354,15.862933305704354,58.3542819527601,31.693687004171153,41.65599863431704,106.38256436089516,77.61586321250458,15.862933305704354,32.50673007240193,17.202834068838772,19.828956099603428,52.31978593228378,19.593834932114202,57.68811287732455,
15.862933305704354,15.862933305704354,15.862933305704354,15.862933305704354,15.862933305704354,15.862933305704354,15.862933305704354,15.862933305704354,15.862933305704354,15.862933305704354,15.862933305704354,15.862933305704354,31.116416968518045,123.57543804854139,15.862933305704354,71.89034860273125,76.13967428351661,69.88740945263316,61.53228601492246,27.932458220182166,99.82595966091297,48.221851258278235,80.84690607699358,15.862933305704354,
15.862933305704354,15.862933305704354,15.862933305704354,15.862933305704354,15.862933305704354,15.862933305704354,15.862933305704354,15.862933305704354,15.862933305704354,15.862933305704354,15.862933305704354,15.862933305704354,105.46681942677517,27.932458220182166,21.89875694087579,15.862933305704354,21.89875694087579,27.845052321292382,15.862933305704354,43.129572221388884,9.99999999E8,47.168727870156616,21.89875694087579,15.862933305704354,
15.862933305704354,15.862933305704354,15.862933305704354,15.862933305704354,15.862933305704354,15.862933305704354,15.862933305704354,15.862933305704354,15.862933305704354,15.862933305704354,15.862933305704354,15.862933305704354,20.68912757948,65.74107459487477,9.99999999E8,22.1782899072466,22.043556141125205,64.5155020130821,76.706511385207,41.166582321101174,40.43126883984721,15.862933305704354,81.09379804666108,64.76233473246623,
15.862933305704354,15.862933305704354,15.862933305704354,15.862933305704354,15.862933305704354,15.862933305704354,15.862933305704354,15.862933305704354,15.862933305704354,15.862933305704354,15.862933305704354,15.862933305704354,16.773399738142242,40.36319486859285,60.57410521189911,21.89875694087579,84.98970525893121,16.077617855838202,54.76255563795393,74.08272403199008,61.29618440182246,123.57543804854139,164.0,73.66308437745462,
15.862933305704354,15.862933305704354,15.862933305704354,15.862933305704354,15.862933305704354,15.862933305704354,15.862933305704354,15.862933305704354,15.862933305704354,15.862933305704354,15.862933305704354,15.862933305704354,62.447038785367745,21.89875694087579,15.862933305704354,90.26582059310677,90.37344742788115,31.56771626296669,77.48709569986477,48.61641240934542,82.03810090439686,46.40508699232696,69.45902069245977,16.773399738142242,
