9.99999999E8,53.52465683111746,49.838138006952065,44.571739925652444,40.642834546817724,33.65346275727887,25.15065715951684,59.81011620119125,36.261396675926434,51.95724738239658,55.70358057512003,20.22275945562326,63.8298519503218,29.99259167787198,30.326349928733592,37.30355955610075,51.270264286426304,30.41746574292839,24.78386571945547,22.43630439938897,71.0,63.0,23.120457511813115,31.0,
20.22275945562326,22.43630439938897,23.120457511813115,24.78386571945547,25.15065715951684,29.99259167787198,30.326349928733592,30.41746574292839,31.0,33.65346275727887,36.261396675926434,37.30355955610075,25.623340054636817,25.271327626383226,31.0,28.269904492233433,22.110831935702667,32.58152168876641,24.75659283683619,26.504134315281252,39.10527102862506,24.153421188354265,27.789206537790893,56.24549364665187,
20.22275945562326,22.110831935702667,22.43630439938897,23.120457511813115,24.153421188354265,24.75659283683619,24.78386571945547,25.15065715951684,25.271327626383226,25.623340054636817,26.504134315281252,27.789206537790893,37.4195433192633,42.40908643492451,26.080404521402652,48.57211133973898,42.20847729491737,69.0,38.08726821393207,49.18587195526781,20.831166553988282,20.710806358034446,22.110831935702667,27.96227617503427,
20.22275945562326,20.710806358034446,20.831166553988282,22.110831935702667,22.110831935702667,22.43630439938897,23.120457511813115,24.153421188354265,24.75659283683619,24.78386571945547,25.15065715951684,25.271327626383226,30.41746574292839,20.656415468323637,20.004686950812303,23.120457511813115,50.55136002126946,28.269904492233433,26.762660555333433,22.110831935702667,36.12224143835225,22.43630439938897,23.767391293301184,38.12925386104481,
20.004686950812303,20.22275945562326,20.656415468323637,20.710806358034446,20.831166553988282,22.110831935702667,22.110831935702667,22.110831935702667,22.43630439938897,22.43630439938897,23.120457511813115,23.120457511813115,38.55839726959615,20.60414065776338,22.815686611530136,68.86863501543274,38.7226032182755,47.92239096242544,24.123830203213366,49.814054241749886,27.121127475743993,28.503844228497833,42.29131773255068,55.39153565502786,
20.004686950812303,20.22275945562326,20.60414065776338,20.656415468323637,20.710806358034446,20.831166553988282,22.110831935702667,22.110831935702667,22.110831935702667,22.43630439938897,22.43630439938897,22.815686611530136,47.14752261666448,22.43630439938897,38.7226032182755,20.831166553988282,46.45667037382492,22.815686611530136,20.666447222885857,32.87308929808697,20.60414065776338,41.1406800570379,20.656415468323637,40.42078673158156,
20.004686950812303,20.22275945562326,20.60414065776338,20.60414065776338,20.656415468323637,20.656415468323637,20.666447222885857,20.710806358034446,20.831166553988282,20.831166553988282,22.110831935702667,22.110831935702667,37.54942321359237,20.831166553988282,22.637781158993235,35.61863978312479,38.96973184408638,30.335622624235025,20.434780324573598,31.201851796897497,20.831166553988282,35.91038228083287,44.55053310567675,49.92634575051533,
20.004686950812303,20.22275945562326,20.434780324573598,20.60414065776338,20.60414065776338,20.656415468323637,20.656415468323637,20.666447222885857,20.710806358034446,20.831166553988282,20.831166553988282,20.831166553988282,28.269904492233433,22.044481932526093,32.99905301671549,33.0853441874193,73.06770072260991,36.46764166886706,20.06163342807532,38.42163742245016,42.14920587099543,46.33184649892556,20.60414065776338,20.586463249810603,
20.004686950812303,20.06163342807532,20.22275945562326,20.434780324573598,20.586463249810603,20.60414065776338,20.60414065776338,20.60414065776338,20.656415468323637,20.656415468323637,20.666447222885857,20.710806358034446,22.884219453588535,37.473323845103465,29.15405947159794,29.15405947159794,23.809428571238094,55.30722275516001,24.350742856963326,20.60414065776338,40.70400872801857,20.434780324573598,20.586463249810603,42.32677114493327,
20.004686950812303,20.06163342807532,20.22275945562326,20.434780324573598,20.434780324573598,20.586463249810603,20.586463249810603,20.60414065776338,20.60414065776338,20.60414065776338,20.60414065776338,20.656415468323637,29.886823555242906,24.7700536042124,20.60414065776338,20.434780324573598,38.55839726959615,28.269904492233433,20.434780324573598,24.778199766598654,18.203296404772406,21.992896580487074,20.434780324573598,20.434780324573598,
18.203296404772406,20.004686950812303,20.06163342807532,20.22275945562326,20.434780324573598,20.434780324573598,20.434780324573598,20.434780324573598,20.434780324573598,20.434780324573598,20.586463249810603,20.586463249810603,39.1840242331239,42.638300755987274,73.06770072260991,23.58017581270387,43.967056312838665,17.752196930739828,26.725398286653224,21.29407194502733,20.434780324573598,25.623340054636817,30.211918178096536,22.70844489144413,
17.752196930739828,18.203296404772406,20.004686950812303,20.06163342807532,20.22275945562326,20.434780324573598,20.434780324573598,20.434780324573598,20.434780324573598,20.434780324573598,20.434780324573598,20.434780324573598,47.14752261666448,22.037074512312753,20.22275945562326,20.434780324573598,40.273554395824924,19.20712316425637,26.504134315281252,19.54608878463565,21.23528902558192,38.121151900516104,46.44590640973887,28.269904492233433,
17.752196930739828,18.203296404772406,19.20712316425637,19.54608878463565,20.004686950812303,20.06163342807532,20.22275945562326,20.22275945562326,20.434780324573598,20.434780324573598,20.434780324573598,20.434780324573598,50.9531375110721,20.434780324573598,73.06770072260991,20.831166553988282,46.22262013608594,20.60414065776338,20.434780324573598,38.77937596197236,18.36633643516275,69.0,20.656415468323637,20.806575408916135,
17.752196930739828,18.203296404772406,18.36633643516275,19.20712316425637,19.54608878463565,20.004686950812303,20.06163342807532,20.22275945562326,20.22275945562326,20.434780324573598,20.434780324573598,20.434780324573598,38.77937596197236,35.302266216207705,39.1840242331239,27.170245163086445,45.311169051529966,38.55839726959615,38.43501008195523,38.33976395336831,17.444355979959695,75.0,26.080404521402652,53.558898005425355,
17.444355979959695,17.752196930739828,18.203296404772406,18.36633643516275,19.20712316425637,19.54608878463565,20.004686950812303,20.06163342807532,20.22275945562326,20.22275945562326,20.434780324573598,20.434780324573598,20.434780324573598,38.346284044219985,18.203296404772406,23.15032397181517,39.1840242331239,21.469455046647084,18.203296404772406,24.767720928660353,40.479075527432144,28.269904492233433,19.737274381231064,23.15032397181517,
17.444355979959695,17.752196930739828,18.203296404772406,18.203296404772406,18.203296404772406,18.36633643516275,19.20712316425637,19.54608878463565,19.737274381231064,20.004686950812303,20.06163342807532,20.22275945562326,20.571521577170707,28.269904492233433,20.21920687194758,24.437420076595647,33.73260868786891,25.088642848906755,36.164070567346265,28.449218349391572,42.35039026450117,32.98855707604053,18.86160120456373,18.355857375780626,
17.444355979959695,17.752196930739828,18.203296404772406,18.203296404772406,18.203296404772406,18.355857375780626,18.36633643516275,18.86160120456373,19.20712316425637,19.54608878463565,19.737274381231064,20.004686950812303,26.09477917132084,22.796655456447994,18.203296404772406,18.86160120456373,26.075611210477884,17.850459066614757,25.49291840666519,48.57211133973898,37.399030736103306,19.20712316425637,28.131614868365464,38.37886788325054,
17.444355979959695,17.752196930739828,17.850459066614757,18.203296404772406,18.203296404772406,18.203296404772406,18.203296404772406,18.355857375780626,18.36633643516275,18.86160120456373,18.86160120456373,19.20712316425637,19.373237056557862,45.311169051529966,38.55839726959615,20.785203664097804,33.720943652518486,30.27271874146754,46.45667037382492,31.922405924366043,31.922405924366043,29.625791128677054,29.75496638699762,38.346284044219985,
17.444355979959695,17.752196930739828,17.850459066614757,18.203296404772406,18.203296404772406,18.203296404772406,18.203296404772406,18.355857375780626,18.36633643516275,18.86160120456373,18.86160120456373,19.20712316425637,50.21205034650547,18.15596014781066,31.201851796897497,29.15405947159794,55.43239125276845,21.10877180021567,45.04238366839185,17.006090103010628,32.65635466490404,18.015548839821673,38.33976395336831,18.83325139280765,
17.006090103010628,17.444355979959695,17.752196930739828,17.850459066614757,18.015548839821673,18.15596014781066,18.203296404772406,18.203296404772406,18.203296404772406,18.203296404772406,18.355857375780626,18.36633643516275,36.67609306440826,47.06968828827694,28.092481200492063,28.03965445975079,17.006090103010628,19.84155991851447,18.166581719135404,40.77683165720456,32.98855707604053,18.203296404772406,18.203296404772406,30.833283283242665,
17.006090103010628,17.006090103010628,17.444355979959695,17.752196930739828,17.850459066614757,18.015548839821673,18.15596014781066,18.166581719135404,18.203296404772406,18.203296404772406,18.203296404772406,18.203296404772406,29.625554330472117,42.32283334350647,18.203296404772406,36.56990599784689,39.0,18.51423397022227,42.275551116717835,40.36009786905874,19.61921456753337,20.217813927326567,40.454363862945065,26.73604919449791,
17.006090103010628,17.006090103010628,17.444355979959695,17.752196930739828,17.850459066614757,18.015548839821673,18.15596014781066,18.166581719135404,18.203296404772406,18.203296404772406,18.203296404772406,18.203296404772406,19.61921456753337,18.166581719135404,34.25233163190825,19.1085269570717,20.734934289743965,26.504134315281252,57.23844861629288,19.3275853524323,42.326771144933275,35.91038228083287,36.256800128466324,55.3102361432513,
17.006090103010628,17.006090103010628,17.444355979959695,17.752196930739828,17.850459066614757,18.015548839821673,18.15596014781066,18.166581719135404,18.166581719135404,18.203296404772406,18.203296404772406,18.203296404772406,20.22275945562326,19.255129186790725,41.411216945278106,37.617842054221114,23.20493774614509,20.62899792902107,16.41104244250154,28.03965445975079,25.10298786997277,19.282180092920054,40.28064811103339,37.16096742551248,
16.41104244250154,17.006090103010628,17.006090103010628,17.444355979959695,17.752196930739828,17.850459066614757,18.015548839821673,18.15596014781066,18.166581719135404,18.166581719135404,18.203296404772406,18.203296404772406,20.62899792902107,18.260271082325147,19.869985569461605,30.41746574292839,16.473036961822253,43.19537012227121,20.82076204732682,18.546158631910814,42.25147926404471,19.872432670584484,36.654880260527115,16.41104244250154,
16.41104244250154,16.41104244250154,16.473036961822253,17.006090103010628,17.006090103010628,17.444355979959695,17.752196930739828,17.850459066614757,18.015548839821673,18.15596014781066,18.166581719135404,18.166581719135404,17.444355979959695,20.806575408916135,25.49291840666519,64.58241934837135,42.32283334350647,18.275019325870677,31.244839573920046,20.60414065776338,16.666598639316952,18.733325919334238,46.46977512319163,21.92167876783163,
16.41104244250154,16.41104244250154,16.473036961822253,16.666598639316952,17.006090103010628,17.006090103010628,17.444355979959695,17.444355979959695,17.752196930739828,17.850459066614757,18.015548839821673,18.15596014781066,17.48778102582202,17.444355979959695,32.149027979085155,52.88903478037768,19.720891973917244,16.41104244250154,17.850459066614757,19.0902462006125,24.668413249434956,16.366666386135,37.399030736103306,35.164755082326394,
16.366666386135,16.41104244250154,16.41104244250154,16.41104244250154,16.473036961822253,16.666598639316952,17.006090103010628,17.006090103010628,17.444355979959695,17.444355979959695,17.444355979959695,17.48778102582202,40.248716546909534,17.444355979959695,16.41104244250154,36.38409637651872,43.61829381756645,41.978830643816444,52.88903478037768,35.71064267133819,16.41104244250154,38.37886788325054,17.00399372115668,17.864458818808057,
16.366666386135,16.41104244250154,16.41104244250154,16.41104244250154,16.41104244250154,16.41104244250154,16.473036961822253,16.666598639316952,17.00399372115668,17.006090103010628,17.006090103010628,17.444355979959695,20.35583454442485,25.54467874616743,16.41104244250154,16.38407366385067,17.55388529325884,40.06729033890414,26.05958635159673,22.653035116734358,20.666447222885857,41.978830643816444,42.010580677835065,44.30293444005713,
16.366666386135,16.38407366385067,16.41104244250154,16.41104244250154,16.41104244250154,16.41104244250154,16.41104244250154,16.41104244250154,16.473036961822253,16.666598639316952,17.00399372115668,17.006090103010628,17.18494440053813,39.0,50.05219497906383,16.684124190379308,18.24719156473127,16.41104244250154,21.10350740259443,27.139557025779837,40.99864496405813,16.41104244250154,44.03691633164157,20.95614468360056,
16.366666386135,16.38407366385067,16.41104244250154,16.41104244250154,16.41104244250154,16.41104244250154,16.41104244250154,16.41104244250154,16.41104244250154,16.41104244250154,16.473036961822253,16.666598639316952,68.8444300982698,16.308780805472455,44.54929853544274,18.780078754485864,25.82036711638104,20.423076183972054,18.607047649270484,27.70479300690687,55.70358057512003,16.41104244250154,30.858548248418945,17.531629265169798,
16.308780805472455,16.366666386135,16.38407366385067,16.41104244250154,16.41104244250154,16.41104244250154,16.41104244250154,16.41104244250154,16.41104244250154,16.41104244250154,16.41104244250154,16.41104244250154,16.851112722903494,39.60078562632593,29.35794422109438,16.41104244250154,18.260271082325147,20.35583454442485,18.312783095186763,16.41104244250154,58.73291713813946,25.49291840666519,38.20258499107096,16.851112722903494,
16.308780805472455,16.366666386135,16.38407366385067,16.41104244250154,16.41104244250154,16.41104244250154,16.41104244250154,16.41104244250154,16.41104244250154,16.41104244250154,16.41104244250154,16.41104244250154,77.0,33.4657912452921,17.6,26.87452325158532,26.05071975973025,16.851112722903494,44.46140266040437,20.423076183972054,41.978830643816444,41.567294836205065,54.23610933276424,44.37386618269812,
16.308780805472455,16.366666386135,16.38407366385067,16.41104244250154,16.41104244250154,16.41104244250154,16.41104244250154,16.41104244250154,16.41104244250154,16.41104244250154,16.41104244250154,16.41104244250154,29.950626036862733,16.41104244250154,18.203296404772406,16.5800907200179,18.260271082325147,16.41104244250154,44.37386618269812,16.41104244250154,40.20610167928368,77.0,30.734996339677675,16.41104244250154,
16.308780805472455,16.366666386135,16.38407366385067,16.41104244250154,16.41104244250154,16.41104244250154,16.41104244250154,16.41104244250154,16.41104244250154,16.41104244250154,16.41104244250154,16.41104244250154,16.89852064531094,24.15450268583479,44.55053310567675,39.0,43.19537012227121,26.58270114190806,27.219727776870098,19.024655056005614,18.239723133863627,38.12925386104481,38.50649295898031,52.92683629313205,
16.308780805472455,16.366666386135,16.38407366385067,16.41104244250154,16.41104244250154,16.41104244250154,16.41104244250154,16.41104244250154,16.41104244250154,16.41104244250154,16.41104244250154,16.41104244250154,16.144314444685747,52.88903478037768,38.43501008195523,29.99259167787198,24.07986710926786,28.032837887021,23.742103950576915,27.25729260216429,38.51848217917932,21.061344850545044,18.475930287809597,16.41104244250154,
16.144314444685747,16.308780805472455,16.366666386135,16.38407366385067,16.41104244250154,16.41104244250154,16.41104244250154,16.41104244250154,16.41104244250154,16.41104244250154,16.41104244250154,16.41104244250154,78.0,18.17881007663783,24.21647166702862,38.50649295898031,15.820367368321099,17.20348801842231,27.139557025779837,18.18481509391833,17.31935333665781,36.35965747030663,18.18227272159105,52.72418799754056,
15.820367368321099,16.144314444685747,16.308780805472455,16.366666386135,16.38407366385067,16.41104244250154,16.41104244250154,16.41104244250154,16.41104244250154,16.41104244250154,16.41104244250154,16.41104244250154,16.144314444685747,19.792928029980807,27.752877728664867,16.010838165927176,16.89852064531094,15.619610181506522,22.012056065822158,69.0,41.60576883077634,16.0807871690515,32.844329799829985,16.851112722903494,
15.619610181506522,15.820367368321099,16.010838165927176,16.0807871690515,16.144314444685747,16.144314444685747,16.308780805472455,16.366666386135,16.38407366385067,16.41104244250154,16.41104244250154,16.41104244250154,19.7762999779111,15.604960522199608,40.99864496405813,16.366666386135,48.57211133973898,26.73604919449791,36.79249244071404,15.155393443036152,16.144314444685747,44.9916658949188,18.626862323000083,31.567873102964953,
15.155393443036152,15.604960522199608,15.619610181506522,15.820367368321099,16.010838165927176,16.0807871690515,16.144314444685747,16.144314444685747,16.144314444685747,16.308780805472455,16.366666386135,16.366666386135,16.67749648145335,51.33468612936092,52.88903478037768,16.851112722903494,35.31798408743059,15.619610181506522,49.232509584623045,36.39936236044409,18.816205429811284,59.78503157145608,20.861980304425135,17.676796536772976,
15.155393443036152,15.604960522199608,15.619610181506522,15.619610181506522,15.820367368321099,16.010838165927176,16.0807871690515,16.144314444685747,16.144314444685747,16.144314444685747,16.308780805472455,16.366666386135,31.35681744055031,16.144314444685747,38.045203377035584,50.21205034650547,64.3836159282779,15.90467471173021,24.328766694776967,40.99864496405813,44.9916658949188,39.89936319884654,32.854794170714264,36.603824936746705,
15.155393443036152,15.604960522199608,15.619610181506522,15.619610181506522,15.820367368321099,15.90467471173021,16.010838165927176,16.0807871690515,16.144314444685747,16.144314444685747,16.144314444685747,16.144314444685747,41.64432734478971,19.215156055109784,22.083647796503186,40.99864496405813,16.955946810231655,16.842979261794014,15.619610181506522,19.87814115725534,26.141117510377363,17.3638743439189,27.10268539380472,22.62009370124833,
15.155393443036152,15.604960522199608,15.619610181506522,15.619610181506522,15.619610181506522,15.820367368321099,15.90467471173021,16.010838165927176,16.0807871690515,16.144314444685747,16.144314444685747,16.144314444685747,15.736546282106785,35.34433790895258,26.87452325158532,31.995116814914116,16.296011782028142,27.897132469126642,16.89852064531094,55.70358057512003,21.608183177835972,15.98349843501798,19.7762999779111,19.41542370606293,
15.155393443036152,15.604960522199608,15.619610181506522,15.619610181506522,15.619610181506522,15.736546282106785,15.820367368321099,15.90467471173021,15.98349843501798,16.010838165927176,16.0807871690515,16.144314444685747,21.003233143236205,22.63155982251334,22.92133842300752,37.2588542795162,16.296011782028142,16.296011782028142,15.503547981026795,55.70358057512003,41.99073971987422,30.621683493890405,26.503537499737654,17.285993045108967,
15.155393443036152,15.503547981026795,15.604960522199608,15.619610181506522,15.619610181506522,15.619610181506522,15.736546282106785,15.820367368321099,15.90467471173021,15.98349843501798,16.010838165927176,16.0807871690515,41.53010955921017,18.239723133863627,41.978830643816444,25.49291840666519,17.741476826916074,15.221233537832049,49.814054241749886,15.818704275593426,59.21013426770792,72.0,16.384062377810945,71.0,
15.155393443036152,15.221233537832049,15.503547981026795,15.604960522199608,15.619610181506522,15.619610181506522,15.619610181506522,15.736546282106785,15.818704275593426,15.820367368321099,15.90467471173021,15.98349843501798,41.974860200945145,20.473397373176734,16.104596383994167,41.974860200945145,31.93569928604803,22.459686106444142,20.865234834320894,16.41104244250154,16.446039712411686,32.854794170714264,42.29131773255068,50.271761457104326,
15.155393443036152,15.221233537832049,15.503547981026795,15.604960522199608,15.619610181506522,15.619610181506522,15.619610181506522,15.736546282106785,15.818704275593426,15.820367368321099,15.90467471173021,15.98349843501798,17.531629265169798,27.61227082295116,19.17825736493166,16.86297719858507,16.448708155961672,34.91776052383658,15.907647671414834,40.99864496405813,18.58594899379636,28.299980369054836,18.00685740434035,45.55094827650561,
15.155393443036152,15.221233537832049,15.503547981026795,15.604960522199608,15.619610181506522,15.619610181506522,15.619610181506522,15.736546282106785,15.818704275593426,15.820367368321099,15.90467471173021,15.907647671414834,72.0,40.99864496405813,16.694051576076173,44.01420225336363,15.619610181506522,55.70358057512003,35.915023164253824,29.668921415501167,23.736891119099823,19.25973779676141,44.03691633164157,50.28667815634674,
15.155393443036152,15.221233537832049,15.503547981026795,15.604960522199608,15.619610181506522,15.619610181506522,15.619610181506522,15.619610181506522,15.736546282106785,15.818704275593426,15.820367368321099,15.90467471173021,16.075236332337262,31.892037263497713,19.396685411654172,15.619610181506522,17.25884609685831,20.030532250098155,44.9916658949188,21.843438430547877,44.99876541516321,40.99864496405813,49.81003914874992,16.296011782028142,
15.155393443036152,15.221233537832049,15.503547981026795,15.604960522199608,15.619610181506522,15.619610181506522,15.619610181506522,15.619610181506522,15.619610181506522,15.736546282106785,15.818704275593426,15.820367368321099,44.9916658949188,36.58196276855577,16.767826334978544,35.87787928824978,44.71169648390828,40.088677214599215,44.9916658949188,15.619610181506522,16.06958011146146,16.344384016808004,23.05184927727146,17.669811040931428,
15.155393443036152,15.221233537832049,15.503547981026795,15.604960522199608,15.619610181506522,15.619610181506522,15.619610181506522,15.619610181506522,15.619610181506522,15.619610181506522,15.736546282106785,15.818704275593426,52.88903478037768,16.603793253748467,31.64471132909954,33.62869145371091,20.950264443364755,46.033031618610565,44.03691633164157,16.75589448522519,16.144314444685747,37.259227045122664,53.75351151320256,39.60078562632593,
15.155393443036152,15.221233537832049,15.503547981026795,15.604960522199608,15.619610181506522,15.619610181506522,15.619610181506522,15.619610181506522,15.619610181506522,15.619610181506522,15.736546282106785,15.818704275593426,15.619610181506522,19.024655056005614,40.99864496405813,16.123654121266128,72.0,55.70358057512003,15.619610181506522,50.34630075785112,16.296011782028142,44.11632350955823,15.619610181506522,16.837580949513058,
15.155393443036152,15.221233537832049,15.503547981026795,15.604960522199608,15.619610181506522,15.619610181506522,15.619610181506522,15.619610181506522,15.619610181506522,15.619610181506522,15.619610181506522,15.619610181506522,52.88903478037768,71.0,28.11120772930256,39.0,24.08088222820935,52.88903478037768,32.97635516548183,34.860436027106715,16.79166459884189,24.163792932585917,22.46231411844193,20.058913230780973,
15.155393443036152,15.221233537832049,15.503547981026795,15.604960522199608,15.619610181506522,15.619610181506522,15.619610181506522,15.619610181506522,15.619610181506522,15.619610181506522,15.619610181506522,15.619610181506522,16.030353153384432,21.754309917807092,34.997375994931566,18.10531604628327,44.73298559228972,18.465102220134067,16.296011782028142,17.975039382886663,15.857875715940713,35.302266216207705,15.592812525940783,26.87452325158532,
15.155393443036152,15.221233537832049,15.503547981026795,15.592812525940783,15.604960522199608,15.619610181506522,15.619610181506522,15.619610181506522,15.619610181506522,15.619610181506522,15.619610181506522,15.619610181506522,40.99864496405813,17.121346204891967,40.404586524859994,15.713484026367722,31.93569928604803,23.19056853843395,19.740148666809862,53.05421755148218,21.013329103214467,15.619610181506522,35.25462932564869,18.565761497983324,
15.155393443036152,15.221233537832049,15.503547981026795,15.592812525940783,15.604960522199608,15.619610181506522,15.619610181506522,15.619610181506522,15.619610181506522,15.619610181506522,15.619610181506522,15.619610181506522,15.864613150443448,18.475876831462102,15.57687031752171,16.296011782028142,15.592812525940783,26.15386570581918,17.803713719958044,15.619610181506522,15.619610181506522,15.894618236651326,28.299980369054836,25.088642848906755,
15.155393443036152,15.221233537832049,15.503547981026795,15.57687031752171,15.592812525940783,15.592812525940783,15.604960522199608,15.619610181506522,15.619610181506522,15.619610181506522,15.619610181506522,15.619610181506522,15.592812525940783,16.296011782028142,16.075236332337262,15.619610181506522,36.61814971962522,20.950264443364755,42.17292443684165,33.56916574609635,21.373261953445766,24.212494666167377,32.18188107286078,32.854794170714264,
15.155393443036152,15.221233537832049,15.503547981026795,15.57687031752171,15.592812525940783,15.592812525940783,15.592812525940783,15.604960522199608,15.619610181506522,15.619610181506522,15.619610181506522,15.619610181506522,22.45489305746572,31.35681744055031,48.57211133973898,18.47668138768542,25.543475405716997,52.88903478037768,55.70358057512003,15.57687031752171,21.383404780343096,40.99864496405813,15.592812525940783,23.5,
15.155393443036152,15.221233537832049,15.503547981026795,15.57687031752171,15.57687031752171,15.592812525940783,15.592812525940783,15.592812525940783,15.592812525940783,15.604960522199608,15.619610181506522,15.619610181506522,15.42595215861893,47.92239096242544,18.416297130530886,40.76076544914239,51.270264286426304,48.3470785053244,33.5670969849941,15.936505960285718,34.8791564627867,44.64347656713129,15.477725931156684,9.99999999E8,
15.155393443036152,15.221233537832049,15.42595215861893,15.477725931156684,15.503547981026795,15.57687031752171,15.57687031752171,15.592812525940783,15.592812525940783,15.592812525940783,15.592812525940783,15.604960522199608,16.953981833185974,15.386538341361176,20.456518173982325,25.933195180017794,28.299980369054836,15.54630181104175,46.74130935264865,34.997375994931566,39.96733360010449,25.088642848906755,22.402876799395404,22.465250944514285,
15.155393443036152,15.221233537832049,15.386538341361176,15.42595215861893,15.477725931156684,15.503547981026795,15.54630181104175,15.57687031752171,15.57687031752171,15.592812525940783,15.592812525940783,15.592812525940783,18.239723133863627,19.410740828318023,15.592812525940783,34.8552562591195,17.516173284442356,21.690300500511032,20.40213012359854,38.045203377035584,50.31152949374527,47.642837866777,15.713484026367722,16.288717385036392,
15.155393443036152,15.221233537832049,15.386538341361176,15.42595215861893,15.477725931156684,15.503547981026795,15.54630181104175,15.57687031752171,15.57687031752171,15.592812525940783,15.592812525940783,15.592812525940783,17.525980714356614,15.446521981414264,22.455442849791382,29.886823555242906,15.161390721007137,15.155393443036152,15.619610181506522,40.99864496405813,44.56276472572141,20.047166605006527,34.997375994931566,55.70358057512003,
15.155393443036152,15.155393443036152,15.161390721007137,15.221233537832049,15.386538341361176,15.42595215861893,15.446521981414264,15.477725931156684,15.503547981026795,15.54630181104175,15.57687031752171,15.57687031752171,42.28737662970148,22.128883839904805,20.626136332333306,15.477725931156684,15.27434304824779,18.955356909210533,36.53613127971938,30.734996339677675,17.573170645350604,15.477725931156684,45.01357819838612,15.649262228105952,
15.155393443036152,15.155393443036152,15.161390721007137,15.221233537832049,15.27434304824779,15.386538341361176,15.42595215861893,15.446521981414264,15.477725931156684,15.477725931156684,15.477725931156684,15.503547981026795,20.669354663903327,15.477725931156684,24.094202876312345,15.386538341361176,55.70358057512003,36.94928957368463,37.4195433192633,39.88503888089633,15.356512794482365,15.477725931156684,24.4834638072312,15.161390721007137,
15.155393443036152,15.155393443036152,15.161390721007137,15.161390721007137,15.221233537832049,15.27434304824779,15.356512794482365,15.386538341361176,15.386538341361176,15.42595215861893,15.446521981414264,15.477725931156684,31.45052944656315,35.324778838656584,18.58594899379636,15.503547981026795,32.110777642659585,15.010739956763851,15.197324688442714,32.23740063962974,25.372425977820885,48.3470785053244,42.70449003779058,37.986017164214516,
15.010739956763851,15.155393443036152,15.155393443036152,15.161390721007137,15.161390721007137,15.197324688442714,15.221233537832049,15.27434304824779,15.356512794482365,15.386538341361176,15.386538341361176,15.42595215861893,32.3195847058027,31.365625597711304,20.70963275601209,14.909914672980378,39.92441838866873,17.508015656975463,25.329034723020936,21.08448613449129,15.227204884516441,15.155393443036152,26.936596795318824,27.11498150879366,
14.909914672980378,15.010739956763851,15.155393443036152,15.155393443036152,15.155393443036152,15.161390721007137,15.161390721007137,15.197324688442714,15.221233537832049,15.227204884516441,15.27434304824779,15.356512794482365,15.321879780235845,23.43292642450632,15.518257844571735,15.221233537832049,53.241337323549644,15.562374497485916,30.568570460523667,20.950264443364755,16.596385148579795,55.70358057512003,15.341382750305073,17.04151469619106,
14.909914672980378,15.010739956763851,15.155393443036152,15.155393443036152,15.155393443036152,15.161390721007137,15.161390721007137,15.197324688442714,15.221233537832049,15.221233537832049,15.227204884516441,15.27434304824779,15.21709564930181,31.201851796897497,22.91099256354717,15.331446586603294,15.374004032782093,39.88503888089633,25.33298245371042,42.11756033875762,26.251396200376387,25.088642848906755,13.169999578165859,32.90349525506371,
13.169999578165859,14.909914672980378,15.010739956763851,15.155393443036152,15.155393443036152,15.155393443036152,15.161390721007137,15.161390721007137,15.197324688442714,15.21709564930181,15.221233537832049,15.221233537832049,29.567718883945037,19.622436138257658,15.179368337994038,45.01357819838612,50.43697937911121,17.449043979613013,15.221233537832049,17.61923664634765,16.596385148579795,55.70358057512003,72.0,27.897132469126642,
13.169999578165859,14.909914672980378,15.010739956763851,15.155393443036152,15.155393443036152,15.155393443036152,15.161390721007137,15.161390721007137,15.179368337994038,15.197324688442714,15.21709564930181,15.221233537832049,15.51423082285072,45.01357819838612,17.871422861709718,14.893137868010072,32.446109165815244,19.759491390215487,15.279797846248565,15.179368337994038,15.269577597301113,20.091626847713332,32.110777642659585,56.87486263719676,
13.169999578165859,14.893137868010072,14.909914672980378,15.010739956763851,15.155393443036152,15.155393443036152,15.155393443036152,15.161390721007137,15.161390721007137,15.179368337994038,15.179368337994038,15.197324688442714,47.28043993027138,15.161390721007137,19.3275853524323,31.619653210239395,50.56718303405876,27.630372780691904,39.0,23.887131291185092,17.319329769753487,53.293902090201655,31.995116814914116,17.79933500248288,
13.169999578165859,14.893137868010072,14.909914672980378,15.010739956763851,15.155393443036152,15.155393443036152,15.155393443036152,15.161390721007137,15.161390721007137,15.161390721007137,15.179368337994038,15.179368337994038,21.823152842795196,34.393151773120316,21.823152842795196,22.637082409179854,15.213070038621396,17.12022315322807,14.893137868010072,15.10131076353505,44.30293444005713,68.8444300982698,16.079800993793427,19.48521155614573,
13.169999578165859,14.893137868010072,14.893137868010072,14.909914672980378,15.010739956763851,15.10131076353505,15.155393443036152,15.155393443036152,15.155393443036152,15.161390721007137,15.161390721007137,15.161390721007137,34.15487601434904,23.328951969602063,21.03235602589496,26.01708840145048,72.0,15.413638341208744,15.367498169838838,21.139746660943903,20.502682751288916,68.82506003549064,15.301597592698904,36.908671067921155,
13.169999578165859,14.893137868010072,14.893137868010072,14.909914672980378,15.010739956763851,15.10131076353505,15.155393443036152,15.155393443036152,15.155393443036152,15.161390721007137,15.161390721007137,15.161390721007137,19.149086140074676,15.010739956763851,15.477725931156684,45.06706114225777,33.00060605504087,15.51423082285072,15.10131076353505,14.982397078646068,15.432433379088343,33.33826630165402,17.455410565915983,34.121033072859674,
13.169999578165859,14.893137868010072,14.893137868010072,14.909914672980378,14.982397078646068,15.010739956763851,15.010739956763851,15.10131076353505,15.10131076353505,15.155393443036152,15.155393443036152,15.155393443036152,17.10540970927952,17.499911816356303,40.30198506277327,18.937763566189354,21.603040481022372,15.155393443036152,16.733938309854757,15.10131076353505,19.41542370606293,44.603138902996506,49.84616334282911,15.073390480967312,
13.169999578165859,14.893137868010072,14.893137868010072,14.909914672980378,14.982397078646068,15.010739956763851,15.010739956763851,15.073390480967312,15.10131076353505,15.10131076353505,15.10131076353505,15.155393443036152,15.257026561690592,15.060064925343303,17.51260568917976,26.87452325158532,31.589379368529688,15.36098955145794,18.565761497983324,15.10131076353505,20.747750138327508,14.625948425553085,24.97776789244565,19.942064848285476,
13.169999578165859,14.625948425553085,14.893137868010072,14.893137868010072,14.909914672980378,14.982397078646068,15.010739956763851,15.010739956763851,15.060064925343303,15.073390480967312,15.10131076353505,15.10131076353505,20.61107291071021,47.174015677086906,24.595934623429137,36.908671067921155,14.638443348547653,21.09354166563785,34.393151773120316,27.728845790780564,35.21704132944731,14.982397078646068,18.939148819962615,25.65584187319181,
13.169999578165859,14.625948425553085,14.638443348547653,14.893137868010072,14.893137868010072,14.909914672980378,14.982397078646068,14.982397078646068,15.010739956763851,15.010739956763851,15.060064925343303,15.073390480967312,45.04688915144111,69.0,32.438403166617185,15.561490931141527,33.25490774139794,14.591722562704472,14.982397078646068,22.64260364887395,63.81418337642503,20.430069875114004,15.961731093591705,53.05421755148218,
13.169999578165859,14.591722562704472,14.625948425553085,14.638443348547653,14.893137868010072,14.893137868010072,14.909914672980378,14.982397078646068,14.982397078646068,14.982397078646068,15.010739956763851,15.010739956763851,42.382071681313555,42.16501973068303,66.04207413123513,63.0,24.661457783350926,16.445945877403013,17.670509714783186,32.19558285783246,38.479085228211964,15.434746676206826,14.690898039503935,18.970181037487265,
13.169999578165859,14.591722562704472,14.625948425553085,14.638443348547653,14.690898039503935,14.893137868010072,14.893137868010072,14.909914672980378,14.982397078646068,14.982397078646068,14.982397078646068,15.010739956763851,24.067036008246266,18.383666219594758,31.20719290306145,45.38546022681714,29.212801219705735,52.17997700267795,22.499886621029532,26.87452325158532,18.518571759182727,14.690898039503935,13.142845011640365,20.19092542177686,
13.142845011640365,13.169999578165859,14.591722562704472,14.625948425553085,14.638443348547653,14.690898039503935,14.690898039503935,14.893137868010072,14.893137868010072,14.909914672980378,14.982397078646068,14.982397078646068,17.929646461160974,14.724318509036523,47.60504174979789,45.38546022681714,18.720820916895423,21.710781300804403,27.28438197944018,22.583726250511113,39.0,14.982397078646068,14.727505161568393,26.487360134856402,
13.142845011640365,13.169999578165859,14.591722562704472,14.625948425553085,14.638443348547653,14.690898039503935,14.690898039503935,14.724318509036523,14.727505161568393,14.893137868010072,14.893137868010072,14.909914672980378,44.589684905816505,32.401988965014,20.975223479143196,13.76084832942948,16.678129391511508,13.710446067176179,16.03620902832088,34.32140998958914,55.30722275516001,19.46506842754191,20.073303166145823,13.392047594580532,
13.142845011640365,13.169999578165859,13.392047594580532,13.710446067176179,13.76084832942948,14.591722562704472,14.625948425553085,14.638443348547653,14.690898039503935,14.690898039503935,14.724318509036523,14.727505161568393,44.71639023395734,27.43515081059333,29.886823555242906,14.476187343358058,9.99999999E8,31.388249747671857,13.822201504748431,17.353962083628048,21.10877180021567,13.17134674207615,13.988160674415147,40.86019524617517,
13.142845011640365,13.169999578165859,13.17134674207615,13.392047594580532,13.710446067176179,13.76084832942948,13.822201504748431,13.988160674415147,14.476187343358058,14.591722562704472,14.625948425553085,14.638443348547653,25.686620430407004,23.736891119099823,42.074008867972424,39.92441838866873,44.55053310567675,13.169999578165859,25.11254666496411,40.088677214599215,21.457807436921414,16.61204382368407,45.638677554119475,28.63952203201412,
13.142845011640365,13.169999578165859,13.169999578165859,13.17134674207615,13.392047594580532,13.710446067176179,13.76084832942948,13.822201504748431,13.988160674415147,14.476187343358058,14.591722562704472,14.625948425553085,39.0,14.034679270372454,20.526137338758765,13.123809469814777,40.99864496405813,31.825915366080032,38.022197464112985,13.429331285492596,14.627929838529672,23.73405897767079,23.5,43.20997617236472,
13.123809469814777,13.142845011640365,13.169999578165859,13.169999578165859,13.17134674207615,13.392047594580532,13.429331285492596,13.710446067176179,13.76084832942948,13.822201504748431,13.988160674415147,14.034679270372454,20.444050079998078,46.74130935264865,13.693604087288644,14.146737345225326,39.956609118453706,39.0,55.70358057512003,25.933195180017794,19.622436138257658,50.55531623874981,15.476265470048267,36.516297731287054,
13.123809469814777,13.142845011640365,13.169999578165859,13.169999578165859,13.17134674207615,13.392047594580532,13.429331285492596,13.693604087288644,13.710446067176179,13.76084832942948,13.822201504748431,13.988160674415147,31.712355153595187,13.988160674415147,17.970461874976948,48.57211133973898,15.0821822765216,27.897132469126642,19.395553614166314,20.86048896838231,26.725360576785185,37.73003519154939,13.671809219958373,48.57211133973898,
13.123809469814777,13.142845011640365,13.169999578165859,13.169999578165859,13.17134674207615,13.392047594580532,13.429331285492596,13.671809219958373,13.693604087288644,13.710446067176179,13.76084832942948,13.822201504748431,22.20782519743885,20.67456166403535,14.297315242397639,20.483658045221812,13.554171149707221,14.611780597565957,15.190786681406594,35.443225336052905,18.578482176970216,18.061877116143762,23.84964476791123,16.351175699183287,
13.123809469814777,13.142845011640365,13.169999578165859,13.169999578165859,13.17134674207615,13.392047594580532,13.429331285492596,13.554171149707221,13.671809219958373,13.693604087288644,13.710446067176179,13.76084832942948,33.56916574609635,50.89440047785218,22.140962540554156,25.407872795651354,34.59608198754432,18.7712546197637,12.660329798914558,14.593103771506266,38.525899054521545,13.927538596641789,13.796627804485784,39.607448794387146,
12.660329798914558,13.123809469814777,13.142845011640365,13.169999578165859,13.169999578165859,13.17134674207615,13.392047594580532,13.429331285492596,13.554171149707221,13.671809219958373,13.693604087288644,13.710446067176179,14.722281145602997,29.52693685433692,48.3470785053244,21.987212192545012,13.429331285492596,23.81117851392959,13.677032737030205,26.478331533847193,15.632018423735305,20.020128759714698,16.9647419413265,24.614381336833176,
12.660329798914558,13.123809469814777,13.142845011640365,13.169999578165859,13.169999578165859,13.17134674207615,13.392047594580532,13.429331285492596,13.429331285492596,13.554171149707221,13.671809219958373,13.677032737030205,24.558918866020317,13.73436030768177,14.034679270372454,17.99632653057399,15.190786681406594,13.687985488944753,14.764021517220392,28.126536239223036,17.24861713006026,22.862444270565025,14.01090844861801,13.301066398862115,
12.660329798914558,13.123809469814777,13.142845011640365,13.169999578165859,13.169999578165859,13.17134674207615,13.301066398862115,13.392047594580532,13.429331285492596,13.429331285492596,13.554171149707221,13.671809219958373,25.315783394730033,53.72848406571695,14.42432752296605,19.72664431340943,13.991980210251931,18.203242147797685,36.800000000000004,14.627371602581237,17.707625476048445,19.016805433323675,30.11459594430729,15.565475375607358,
12.660329798914558,13.123809469814777,13.142845011640365,13.169999578165859,13.169999578165859,13.17134674207615,13.301066398862115,13.392047594580532,13.429331285492596,13.429331285492596,13.554171149707221,13.671809219958373,21.987212192545012,24.97109440043739,32.438403166617185,16.449672214859824,14.070260204495945,19.05091861302231,15.21009331909276,23.15780697019126,14.30520495794761,36.66818178687833,32.23740063962974,22.261176967986216,
12.660329798914558,13.123809469814777,13.142845011640365,13.169999578165859,13.169999578165859,13.17134674207615,13.301066398862115,13.392047594580532,13.429331285492596,13.429331285492596,13.554171149707221,13.671809219958373,21.147629234082533,26.549743668986505,13.429331285492596,15.306339329462125,33.73260868786891,13.301066398862115,18.272048834081016,13.608970630898321,14.948987330994106,20.073303166145823,55.70358057512003,40.594796464571665,
12.660329798914558,13.123809469814777,13.142845011640365,13.169999578165859,13.169999578165859,13.17134674207615,13.301066398862115,13.301066398862115,13.392047594580532,13.429331285492596,13.429331285492596,13.429331285492596,20.84316434709471,36.78909485159971,49.22438420132851,21.975839005598854,26.995867452336707,26.714667682525178,14.532965994308112,13.392047594580532,20.817253053449633,21.659542988464366,13.47161367468649,42.67102443732295,
12.660329798914558,13.123809469814777,13.142845011640365,13.169999578165859,13.169999578165859,13.17134674207615,13.301066398862115,13.301066398862115,13.392047594580532,13.392047594580532,13.429331285492596,13.429331285492596,71.0,63.80634764660958,26.12828926661675,42.603286258221914,69.0,14.65034651676282,13.14973595003168,22.924998485399197,26.01708840145048,27.897132469126642,42.40094338573141,13.169999578165859,
12.660329798914558,13.123809469814777,13.142845011640365,13.14973595003168,13.169999578165859,13.169999578165859,13.169999578165859,13.17134674207615,13.301066398862115,13.301066398862115,13.392047594580532,13.392047594580532,15.040082500859265,15.801454060092796,13.397177874462965,41.978830643816444,16.93852355569734,27.897132469126642,13.425680202093632,36.795889716108235,42.21004027479718,27.897132469126642,13.176091036418958,42.204117097742966,
12.660329798914558,13.123809469814777,13.142845011640365,13.14973595003168,13.169999578165859,13.169999578165859,13.169999578165859,13.17134674207615,13.176091036418958,13.301066398862115,13.301066398862115,13.392047594580532,32.304110505561916,18.871411646053215,17.76457843332006,13.142845011640365,16.109131951517593,18.92896076269259,17.745804581559934,30.934406410985165,26.253042151762568,19.204591287778353,13.83888698195806,21.64705618143756,
12.660329798914558,13.123809469814777,13.142845011640365,13.142845011640365,13.14973595003168,13.169999578165859,13.169999578165859,13.169999578165859,13.17134674207615,13.176091036418958,13.301066398862115,13.301066398862115,14.659447748261995,40.99864496405813,15.768287443121048,33.311761727470305,21.572158554288396,32.304110505561916,17.633419974582356,32.403073676326905,13.80549586129855,34.59608198754432,15.290701604424683,68.8444300982698,
12.660329798914558,13.123809469814777,13.142845011640365,13.142845011640365,13.14973595003168,13.169999578165859,13.169999578165859,13.169999578165859,13.17134674207615,13.176091036418958,13.301066398862115,13.301066398862115,36.365333767201975,13.405803055227821,23.15116263518847,21.829236256808336,14.638443348547653,18.925842121290138,13.530011991487514,14.842693675864755,13.837787937383634,16.644518617250547,27.084230754362505,21.975839005598854,
12.660329798914558,13.123809469814777,13.142845011640365,13.142845011640365,13.14973595003168,13.169999578165859,13.169999578165859,13.169999578165859,13.17134674207615,13.176091036418958,13.301066398862115,13.301066398862115,37.992630864418956,14.00412637602059,19.145756710038913,14.060083584859058,27.897132469126642,21.383404780343096,13.894203427648845,32.09742821409815,13.425680202093632,13.84444433891279,23.33517971314766,19.061952279117637,
12.660329798914558,13.123809469814777,13.142845011640365,13.142845011640365,13.14973595003168,13.169999578165859,13.169999578165859,13.169999578165859,13.17134674207615,13.176091036418958,13.301066398862115,13.301066398862115,44.0028408173836,27.121127475743993,24.599603571353924,15.822768405054788,13.200336696042601,15.713636350219474,32.293790252754306,13.572180430301282,42.67102443732295,19.56569259010813,18.142185339393073,59.20337828198658,
12.660329798914558,13.123809469814777,13.142845011640365,13.142845011640365,13.14973595003168,13.169999578165859,13.169999578165859,13.169999578165859,13.17134674207615,13.176091036418958,13.200336696042601,13.301066398862115,42.952457208487075,15.80239081770716,16.30700362871545,26.01708840145048,18.589788780768334,27.809849965471603,13.872197728640016,21.066693037958178,40.351455983644506,15.274891621533255,42.21004027479718,18.898037000417155,
12.660329798914558,13.123809469814777,13.142845011640365,13.142845011640365,13.14973595003168,13.169999578165859,13.169999578165859,13.169999578165859,13.17134674207615,13.176091036418958,13.200336696042601,13.301066398862115,13.564004652838419,14.426717489255584,22.429936264205626,18.07693309729506,27.207441959125518,33.56916574609635,47.65962651972841,38.045203377035584,12.844624361965593,15.0821822765216,20.60414065776338,48.57211133973898,
12.660329798914558,12.844624361965593,13.123809469814777,13.142845011640365,13.142845011640365,13.14973595003168,13.169999578165859,13.169999578165859,13.169999578165859,13.17134674207615,13.176091036418958,13.200336696042601,63.79851095441021,16.305452112561653,32.403073676326905,13.572180430301282,71.6581390275305,66.10786640030065,35.25462932564869,40.99864496405813,12.844624361965593,24.950563365280914,27.897132469126642,34.36406391695966,
12.660329798914558,12.844624361965593,12.844624361965593,13.123809469814777,13.142845011640365,13.142845011640365,13.14973595003168,13.169999578165859,13.169999578165859,13.169999578165859,13.17134674207615,13.176091036418958,56.30133213344069,15.143391761741713,15.019394868709666,68.8444300982698,13.448396744593758,33.52142524436011,38.11495769379785,34.480626157987814,17.26937766564498,16.463695042057534,18.25342433627181,12.86931921908186,
12.660329798914558,12.844624361965593,12.844624361965593,12.86931921908186,13.123809469814777,13.142845011640365,13.142845011640365,13.14973595003168,13.169999578165859,13.169999578165859,13.169999578165859,13.17134674207615,21.676433484202178,31.025151087464508,35.25462932564869,32.313138022929444,23.139576487049197,27.059933481071234,13.169999578165859,15.07849285391488,18.09917807287337,23.328951969602063,16.139056224032096,18.679868843222643,
12.660329798914558,12.844624361965593,12.844624361965593,12.86931921908186,13.123809469814777,13.142845011640365,13.142845011640365,13.14973595003168,13.169999578165859,13.169999578165859,13.169999578165859,13.169999578165859,14.630831298658185,15.644346011584425,14.547813886934659,15.662768403114015,13.593215594703178,25.315783394730033,13.682254259903704,53.05421755148218,13.085655314121643,42.21004027479718,60.38418667167755,14.43917573542089,
12.660329798914558,12.844624361965593,12.844624361965593,12.86931921908186,13.085655314121643,13.123809469814777,13.142845011640365,13.142845011640365,13.14973595003168,13.169999578165859,13.169999578165859,13.169999578165859,18.747592438023133,21.561854749694277,22.65915929596683,23.200148999095823,18.53072462431086,27.106767780466416,26.479945241635225,17.583578197347155,46.63421490708298,40.61472092179824,15.11924984833346,19.204591287778353,
12.660329798914558,12.844624361965593,12.844624361965593,12.86931921908186,13.085655314121643,13.123809469814777,13.142845011640365,13.142845011640365,13.14973595003168,13.169999578165859,13.169999578165859,13.169999578165859,36.527006751473934,24.106058176656063,23.825899130730726,13.14973595003168,48.57211133973898,14.058409899020903,14.690898039503935,17.364181319584528,31.630193420250677,24.114396783486107,17.098537949193197,27.084230754362505,
12.660329798914558,12.844624361965593,12.844624361965593,12.86931921908186,13.085655314121643,13.123809469814777,13.142845011640365,13.142845011640365,13.14973595003168,13.14973595003168,13.169999578165859,13.169999578165859,14.004959439030479,15.791166731611764,36.516297731287054,21.697392919522205,27.121127475743993,40.77683165720456,17.098537949193197,18.384132597458787,16.497272501841024,17.110723523689238,13.545840539382095,13.047945772760128,
12.660329798914558,12.844624361965593,12.844624361965593,12.86931921908186,13.047945772760128,13.085655314121643,13.123809469814777,13.142845011640365,13.142845011640365,13.14973595003168,13.14973595003168,13.169999578165859,59.79339428398425,14.328836503902037,19.368502494743595,37.75652997238432,21.52059019797403,40.6329915216687,49.58933394205176,33.74374016021342,32.97635516548183,12.695016144260986,26.97941602201369,29.30069303352564,
12.660329798914558,12.695016144260986,12.844624361965593,12.844624361965593,12.86931921908186,13.047945772760128,13.085655314121643,13.123809469814777,13.142845011640365,13.142845011640365,13.14973595003168,13.14973595003168,17.956544767855537,69.0,13.24571209444358,13.47161367468649,13.18557450397972,26.662499674428297,44.40996394908674,16.04867595784774,18.101753213093893,26.01708840145048,48.57211133973898,13.085655314121643,
12.660329798914558,12.695016144260986,12.844624361965593,12.844624361965593,12.86931921908186,13.047945772760128,13.085655314121643,13.085655314121643,13.123809469814777,13.142845011640365,13.142845011640365,13.14973595003168,15.292735811326937,28.19463601467485,18.49676127095749,25.513917770503223,15.69585932658674,19.098691054624663,14.271858688104473,17.905168005978446,14.456291882775473,23.702437755546487,24.387496796514398,13.86891988496257,
12.660329798914558,12.695016144260986,12.844624361965593,12.844624361965593,12.86931921908186,13.047945772760128,13.085655314121643,13.085655314121643,13.123809469814777,13.142845011640365,13.142845011640365,13.14973595003168,52.90321351298048,17.632041540584257,25.088642848906755,38.51477320590167,36.186185209275656,49.58933394205176,13.977158035364777,37.110944776739686,33.62869145371091,13.480889251084292,13.018616477951872,26.904274753280376,
12.660329798914558,12.695016144260986,12.844624361965593,12.844624361965593,12.86931921908186,13.018616477951872,13.047945772760128,13.085655314121643,13.085655314121643,13.123809469814777,13.142845011640365,13.142845011640365,52.645565393065695,21.47636782605476,15.65403746286845,13.544330507222899,12.895113439488773,23.25277097519114,19.622436138257658,13.010330436270317,41.978830643816444,14.31430781714658,22.676860452893386,50.34630075785112,
12.660329798914558,12.695016144260986,12.844624361965593,12.844624361965593,12.86931921908186,12.895113439488773,13.010330436270317,13.018616477951872,13.047945772760128,13.085655314121643,13.085655314121643,13.123809469814777,17.377466195074206,13.028214574530157,14.646349564159515,15.94696069963037,16.861362802441434,13.993658749844537,17.114718234517145,15.868285009281959,40.99864496405813,25.737861216503596,13.706180175380739,13.018616477951872,
12.660329798914558,12.695016144260986,12.844624361965593,12.844624361965593,12.86931921908186,12.895113439488773,13.010330436270317,13.018616477951872,13.018616477951872,13.028214574530157,13.047945772760128,13.085655314121643,18.148304238841767,13.142845011640365,26.67499869832341,20.444050079998078,32.97635516548183,17.42993026766896,14.747351457126124,46.970070257558696,13.582702084576816,18.34477070570515,19.316844873523436,32.6984326841517,
12.660329798914558,12.695016144260986,12.844624361965593,12.844624361965593,12.86931921908186,12.895113439488773,13.010330436270317,13.018616477951872,13.018616477951872,13.028214574530157,13.047945772760128,13.085655314121643,53.53399750521989,15.191341596584952,13.628537126979301,59.21013426770792,22.69181278229967,28.224811779709,13.010330436270317,20.962764607751527,13.94409802828728,43.568910934288915,16.615090264268684,12.839757591169702,
12.660329798914558,12.695016144260986,12.839757591169702,12.844624361965593,12.844624361965593,12.86931921908186,12.895113439488773,13.010330436270317,13.010330436270317,13.018616477951872,13.018616477951872,13.028214574530157,13.687985488944753,17.72396369012555,29.886823555242906,13.454781375723357,29.501864347867915,14.878203747279512,12.469130858914397,13.066536457684569,12.839757591169702,13.899000763444192,15.677229034624762,15.587566270018621,
12.469130858914397,12.660329798914558,12.695016144260986,12.839757591169702,12.839757591169702,12.844624361965593,12.844624361965593,12.86931921908186,12.895113439488773,13.010330436270317,13.010330436270317,13.018616477951872,12.890804455353935,13.669651604923953,17.434448657758008,28.131121556027587,13.194315647199131,21.11302915263464,14.681961721786363,24.312590170862638,16.037583409998312,24.177583741051453,19.622436138257658,22.944233912303222,
12.469130858914397,12.660329798914558,12.695016144260986,12.839757591169702,12.839757591169702,12.844624361965593,12.844624361965593,12.86931921908186,12.890804455353935,12.895113439488773,13.010330436270317,13.010330436270317,25.560907652115958,14.291059267947915,37.75652997238432,24.315061633115846,12.660329798914558,40.99864496405813,26.337681549213006,16.479077644091614,18.642961138188323,69.54295235480173,15.49483673350332,39.108875363929926,
12.469130858914397,12.660329798914558,12.660329798914558,12.695016144260986,12.839757591169702,12.839757591169702,12.844624361965593,12.844624361965593,12.86931921908186,12.890804455353935,12.895113439488773,13.010330436270317,68.86863501543274,13.564004652838419,18.80372960116105,16.308654825650773,12.660329798914558,17.266446580428553,35.22625283632775,26.01708840145048,15.078028345095728,13.052178936867207,13.274321544122222,20.376557158476334,
12.469130858914397,12.660329798914558,12.660329798914558,12.660329798914558,12.695016144260986,12.839757591169702,12.839757591169702,12.844624361965593,12.844624361965593,12.86931921908186,12.890804455353935,12.895113439488773,14.05291339900734,13.723954924711396,50.56718303405876,16.951724005114116,13.855842630457376,23.499891445689354,12.660329798914558,34.80089137962312,15.251066891280558,50.39517307627542,27.897132469126642,30.139011264472497,
12.469130858914397,12.660329798914558,12.660329798914558,12.660329798914558,12.660329798914558,12.695016144260986,12.839757591169702,12.839757591169702,12.844624361965593,12.844624361965593,12.86931921908186,12.890804455353935,12.666605961124489,14.05291339900734,14.01090844861801,31.244839573920046,19.00365461928018,15.317723494737216,13.194315647199131,24.312590170862638,13.445278360974221,13.445527963684514,40.99923779779326,13.295947586472437,
12.469130858914397,12.660329798914558,12.660329798914558,12.660329798914558,12.660329798914558,12.666605961124489,12.695016144260986,12.839757591169702,12.839757591169702,12.844624361965593,12.844624361965593,12.86931921908186,13.114281337534283,17.48907569298736,22.317285329757198,12.643364713567223,19.038703270501966,12.844624361965593,15.243359209832983,13.017253507898236,13.397177874462965,55.74441676078421,20.72102668174437,50.9531375110721,
12.469130858914397,12.643364713567223,12.660329798914558,12.660329798914558,12.660329798914558,12.660329798914558,12.666605961124489,12.695016144260986,12.839757591169702,12.839757591169702,12.844624361965593,12.844624361965593,21.47636782605476,14.30089352297805,13.397177874462965,16.642482453715317,16.276313075968364,21.8658536434221,32.293790252754306,15.662552651325887,19.82204783181883,56.30133213344069,14.771732519669216,34.8552562591195,
12.469130858914397,12.643364713567223,12.660329798914558,12.660329798914558,12.660329798914558,12.660329798914558,12.666605961124489,12.695016144260986,12.839757591169702,12.839757591169702,12.844624361965593,12.844624361965593,12.844624361965593,40.99864496405813,49.58933394205176,14.286901537966711,31.287594670202974,15.109070906863831,13.40650495095571,38.42707378919191,37.10645346686866,14.805542260675665,17.98185026006807,14.96158042751129,
12.469130858914397,12.643364713567223,12.660329798914558,12.660329798914558,12.660329798914558,12.660329798914558,12.666605961124489,12.695016144260986,12.839757591169702,12.839757591169702,12.844624361965593,12.844624361965593,29.15405947159794,15.857875715940715,19.417859162067014,35.04124553849205,12.660329798914558,64.37584950895794,14.30089352297805,12.660329798914558,64.71132478597201,69.0,44.57622684795114,21.93028727582017,
12.469130858914397,12.643364713567223,12.660329798914558,12.660329798914558,12.660329798914558,12.660329798914558,12.660329798914558,12.660329798914558,12.666605961124489,12.695016144260986,12.839757591169702,12.839757591169702,18.82976367350371,14.190985978605669,22.310883223307894,16.803182400233304,13.056966531319594,20.10870458284173,24.147505892251615,16.272130230004375,13.661950405739617,16.272130230004375,14.551095319597078,18.707196039852402,
12.469130858914397,12.643364713567223,12.660329798914558,12.660329798914558,12.660329798914558,12.660329798914558,12.660329798914558,12.660329798914558,12.666605961124489,12.695016144260986,12.839757591169702,12.839757591169702,14.190985978605669,14.359807855004643,27.897132469126642,21.8658536434221,33.56916574609635,17.98185026006807,17.24992753607968,15.64595307901903,17.601294144339377,14.753597495297695,12.282004943386193,15.093228798224573,
12.282004943386193,12.469130858914397,12.643364713567223,12.660329798914558,12.660329798914558,12.660329798914558,12.660329798914558,12.660329798914558,12.660329798914558,12.666605961124489,12.695016144260986,12.839757591169702,31.28147394616977,12.481787285898422,27.897132469126642,16.276313075968364,13.263422158211613,14.111657907166292,18.27702346600396,17.031183883975768,16.50569204312516,23.778929748834365,12.855599402056644,13.855407548646857,
12.282004943386193,12.469130858914397,12.481787285898422,12.643364713567223,12.660329798914558,12.660329798914558,12.660329798914558,12.660329798914558,12.660329798914558,12.660329798914558,12.666605961124489,12.695016144260986,40.99864496405813,64.71132478597201,38.42707378919191,12.839757591169702,16.615090264268684,16.272130230004375,17.952270710654936,17.24992753607968,35.836046408919366,12.282004943386193,21.8658536434221,16.905784677309587,
12.282004943386193,12.282004943386193,12.469130858914397,12.481787285898422,12.643364713567223,12.660329798914558,12.660329798914558,12.660329798914558,12.660329798914558,12.660329798914558,12.660329798914558,12.666605961124489,13.350444749146,19.720891973917244,20.79054865991388,63.80634764660958,12.469130858914397,66.07739569794063,27.278749559222703,23.200148999095823,38.11495769379785,19.121523293431004,13.095204274848102,18.50592164153056,
12.282004943386193,12.282004943386193,12.469130858914397,12.469130858914397,12.481787285898422,12.643364713567223,12.660329798914558,12.660329798914558,12.660329798914558,12.660329798914558,12.660329798914558,12.660329798914558,27.144360860602564,14.05291339900734,13.270853610659548,23.410707475208774,12.660329798914558,29.130654666902256,55.70358057512003,16.28032213713503,49.57780938760273,13.67422301266145,30.139011264472497,23.10459878913937,
12.282004943386193,12.282004943386193,12.469130858914397,12.469130858914397,12.481787285898422,12.643364713567223,12.660329798914558,12.660329798914558,12.660329798914558,12.660329798914558,12.660329798914558,12.660329798914558,16.313763786719758,15.452406269061536,14.559683203971163,20.583212554245616,18.73771706522239,14.185710239533304,12.839757591169702,13.131751847122091,13.300960700474066,19.619824158233428,21.8658536434221,12.855599402056644,
12.282004943386193,12.282004943386193,12.469130858914397,12.469130858914397,12.481787285898422,12.643364713567223,12.660329798914558,12.660329798914558,12.660329798914558,12.660329798914558,12.660329798914558,12.660329798914558,14.815005062435855,32.97635516548183,12.66910307952012,12.469130858914397,12.660329798914558,20.734934289743965,44.70921135791721,13.228165972650933,12.660329798914558,25.315783394730033,13.131751847122091,59.70460618746262,
12.282004943386193,12.282004943386193,12.469130858914397,12.469130858914397,12.469130858914397,12.481787285898422,12.643364713567223,12.660329798914558,12.660329798914558,12.660329798914558,12.660329798914558,12.660329798914558,37.02551672683163,23.35713072180647,16.272130230004375,13.659857831483142,16.9428812334206,12.469130858914397,12.469130858914397,63.80634764660958,13.042598475763945,23.49090217950559,28.48691159517656,16.780411860923504,
12.282004943386193,12.282004943386193,12.469130858914397,12.469130858914397,12.469130858914397,12.469130858914397,12.469130858914397,12.481787285898422,12.643364713567223,12.660329798914558,12.660329798914558,12.660329798914558,19.533560863293715,35.471747884185014,18.73771706522239,19.197916553626335,40.99864496405813,23.371397523944136,15.852935234698828,21.198767773199478,12.905834092890625,17.20056321752285,49.58933394205176,16.28032213713503,
12.282004943386193,12.282004943386193,12.469130858914397,12.469130858914397,12.469130858914397,12.469130858914397,12.469130858914397,12.481787285898422,12.643364713567223,12.660329798914558,12.660329798914558,12.660329798914558,12.469130858914397,16.709400995626776,15.952566407948284,35.39617053988876,15.023832918252106,49.21920978891166,31.276906783746753,48.57211133973898,26.278423764669668,14.061805538407933,48.57211133973898,14.532965994308112,
12.282004943386193,12.282004943386193,12.469130858914397,12.469130858914397,12.469130858914397,12.469130858914397,12.469130858914397,12.469130858914397,12.481787285898422,12.643364713567223,12.660329798914558,12.660329798914558,27.37494758172225,13.821401588424818,28.269904492233433,35.56425630504049,13.632852646466798,15.316495725926151,40.99864496405813,15.369917859247003,38.663792996664064,32.438403166617185,15.658295635931205,23.778929748834365,
12.282004943386193,12.282004943386193,12.469130858914397,12.469130858914397,12.469130858914397,12.469130858914397,12.469130858914397,12.469130858914397,12.481787285898422,12.643364713567223,12.660329798914558,12.660329798914558,35.36319492856317,19.17517926904466,27.897132469126642,17.75712689473034,21.114034885255887,12.481787285898422,15.275697652660915,14.057360171810354,20.076384746507426,18.55547238836984,16.456170743996175,15.349572469616215,
12.282004943386193,12.282004943386193,12.469130858914397,12.469130858914397,12.469130858914397,12.469130858914397,12.469130858914397,12.469130858914397,12.481787285898422,12.481787285898422,12.643364713567223,12.660329798914558,21.49533872207785,12.67787028888245,21.988401395243976,12.643364713567223,15.373983706248683,57.259409707051645,13.477115902938007,30.139011264472497,12.286289455619121,29.52693685433692,44.30293444005713,12.469130858914397,
12.282004943386193,12.282004943386193,12.286289455619121,12.469130858914397,12.469130858914397,12.469130858914397,12.469130858914397,12.469130858914397,12.469130858914397,12.469130858914397,12.481787285898422,12.481787285898422,26.070817018267764,23.166516786085904,25.084000888847772,13.194315647199131,12.864747572486847,17.675214939018304,16.14875296183028,34.70310584883658,17.67688383800217,12.469130858914397,12.286289455619121,17.20056321752285,
12.282004943386193,12.282004943386193,12.286289455619121,12.286289455619121,12.469130858914397,12.469130858914397,12.469130858914397,12.469130858914397,12.469130858914397,12.469130858914397,12.469130858914397,12.469130858914397,20.072826590865045,19.308173283756172,13.095204274848102,15.369917859247003,32.251937926270415,18.444172521422587,18.73771706522239,12.860174300723248,30.139011264472497,22.62211307548435,14.314799852239938,38.11495769379785,
12.282004943386193,12.282004943386193,12.286289455619121,12.286289455619121,12.469130858914397,12.469130858914397,12.469130858914397,12.469130858914397,12.469130858914397,12.469130858914397,12.469130858914397,12.469130858914397,14.795249517464166,31.86200715585884,16.28032213713503,16.28032213713503,14.061805538407933,20.976765512300144,29.085377488928515,12.88349234485743,12.282004943386193,24.551171051499765,21.8658536434221,14.299803320325774,
12.282004943386193,12.282004943386193,12.282004943386193,12.286289455619121,12.286289455619121,12.469130858914397,12.469130858914397,12.469130858914397,12.469130858914397,12.469130858914397,12.469130858914397,12.469130858914397,16.28850992434715,31.712355153595187,28.269904492233433,15.365850936410908,21.318639145123687,16.28032213713503,14.997116216449367,14.868127807151643,38.42707378919191,12.469130858914397,44.70921135791721,38.77937596197236,
12.282004943386193,12.282004943386193,12.282004943386193,12.286289455619121,12.286289455619121,12.469130858914397,12.469130858914397,12.469130858914397,12.469130858914397,12.469130858914397,12.469130858914397,12.469130858914397,15.85713999713974,17.377466195074206,13.498299212591677,12.969487748432757,16.869944911656173,25.281135308152912,12.469130858914397,12.860174300723248,12.469130858914397,36.800000000000004,18.104143172213373,38.50649295898031,
12.282004943386193,12.282004943386193,12.282004943386193,12.286289455619121,12.286289455619121,12.469130858914397,12.469130858914397,12.469130858914397,12.469130858914397,12.469130858914397,12.469130858914397,12.469130858914397,44.70921135791721,32.87308929808697,18.382556061302758,69.0,12.282004943386193,15.711759131300353,15.627904688686762,17.20056321752285,15.580757362849855,20.67611496640039,12.469130858914397,18.73771706522239,
12.282004943386193,12.282004943386193,12.282004943386193,12.282004943386193,12.286289455619121,12.286289455619121,12.469130858914397,12.469130858914397,12.469130858914397,12.469130858914397,12.469130858914397,12.469130858914397,40.99864496405813,17.92034845891365,12.282004943386193,14.194091102364471,19.87356731153092,29.52693685433692,13.336392878136127,13.821401588424818,13.26102074805242,12.282004943386193,24.312590170862638,24.163792932585917,
12.282004943386193,12.282004943386193,12.282004943386193,12.282004943386193,12.282004943386193,12.282004943386193,12.286289455619121,12.286289455619121,12.469130858914397,12.469130858914397,12.469130858914397,12.469130858914397,12.88349234485743,44.70921135791721,25.281135308152912,29.52693685433692,16.746279282947754,12.103305333668155,25.737861216503596,14.494480514938223,12.282004943386193,13.270853610659548,17.316690463106433,16.87952509245858,
12.103305333668155,12.282004943386193,12.282004943386193,12.282004943386193,12.282004943386193,12.282004943386193,12.282004943386193,12.282004943386193,12.286289455619121,12.286289455619121,12.469130858914397,12.469130858914397,14.76923076923077,32.87308929808697,55.30722275516001,23.166516786085904,12.599300864391966,13.874659377422791,12.523883001264538,12.474665684923878,12.282004943386193,33.71670693485074,12.448008217673124,21.41297633575388,
12.103305333668155,12.282004943386193,12.282004943386193,12.282004943386193,12.282004943386193,12.282004943386193,12.282004943386193,12.282004943386193,12.282004943386193,12.286289455619121,12.286289455619121,12.448008217673124,12.4702114191984,16.61079068999844,38.77937596197236,12.286289455619121,15.396533844923338,34.79268044064582,12.282004943386193,21.327432452126065,12.66910307952012,34.710309067416205,21.49533872207785,48.57211133973898,
12.103305333668155,12.282004943386193,12.282004943386193,12.282004943386193,12.282004943386193,12.282004943386193,12.282004943386193,12.282004943386193,12.282004943386193,12.282004943386193,12.286289455619121,12.286289455619121,12.103305333668155,15.622086505229047,17.693187640696316,14.764293921485036,12.282004943386193,25.740154536357306,21.18925140253898,20.976765512300144,33.71670693485074,46.735853474607694,17.75712689473034,13.231089463648175,
12.103305333668155,12.103305333668155,12.282004943386193,12.282004943386193,12.282004943386193,12.282004943386193,12.282004943386193,12.282004943386193,12.282004943386193,12.282004943386193,12.282004943386193,12.282004943386193,12.71287866498447,26.01708840145048,50.9531375110721,14.116176393987118,35.400878834037755,22.701498291772683,55.70358057512003,14.199273825186614,12.461298111243625,20.69033507215202,31.29114575193973,15.087059924406402,
12.103305333668155,12.103305333668155,12.282004943386193,12.282004943386193,12.282004943386193,12.282004943386193,12.282004943386193,12.282004943386193,12.282004943386193,12.282004943386193,12.282004943386193,12.282004943386193,17.57220026696208,15.313059652413274,32.87308929808697,14.094285682108508,21.18925140253898,13.632852646466798,13.519449330652549,18.850942275954218,42.67437217834993,21.192200805956894,19.533560863293715,12.282004943386193,
12.103305333668155,12.103305333668155,12.282004943386193,12.282004943386193,12.282004943386193,12.282004943386193,12.282004943386193,12.282004943386193,12.282004943386193,12.282004943386193,12.282004943386193,12.282004943386193,16.28032213713503,12.832700444257298,12.282004943386193,33.71670693485074,14.199273825186614,12.86931921908186,22.867826744139897,18.49103478302225,13.648590537804225,12.474665684923878,12.66910307952012,12.103305333668155,
12.103305333668155,12.103305333668155,12.103305333668155,12.282004943386193,12.282004943386193,12.282004943386193,12.282004943386193,12.282004943386193,12.282004943386193,12.282004943386193,12.282004943386193,12.282004943386193,13.58079047119442,21.843438430547877,13.727267383659619,13.83888698195806,23.4207303952054,12.282004943386193,12.282004943386193,22.735838830950104,18.31829686406463,12.103305333668155,13.270853610659548,21.87195058110324,
12.103305333668155,12.103305333668155,12.103305333668155,12.103305333668155,12.282004943386193,12.282004943386193,12.282004943386193,12.282004943386193,12.282004943386193,12.282004943386193,12.282004943386193,12.282004943386193,13.637166800296178,26.004709149674866,35.05075684711466,15.226584938484693,12.282004943386193,12.282004943386193,12.103305333668155,33.72221078161988,15.168716669445832,39.152440284698905,20.06163342807532,15.050433733137247,
12.103305333668155,12.103305333668155,12.103305333668155,12.103305333668155,12.103305333668155,12.282004943386193,12.282004943386193,12.282004943386193,12.282004943386193,12.282004943386193,12.282004943386193,12.282004943386193,36.05620039295405,12.905834092890625,29.52693685433692,13.834163619279002,12.103305333668155,14.764293921485036,19.5796053776771,13.131751847122091,44.55053310567675,25.740154536357306,13.301066398862115,13.445278360974221,
12.103305333668155,12.103305333668155,12.103305333668155,12.103305333668155,12.103305333668155,12.103305333668155,12.282004943386193,12.282004943386193,12.282004943386193,12.282004943386193,12.282004943386193,12.282004943386193,51.4902903468217,11.922843411340176,12.68980464264569,16.630093204789922,12.286289455619121,16.61204382368407,12.29057247426467,13.26102074805242,14.157786076021718,12.70744759488432,19.944310221315792,19.251822071202106,
11.922843411340176,12.103305333668155,12.103305333668155,12.103305333668155,12.103305333668155,12.103305333668155,12.103305333668155,12.282004943386193,12.282004943386193,12.282004943386193,12.282004943386193,12.282004943386193,22.057097623113417,69.0,12.286289455619121,20.590685548590816,18.73771706522239,29.886823555242906,25.737861216503596,17.571157108459804,13.230604252598932,40.99727868412893,12.4702114191984,12.282004943386193,
11.922843411340176,12.103305333668155,12.103305333668155,12.103305333668155,12.103305333668155,12.103305333668155,12.103305333668155,12.282004943386193,12.282004943386193,12.282004943386193,12.282004943386193,12.282004943386193,34.710309067416205,12.282004943386193,13.958492260012882,13.240678062529712,22.430688854093088,12.70744759488432,12.282004943386193,18.73771706522239,13.335999733386654,12.599300864391966,33.83134641127958,33.720943652518486,
11.922843411340176,12.103305333668155,12.103305333668155,12.103305333668155,12.103305333668155,12.103305333668155,12.103305333668155,12.282004943386193,12.282004943386193,12.282004943386193,12.282004943386193,12.282004943386193,16.28032213713503,33.83134641127958,14.146737345225326,20.20328783901702,12.286289455619121,12.67787028888245,12.103305333668155,22.314999074019013,15.551828670609769,17.97726959864101,40.99864496405813,21.728220257433776,
11.922843411340176,12.103305333668155,12.103305333668155,12.103305333668155,12.103305333668155,12.103305333668155,12.103305333668155,12.103305333668155,12.282004943386193,12.282004943386193,12.282004943386193,12.282004943386193,12.510242717050144,29.19653866167161,18.583889440737696,12.481787285898422,18.00685740434035,42.73827324541786,17.594948770093712,17.20056321752285,13.876618955394646,13.94961347049915,44.55053310567675,17.406446363344816,
11.922843411340176,12.103305333668155,12.103305333668155,12.103305333668155,12.103305333668155,12.103305333668155,12.103305333668155,12.103305333668155,12.282004943386193,12.282004943386193,12.282004943386193,12.282004943386193,52.66139214094347,25.737861216503596,13.414567353588062,33.84605672091737,12.282004943386193,12.103305333668155,43.160355959266745,39.776720578750584,13.637166800296178,48.57211133973898,13.26102074805242,17.585061131540034,
11.922843411340176,12.103305333668155,12.103305333668155,12.103305333668155,12.103305333668155,12.103305333668155,12.103305333668155,12.103305333668155,12.103305333668155,12.282004943386193,12.282004943386193,12.282004943386193,14.6372432134227,12.103305333668155,21.49533872207785,18.556587476567728,34.09087121210017,29.52693685433692,15.580757362849855,33.83134641127958,42.73827324541786,24.551171051499765,18.73771706522239,12.103305333668155,
11.922843411340176,12.103305333668155,12.103305333668155,12.103305333668155,12.103305333668155,12.103305333668155,12.103305333668155,12.103305333668155,12.103305333668155,12.103305333668155,12.103305333668155,12.282004943386193,17.20056321752285,12.510242717050144,12.694439291569187,20.58057336421899,20.8439232344218,12.103305333668155,32.90349525506371,27.287207918296282,12.673487442318995,32.40659655070245,20.083499166617113,33.71670693485074,
11.922843411340176,12.103305333668155,12.103305333668155,12.103305333668155,12.103305333668155,12.103305333668155,12.103305333668155,12.103305333668155,12.103305333668155,12.103305333668155,12.103305333668155,12.103305333668155,29.508642801728445,12.103305333668155,12.88349234485743,16.844495368560416,34.710309067416205,16.844495368560416,21.202829999790122,49.21920978891166,28.269904492233433,13.878662902117672,32.40659655070245,20.955640980148733,
11.922843411340176,12.103305333668155,12.103305333668155,12.103305333668155,12.103305333668155,12.103305333668155,12.103305333668155,12.103305333668155,12.103305333668155,12.103305333668155,12.103305333668155,12.103305333668155,27.144360860602564,13.251768749868827,15.087059924406402,12.103305333668155,12.103305333668155,23.07460725559592,12.66910307952012,13.648590537804225,52.02432711957837,19.66437133498043,12.540681722336384,17.20056321752285,
11.922843411340176,12.103305333668155,12.103305333668155,12.103305333668155,12.103305333668155,12.103305333668155,12.103305333668155,12.103305333668155,12.103305333668155,12.103305333668155,12.103305333668155,12.103305333668155,20.976765512300144,12.329052687299416,13.834163619279002,29.99259167787198,12.103305333668155,26.965455725226224,35.70656350989199,15.118219261315732,12.461298111243625,40.99864496405813,15.989641617411392,13.284742187938763,
11.922843411340176,12.103305333668155,12.103305333668155,12.103305333668155,12.103305333668155,12.103305333668155,12.103305333668155,12.103305333668155,12.103305333668155,12.103305333668155,12.103305333668155,12.103305333668155,12.477569903331368,17.031183883975768,24.26754170176521,33.83134641127958,12.514682734716741,38.11495769379785,12.731455745433191,17.57599372882101,31.28147394616977,12.914946680140226,32.40659655070245,48.57211133973898,
11.922843411340176,12.103305333668155,12.103305333668155,12.103305333668155,12.103305333668155,12.103305333668155,12.103305333668155,12.103305333668155,12.103305333668155,12.103305333668155,12.103305333668155,12.103305333668155,13.295947586472437,27.558523585675307,12.481787285898422,30.833283283242665,12.103305333668155,30.190023186476687,12.673487442318995,24.0351305384431,32.650033558298595,22.057097623113417,13.834163619279002,17.684613711647124,
11.922843411340176,12.103305333668155,12.103305333668155,12.103305333668155,12.103305333668155,12.103305333668155,12.103305333668155,12.103305333668155,12.103305333668155,12.103305333668155,12.103305333668155,12.103305333668155,16.49860847564585,19.5056971734471,12.514682734716741,12.103305333668155,44.55053310567675,12.523883001264538,13.693604087288644,13.632852646466798,21.04023189094387,18.82976367350371,12.673487442318995,13.834163619279002,
11.922843411340176,12.103305333668155,12.103305333668155,12.103305333668155,12.103305333668155,12.103305333668155,12.103305333668155,12.103305333668155,12.103305333668155,12.103305333668155,12.103305333668155,12.103305333668155,38.11495769379785,20.81787892761851,40.99864496405813,13.561650612920936,12.717247935843996,14.028394339726304,12.481787285898422,15.083240110513556,29.874221927984486,32.40659655070245,12.488018949535215,27.558523585675307,
11.922843411340176,12.103305333668155,12.103305333668155,12.103305333668155,12.103305333668155,12.103305333668155,12.103305333668155,12.103305333668155,12.103305333668155,12.103305333668155,12.103305333668155,12.103305333668155,12.80195297601112,17.90418945386805,12.514682734716741,40.99864496405813,13.642243339132305,22.32368560017611,12.103305333668155,19.165654542686163,42.73827324541786,15.370390004449753,14.542688744464257,19.17517926904466,
11.922843411340176,12.103305333668155,12.103305333668155,12.103305333668155,12.103305333668155,12.103305333668155,12.103305333668155,12.103305333668155,12.103305333668155,12.103305333668155,12.103305333668155,12.103305333668155,13.35598076601723,13.905372163304367,42.73827324541786,26.34310504996458,55.31626242696527,12.90803176129565,14.601612944867288,13.414567353588062,12.282004943386193,42.73827324541786,12.426849673098324,13.485524646820382,
11.922843411340176,12.103305333668155,12.103305333668155,12.103305333668155,12.103305333668155,12.103305333668155,12.103305333668155,12.103305333668155,12.103305333668155,12.103305333668155,12.103305333668155,12.103305333668155,18.82976367350371,25.27341611516293,12.282004943386193,15.008878571904003,12.431084263075311,25.093199059770246,18.82976367350371,22.613226764249237,13.35598076601723,33.83134641127958,12.666605961124489,12.286289455619121,
11.922843411340176,12.103305333668155,12.103305333668155,12.103305333668155,12.103305333668155,12.103305333668155,12.103305333668155,12.103305333668155,12.103305333668155,12.103305333668155,12.103305333668155,12.103305333668155,13.8499994659603,19.121523293431004,49.89428825025967,48.57211133973898,17.98185026006807,13.487711716482481,38.11495769379785,18.82976367350371,21.474636201807936,12.103305333668155,16.851478224152928,13.26102074805242,
11.922843411340176,12.103305333668155,12.103305333668155,12.103305333668155,12.103305333668155,12.103305333668155,12.103305333668155,12.103305333668155,12.103305333668155,12.103305333668155,12.103305333668155,12.103305333668155,19.583533718392303,49.230960786886946,12.103305333668155,52.02432711957837,49.230960786886946,17.191858538273284,16.844495368560416,13.058160496622623,28.177512704676793,25.740154536357306,16.847987158122976,49.21920978891166,
11.922843411340176,12.103305333668155,12.103305333668155,12.103305333668155,12.103305333668155,12.103305333668155,12.103305333668155,12.103305333668155,12.103305333668155,12.103305333668155,12.103305333668155,12.103305333668155,17.69293644367718,35.23291110157317,50.9531375110721,12.426849673098324,42.73827324541786,37.52012793155162,21.429470880593907,51.10039138793361,32.40659655070245,35.17726538547304,29.52693685433692,25.740154536357306,
11.922843411340176,12.103305333668155,12.103305333668155,12.103305333668155,12.103305333668155,12.103305333668155,12.103305333668155,12.103305333668155,12.103305333668155,12.103305333668155,12.103305333668155,12.103305333668155,15.989641617411392,20.684648202961462,15.387007506334687,38.11495769379785,44.716666321558236,14.784847512785898,29.52693685433692,16.617427264438046,13.446034647838188,17.11643135183915,13.14973595003168,13.534136082741774,
11.922843411340176,12.103305333668155,12.103305333668155,12.103305333668155,12.103305333668155,12.103305333668155,12.103305333668155,12.103305333668155,12.103305333668155,12.103305333668155,12.103305333668155,12.103305333668155,16.660739686868055,17.20056321752285,18.43844709732755,12.660329798914558,24.200691506396158,15.580757362849855,13.864861160502112,13.680233511433041,20.905818674184225,15.722821012519223,24.927093693409187,20.59442102888044,
11.922843411340176,12.103305333668155,12.103305333668155,12.103305333668155,12.103305333668155,12.103305333668155,12.103305333668155,12.103305333668155,12.103305333668155,12.103305333668155,12.103305333668155,12.103305333668155,18.382556061302758,12.282004943386193,18.897143721111043,17.24048650705658,13.834163619279002,36.01836079070766,13.010330436270317,17.571157108459804,12.103305333668155,12.103305333668155,13.028214574530157,12.282004943386193,
11.922843411340176,12.103305333668155,12.103305333668155,12.103305333668155,12.103305333668155,12.103305333668155,12.103305333668155,12.103305333668155,12.103305333668155,12.103305333668155,12.103305333668155,12.103305333668155,14.099842394706247,22.03828374472983,22.62211307548435,12.103305333668155,33.72962347847957,16.844495368560416,13.218486867328211,16.365282924749593,52.72465162415859,44.70921135791721,16.617427264438046,12.329052687299416,
11.922843411340176,12.103305333668155,12.103305333668155,12.103305333668155,12.103305333668155,12.103305333668155,12.103305333668155,12.103305333668155,12.103305333668155,12.103305333668155,12.103305333668155,12.103305333668155,12.103305333668155,14.412993269963044,46.82618239857582,34.710309067416205,42.73827324541786,12.103305333668155,12.474665684923878,13.874659377422791,18.08080627504082,21.628741737230175,12.70744759488432,18.82976367350371,
11.922843411340176,12.103305333668155,12.103305333668155,12.103305333668155,12.103305333668155,12.103305333668155,12.103305333668155,12.103305333668155,12.103305333668155,12.103305333668155,12.103305333668155,12.103305333668155,12.90803176129565,13.380251935913318,14.270209840394392,24.200691506396158,30.328245401536215,16.844495368560416,16.844495368560416,33.834302120776776,15.087059924406402,28.269904492233433,22.867826744139897,12.103305333668155,
11.922843411340176,12.103305333668155,12.103305333668155,12.103305333668155,12.103305333668155,12.103305333668155,12.103305333668155,12.103305333668155,12.103305333668155,12.103305333668155,12.103305333668155,12.103305333668155,12.103305333668155,12.103305333668155,15.555846971476674,16.844495368560416,12.103305333668155,27.144360860602564,20.71131762312457,13.67422301266145,29.15405947159794,13.513303630126869,16.365282924749593,23.970712157178685,
11.922843411340176,12.103305333668155,12.103305333668155,12.103305333668155,12.103305333668155,12.103305333668155,12.103305333668155,12.103305333668155,12.103305333668155,12.103305333668155,12.103305333668155,12.103305333668155,12.103305333668155,19.17517926904466,12.70744759488432,17.10650908459188,29.29964395351024,20.69033507215202,12.481787285898422,31.139580430502836,18.14337957003111,13.34062660968743,36.795889716108235,24.153421188354265,
11.922843411340176,12.103305333668155,12.103305333668155,12.103305333668155,12.103305333668155,12.103305333668155,12.103305333668155,12.103305333668155,12.103305333668155,12.103305333668155,12.103305333668155,12.103305333668155,18.16365512078829,18.840347069147917,12.536859236115435,39.11352411372621,35.22975734331895,29.75496638699762,25.439880109780393,12.099173525493384,44.72163560691877,42.73827324541786,40.99864496405813,38.42707378919191,
11.922843411340176,12.099173525493384,12.103305333668155,12.103305333668155,12.103305333668155,12.103305333668155,12.103305333668155,12.103305333668155,12.103305333668155,12.103305333668155,12.103305333668155,12.103305333668155,12.329052687299416,12.481787285898422,17.684297413242064,71.0,56.30133213344069,15.373983706248683,15.565475375607358,15.964315675906688,38.11495769379785,12.103305333668155,16.00954576356105,20.083499166617113,
11.922843411340176,12.099173525493384,12.103305333668155,12.103305333668155,12.103305333668155,12.103305333668155,12.103305333668155,12.103305333668155,12.103305333668155,12.103305333668155,12.103305333668155,12.103305333668155,13.765529264011878,14.179324893586077,16.844495368560416,29.09005680569699,25.435408390666737,20.684648202961462,17.24048650705658,36.023408367521576,24.153421188354265,22.138553601253076,22.03828374472983,18.24295906796799,
11.922843411340176,12.099173525493384,12.103305333668155,12.103305333668155,12.103305333668155,12.103305333668155,12.103305333668155,12.103305333668155,12.103305333668155,12.103305333668155,12.103305333668155,12.103305333668155,52.02432711957837,32.90349525506371,15.214211192901926,15.806940722353582,30.190023186476687,52.02432711957837,32.40659655070245,13.240678062529712,37.14781285620999,17.20782888687588,40.99864496405813,33.71670693485074,
11.922843411340176,12.099173525493384,12.103305333668155,12.103305333668155,12.103305333668155,12.103305333668155,12.103305333668155,12.103305333668155,12.103305333668155,12.103305333668155,12.103305333668155,12.103305333668155,13.642243339132305,15.83138190624004,21.327432452126065,13.669651604923953,12.481787285898422,13.834163619279002,13.12992999708662,12.481787285898422,17.3638743439189,13.834163619279002,26.337681549213006,29.15405947159794,
11.922843411340176,12.099173525493384,12.103305333668155,12.103305333668155,12.103305333668155,12.103305333668155,12.103305333668155,12.103305333668155,12.103305333668155,12.103305333668155,12.103305333668155,12.103305333668155,25.54467874616743,12.510242717050144,26.461056290329758,15.964315675906688,35.22975734331895,14.508079645494092,52.66139214094347,15.087059924406402,13.34107847964324,20.976765512300144,12.103305333668155,17.20056321752285,
11.922843411340176,12.099173525493384,12.103305333668155,12.103305333668155,12.103305333668155,12.103305333668155,12.103305333668155,12.103305333668155,12.103305333668155,12.103305333668155,12.103305333668155,12.103305333668155,12.721615706066565,15.622086505229047,16.430834377447187,12.595122830428188,32.40659655070245,13.834163619279002,16.844495368560416,20.050553392812496,20.96868976386515,12.329052687299416,12.80585803450905,12.103305333668155,
11.922843411340176,12.099173525493384,12.103305333668155,12.103305333668155,12.103305333668155,12.103305333668155,12.103305333668155,12.103305333668155,12.103305333668155,12.103305333668155,12.103305333668155,12.103305333668155,16.181745545178025,36.99849846803095,49.580690777349844,12.907725399930074,15.857875715940715,40.454363862945065,15.46632149516219,15.555846971476674,40.99864496405813,26.47756077303564,16.68748699541732,50.34630075785112,
11.922843411340176,12.099173525493384,12.103305333668155,12.103305333668155,12.103305333668155,12.103305333668155,12.103305333668155,12.103305333668155,12.103305333668155,12.103305333668155,12.103305333668155,12.103305333668155,38.770295362160134,49.62964880810992,15.580757362849855,13.010330436270317,33.52575623846458,25.737861216503596,11.922843411340176,12.295934287397603,12.103305333668155,15.984496621145283,20.208786745581616,13.665078667903819,
11.922843411340176,11.922843411340176,12.099173525493384,12.103305333668155,12.103305333668155,12.103305333668155,12.103305333668155,12.103305333668155,12.103305333668155,12.103305333668155,12.103305333668155,12.103305333668155,52.02432711957837,16.844495368560416,52.02432711957837,13.876618955394646,44.11632350955823,15.961731093591705,12.103305333668155,36.023408367521576,46.97805338666131,19.283873277820547,35.22975734331895,39.25164146917542,
11.922843411340176,11.922843411340176,12.099173525493384,12.103305333668155,12.103305333668155,12.103305333668155,12.103305333668155,12.103305333668155,12.103305333668155,12.103305333668155,12.103305333668155,12.103305333668155,14.073440531549553,36.02088466752871,18.73771706522239,14.451967859084105,48.57211133973898,17.617667899646147,32.650033558298595,32.40659655070245,12.509596316428441,21.73128824733796,63.81418337642503,13.226889932404768,
11.922843411340176,11.922843411340176,12.099173525493384,12.103305333668155,12.103305333668155,12.103305333668155,12.103305333668155,12.103305333668155,12.103305333668155,12.103305333668155,12.103305333668155,12.103305333668155,21.802706820286286,22.701498291772683,27.590255928900376,12.638369952716545,40.057958010862215,44.71418147178094,20.208786745581616,12.103305333668155,13.900876770909093,13.534136082741774,12.103305333668155,47.92239096242544,
