73.44358379055313,161.21984989448413,68.61342776115913,80.96635733690978,118.06466578160651,121.04085627955914,111.15304764152893,63.35033785326207,102.811672489071,149.0350294393905,52.40654807361133,105.26461893722886,158.21327377941458,109.1102195030328,74.85652944132529,80.53104991244061,63.469362687835456,82.68430248572591,187.76285279279526,76.99675317829967,44.5,106.10295346828889,116.71384857410705,49.76906669810074,
44.5,49.76906669810074,52.40654807361133,63.35033785326207,63.469362687835456,68.61342776115913,73.44358379055313,74.85652944132529,76.99675317829967,80.53104991244061,80.96635733690978,82.68430248572591,87.31599306328768,154.62930583243985,54.5134754740923,45.962545137922426,50.11749508514435,79.04587275753238,128.3471058958352,144.77237305508257,93.32223743567232,73.28683374249428,96.46197997266547,106.10673871154461,
44.5,45.962545137922426,49.76906669810074,50.11749508514435,52.40654807361133,54.5134754740923,63.35033785326207,63.469362687835456,68.61342776115913,73.28683374249428,73.44358379055313,74.85652944132529,147.6787053031005,73.63506263309344,122.70379872775833,34.797129719078704,98.5570900544451,89.27126091128858,92.47572654486149,117.02242055939642,67.29413050184986,69.43327438510107,110.09654853808996,78.37569776403907,
34.797129719078704,44.5,45.962545137922426,49.76906669810074,50.11749508514435,52.40654807361133,54.5134754740923,63.35033785326207,63.469362687835456,67.29413050184986,68.61342776115913,69.43327438510107,129.52928909977803,180.13883534651822,166.0127170496954,32.69896362611852,108.06271799472823,68.61342776115913,81.91916747623843,40.37081209408355,139.18685136117108,85.83776819663703,68.27854714330117,92.6554909328098,
32.69896362611852,34.797129719078704,40.37081209408355,44.5,45.962545137922426,49.76906669810074,50.11749508514435,52.40654807361133,54.5134754740923,63.35033785326207,63.469362687835456,67.29413050184986,133.59827843202171,57.941913207301404,195.0,59.92423199547003,107.12142642814275,125.41068535017263,63.78283468144074,46.32902651928758,69.56471806886016,71.66589146867567,102.33387622005836,44.5,
32.69896362611852,34.797129719078704,40.37081209408355,44.5,44.5,45.962545137922426,46.32902651928758,49.76906669810074,50.11749508514435,52.40654807361133,54.5134754740923,57.941913207301404,88.77488153659647,173.86057632482414,48.5958845994185,129.52928909977803,34.797129719078704,37.17148111475332,122.17847701994644,83.60353473632657,52.40888625056529,91.89532088196874,73.80496970881438,98.84443445243754,
32.69896362611852,34.797129719078704,34.797129719078704,37.17148111475332,40.37081209408355,44.5,44.5,45.962545137922426,46.32902651928758,48.5958845994185,49.76906669810074,50.11749508514435,46.17181753725835,124.13388829091846,101.15115202287889,167.2035884782381,99.83736775376242,73.87844537724129,79.40245588141465,90.52770463301525,117.56023206537705,51.69864601708637,56.13595013856257,66.2872536767062,
32.69896362611852,34.797129719078704,34.797129719078704,37.17148111475332,40.37081209408355,44.5,44.5,45.962545137922426,46.17181753725835,46.32902651928758,48.5958845994185,49.76906669810074,117.56023206537705,75.55289537800653,72.1564965890113,118.42109421701674,187.63498844535604,32.4830406365242,49.01475574754745,173.92095905899322,32.69896362611852,58.0430874437258,105.39372246340803,109.09743351701725,
32.4830406365242,32.69896362611852,32.69896362611852,34.797129719078704,34.797129719078704,37.17148111475332,40.37081209408355,44.5,44.5,45.962545137922426,46.17181753725835,46.32902651928758,56.96890047474829,53.41685127373196,117.56023206537705,43.77027227118741,71.16003091623837,44.5,66.18730996195569,37.17148111475332,26.5497436689865,53.827112356983804,37.17148111475332,104.58595614241055,
26.5497436689865,32.4830406365242,32.69896362611852,32.69896362611852,34.797129719078704,34.797129719078704,37.17148111475332,37.17148111475332,37.17148111475332,40.37081209408355,43.77027227118741,44.5,45.41059842128919,141.61661380686394,47.1053455591498,67.66602809404947,42.250867475936346,53.9310671134922,68.20086527817193,187.76285279279526,74.27354845434543,158.2941565567093,45.83062601570848,57.1102464266578,
26.5497436689865,32.4830406365242,32.69896362611852,32.69896362611852,34.797129719078704,34.797129719078704,37.17148111475332,37.17148111475332,37.17148111475332,40.37081209408355,42.250867475936346,43.77027227118741,63.84675530726136,55.481979056266546,36.452933030561645,32.4830406365242,127.32234521809883,41.176449579826574,87.9331564314622,72.5953348682138,48.81147406092138,53.97118572802425,111.02589787972894,136.0,
26.5497436689865,32.4830406365242,32.4830406365242,32.69896362611852,32.69896362611852,34.797129719078704,34.797129719078704,36.452933030561645,37.17148111475332,37.17148111475332,37.17148111475332,40.37081209408355,65.24483802484981,49.904600347086934,36.30273941300972,57.665113423303424,96.33288478685785,128.46948339300388,141.6186313120342,52.94865437383655,37.866036691128336,92.75378863487168,37.17376613808303,36.040443674390495,
26.5497436689865,32.4830406365242,32.4830406365242,32.69896362611852,32.69896362611852,34.797129719078704,34.797129719078704,36.040443674390495,36.30273941300972,36.452933030561645,37.17148111475332,37.17148111475332,90.50171269097619,36.804347569275016,50.09879129169574,77.37929668558351,61.76498668539413,79.69002446981679,166.0127170496954,97.55895653398512,106.45302679388806,34.843300009550696,34.35216159017013,96.98195708481038,
26.5497436689865,32.4830406365242,32.4830406365242,32.69896362611852,32.69896362611852,34.35216159017013,34.797129719078704,34.797129719078704,34.843300009550696,36.040443674390495,36.30273941300972,36.452933030561645,37.50292169688209,102.47059198727322,48.155099213343064,57.902936022277835,56.13595013856257,39.67996975805299,88.980621600482,100.65783625729296,52.652160449501025,34.039482818229544,117.56023206537705,32.4830406365242,
26.5497436689865,32.4830406365242,32.4830406365242,32.4830406365242,32.69896362611852,32.69896362611852,34.039482818229544,34.35216159017013,34.797129719078704,34.797129719078704,34.843300009550696,36.040443674390495,86.72358152104152,33.87732972634879,34.797129719078704,37.53653867283437,50.0415827087833,117.56023206537705,187.76285279279526,29.569954721342103,48.37871432768755,54.096849592212564,79.54329514465148,68.9413778528317,
26.5497436689865,29.569954721342103,32.4830406365242,32.4830406365242,32.4830406365242,32.69896362611852,32.69896362611852,33.87732972634879,34.039482818229544,34.35216159017013,34.797129719078704,34.797129719078704,71.77040988831811,39.46846842734083,75.92865071894798,35.325639788208804,45.805676504119006,46.20125058432462,100.65783625729296,90.71529808209003,111.4943944779288,74.57963830013922,38.19031290785662,60.14848294013739,
26.5497436689865,29.569954721342103,32.4830406365242,32.4830406365242,32.4830406365242,32.69896362611852,32.69896362611852,33.87732972634879,34.039482818229544,34.35216159017013,34.797129719078704,34.797129719078704,136.12575884902247,68.9413778528317,35.40847356212916,68.9413778528317,33.59140101606693,111.65012315264144,35.18364519047009,106.13312395289229,82.29096225671324,32.69896362611852,53.97118572802425,161.25954235331315,
26.5497436689865,29.569954721342103,32.4830406365242,32.4830406365242,32.4830406365242,32.69896362611852,32.69896362611852,32.69896362611852,33.59140101606693,33.87732972634879,34.039482818229544,34.35216159017013,33.4721111109267,32.3788164561653,36.804347569275016,32.61749264499466,92.99581830503038,80.30255288594503,94.42352709540035,34.039482818229544,56.27331863798815,56.24323759482494,41.78815621680382,34.039482818229544,
26.5497436689865,29.569954721342103,32.3788164561653,32.4830406365242,32.4830406365242,32.4830406365242,32.61749264499466,32.69896362611852,32.69896362611852,32.69896362611852,33.4721111109267,33.59140101606693,63.84675530726136,32.45935100176251,74.90500650824349,147.1252527610403,117.45081471642084,32.80821083547306,92.26531790921706,32.34574026947361,31.777547104834884,173.82893890258893,72.49517929082019,74.11990286016301,
26.5497436689865,29.569954721342103,31.777547104834884,32.34574026947361,32.3788164561653,32.45935100176251,32.4830406365242,32.4830406365242,32.4830406365242,32.61749264499466,32.69896362611852,32.69896362611852,70.76739850636044,80.18129457672781,35.055863707044985,39.83577398380618,32.29120967418567,98.75094936252512,58.74990230126484,62.27158260394544,122.83627314437702,55.25920961173423,70.02398178261043,95.57661266695366,
26.5497436689865,29.569954721342103,31.777547104834884,32.29120967418567,32.34574026947361,32.3788164561653,32.45935100176251,32.4830406365242,32.4830406365242,32.4830406365242,32.61749264499466,32.69896362611852,17.636326148038883,122.83627314437702,46.240915023626236,37.17148111475332,129.53259774107448,57.792016401604414,32.4830406365242,141.6186313120342,54.28138848447476,52.59039836319934,129.5348034549883,93.32223743567232,
17.636326148038883,26.5497436689865,29.569954721342103,31.777547104834884,32.29120967418567,32.34574026947361,32.3788164561653,32.45935100176251,32.4830406365242,32.4830406365242,32.4830406365242,32.4830406365242,66.03771340557405,80.75788961268043,189.0,32.1037207950868,80.43786421828963,75.06902173794033,33.54433219222321,50.37084694763651,29.968691145587123,150.57962087288647,128.3560100116954,52.41522080370192,
17.636326148038883,26.5497436689865,29.569954721342103,29.968691145587123,31.777547104834884,32.1037207950868,32.29120967418567,32.34574026947361,32.3788164561653,32.45935100176251,32.4830406365242,32.4830406365242,32.29120967418567,68.9413778528317,87.49537130614397,147.47372647356545,83.1151156467919,56.19608527290847,66.42761548613313,110.49836600099067,61.52683171111742,98.99414124078253,66.79173453706032,51.12294548982439,
17.636326148038883,26.5497436689865,29.569954721342103,29.968691145587123,31.777547104834884,32.1037207950868,32.29120967418567,32.29120967418567,32.34574026947361,32.3788164561653,32.45935100176251,32.4830406365242,35.27073420497544,31.777547104834884,11.0,66.42761548613313,121.7969621952863,65.60487786742691,77.18702439331288,137.29489753406313,106.53116393285529,31.811947441173732,83.29539272360503,43.39879746377514,
11.0,17.636326148038883,26.5497436689865,29.569954721342103,29.968691145587123,31.777547104834884,31.777547104834884,31.811947441173732,32.1037207950868,32.29120967418567,32.29120967418567,32.34574026947361,32.61749264499466,75.80897044545586,75.21393356598986,71.04927867332644,157.42140896333,53.58378693431645,36.4828726939094,59.659217412083294,42.02082816889739,126.19528517341683,44.426906261858925,33.11428023610895,
11.0,17.636326148038883,26.5497436689865,29.569954721342103,29.968691145587123,31.777547104834884,31.777547104834884,31.811947441173732,32.1037207950868,32.29120967418567,32.29120967418567,32.34574026947361,113.49400375741835,95.660278532361,121.7969621952863,80.6032808816669,146.35914730552375,166.0127170496954,31.94127264150857,102.24260863460088,49.95133434122792,52.94336596779619,153.809752616666,106.53116393285529,
11.0,17.636326148038883,26.5497436689865,29.569954721342103,29.968691145587123,31.777547104834884,31.777547104834884,31.811947441173732,31.94127264150857,32.1037207950868,32.29120967418567,32.29120967418567,79.12648102879339,127.6327640105768,80.18129457672781,80.80033339999918,147.1252527610403,62.69877034256043,51.61879502661797,63.24184225846759,31.06839065608619,48.0439887194122,69.48740893140281,51.12294548982439,
11.0,17.636326148038883,26.5497436689865,29.569954721342103,29.968691145587123,31.06839065608619,31.777547104834884,31.777547104834884,31.811947441173732,31.94127264150857,32.1037207950868,32.29120967418567,50.055524725604016,72.1422206478287,87.46793698264524,134.58640347375362,121.7969621952863,67.37285833936635,54.96024107637769,64.92950022909463,79.71631801597896,166.0127170496954,69.87846592477543,157.42140896333,
11.0,17.636326148038883,26.5497436689865,29.569954721342103,29.968691145587123,31.06839065608619,31.777547104834884,31.777547104834884,31.811947441173732,31.94127264150857,32.1037207950868,32.29120967418567,161.25954235331315,96.0,75.85675259052584,124.6590906788947,163.2220573329475,45.717633805965136,104.18586217693368,32.314809508648615,44.45658280954622,148.35730143437124,31.647752636065334,110.75710271792566,
11.0,17.636326148038883,26.5497436689865,29.569954721342103,29.968691145587123,31.06839065608619,31.647752636065334,31.777547104834884,31.777547104834884,31.811947441173732,31.94127264150857,32.1037207950868,111.02702373746672,30.049618830140503,134.00093283257397,106.53116393285529,85.82166407551976,49.18558957888197,82.78586835927977,29.88124644135329,35.5099985919459,175.5890087676333,129.53700913134392,132.12683300526052,
11.0,17.636326148038883,26.5497436689865,29.569954721342103,29.88124644135329,29.968691145587123,30.049618830140503,31.06839065608619,31.647752636065334,31.777547104834884,31.777547104834884,31.811947441173732,29.88124644135329,61.57467011685893,141.6186313120342,33.753544630866976,131.75640401893185,90.9169340051065,72.22188034107116,68.62914832634891,71.10203935190607,50.903571129332455,52.10732725556943,49.80852225160759,
11.0,17.636326148038883,26.5497436689865,29.569954721342103,29.88124644135329,29.88124644135329,29.968691145587123,30.049618830140503,31.06839065608619,31.647752636065334,31.777547104834884,31.777547104834884,80.41760836742903,39.57605921273513,83.09175651049868,34.797129719078704,56.899738548727804,85.98546388779909,50.776613345219445,78.9971870103965,167.2035884782381,65.24483802484981,58.3399607508281,83.38110195521108,
11.0,17.636326148038883,26.5497436689865,29.569954721342103,29.88124644135329,29.88124644135329,29.968691145587123,30.049618830140503,31.06839065608619,31.647752636065334,31.777547104834884,31.777547104834884,80.50987517068945,146.35914730552375,59.87672521290908,60.327771382672516,26.656247964699674,114.6839490219329,59.06399542492495,30.703279271515793,29.88124644135329,141.15594213493105,43.54563379056759,161.25954235331315,
11.0,17.636326148038883,26.5497436689865,26.656247964699674,29.569954721342103,29.88124644135329,29.88124644135329,29.88124644135329,29.968691145587123,30.049618830140503,30.703279271515793,31.06839065608619,146.35914730552375,37.91836585529237,37.0421712238847,34.21861452845386,32.119674179352366,76.33842777759807,37.0421712238847,38.19031290785662,34.5640487991172,60.8940279882034,28.822734082664677,57.92236183029832,
11.0,17.636326148038883,26.5497436689865,26.656247964699674,28.822734082664677,29.569954721342103,29.88124644135329,29.88124644135329,29.88124644135329,29.968691145587123,30.049618830140503,30.703279271515793,137.65551205818093,98.39461367371692,26.5497436689865,54.41176343402225,85.98546388779909,50.82755158376212,57.37035841522483,76.15444832706754,52.78783529901141,59.659217412083294,65.9078144077013,80.50630600221605,
11.0,17.636326148038883,26.5497436689865,26.5497436689865,26.656247964699674,28.822734082664677,29.569954721342103,29.88124644135329,29.88124644135329,29.88124644135329,29.968691145587123,30.049618830140503,26.656247964699674,29.88124644135329,59.659217412083294,49.91214503727747,146.30461373449575,81.57137297415613,70.10485973186661,29.88124644135329,189.83911316925418,78.74572298791148,30.169889330626027,33.63569532505609,
11.0,17.636326148038883,26.5497436689865,26.5497436689865,26.656247964699674,26.656247964699674,28.822734082664677,29.569954721342103,29.88124644135329,29.88124644135329,29.88124644135329,29.88124644135329,43.86160051799296,35.23159528211076,76.19343803766832,52.78783529901141,102.67066429181439,40.47023597657913,36.39241903563579,53.649065436615224,76.19343803766832,122.90194827133087,99.13546287782188,39.67996975805299,
11.0,17.636326148038883,26.5497436689865,26.5497436689865,26.656247964699674,26.656247964699674,28.822734082664677,29.569954721342103,29.88124644135329,29.88124644135329,29.88124644135329,29.88124644135329,119.91142564409782,48.1955383552811,75.79340340689288,187.76285279279526,87.9331564314622,195.0,51.12294548982439,49.18558957888197,26.656247964699674,29.88124644135329,196.1042806490692,95.93168865859127,
11.0,17.636326148038883,26.5497436689865,26.5497436689865,26.656247964699674,26.656247964699674,26.656247964699674,28.822734082664677,29.569954721342103,29.88124644135329,29.88124644135329,29.88124644135329,81.4901221007798,39.01602234979881,128.40608415873288,79.1043614473943,110.49836600099067,175.5890087676333,106.62968108781386,81.38522934510632,86.36110235516914,38.42195874210797,170.0,52.83701354164522,
11.0,17.636326148038883,26.5497436689865,26.5497436689865,26.656247964699674,26.656247964699674,26.656247964699674,28.822734082664677,29.569954721342103,29.88124644135329,29.88124644135329,29.88124644135329,11.0,105.289300190921,60.14848294013739,36.59234892706397,34.08786033505509,171.6592231395939,59.75691498804878,55.0739121769022,157.42140896333,11.0,101.99618729257591,39.41015097662022,
11.0,11.0,11.0,17.636326148038883,26.5497436689865,26.5497436689865,26.656247964699674,26.656247964699674,26.656247964699674,28.822734082664677,29.569954721342103,29.88124644135329,57.05993984130966,144.01562415238146,94.91575211733824,31.811947441173732,139.5584306144045,170.0,65.24483802484981,51.12294548982439,137.34860756483843,31.912507943834594,137.31310530640872,50.82755158376212,
11.0,11.0,11.0,17.636326148038883,26.5497436689865,26.5497436689865,26.656247964699674,26.656247964699674,26.656247964699674,28.822734082664677,29.569954721342103,29.88124644135329,50.521363434346334,59.659217412083294,32.04671177417724,50.12484413940855,82.66935479500384,11.0,74.58155377347207,37.568071550187405,29.48330554945373,70.34360114624657,195.0,76.19343803766832,
11.0,11.0,11.0,11.0,17.636326148038883,26.5497436689865,26.5497436689865,26.656247964699674,26.656247964699674,26.656247964699674,28.822734082664677,29.48330554945373,51.12294548982439,96.26006440887103,76.249590162833,17.636326148038883,41.19455953808937,100.65108047110074,26.656247964699674,61.64864601559027,21.343747458109494,17.636326148038883,52.99266196580638,187.76285279279526,
11.0,11.0,11.0,11.0,17.636326148038883,17.636326148038883,17.636326148038883,21.343747458109494,26.5497436689865,26.5497436689865,26.656247964699674,26.656247964699674,34.683996191856764,85.58166989620045,17.636326148038883,146.35914730552375,59.324868310009755,100.68211801948193,35.59494346111537,107.92117304698246,27.89996708358822,51.12294548982439,21.343747458109494,17.636326148038883,
11.0,11.0,11.0,11.0,17.636326148038883,17.636326148038883,17.636326148038883,17.636326148038883,17.636326148038883,21.343747458109494,21.343747458109494,26.5497436689865,74.69564913701467,70.34360114624657,164.32555762537027,81.45158070903227,99.13546287782188,65.04015853472546,76.19343803766832,11.0,164.32555762537027,166.0127170496954,59.35907681222814,51.12294548982439,
11.0,11.0,11.0,11.0,11.0,17.636326148038883,17.636326148038883,17.636326148038883,17.636326148038883,17.636326148038883,21.343747458109494,21.343747458109494,11.0,70.34360114624657,62.23343153000644,70.34360114624657,41.84470805056161,97.74840152145711,11.0,156.43369202316998,89.16401865226928,17.636326148038883,36.39020353859328,43.22293629801453,
11.0,11.0,11.0,11.0,11.0,11.0,11.0,17.636326148038883,17.636326148038883,17.636326148038883,17.636326148038883,17.636326148038883,196.1042806490692,148.35730143437124,137.34860756483843,11.0,35.210083782916506,196.1042806490692,137.7034494847533,106.53116393285529,76.19343803766832,17.636326148038883,11.0,11.0,
11.0,11.0,11.0,11.0,11.0,11.0,11.0,11.0,11.0,11.0,17.636326148038883,17.636326148038883,42.48168873233526,11.0,137.64534136686208,66.34418603320236,75.37416869274546,85.38149682454625,11.0,79.1043614473943,11.0,17.636326148038883,82.51481004977846,11.0,
11.0,11.0,11.0,11.0,11.0,11.0,11.0,11.0,11.0,11.0,11.0,11.0,122.90194827133087,59.75691498804878,11.0,166.0127170496954,85.95282944085605,17.636326148038883,82.51481004977846,9.99999999E8,11.0,122.90194827133087,79.1043614473943,11.0,
11.0,11.0,11.0,11.0,11.0,11.0,11.0,11.0,11.0,11.0,11.0,11.0,11.0,107.1084600870642,11.0,86.25914444277777,150.60950243003336,106.1177628478698,196.1042806490692,59.659217412083294,132.39274904616187,189.83911316925418,196.1042806490692,116.64857002504957,
11.0,11.0,11.0,11.0,11.0,11.0,11.0,11.0,11.0,11.0,11.0,11.0,37.582019148328186,52.99266196580638,180.14993755202914,11.0,98.84654773941273,76.19343803766832,11.0,96.26006440887103,37.15582801601325,156.44647647038906,50.85163604928448,92.44219815646964,
11.0,11.0,11.0,11.0,11.0,11.0,11.0,11.0,11.0,11.0,11.0,11.0,170.93127273848984,67.9108893248269,61.41500198759097,11.0,79.1043614473943,11.0,167.2035884782381,11.0,129.54583146122297,82.21246188315304,11.0,11.0,
11.0,11.0,11.0,11.0,11.0,11.0,11.0,11.0,11.0,11.0,11.0,11.0,144.92011592598178,51.12294548982439,11.0,70.34360114624657,11.0,57.86296267025732,74.93036767559599,162.7561229433644,82.21246188315304,72.22188034107116,101.75185501994545,196.1042806490692,
11.0,11.0,11.0,11.0,11.0,11.0,11.0,11.0,11.0,11.0,11.0,11.0,66.71768880889086,11.0,59.94580886100378,76.19343803766832,97.082439194738,66.71768880889086,195.0,189.0,11.0,51.12294548982439,146.32785107422305,96.35825641971172,
11.0,11.0,11.0,11.0,11.0,11.0,11.0,11.0,11.0,11.0,11.0,11.0,95.660278532361,59.75691498804878,11.0,11.0,71.10203935190607,160.69225245792032,85.98546388779909,66.59996663329161,11.0,80.67062662456516,51.12294548982439,11.0,
11.0,11.0,11.0,11.0,11.0,11.0,11.0,11.0,11.0,11.0,11.0,11.0,110.49836600099067,136.0,79.1043614473943,53.97118572802425,87.9331564314622,80.02187201009484,11.0,11.0,11.0,111.23848254988019,63.54132513569417,71.45317036742006,
11.0,11.0,11.0,11.0,11.0,11.0,11.0,11.0,11.0,11.0,11.0,11.0,11.0,59.75691498804878,77.83212704275786,166.0,66.33438022624468,175.5890087676333,119.92310461461612,11.0,51.12294548982439,87.45411495305537,11.0,59.75691498804878,
11.0,11.0,11.0,11.0,11.0,11.0,11.0,11.0,11.0,11.0,11.0,11.0,72.79079612148777,138.62359106587883,11.0,60.576856600153455,27.595289453093258,11.0,59.75691498804878,11.0,11.0,105.7709790065309,67.85543456496318,51.12294548982439,
11.0,11.0,11.0,11.0,11.0,11.0,11.0,11.0,11.0,11.0,11.0,11.0,55.43915583772899,66.71768880889086,56.289924103302496,59.94580886100378,11.0,144.09545447376195,11.0,142.370994236888,11.0,122.84237868097475,124.1540262022228,59.75691498804878,
11.0,11.0,11.0,11.0,11.0,11.0,11.0,11.0,11.0,11.0,11.0,11.0,14.230249470757707,11.0,52.99266196580638,61.798381855838265,146.35914730552375,184.18529317570994,70.34360114624657,11.0,59.828922771515785,59.75691498804878,11.0,96.26006440887103,
11.0,11.0,11.0,11.0,11.0,11.0,11.0,11.0,11.0,11.0,11.0,11.0,121.7969621952863,11.0,58.0409338312195,53.65165421494476,72.79079612148777,149.7379043529059,59.814379542046574,117.18464063178246,153.86520074402787,11.0,63.84675530726136,105.61197322694473,
11.0,11.0,11.0,11.0,11.0,11.0,11.0,11.0,11.0,11.0,11.0,11.0,126.17836419860868,78.28633341778117,90.0,11.0,52.99266196580638,106.99084072947552,11.0,187.76285279279526,56.28100052778169,79.1043614473943,64.13697077667578,11.0,
11.0,11.0,11.0,11.0,11.0,11.0,11.0,11.0,11.0,11.0,11.0,11.0,17.636326148038883,11.0,67.3609679265374,59.97132648191133,76.19343803766832,176.11218015798906,118.97159324813634,85.86164581594173,135.95669245102363,89.51558523519802,81.68367169895231,187.76285279279526,
11.0,11.0,11.0,11.0,11.0,11.0,11.0,11.0,11.0,11.0,11.0,11.0,107.1084600870642,32.00781154655844,11.0,11.0,29.366786737150967,70.34360114624657,11.0,106.10833893637547,69.37939175288292,110.49836600099067,11.0,205.0,
11.0,11.0,11.0,11.0,11.0,11.0,11.0,11.0,11.0,11.0,11.0,11.0,11.0,77.12224063135095,90.89860040482228,11.0,11.0,11.0,11.0,75.02332970483248,11.0,74.69564913701467,43.22293629801453,146.2908062729849,
11.0,11.0,11.0,11.0,11.0,11.0,11.0,11.0,11.0,11.0,11.0,11.0,61.315177732826996,11.0,11.0,94.37075818281848,11.0,11.0,72.09404289126921,103.81637635748996,85.98546388779909,90.00507530271231,79.71546622554217,52.99266196580638,
11.0,11.0,11.0,11.0,11.0,11.0,11.0,11.0,11.0,11.0,11.0,11.0,146.2754251403837,67.77577410517387,28.546258754675524,59.75691498804878,51.12294548982439,11.0,70.34360114624657,32.00781154655844,82.90705788359385,111.98437390993442,52.99266196580638,96.0,
11.0,11.0,11.0,11.0,11.0,11.0,11.0,11.0,11.0,11.0,11.0,11.0,121.7969621952863,78.741602726894,151.13384796265856,63.73926480240434,187.76285279279526,11.0,68.1248853210044,195.0,11.0,53.16718913013928,129.63752885985173,160.53660018824368,
11.0,11.0,11.0,11.0,11.0,11.0,11.0,11.0,11.0,11.0,11.0,11.0,52.29935202487907,70.91191719309245,11.0,175.5890087676333,180.14993755202914,133.83661681318756,82.24894460653516,79.03783645721039,106.10833893637547,64.1516952231194,11.0,80.18129457672781,
11.0,11.0,11.0,11.0,11.0,11.0,11.0,11.0,11.0,11.0,11.0,11.0,59.659217412083294,67.77577410517387,59.659217412083294,67.77577410517387,115.80371323925671,76.19343803766832,166.0127170496954,93.0,11.0,51.12294548982439,11.0,111.46698564547661,
11.0,11.0,11.0,11.0,11.0,11.0,11.0,11.0,11.0,11.0,11.0,11.0,61.798381855838265,195.0,11.0,122.90194827133087,99.96919525533853,11.0,200.3469213361885,93.0,11.0,124.0020161126423,76.15444832706754,94.96078675120675,
11.0,11.0,11.0,11.0,11.0,11.0,11.0,11.0,11.0,11.0,11.0,11.0,76.19343803766832,11.0,85.97609486879996,11.0,91.06163968555708,122.83627314437702,99.13546287782188,89.72457857242908,99.13546287782188,17.636326148038883,170.0,137.30096705979736,
11.0,11.0,11.0,11.0,11.0,11.0,11.0,11.0,11.0,11.0,11.0,11.0,11.0,75.93125545883959,73.08459498889871,11.0,124.1540262022228,11.0,180.71247881648904,137.34860756483843,51.12294548982439,73.71650052043702,77.05553552831593,11.0,
11.0,11.0,11.0,11.0,11.0,11.0,11.0,11.0,11.0,11.0,11.0,11.0,117.00017094004606,52.99266196580638,50.86993218002163,116.18842455253449,61.0482504981829,70.93206626548644,203.0,52.99266196580638,63.381069729060265,29.48330554945373,11.0,51.12294548982439,
11.0,11.0,11.0,11.0,11.0,11.0,11.0,11.0,11.0,11.0,11.0,11.0,166.0127170496954,157.42140896333,26.656247964699674,79.63403949890763,149.6536742690343,63.95484518175478,92.62589030911151,9.99999999E8,76.19343803766832,67.77577410517387,106.43945708566612,11.0,
11.0,11.0,11.0,11.0,11.0,11.0,11.0,11.0,11.0,11.0,11.0,11.0,66.71768880889086,111.46698564547661,137.34860756483843,136.0,70.24577664032529,121.7969621952863,11.0,117.2,170.0,11.0,110.49836600099067,11.0,
11.0,11.0,11.0,11.0,11.0,11.0,11.0,11.0,11.0,11.0,11.0,11.0,45.79179936286506,110.49836600099067,11.0,11.0,85.98546388779909,87.45411495305537,11.0,11.0,121.7969621952863,91.0924804800045,11.0,61.798381855838265,
11.0,11.0,11.0,11.0,11.0,11.0,11.0,11.0,11.0,11.0,11.0,11.0,43.22293629801453,85.75093131985345,69.2230939404898,11.0,112.40502163555189,124.1540262022228,187.76285279279526,75.80897044545586,49.18558957888197,144.92011592598178,77.83212704275786,166.0,
11.0,11.0,11.0,11.0,11.0,11.0,11.0,11.0,11.0,11.0,11.0,11.0,195.0,129.63752885985173,52.99266196580638,164.32555762537027,11.0,34.95569805405523,195.0,59.75691498804878,59.75691498804878,195.0,11.0,79.63403949890763,
11.0,11.0,11.0,11.0,11.0,11.0,11.0,11.0,11.0,11.0,11.0,11.0,166.0,11.0,11.0,59.75691498804878,79.0836406737969,189.83911316925418,91.91058456758697,79.56758133813042,72.79079612148777,34.42947703478647,11.0,170.0,
11.0,11.0,11.0,11.0,11.0,11.0,11.0,11.0,11.0,11.0,11.0,11.0,136.0,106.94409754633492,11.0,93.42900829954652,52.99266196580638,137.34860756483843,85.79615138126381,94.85240952045834,124.0020161126423,11.0,80.32123007026225,88.81671105859138,
11.0,11.0,11.0,11.0,11.0,11.0,11.0,11.0,11.0,11.0,11.0,11.0,75.80897044545586,69.7853852894716,11.0,74.3452905181103,170.0,11.0,11.0,90.46669123065253,121.7969621952863,99.24232967841897,67.77577410517387,11.0,
11.0,11.0,11.0,11.0,11.0,11.0,11.0,11.0,11.0,11.0,11.0,11.0,99.4697050474275,107.1084600870642,130.5030267848221,94.6902318087774,11.0,84.14009481546569,110.49836600099067,133.2224538965644,74.69564913701467,11.0,135.95669245102363,195.0,
11.0,11.0,11.0,11.0,11.0,11.0,11.0,11.0,11.0,11.0,11.0,11.0,11.0,11.0,89.30434091421564,11.0,11.0,129.63752885985173,113.49400375741835,112.5355055082617,11.0,59.75691498804878,32.00781154655844,121.7969621952863,
11.0,11.0,11.0,11.0,11.0,11.0,11.0,11.0,11.0,11.0,11.0,11.0,166.0127170496954,11.0,175.5890087676333,11.0,87.9331564314622,116.16152547207703,124.1540262022228,54.71517157059822,124.1540262022228,75.24138027789263,74.25328962684524,74.55664878165474,
11.0,11.0,11.0,11.0,11.0,11.0,11.0,11.0,11.0,11.0,11.0,11.0,91.90278803703178,79.3235288059112,11.0,72.32198238296894,11.0,11.0,63.99845677151757,123.3337837829612,11.0,59.659217412083294,70.34360114624657,158.71685480754712,
11.0,11.0,11.0,11.0,11.0,11.0,11.0,11.0,11.0,11.0,11.0,11.0,70.68931738131819,87.45411495305537,88.28272764250094,11.0,86.00710564960445,11.0,106.51772008148704,166.0127170496954,51.12294548982439,60.98065266951478,11.0,11.0,
11.0,11.0,11.0,11.0,11.0,11.0,11.0,11.0,11.0,11.0,11.0,11.0,9.99999999E8,56.15193674309017,74.69564913701467,11.0,11.0,30.124740662784138,11.0,11.0,85.98546388779909,133.2224538965644,100.44650317457547,61.798381855838265,
11.0,11.0,11.0,11.0,11.0,11.0,11.0,11.0,11.0,11.0,11.0,11.0,91.0924804800045,75.73907949840232,11.0,87.45411495305537,34.17601498127012,54.86458282881218,117.07642328363508,124.1540262022228,11.0,196.1042806490692,79.58957218128515,11.0,
11.0,11.0,11.0,11.0,11.0,11.0,11.0,11.0,11.0,11.0,11.0,11.0,146.2908062729849,85.98546388779909,196.1042806490692,110.49836600099067,117.35348311831225,76.73596394954134,70.34360114624657,79.71546622554217,31.32890039564108,51.230416312534054,71.10907115129545,11.0,
11.0,11.0,11.0,11.0,11.0,11.0,11.0,11.0,11.0,11.0,11.0,11.0,166.0,102.04400811334654,189.0,195.0,67.77577410517387,124.0020161126423,11.0,61.6817639177091,76.19343803766832,37.15582801601325,11.0,52.87955099639413,
11.0,11.0,11.0,11.0,11.0,11.0,11.0,11.0,11.0,11.0,11.0,11.0,189.83911316925418,59.659217412083294,117.07642328363508,70.34360114624657,63.55509420966977,64.0069440677251,124.0020161126423,195.0,59.75691498804878,187.63498844535604,68.26582030725348,189.83911316925418,
11.0,11.0,11.0,11.0,11.0,11.0,11.0,11.0,11.0,11.0,11.0,11.0,85.98546388779909,160.69225245792032,68.98326868179481,11.0,75.5549836579663,111.98437390993442,111.23848254988019,44.57364599576045,11.0,121.7969621952863,111.39968082938519,75.00683096463965,
11.0,11.0,11.0,11.0,11.0,11.0,11.0,11.0,11.0,11.0,11.0,11.0,87.88310417822073,78.50477692471968,11.0,79.10287798887249,90.0,160.69225245792032,11.0,59.75691498804878,81.90312844439822,11.0,111.46698564547661,11.0,
11.0,11.0,11.0,11.0,11.0,11.0,11.0,11.0,11.0,11.0,11.0,11.0,72.1455445044026,187.76285279279526,113.64955882986182,76.86247458935992,77.83212704275786,146.2908062729849,124.1540262022228,139.5584306144045,43.22293629801453,99.19957437184677,101.75185501994545,76.25378679121451,
11.0,11.0,11.0,11.0,11.0,11.0,11.0,11.0,11.0,11.0,11.0,11.0,11.0,59.87672521290908,87.45411495305537,61.11393932849456,195.0,11.0,157.42140896333,51.12294548982439,109.62891954224487,76.19343803766832,51.12294548982439,72.51530276984624,
11.0,11.0,11.0,11.0,11.0,11.0,11.0,11.0,11.0,11.0,11.0,11.0,74.56037821792484,11.0,59.75691498804878,11.0,124.1540262022228,57.498890849994595,90.09162003205404,73.36817354199906,75.33551619256352,85.50259573574958,62.970231061986745,166.0127170496954,
11.0,11.0,11.0,11.0,11.0,11.0,11.0,11.0,11.0,11.0,11.0,11.0,72.1455445044026,137.34860756483843,105.15246074153471,70.34360114624657,121.98998137369952,70.34360114624657,147.9027458238089,121.7969621952863,76.38644440533209,70.06397076957599,111.69489692908982,146.35914730552375,
11.0,11.0,11.0,11.0,11.0,11.0,11.0,11.0,11.0,11.0,11.0,11.0,67.77577410517387,11.0,68.97199288456972,74.79386638608537,11.0,55.43915583772899,156.44647647038906,11.0,11.0,77.9073232784195,104.85227703774487,107.1084600870642,
11.0,11.0,11.0,11.0,11.0,11.0,11.0,11.0,11.0,11.0,11.0,11.0,43.22293629801453,61.0482504981829,82.52878285786117,11.0,70.34360114624657,76.19343803766832,11.0,69.58368263385383,11.0,11.0,52.99266196580638,167.2035884782381,
11.0,11.0,11.0,11.0,11.0,11.0,11.0,11.0,11.0,11.0,11.0,11.0,107.39413391801249,98.68243117304226,61.57467011685893,11.0,11.0,114.37462811111368,11.0,11.0,65.57626791439299,158.78362635989896,93.0,196.1042806490692,
11.0,11.0,11.0,11.0,11.0,11.0,11.0,11.0,11.0,11.0,11.0,11.0,167.2035884782381,72.79079612148777,81.4901221007798,87.45411495305537,131.23071286859644,133.2224538965644,44.57577817604534,132.12872511305028,146.28273992511896,67.74540574828673,130.39263782898172,71.10203935190607,
11.0,11.0,11.0,11.0,11.0,11.0,11.0,11.0,11.0,11.0,11.0,11.0,85.98546388779909,156.4177099947445,164.32555762537027,67.77577410517387,104.85227703774487,116.13031473306184,52.23963621462859,43.22293629801453,71.27411872482185,61.57467011685893,78.06138768247449,187.76285279279526,
11.0,11.0,11.0,11.0,11.0,11.0,11.0,11.0,11.0,11.0,11.0,11.0,142.37078351965334,32.00781154655844,73.57336474567408,128.3215031211266,32.00781154655844,11.0,72.6842486375143,122.90194827133087,131.75640401893185,117.2,56.40523929927222,60.576856600153455,
11.0,11.0,11.0,11.0,11.0,11.0,11.0,11.0,11.0,11.0,11.0,11.0,110.49082415396414,11.0,90.0,11.0,11.0,76.19343803766832,108.60709000797324,49.15526421452742,80.44097214728325,63.3581091889586,90.46669123065253,74.56037821792484,
11.0,11.0,11.0,11.0,11.0,11.0,11.0,11.0,11.0,11.0,11.0,11.0,93.46571563947927,11.0,129.53259774107448,76.19343803766832,54.41176343402225,11.0,102.7007302797794,11.0,124.1540262022228,11.0,112.20516922138658,11.0,
11.0,11.0,11.0,11.0,11.0,11.0,11.0,11.0,11.0,11.0,11.0,11.0,80.41921412199947,130.39263782898172,141.6206487884634,72.29626546371534,11.0,137.2499747014751,138.4300866462522,110.49836600099067,196.1042806490692,98.54960523187309,11.0,98.68243117304226,
11.0,11.0,11.0,11.0,11.0,11.0,11.0,11.0,11.0,11.0,11.0,11.0,132.60105580273483,140.31927878948068,76.19343803766832,85.98546388779909,147.9151408372006,99.13546287782188,11.0,67.24672816561109,54.661585129676666,166.0127170496954,45.79179936286506,11.0,
11.0,11.0,11.0,11.0,11.0,11.0,11.0,11.0,11.0,11.0,11.0,11.0,150.90467925886932,196.1042806490692,146.32785107422305,101.15115202287889,83.38110195521108,65.98653061210464,51.27865052826566,76.01478088885246,70.34360114624657,131.23071286859644,91.12354251234969,54.71517157059822,
11.0,11.0,11.0,11.0,11.0,11.0,11.0,11.0,11.0,11.0,11.0,11.0,143.42555172942124,61.57467011685893,74.26098489483573,11.0,87.45411495305537,196.1042806490692,189.0,11.0,11.0,171.13152836341993,200.3469213361885,68.03998824220945,
11.0,11.0,11.0,11.0,11.0,11.0,11.0,11.0,11.0,11.0,11.0,11.0,11.0,9.99999999E8,59.75691498804878,72.4233098005686,68.50808729406594,121.98998137369952,84.14009481546569,166.0,116.979580364362,70.34360114624657,68.99919484232326,9.99999999E8,
11.0,11.0,11.0,11.0,11.0,11.0,11.0,11.0,11.0,11.0,11.0,11.0,170.89763017666453,69.0122733834426,70.34360114624657,32.00781154655844,182.8010454626073,75.02332970483248,124.1540262022228,11.0,55.92604243304029,124.1540262022228,170.97806876906756,11.0,
11.0,11.0,11.0,11.0,11.0,11.0,11.0,11.0,11.0,11.0,11.0,11.0,85.93731565636794,74.56431274204758,11.0,11.0,124.0020161126423,122.49481455080755,143.8687673618643,99.13546287782188,166.0,59.75691498804878,170.9195717289275,44.90443367046629,
11.0,11.0,11.0,11.0,11.0,11.0,11.0,11.0,11.0,11.0,11.0,11.0,121.7969621952863,111.88851594332637,72.6842486375143,114.76279885049858,88.3396224176269,69.48740893140281,11.0,189.83911316925418,45.79179936286506,90.0,11.0,109.62891954224487,
11.0,11.0,11.0,11.0,11.0,11.0,11.0,11.0,11.0,11.0,11.0,11.0,11.0,71.10203935190607,11.0,11.0,137.34860756483843,66.51482708556209,170.0,175.5890087676333,124.1540262022228,128.3215031211266,11.0,189.83911316925418,
11.0,11.0,11.0,11.0,11.0,11.0,11.0,11.0,11.0,11.0,11.0,11.0,75.95320196600595,104.64012402303219,147.4262527503158,11.0,11.0,60.44418913344772,11.0,145.24131643578556,90.71529808209003,64.3253449271747,76.57910942287067,99.13546287782188,
11.0,11.0,11.0,11.0,11.0,11.0,11.0,11.0,11.0,11.0,11.0,11.0,157.42140896333,87.45411495305537,11.0,72.79079612148777,70.34360114624657,11.0,11.0,85.98546388779909,175.5890087676333,11.0,156.4177099947445,156.42410300206296,
11.0,11.0,11.0,11.0,11.0,11.0,11.0,11.0,11.0,11.0,11.0,11.0,123.15933672370204,116.41950008482256,72.7375418886286,11.0,88.35440000362178,180.71247881648904,52.410770733589565,67.31041047285845,72.1455445044026,76.19343803766832,76.19343803766832,144.01562415238146,
11.0,11.0,11.0,11.0,11.0,11.0,11.0,11.0,11.0,11.0,11.0,11.0,11.0,107.39413391801249,60.576856600153455,11.0,153.68962229116187,59.659217412083294,87.45411495305537,11.0,90.0,121.7969621952863,83.23362742722365,59.75691498804878,
11.0,11.0,11.0,11.0,11.0,11.0,11.0,11.0,11.0,11.0,11.0,11.0,9.99999999E8,11.0,195.0,59.659217412083294,11.0,170.0,11.0,73.33314393914937,27.595289453093258,166.0,82.52878285786117,45.79179936286506,
11.0,11.0,11.0,11.0,11.0,11.0,11.0,11.0,11.0,11.0,11.0,11.0,43.22293629801453,130.39263782898172,156.42410300206296,72.79079612148777,76.15444832706754,86.69062986345439,76.19343803766832,11.0,124.0020161126423,11.0,59.659217412083294,11.0,
11.0,11.0,11.0,11.0,11.0,11.0,11.0,11.0,11.0,11.0,11.0,11.0,147.51346454551944,58.74095675080548,62.21729450512285,11.0,71.29101039587884,11.0,124.0020161126423,156.41451339309918,128.64485998282248,87.45411495305537,11.0,59.75691498804878,
11.0,11.0,11.0,11.0,11.0,11.0,11.0,11.0,11.0,11.0,11.0,11.0,90.0,67.97239817440789,11.0,146.2909429869122,87.45411495305537,11.0,200.3469213361885,124.1540262022228,128.44259418121388,28.8771343607514,158.7092939937671,166.0127170496954,
11.0,11.0,11.0,11.0,11.0,11.0,11.0,11.0,11.0,11.0,11.0,11.0,87.53650667007452,156.44647647038906,146.32785107422305,84.56008611197902,11.0,11.0,154.77241356262428,32.78549814916481,11.0,90.0,121.7969621952863,61.57467011685893,
11.0,11.0,11.0,11.0,11.0,11.0,11.0,11.0,11.0,11.0,11.0,11.0,132.60105580273483,79.1043614473943,142.370994236888,42.18115693055372,76.38644440533209,52.99266196580638,60.576856600153455,72.4233098005686,11.0,11.0,133.2224538965644,59.75691498804878,
11.0,11.0,11.0,11.0,11.0,11.0,11.0,11.0,11.0,11.0,11.0,11.0,27.595289453093258,43.22293629801453,90.0,60.576856600153455,138.4300866462522,146.35914730552375,146.2908062729849,76.19343803766832,52.99266196580638,70.34360114624657,67.77577410517387,59.75691498804878,
11.0,11.0,11.0,11.0,11.0,11.0,11.0,11.0,11.0,11.0,11.0,11.0,195.0,77.83212704275786,11.0,195.0,158.2208582962436,11.0,51.51507031088866,11.0,11.0,96.0,63.92964883369844,60.576856600153455,
11.0,11.0,11.0,11.0,11.0,11.0,11.0,11.0,11.0,11.0,11.0,11.0,11.0,54.888523390595964,11.0,11.0,68.29366508950903,131.2121945552318,11.0,11.0,72.79079612148777,137.56831030437206,85.98546388779909,11.0,
11.0,11.0,11.0,11.0,11.0,11.0,11.0,11.0,11.0,11.0,11.0,11.0,90.0,87.45411495305537,133.2224538965644,122.1699635753404,87.63241409432928,11.0,170.0,11.0,146.28273992511896,114.86444184341819,90.0,11.0,
11.0,11.0,11.0,11.0,11.0,11.0,11.0,11.0,11.0,11.0,11.0,11.0,105.11898020814318,11.0,87.45411495305537,76.18982142575798,133.2224538965644,79.13684350541156,85.92373879719673,115.12987835001341,122.50880851296084,72.22188034107116,95.660278532361,80.52018380505598,
11.0,11.0,11.0,11.0,11.0,11.0,11.0,11.0,11.0,11.0,11.0,11.0,120.79194458883018,78.09891164414522,99.13546287782188,72.79079612148777,51.12294548982439,72.6842486375143,150.90467925886932,82.42587391928596,73.12291022654938,104.58595614241055,11.0,63.747548972489916,
11.0,11.0,11.0,11.0,11.0,11.0,11.0,11.0,11.0,11.0,11.0,11.0,11.0,81.12607472323556,11.0,64.1516952231194,189.83911316925418,76.19343803766832,11.0,11.0,11.0,61.57467011685893,87.53650667007452,77.20518117328655,
11.0,11.0,11.0,11.0,11.0,11.0,11.0,11.0,11.0,11.0,11.0,11.0,115.12987835001341,59.75691498804878,189.83911316925418,71.84358008896828,61.0482504981829,170.0,150.90467925886932,11.0,11.0,67.77577410517387,99.13546287782188,57.86296267025732,
11.0,11.0,11.0,11.0,11.0,11.0,11.0,11.0,11.0,11.0,11.0,11.0,70.34360114624657,85.98546388779909,68.11183613897236,28.905016865589268,60.576856600153455,86.03810525316999,59.659217412083294,34.41293361513953,72.79079612148777,63.30845125257765,11.0,83.42994399827651,
11.0,11.0,11.0,11.0,11.0,11.0,11.0,11.0,11.0,11.0,11.0,11.0,74.69564913701467,107.39413391801249,45.79179936286506,11.0,87.45411495305537,9.99999999E8,11.0,105.16242581107159,184.18529317570994,130.76788596593585,70.34360114624657,146.66363633233092,
11.0,11.0,11.0,11.0,11.0,11.0,11.0,11.0,11.0,11.0,11.0,11.0,164.32555762537027,11.0,81.52860590152952,11.0,11.0,70.34360114624657,82.52878285786117,11.0,56.91959240894123,45.79179936286506,90.0,136.363077439932,
11.0,11.0,11.0,11.0,11.0,11.0,11.0,11.0,11.0,11.0,11.0,11.0,122.1699635753404,167.2035884782381,43.22293629801453,59.37317200317841,61.57467011685893,11.0,164.32555762537027,153.68962229116187,9.99999999E8,124.1540262022228,166.0,70.91191719309245,
11.0,11.0,11.0,11.0,11.0,11.0,11.0,11.0,11.0,11.0,11.0,11.0,11.0,51.12294548982439,11.0,75.02772820764334,11.0,11.0,11.0,189.0,105.15246074153471,137.3058224872088,87.71909712257644,124.0020161126423,
11.0,11.0,11.0,11.0,11.0,11.0,11.0,11.0,11.0,11.0,11.0,11.0,139.18685136117108,87.45411495305537,72.79079612148777,184.0947823510729,72.79079612148777,118.42109421701674,166.0127170496954,67.74540574828673,75.95320196600595,90.0,84.86601204251322,89.6294594427524,
11.0,11.0,11.0,11.0,11.0,11.0,11.0,11.0,11.0,11.0,11.0,11.0,11.0,51.75287431631213,11.0,87.48165521982308,86.33397683157864,187.76285279279526,72.79079612148777,158.86044189791238,11.0,71.0105625945887,52.99266196580638,67.59845427528771,
11.0,11.0,11.0,11.0,11.0,11.0,11.0,11.0,11.0,11.0,11.0,11.0,76.19343803766832,85.98546388779909,51.12294548982439,87.45411495305537,116.64857002504957,68.18174242420034,196.1042806490692,139.5584306144045,171.13152836341993,129.52691697953063,70.34360114624657,59.75691498804878,
11.0,11.0,11.0,11.0,11.0,11.0,11.0,11.0,11.0,11.0,11.0,11.0,187.61899927483063,96.0,67.77577410517387,51.139243465485706,85.98546388779909,11.0,11.0,187.76285279279526,59.75691498804878,110.73792886309951,36.337420977076874,70.34360114624657,
11.0,11.0,11.0,11.0,11.0,11.0,11.0,11.0,11.0,11.0,11.0,11.0,189.83911316925418,74.63325297064033,60.576856600153455,196.1042806490692,76.19343803766832,146.2909429869122,65.34332406604365,189.83911316925418,69.48740893140281,9.99999999E8,90.0,130.76788596593585,
11.0,11.0,11.0,11.0,11.0,11.0,11.0,11.0,11.0,11.0,11.0,11.0,76.19343803766832,170.0,11.0,87.45411495305537,11.0,77.83212704275786,137.30096705979736,11.0,81.4901221007798,72.22188034107116,78.07688518377255,122.31741912094189,
11.0,11.0,11.0,11.0,11.0,11.0,11.0,11.0,11.0,11.0,11.0,11.0,166.0127170496954,76.3900517083213,11.0,11.0,11.0,87.45411495305537,77.83212704275786,117.2,72.22188034107116,11.0,85.20838653443961,71.10203935190607,
11.0,11.0,11.0,11.0,11.0,11.0,11.0,11.0,11.0,11.0,11.0,11.0,92.4591470734563,11.0,156.44647647038906,46.650294747193186,187.76285279279526,67.8120132115429,196.1042806490692,171.6592231395939,102.7007302797794,124.0020161126423,46.39224073053597,9.99999999E8,
11.0,11.0,11.0,11.0,11.0,11.0,11.0,11.0,11.0,11.0,11.0,11.0,146.2908062729849,91.51259779700037,119.73930014828048,42.9602170259134,59.75691498804878,64.1516952231194,137.34860756483843,11.0,11.0,124.1540262022228,43.22293629801453,45.79179936286506,
11.0,11.0,11.0,11.0,11.0,11.0,11.0,11.0,11.0,11.0,11.0,11.0,11.0,88.31131801127697,9.99999999E8,11.0,89.51558523519802,126.81080234679037,90.0,11.0,89.51558523519802,76.19343803766832,108.01157345395909,11.0,
11.0,11.0,11.0,11.0,11.0,11.0,11.0,11.0,11.0,11.0,11.0,11.0,137.34860756483843,45.79179936286506,189.0,187.76285279279526,86.33397683157864,11.0,11.0,76.19343803766832,58.94709492417757,67.90802603521914,123.36080775063404,11.0,
11.0,11.0,11.0,11.0,11.0,11.0,11.0,11.0,11.0,11.0,11.0,11.0,77.83212704275786,11.0,71.7683347831829,74.28485713791203,11.0,74.59879082020522,11.0,86.33397683157864,144.01562415238146,72.79079612148777,11.0,101.29289214944946,
11.0,11.0,11.0,11.0,11.0,11.0,11.0,11.0,11.0,11.0,11.0,11.0,54.650629987445626,137.64534136686208,93.0065708550865,33.99759895483617,166.0127170496954,189.0,91.99290123455734,9.99999999E8,51.396065564939455,75.94222950521154,84.6900712200982,195.0,
11.0,11.0,11.0,11.0,11.0,11.0,11.0,11.0,11.0,11.0,11.0,11.0,32.00781154655844,100.06517875864711,72.1422206478287,11.0,189.83911316925418,11.0,69.48740893140281,93.0,137.56831030437206,11.0,11.0,11.0,
11.0,11.0,11.0,11.0,11.0,11.0,11.0,11.0,11.0,11.0,11.0,11.0,85.75093131985345,85.98546388779909,166.0,121.7969621952863,9.99999999E8,146.32785107422305,11.0,11.0,122.90194827133087,96.0,137.92751719653333,60.576856600153455,
11.0,11.0,11.0,11.0,11.0,11.0,11.0,11.0,11.0,11.0,11.0,11.0,75.94222950521154,80.45271903422531,109.91006424446408,11.0,121.83365709031311,67.77577410517387,124.1540262022228,77.45605205534297,77.83212704275786,85.38149682454625,11.0,89.72457857242908,
11.0,11.0,11.0,11.0,11.0,11.0,11.0,11.0,11.0,11.0,11.0,11.0,170.0,196.1042806490692,189.0,75.94003482280536,164.32555762537027,166.0127170496954,11.0,11.0,11.0,87.45411495305537,11.0,115.12987835001341,
11.0,11.0,11.0,11.0,11.0,11.0,11.0,11.0,11.0,11.0,11.0,11.0,11.0,59.659217412083294,70.32323957762013,175.5890087676333,67.77577410517387,51.12294548982439,122.1699635753404,87.56391951026404,11.0,80.63963045550246,85.98546388779909,9.99999999E8,
11.0,11.0,11.0,11.0,11.0,11.0,11.0,11.0,11.0,11.0,11.0,11.0,70.34360114624657,212.0,9.99999999E8,124.1540262022228,166.0127170496954,166.0,196.1042806490692,96.0,88.09730871297451,117.00017094004606,47.12630782152246,11.0,
11.0,11.0,11.0,11.0,11.0,11.0,11.0,11.0,11.0,11.0,11.0,11.0,143.42555172942124,125.53501503564652,76.19343803766832,196.1042806490692,129.53921477014327,11.0,51.12294548982439,163.2220573329475,109.62891954224487,187.76285279279526,85.3353528672589,189.83911316925418,
11.0,11.0,11.0,11.0,11.0,11.0,11.0,11.0,11.0,11.0,11.0,11.0,156.44647647038906,9.99999999E8,150.58183452491502,157.89819504984848,54.054499247415926,74.27351853490957,117.02068193272504,150.90467925886932,9.99999999E8,96.0,87.45411495305537,11.0,
11.0,11.0,11.0,11.0,11.0,11.0,11.0,11.0,11.0,11.0,11.0,11.0,166.0,72.22188034107116,200.3469213361885,11.0,59.659217412083294,11.0,61.6817639177091,45.79179936286506,67.42284479314115,60.576856600153455,67.77577410517387,51.12294548982439,
11.0,11.0,11.0,11.0,11.0,11.0,11.0,11.0,11.0,11.0,11.0,11.0,11.0,27.684077793296748,166.0127170496954,68.9667177939135,196.1042806490692,90.0,87.49537130614397,84.823345842993,49.41902467673761,11.0,76.19343803766832,11.0,
11.0,11.0,11.0,11.0,11.0,11.0,11.0,11.0,11.0,11.0,11.0,11.0,161.28434517956165,187.76285279279526,11.0,167.2035884782381,76.38644440533209,11.0,87.82845059941499,9.99999999E8,11.0,38.82757070579591,163.21593059502493,51.19461777266131,
11.0,11.0,11.0,11.0,11.0,11.0,11.0,11.0,11.0,11.0,11.0,11.0,28.546258754675524,11.0,189.0,71.10203935190607,96.0,141.61661380686394,49.41902467673761,11.0,11.0,155.48490459062435,131.16493433841225,11.0,
11.0,11.0,11.0,11.0,11.0,11.0,11.0,11.0,11.0,11.0,11.0,11.0,11.0,167.2035884782381,116.36580253665593,87.45411495305537,11.0,11.0,166.0,11.0,9.99999999E8,142.61640859312084,11.0,90.16118898949814,
11.0,11.0,11.0,11.0,11.0,11.0,11.0,11.0,11.0,11.0,11.0,11.0,121.7969621952863,79.58957218128515,66.84478178639681,70.22997935354958,74.60262073418174,87.45411495305537,184.1599546288196,11.0,67.05781087986693,124.1540262022228,20.062402647738878,146.2908062729849,
11.0,11.0,11.0,11.0,11.0,11.0,11.0,11.0,11.0,11.0,11.0,11.0,43.22293629801453,166.0127170496954,11.0,59.16079783099616,11.0,100.44650317457547,51.12294548982439,128.33354978336726,110.49836600099067,45.79179936286506,187.73267045337516,112.34433675090169,
11.0,11.0,11.0,11.0,11.0,11.0,11.0,11.0,11.0,11.0,11.0,11.0,9.99999999E8,80.85171612278863,189.0,9.99999999E8,76.19343803766832,86.32625453604612,117.2,51.12294548982439,51.12294548982439,52.99266196580638,11.0,11.0,
11.0,11.0,11.0,11.0,11.0,11.0,11.0,11.0,11.0,11.0,11.0,11.0,124.0020161126423,11.0,75.26380272082989,11.0,166.0127170496954,189.0,76.19343803766832,51.12294548982439,100.44650317457547,9.99999999E8,107.1084600870642,166.0127170496954,
11.0,11.0,11.0,11.0,11.0,11.0,11.0,11.0,11.0,11.0,11.0,11.0,32.00781154655844,146.2909429869122,11.0,43.22293629801453,11.0,67.77577410517387,59.16079783099616,11.0,60.710810150547346,62.36385170914318,70.34360114624657,58.86849751777261,
11.0,11.0,11.0,11.0,11.0,11.0,11.0,11.0,11.0,11.0,11.0,11.0,116.64857002504957,70.34360114624657,88.31896738526781,52.99266196580638,195.0,109.62891954224487,187.76285279279526,11.0,124.1540262022228,51.12294548982439,61.857811866318784,70.34360114624657,
11.0,11.0,11.0,11.0,11.0,11.0,11.0,11.0,11.0,11.0,11.0,11.0,11.0,11.0,77.40513907716694,11.0,52.99266196580638,106.14468369895414,57.7775908116633,11.0,124.0020161126423,70.34360114624657,90.16118898949814,11.0,
11.0,11.0,11.0,11.0,11.0,11.0,11.0,11.0,11.0,11.0,11.0,11.0,180.14993755202914,196.1042806490692,167.2035884782381,85.38149682454625,88.33285842511279,141.59056779633625,9.99999999E8,52.99266196580638,11.0,116.19703094313554,87.45411495305537,100.44650317457547,
11.0,11.0,11.0,11.0,11.0,11.0,11.0,11.0,11.0,11.0,11.0,11.0,100.44650317457547,11.0,96.0,87.71909712257644,9.99999999E8,122.33260115816408,173.92095905899322,176.11218015798906,11.0,11.0,195.4078356213543,42.33497372149887,
11.0,11.0,11.0,11.0,11.0,11.0,11.0,11.0,11.0,11.0,11.0,11.0,52.99266196580638,11.0,141.6270532851059,11.0,97.68060196374714,163.2220573329475,11.0,104.85227703774487,139.18685136117108,11.0,96.0,90.95740761477319,
11.0,11.0,11.0,11.0,11.0,11.0,11.0,11.0,11.0,11.0,11.0,11.0,11.0,87.45411495305537,147.1252527610403,63.0,195.41807035743196,189.83911316925418,9.99999999E8,76.19343803766832,171.13152836341993,166.7028494057615,11.0,189.0,
11.0,11.0,11.0,11.0,11.0,11.0,11.0,11.0,11.0,11.0,11.0,11.0,103.609308891088,87.49537130614397,11.0,67.52630945887539,9.99999999E8,68.99919484232326,58.865724778677524,11.0,166.0127170496954,189.0,151.3322173233446,166.0127170496954,
11.0,11.0,11.0,11.0,11.0,11.0,11.0,11.0,11.0,11.0,11.0,11.0,111.46698564547661,11.0,70.34360114624657,162.40073891457513,11.0,11.0,157.42140896333,11.0,166.0127170496954,137.64534136686208,87.45411495305537,9.99999999E8,
11.0,11.0,11.0,11.0,11.0,11.0,11.0,11.0,11.0,11.0,11.0,11.0,57.92236183029832,52.99266196580638,20.062402647738878,11.0,58.74095675080548,9.99999999E8,65.39206717163476,79.78095010715278,70.34360114624657,58.74095675080548,11.0,137.4315829785861,
11.0,11.0,11.0,11.0,11.0,11.0,11.0,11.0,11.0,11.0,11.0,11.0,11.0,67.3609679265374,11.0,11.0,129.6889441017322,70.34360114624657,11.0,100.80426578275346,105.61197322694473,9.99999999E8,117.07642328363508,11.0,
11.0,11.0,11.0,11.0,11.0,11.0,11.0,11.0,11.0,11.0,11.0,11.0,51.12294548982439,76.19343803766832,142.370994236888,11.0,195.0,70.34360114624657,85.98546388779909,124.1540262022228,100.44650317457547,11.0,11.0,102.001089318802,
11.0,11.0,11.0,11.0,11.0,11.0,11.0,11.0,11.0,11.0,11.0,11.0,187.73267045337516,189.83911316925418,124.0020161126423,72.22188034107116,166.0127170496954,195.0,61.57467011685893,73.81913915863859,157.89819504984848,163.2220573329475,11.0,189.83911316925418,
11.0,11.0,11.0,11.0,11.0,11.0,11.0,11.0,11.0,11.0,11.0,11.0,87.54171017525397,9.99999999E8,180.14993755202914,98.93351302768946,58.74095675080548,63.460617708938194,59.75691498804878,9.99999999E8,133.0,88.6890635873443,150.60950243003336,110.49836600099067,
11.0,11.0,11.0,11.0,11.0,11.0,11.0,11.0,11.0,11.0,11.0,11.0,11.0,83.67529835952519,195.0,11.0,95.14746449590761,52.99266196580638,134.65325840840242,60.18644501268792,147.9151408372006,83.51979140033549,83.12774640408715,11.0,
11.0,11.0,11.0,11.0,11.0,11.0,11.0,11.0,11.0,11.0,11.0,11.0,74.63325297064033,180.14299875376784,52.99266196580638,51.12294548982439,124.1540262022228,90.09162003205404,58.74095675080548,81.255203914982,9.99999999E8,171.6592231395939,99.24346480309144,45.79179936286506,
11.0,11.0,11.0,11.0,11.0,11.0,11.0,11.0,11.0,11.0,11.0,11.0,11.0,89.47206267880495,11.0,85.38149682454625,187.76285279279526,116.36580253665593,80.02187201009484,137.30096705979736,80.876448982383,11.0,156.43369202316998,95.29719594802124,
11.0,11.0,11.0,11.0,11.0,11.0,11.0,11.0,11.0,11.0,11.0,11.0,70.34360114624657,11.0,86.02648171089852,166.0127170496954,97.53460924205315,11.0,11.0,11.0,11.0,189.0,11.0,74.97703352064255,
11.0,11.0,11.0,11.0,11.0,11.0,11.0,11.0,11.0,11.0,11.0,11.0,11.0,72.79079612148777,72.16820629612461,67.3609679265374,166.0,116.35076278220096,76.19343803766832,124.0020161126423,75.1413482858953,121.3352380802873,115.31279200505033,143.82802230441743,
11.0,11.0,11.0,11.0,11.0,11.0,11.0,11.0,11.0,11.0,11.0,11.0,99.48788871013396,151.13384796265856,94.96078675120675,124.1540262022228,11.0,75.80897044545586,109.62891954224487,147.51346454551944,196.1042806490692,28.709700687750942,96.0,87.45411495305537,
11.0,11.0,11.0,11.0,11.0,11.0,11.0,11.0,11.0,11.0,11.0,11.0,133.2224538965644,96.0,81.23937921164759,140.39764955297505,123.29999549427765,175.5890087676333,116.36580253665593,85.38149682454625,11.0,77.03401845937935,61.57467011685893,11.0,
11.0,11.0,11.0,11.0,11.0,11.0,11.0,11.0,11.0,11.0,11.0,11.0,124.0020161126423,11.0,11.0,115.14269407999797,85.98546388779909,121.7969621952863,96.85545721247065,43.22293629801453,9.99999999E8,80.60862236758547,146.29367723862845,11.0,
11.0,11.0,11.0,11.0,11.0,11.0,11.0,11.0,11.0,11.0,11.0,11.0,166.0127170496954,187.76285279279526,76.19343803766832,54.888523390595964,11.0,187.76285279279526,57.86296267025732,11.0,11.0,195.0,117.07642328363508,32.00781154655844,
11.0,11.0,11.0,11.0,11.0,11.0,11.0,11.0,11.0,11.0,11.0,11.0,113.49400375741835,175.5890087676333,72.36105616268733,91.91058456758697,67.77577410517387,93.0,90.94259483627876,62.773402010724254,9.99999999E8,30.19749805677432,205.0,59.75691498804878,
11.0,11.0,11.0,11.0,11.0,11.0,11.0,11.0,11.0,11.0,11.0,11.0,195.4078356213543,196.1042806490692,96.0,51.12294548982439,72.79079612148777,11.0,11.0,11.0,166.0,99.80300596675433,98.869723486122,124.1540262022228,
11.0,11.0,11.0,11.0,11.0,11.0,11.0,11.0,11.0,11.0,11.0,11.0,76.19343803766832,75.26380272082989,70.34360114624657,170.0,90.0,84.42651677461221,65.04015853472546,63.126539585185554,50.12484413940855,59.61406490664664,76.19343803766832,74.69564913701467,
11.0,11.0,11.0,11.0,11.0,11.0,11.0,11.0,11.0,11.0,11.0,11.0,196.1042806490692,102.84861075723812,100.44650317457547,123.53186815141909,67.77577410517387,137.30096705979736,146.35914730552375,45.79179936286506,182.8010454626073,111.98437390993442,130.32820109247268,33.99176370828675,
11.0,11.0,11.0,11.0,11.0,11.0,11.0,11.0,11.0,11.0,11.0,11.0,90.0,105.41540761798204,187.76285279279526,195.0,11.0,59.35907681222814,155.04676713817673,43.515003798179265,64.39116571566493,11.0,169.92792589801124,11.0,
11.0,11.0,11.0,11.0,11.0,11.0,11.0,11.0,11.0,11.0,11.0,11.0,150.60950243003336,79.13684350541156,52.99266196580638,122.70379872775833,187.76285279279526,85.98546388779909,83.34340075242666,11.0,11.0,175.5890087676333,89.16401865226928,121.7969621952863,
11.0,11.0,11.0,11.0,11.0,11.0,11.0,11.0,11.0,11.0,11.0,11.0,87.88310417822073,166.0,117.07642328363508,195.0,122.33260115816408,146.2908062729849,137.29489753406313,86.6230659556423,11.0,75.74445340896072,76.19343803766832,11.0,
11.0,11.0,11.0,11.0,11.0,11.0,11.0,11.0,11.0,11.0,11.0,11.0,100.44650317457547,30.124740662784138,51.12294548982439,187.76285279279526,128.30814312364097,11.0,195.0,86.06134762804703,124.1540262022228,9.99999999E8,60.576856600153455,68.26582030725348,
11.0,11.0,11.0,11.0,11.0,11.0,11.0,11.0,11.0,11.0,11.0,11.0,137.28761374897917,52.99266196580638,11.0,69.67402052273479,87.45411495305537,99.13546287782188,124.0020161126423,11.0,54.0651458890106,70.34360114624657,180.71247881648904,20.062402647738878,
