44.33677931469538,23.928133139790816,35.424410918022176,44.608170651674214,47.39081017337527,38.268786236304905,37.28817725855349,65.42850211405492,58.74699887265059,102.0,51.14781290956729,91.35644476444998,42.57411837672691,62.90115702875071,82.04199466668817,20.838665984174707,32.154142639617824,77.18520295727386,17.0,50.50742519669756,61.95966429863868,75.01259153561413,37.35707456972727,41.28256290493603,
17.0,20.838665984174707,23.928133139790816,32.154142639617824,35.424410918022176,37.28817725855349,37.35707456972727,38.268786236304905,41.28256290493603,42.57411837672691,44.33677931469538,44.608170651674214,19.46894963782073,51.175080741400784,37.82525611281436,45.42012389151958,27.82516846310189,47.35914789023224,65.96787096761574,41.697648345572446,51.223909347968444,28.253318389173334,55.70952360600621,79.8888116210413,
17.0,19.46894963782073,20.838665984174707,23.928133139790816,27.82516846310189,28.253318389173334,32.154142639617824,35.424410918022176,37.28817725855349,37.35707456972727,37.82525611281436,38.268786236304905,34.99365021765457,28.253318389173334,37.846016800375715,51.30518708885314,45.297204490938256,73.0,38.55571565768872,33.95912575762548,32.626676202150904,49.58326330527268,32.154142639617824,47.33877902945956,
17.0,19.46894963782073,20.838665984174707,23.928133139790816,27.82516846310189,28.253318389173334,28.253318389173334,32.154142639617824,32.154142639617824,32.626676202150904,33.95912575762548,34.99365021765457,68.23407425098468,23.66901396810231,17.603310575283174,62.25621844196672,21.788121126481332,30.397368307141328,28.253318389173334,33.95912575762548,24.11721376942204,32.16753021293366,47.35914789023224,32.154142639617824,
17.0,17.603310575283174,19.46894963782073,20.838665984174707,21.788121126481332,23.66901396810231,23.928133139790816,24.11721376942204,27.82516846310189,28.253318389173334,28.253318389173334,28.253318389173334,29.274562336608895,68.37803415977645,51.15232155044383,21.78747065519585,91.31264972609216,35.64934828377444,47.35914789023224,21.548108679286006,47.28871136140445,28.819146584806138,23.56383750304314,17.0,
17.0,17.0,17.603310575283174,19.46894963782073,20.838665984174707,21.548108679286006,21.78747065519585,21.788121126481332,23.56383750304314,23.66901396810231,23.928133139790816,24.11721376942204,27.82157436235412,21.33312074724011,28.865588894429685,34.16951207663867,36.49164287888392,21.909815152118465,23.66901396810231,62.24596372456611,25.128312692368187,67.41928507482113,17.0,21.78747065519585,
17.0,17.0,17.0,17.603310575283174,19.46894963782073,20.838665984174707,21.33312074724011,21.548108679286006,21.78747065519585,21.78747065519585,21.788121126481332,21.909815152118465,56.894639466297704,59.92239879670222,41.7079795189788,17.0,21.32355217948033,39.833326217515655,43.01162633521314,34.516501689610564,67.24700736835804,23.66901396810231,32.427627424900564,17.0,
17.0,17.0,17.0,17.0,17.0,17.603310575283174,19.46894963782073,20.838665984174707,21.32355217948033,21.33312074724011,21.548108679286006,21.78747065519585,34.47480814586522,68.71842709362768,17.0,47.71530152896448,32.926014775244084,17.0,39.0070637245123,47.35914789023224,33.84316770043845,47.35914789023224,43.793150149309874,49.14010581999188,
17.0,17.0,17.0,17.0,17.0,17.0,17.0,17.603310575283174,19.46894963782073,20.838665984174707,21.32355217948033,21.33312074724011,34.61574786134195,67.15474666767793,94.23846820109551,23.66901396810231,38.82295998790178,36.572606627851336,63.60628899723674,23.66901396810231,38.73628789649313,79.8888116210413,60.89791092932135,53.49532689871144,
17.0,17.0,17.0,17.0,17.0,17.0,17.0,17.603310575283174,19.46894963782073,20.838665984174707,21.32355217948033,21.33312074724011,31.07331685559434,23.66901396810231,23.66901396810231,30.306764921383476,39.228674319799396,75.01259153561413,47.35914789023224,39.436149362522826,99.0,30.35621847332108,33.90081571470588,69.95355602112018,
17.0,17.0,17.0,17.0,17.0,17.0,17.0,17.603310575283174,19.46894963782073,20.838665984174707,21.32355217948033,21.33312074724011,91.31538753134654,53.39059426112015,35.85582240027413,17.7102885630826,24.86206847749382,54.13095232858923,40.815150902696374,35.44181780015793,17.0,84.0,21.78747065519585,33.793490497431605,
17.0,17.0,17.0,17.0,17.0,17.0,17.0,17.0,17.603310575283174,17.7102885630826,19.46894963782073,20.838665984174707,48.65068230650921,49.76165413470721,90.0,34.46500739436853,69.95355602112018,36.78994427829431,90.84908120369492,17.0,33.01757107965394,17.0,68.80326219656223,22.050447211388303,
17.0,17.0,17.0,17.0,17.0,17.0,17.0,17.0,17.0,17.0,17.603310575283174,17.7102885630826,62.25621844196672,17.0,47.35914789023224,17.0,59.35697094697471,17.0,23.66901396810231,99.0,17.0,61.19549729260225,25.306287030406224,26.61766330841233,
17.0,17.0,17.0,17.0,17.0,17.0,17.0,17.0,17.0,17.0,17.0,17.0,34.373696635773165,36.82944695845033,35.11251755270318,34.49637662132068,32.74904578762563,40.7621829095984,49.381733014907,90.0,97.3664327282366,17.0,30.306764921383476,116.0,
17.0,17.0,17.0,17.0,17.0,17.0,17.0,17.0,17.0,17.0,17.0,17.0,22.050447211388303,97.3664327282366,23.257018056683208,97.3664327282366,17.0,17.0,17.0,17.0,34.4222150491349,17.0,32.956941605676946,17.0,
17.0,17.0,17.0,17.0,17.0,17.0,17.0,17.0,17.0,17.0,17.0,17.0,97.3664327282366,23.66901396810231,17.0,36.14636911226354,44.62622547336936,64.98375865467378,48.65068230650921,69.95355602112018,47.35914789023224,24.959559127451243,17.0,44.56331326201956,
17.0,17.0,17.0,17.0,17.0,17.0,17.0,17.0,17.0,17.0,17.0,17.0,17.0,37.45450573696041,33.70936053463964,28.469281690973517,17.0,73.0,60.17682278086805,82.04199466668817,65.36223850375859,28.434134416225863,39.613760235554516,35.11251755270318,
17.0,17.0,17.0,17.0,17.0,17.0,17.0,17.0,17.0,17.0,17.0,17.0,67.15474666767793,69.95355602112018,17.0,36.84636102775489,54.5298083620326,97.3664327282366,39.71839649845098,17.0,47.35914789023224,36.64696440361739,15.652475842498529,66.90709977274459,
15.652475842498529,17.0,17.0,17.0,17.0,17.0,17.0,17.0,17.0,17.0,17.0,17.0,49.01347761232945,35.11251755270318,17.0,17.0,46.67933161475216,26.274157663886115,17.0,19.393350427822586,30.837639338963676,17.0,38.354371996418735,91.31538753134654,
15.652475842498529,17.0,17.0,17.0,17.0,17.0,17.0,17.0,17.0,17.0,17.0,17.0,64.01062411818839,17.0,55.715547401261546,15.652475842498529,97.3664327282366,17.0,67.15474666767793,48.65068230650921,17.0,17.0,85.48424156273222,17.0,
15.652475842498529,15.652475842498529,17.0,17.0,17.0,17.0,17.0,17.0,17.0,17.0,17.0,17.0,46.32733774157784,33.01757107965394,17.0,26.849374087469688,16.38766473770914,39.635686626082155,38.06171143749346,48.65068230650921,17.0,64.01062411818839,17.0,9.99999999E8,
15.652475842498529,15.652475842498529,16.38766473770914,17.0,17.0,17.0,17.0,17.0,17.0,17.0,17.0,17.0,55.715547401261546,27.752877728664867,21.96180747694326,33.30992375266211,22.898265840722452,39.71410173405927,23.66901396810231,72.28665160318327,51.23041631253406,17.0,17.0,48.717142773360585,
15.652475842498529,15.652475842498529,16.38766473770914,17.0,17.0,17.0,17.0,17.0,17.0,17.0,17.0,17.0,17.0,23.66901396810231,37.73445228022912,23.66901396810231,40.90207319729325,43.482755202493784,27.583328298086144,46.67933161475216,20.48294462249418,27.955321496988727,28.469281690973517,17.0,
15.652475842498529,15.652475842498529,16.38766473770914,17.0,17.0,17.0,17.0,17.0,17.0,17.0,17.0,17.0,40.7621829095984,23.66901396810231,17.0,30.306764921383476,53.93848347886692,66.90709977274459,17.0,17.0,29.94060787626063,51.98812779951559,31.73263304549435,16.38766473770914,
15.652475842498529,15.652475842498529,16.38766473770914,16.38766473770914,17.0,17.0,17.0,17.0,17.0,17.0,17.0,17.0,15.652475842498529,29.638488490474675,53.791263231123324,37.91253090997751,67.15474666767793,25.00719896349849,17.0,23.66901396810231,35.174564673923115,17.0,17.0,31.710495984067414,
15.652475842498529,15.652475842498529,15.652475842498529,16.38766473770914,16.38766473770914,17.0,17.0,17.0,17.0,17.0,17.0,17.0,28.225766199538686,72.28665160318327,39.613760235554516,82.04199466668817,48.65068230650921,17.0,15.652475842498529,48.65068230650921,17.0,97.3664327282366,35.11251755270318,73.22909257938404,
15.652475842498529,15.652475842498529,15.652475842498529,15.652475842498529,16.38766473770914,16.38766473770914,17.0,17.0,17.0,17.0,17.0,17.0,67.28215877102107,50.66536876246668,68.4365074763138,69.95355602112018,17.0,42.18594933135503,102.0,91.33728701904825,37.96782263385084,46.67933161475216,17.0,17.0,
15.652475842498529,15.652475842498529,15.652475842498529,15.652475842498529,16.38766473770914,16.38766473770914,17.0,17.0,17.0,17.0,17.0,17.0,47.909915466425105,17.0,17.0,17.0,69.95355602112018,65.36223850375859,17.0,97.3664327282366,65.96787096761574,66.14952758712643,97.3664327282366,35.11251755270318,
15.652475842498529,15.652475842498529,15.652475842498529,15.652475842498529,16.38766473770914,16.38766473770914,17.0,17.0,17.0,17.0,17.0,17.0,39.194670839569795,69.95355602112018,23.66901396810231,76.57349410860131,35.639146459063504,69.95355602112018,22.050447211388303,35.90041782486661,15.652475842498529,68.78197438282794,39.98367013608206,23.66901396810231,
15.652475842498529,15.652475842498529,15.652475842498529,15.652475842498529,15.652475842498529,16.38766473770914,16.38766473770914,17.0,17.0,17.0,17.0,17.0,45.703013380944206,72.91474473657574,15.652475842498529,17.0,84.0,15.652475842498529,17.0,36.82987917438774,82.04199466668817,17.0,38.706071875094736,48.61028697714096,
15.652475842498529,15.652475842498529,15.652475842498529,15.652475842498529,15.652475842498529,15.652475842498529,15.652475842498529,16.38766473770914,16.38766473770914,17.0,17.0,17.0,79.89298397787437,33.047844105175756,47.68176821813724,33.36704961485207,91.35644476444998,36.010415160061676,40.55130285533753,73.0,66.01178345989112,39.75620147292188,15.652475842498529,23.66901396810231,
15.652475842498529,15.652475842498529,15.652475842498529,15.652475842498529,15.652475842498529,15.652475842498529,15.652475842498529,15.652475842498529,16.38766473770914,16.38766473770914,17.0,17.0,15.652475842498529,38.55571565768872,38.82295998790178,57.28001396647874,68.71842709362768,97.3664327282366,39.71839649845098,69.95355602112018,49.30742562963739,21.216089389413682,64.8344044470218,38.090535424024814,
15.652475842498529,15.652475842498529,15.652475842498529,15.652475842498529,15.652475842498529,15.652475842498529,15.652475842498529,15.652475842498529,15.652475842498529,16.38766473770914,16.38766473770914,17.0,20.645822822062577,33.36704961485207,68.71842709362768,30.856481474393537,30.856481474393537,39.228674319799396,46.86747272896204,39.228674319799396,97.3664327282366,67.15474666767793,72.91474473657574,16.38766473770914,
15.652475842498529,15.652475842498529,15.652475842498529,15.652475842498529,15.652475842498529,15.652475842498529,15.652475842498529,15.652475842498529,15.652475842498529,16.38766473770914,16.38766473770914,16.38766473770914,30.74052035728632,84.0,23.66901396810231,19.85971206400803,42.85440467443224,25.72469630530164,46.86747272896204,25.72469630530164,37.59654239421492,44.25180473406958,68.71842709362768,22.050447211388303,
15.652475842498529,15.652475842498529,15.652475842498529,15.652475842498529,15.652475842498529,15.652475842498529,15.652475842498529,15.652475842498529,15.652475842498529,16.38766473770914,16.38766473770914,16.38766473770914,97.3664327282366,15.652475842498529,40.55130285533753,46.72236714718909,16.38766473770914,15.652475842498529,69.95355602112018,35.11251755270318,91.32360045464699,30.74052035728632,74.01050976419198,44.20658573360108,
15.652475842498529,15.652475842498529,15.652475842498529,15.652475842498529,15.652475842498529,15.652475842498529,15.652475842498529,15.652475842498529,15.652475842498529,15.652475842498529,15.652475842498529,16.38766473770914,46.23159093087756,15.652475842498529,35.1988636180204,40.256124447785034,46.59995231280345,62.53127217640786,23.66901396810231,68.53466276272175,45.296357469447805,35.33765696816924,50.75194577550697,23.66901396810231,
15.652475842498529,15.652475842498529,15.652475842498529,15.652475842498529,15.652475842498529,15.652475842498529,15.652475842498529,15.652475842498529,15.652475842498529,15.652475842498529,15.652475842498529,15.652475842498529,87.0,26.89795531262553,39.228674319799396,42.85440467443224,15.652475842498529,46.64586514037313,30.083012720154667,23.66901396810231,37.937082415787096,35.1988636180204,75.31349446798755,15.652475842498529,
15.652475842498529,15.652475842498529,15.652475842498529,15.652475842498529,15.652475842498529,15.652475842498529,15.652475842498529,15.652475842498529,15.652475842498529,15.652475842498529,15.652475842498529,15.652475842498529,15.652475842498529,30.083012720154667,30.36646915562611,15.652475842498529,71.91314205345223,15.652475842498529,15.652475842498529,23.66901396810231,67.15474666767793,32.59202356405628,97.3664327282366,84.0,
15.652475842498529,15.652475842498529,15.652475842498529,15.652475842498529,15.652475842498529,15.652475842498529,15.652475842498529,15.652475842498529,15.652475842498529,15.652475842498529,15.652475842498529,15.652475842498529,53.93848347886692,69.95355602112018,69.95355602112018,15.652475842498529,15.652475842498529,21.516960562234033,30.3953375241973,97.3664327282366,24.867813801484562,15.652475842498529,74.27314454094427,38.85228436012483,
15.652475842498529,15.652475842498529,15.652475842498529,15.652475842498529,15.652475842498529,15.652475842498529,15.652475842498529,15.652475842498529,15.652475842498529,15.652475842498529,15.652475842498529,15.652475842498529,57.62546205932774,26.983305309618736,46.86747272896204,56.46379370888924,72.68122178389683,15.652475842498529,82.04199466668817,35.11251755270318,15.652475842498529,30.630866784993206,15.652475842498529,15.652475842498529,
15.652475842498529,15.652475842498529,15.652475842498529,15.652475842498529,15.652475842498529,15.652475842498529,15.652475842498529,15.652475842498529,15.652475842498529,15.652475842498529,15.652475842498529,15.652475842498529,69.95355602112018,24.758029000710053,66.90709977274459,15.652475842498529,91.35644476444998,76.57349410860131,46.071200934592056,41.24991582482995,53.07070755134135,34.802873444587874,31.709619991415853,20.591260281974,
15.652475842498529,15.652475842498529,15.652475842498529,15.652475842498529,15.652475842498529,15.652475842498529,15.652475842498529,15.652475842498529,15.652475842498529,15.652475842498529,15.652475842498529,15.652475842498529,88.78938875538876,68.71842709362768,30.856481474393537,72.96410076195005,62.13340486405039,35.11251755270318,68.71842709362768,91.31538753134654,72.22021877563097,15.652475842498529,29.94060787626063,35.11251755270318,
15.652475842498529,15.652475842498529,15.652475842498529,15.652475842498529,15.652475842498529,15.652475842498529,15.652475842498529,15.652475842498529,15.652475842498529,15.652475842498529,15.652475842498529,15.652475842498529,37.29557614516767,14.300349646075091,38.85228436012483,69.95355602112018,37.29557614516767,19.126858986615588,23.66901396810231,30.856481474393537,67.28215877102107,84.0,15.652475842498529,35.11251755270318,
14.300349646075091,15.652475842498529,15.652475842498529,15.652475842498529,15.652475842498529,15.652475842498529,15.652475842498529,15.652475842498529,15.652475842498529,15.652475842498529,15.652475842498529,15.652475842498529,30.630866784993206,26.89795531262553,29.94060787626063,15.652475842498529,15.652475842498529,72.23918604192603,23.66901396810231,30.856481474393537,84.0,72.91474473657574,20.73644135332772,29.437315698880486,
14.300349646075091,15.652475842498529,15.652475842498529,15.652475842498529,15.652475842498529,15.652475842498529,15.652475842498529,15.652475842498529,15.652475842498529,15.652475842498529,15.652475842498529,15.652475842498529,15.652475842498529,15.652475842498529,24.094720491334932,22.990432792794483,61.45639827462141,15.652475842498529,37.818278943154226,22.050447211388303,84.0,97.3664327282366,29.94060787626063,36.78912882904405,
14.300349646075091,15.652475842498529,15.652475842498529,15.652475842498529,15.652475842498529,15.652475842498529,15.652475842498529,15.652475842498529,15.652475842498529,15.652475842498529,15.652475842498529,15.652475842498529,15.652475842498529,68.8662149065531,64.71132478597201,46.86747272896204,22.990432792794483,15.652475842498529,15.652475842498529,15.652475842498529,15.652475842498529,15.652475842498529,15.652475842498529,15.652475842498529,
14.300349646075091,15.652475842498529,15.652475842498529,15.652475842498529,15.652475842498529,15.652475842498529,15.652475842498529,15.652475842498529,15.652475842498529,15.652475842498529,15.652475842498529,15.652475842498529,15.652475842498529,15.652475842498529,15.652475842498529,30.856481474393537,22.990432792794483,15.652475842498529,34.60152173131189,28.842484097055316,37.775383410850175,23.66901396810231,14.300349646075091,15.652475842498529,
14.300349646075091,14.300349646075091,15.652475842498529,15.652475842498529,15.652475842498529,15.652475842498529,15.652475842498529,15.652475842498529,15.652475842498529,15.652475842498529,15.652475842498529,15.652475842498529,41.7079795189788,37.950259843935484,14.300349646075091,38.33099667530768,88.78938875538876,68.71842709362768,15.652475842498529,21.16732282447536,15.652475842498529,15.652475842498529,35.11251755270318,15.652475842498529,
14.300349646075091,14.300349646075091,14.300349646075091,15.652475842498529,15.652475842498529,15.652475842498529,15.652475842498529,15.652475842498529,15.652475842498529,15.652475842498529,15.652475842498529,15.652475842498529,26.7761087538873,41.23494861951838,15.652475842498529,41.7079795189788,73.18305814872728,15.652475842498529,15.652475842498529,22.990432792794483,76.57349410860131,73.0,15.652475842498529,15.652475842498529,
14.300349646075091,14.300349646075091,14.300349646075091,15.652475842498529,15.652475842498529,15.652475842498529,15.652475842498529,15.652475842498529,15.652475842498529,15.652475842498529,15.652475842498529,15.652475842498529,15.652475842498529,29.782337959283645,23.66901396810231,73.0,44.339598554790726,42.15169548308543,22.990432792794483,68.8662149065531,15.652475842498529,24.867813801484562,30.630866784993206,33.991011883862605,
14.300349646075091,14.300349646075091,14.300349646075091,15.652475842498529,15.652475842498529,15.652475842498529,15.652475842498529,15.652475842498529,15.652475842498529,15.652475842498529,15.652475842498529,15.652475842498529,69.95355602112018,77.00360741910444,22.050447211388303,54.33691194758863,37.79182745280019,41.24991582482995,28.86936092122581,47.12218161333365,53.791263231123324,73.0,29.437315698880486,27.92626976898054,
14.300349646075091,14.300349646075091,14.300349646075091,15.652475842498529,15.652475842498529,15.652475842498529,15.652475842498529,15.652475842498529,15.652475842498529,15.652475842498529,15.652475842498529,15.652475842498529,90.0,22.990432792794483,29.352189363115034,14.300349646075091,35.1988636180204,31.320280969365523,73.0,15.652475842498529,42.85440467443224,15.652475842498529,27.289086002943247,15.652475842498529,
14.300349646075091,14.300349646075091,14.300349646075091,14.300349646075091,15.652475842498529,15.652475842498529,15.652475842498529,15.652475842498529,15.652475842498529,15.652475842498529,15.652475842498529,15.652475842498529,28.394541729001368,84.0,22.579636843846714,68.71842709362768,14.300349646075091,72.96410076195005,14.300349646075091,42.555845661906424,97.3664327282366,15.652475842498529,51.223909347968444,42.85440467443224,
14.300349646075091,14.300349646075091,14.300349646075091,14.300349646075091,14.300349646075091,14.300349646075091,15.652475842498529,15.652475842498529,15.652475842498529,15.652475842498529,15.652475842498529,15.652475842498529,68.72408602520662,35.11251755270318,39.228674319799396,29.643717715563277,36.8,36.92560087527351,15.652475842498529,20.29504591985169,15.652475842498529,33.33706645762341,68.78388054059049,27.375757501216878,
14.300349646075091,14.300349646075091,14.300349646075091,14.300349646075091,14.300349646075091,14.300349646075091,15.652475842498529,15.652475842498529,15.652475842498529,15.652475842498529,15.652475842498529,15.652475842498529,56.20942981386664,35.1988636180204,57.510278201078386,30.41347714150315,38.85228436012483,36.78912882904405,55.5357742560795,39.228674319799396,30.361764354099673,23.119256043393783,72.91474473657574,29.589788028229528,
14.300349646075091,14.300349646075091,14.300349646075091,14.300349646075091,14.300349646075091,14.300349646075091,15.652475842498529,15.652475842498529,15.652475842498529,15.652475842498529,15.652475842498529,15.652475842498529,14.300349646075091,31.693847983480957,35.11251755270318,38.85228436012483,39.228674319799396,14.300349646075091,73.631213188128,30.504098085339287,15.652475842498529,97.3664327282366,14.300349646075091,34.53339768333773,
14.300349646075091,14.300349646075091,14.300349646075091,14.300349646075091,14.300349646075091,14.300349646075091,14.300349646075091,14.300349646075091,14.300349646075091,15.652475842498529,15.652475842498529,15.652475842498529,76.57349410860131,14.300349646075091,19.075871903765993,84.0,73.08734500582163,14.300349646075091,41.7079795189788,39.71839649845098,35.1988636180204,48.65068230650921,53.791263231123324,73.0,
14.300349646075091,14.300349646075091,14.300349646075091,14.300349646075091,14.300349646075091,14.300349646075091,14.300349646075091,14.300349646075091,14.300349646075091,14.300349646075091,14.300349646075091,15.652475842498529,19.685019685029527,38.37499185667666,84.0,14.300349646075091,46.59995231280345,22.990432792794483,26.855580839412543,67.15474666767793,41.7079795189788,38.4,20.29504591985169,9.99999999E8,
14.300349646075091,14.300349646075091,14.300349646075091,14.300349646075091,14.300349646075091,14.300349646075091,14.300349646075091,14.300349646075091,14.300349646075091,14.300349646075091,14.300349646075091,14.300349646075091,39.228674319799396,32.53674845463203,67.28215877102107,14.300349646075091,33.875589375766666,22.990432792794483,89.11540582612837,23.66901396810231,37.828397459064895,73.0,15.548311805466213,70.47382492812491,
14.300349646075091,14.300349646075091,14.300349646075091,14.300349646075091,14.300349646075091,14.300349646075091,14.300349646075091,14.300349646075091,14.300349646075091,14.300349646075091,14.300349646075091,14.300349646075091,73.0,14.300349646075091,73.0,64.10538198934626,14.300349646075091,59.227433583508315,73.0,14.300349646075091,39.228674319799396,23.199616855073756,97.3664327282366,45.94078314042498,
14.300349646075091,14.300349646075091,14.300349646075091,14.300349646075091,14.300349646075091,14.300349646075091,14.300349646075091,14.300349646075091,14.300349646075091,14.300349646075091,14.300349646075091,14.300349646075091,14.300349646075091,29.83013132210245,68.53466276272175,30.306764921383476,56.491285222788555,30.647435555400865,51.56064390598706,14.300349646075091,32.710349159688896,14.300349646075091,26.855580839412543,48.17560470703911,
14.300349646075091,14.300349646075091,14.300349646075091,14.300349646075091,14.300349646075091,14.300349646075091,14.300349646075091,14.300349646075091,14.300349646075091,14.300349646075091,14.300349646075091,14.300349646075091,69.78180278554001,14.300349646075091,14.300349646075091,14.300349646075091,97.3664327282366,44.71856437767205,35.11251755270318,14.300349646075091,23.66901396810231,78.70806820142391,49.07137658554119,39.228674319799396,
14.300349646075091,14.300349646075091,14.300349646075091,14.300349646075091,14.300349646075091,14.300349646075091,14.300349646075091,14.300349646075091,14.300349646075091,14.300349646075091,14.300349646075091,14.300349646075091,22.990432792794483,14.239030865898142,14.300349646075091,28.131121556027587,42.20142177699704,14.300349646075091,22.050447211388303,67.28215877102107,14.300349646075091,88.78938875538876,14.300349646075091,30.361764354099673,
14.239030865898142,14.300349646075091,14.300349646075091,14.300349646075091,14.300349646075091,14.300349646075091,14.300349646075091,14.300349646075091,14.300349646075091,14.300349646075091,14.300349646075091,14.300349646075091,63.054650017971625,65.96787096761574,14.300349646075091,27.753378172755834,45.04318915095699,29.83013132210245,26.75518641310503,53.93848347886692,66.90709977274459,39.260157921231034,14.300349646075091,73.0,
14.239030865898142,14.300349646075091,14.300349646075091,14.300349646075091,14.300349646075091,14.300349646075091,14.300349646075091,14.300349646075091,14.300349646075091,14.300349646075091,14.300349646075091,14.300349646075091,14.300349646075091,43.19533232530892,68.77903427321117,14.300349646075091,36.372517097391,28.370563774604282,62.23632379888773,56.09539978956403,27.174252519618637,67.42521783427918,14.300349646075091,28.10249099279279,
14.239030865898142,14.300349646075091,14.300349646075091,14.300349646075091,14.300349646075091,14.300349646075091,14.300349646075091,14.300349646075091,14.300349646075091,14.300349646075091,14.300349646075091,14.300349646075091,43.744205965539656,67.42521783427918,37.846016800375715,73.0,30.624120145628307,38.85228436012483,14.300349646075091,49.08135686629634,14.300349646075091,39.228674319799396,39.228674319799396,47.165241439008874,
14.239030865898142,14.300349646075091,14.300349646075091,14.300349646075091,14.300349646075091,14.300349646075091,14.300349646075091,14.300349646075091,14.300349646075091,14.300349646075091,14.300349646075091,14.300349646075091,33.36704961485207,14.300349646075091,51.47572243300719,45.30881690012319,14.300349646075091,14.300349646075091,35.63705936241092,45.30881690012319,14.300349646075091,59.227433583508315,26.855580839412543,14.300349646075091,
14.239030865898142,14.300349646075091,14.300349646075091,14.300349646075091,14.300349646075091,14.300349646075091,14.300349646075091,14.300349646075091,14.300349646075091,14.300349646075091,14.300349646075091,14.300349646075091,30.170349683091178,67.15474666767793,32.91868770166879,36.861435567524566,52.50295229794226,17.0,51.04272719986658,15.652475842498529,73.0,84.0,14.300349646075091,14.300349646075091,
14.239030865898142,14.300349646075091,14.300349646075091,14.300349646075091,14.300349646075091,14.300349646075091,14.300349646075091,14.300349646075091,14.300349646075091,14.300349646075091,14.300349646075091,14.300349646075091,19.075871903765993,73.0,14.300349646075091,22.990432792794483,14.239030865898142,22.990432792794483,73.0,15.652475842498529,73.631213188128,19.235384061671343,73.0,14.300349646075091,
14.239030865898142,14.239030865898142,14.300349646075091,14.300349646075091,14.300349646075091,14.300349646075091,14.300349646075091,14.300349646075091,14.300349646075091,14.300349646075091,14.300349646075091,14.300349646075091,26.7761087538873,14.300349646075091,23.119256043393783,14.300349646075091,43.744205965539656,30.0638775724935,73.0,65.29548223269356,30.888872575404754,65.96787096761574,77.81066764910837,38.706071875094736,
14.239030865898142,14.239030865898142,14.300349646075091,14.300349646075091,14.300349646075091,14.300349646075091,14.300349646075091,14.300349646075091,14.300349646075091,14.300349646075091,14.300349646075091,14.300349646075091,68.53466276272175,37.846016800375715,27.269090666634334,19.126858986615588,64.0481069197209,48.75427767731499,28.627880738111852,29.57039335662118,68.53466276272175,79.90132803791326,73.0,14.239030865898142,
14.239030865898142,14.239030865898142,14.239030865898142,14.300349646075091,14.300349646075091,14.300349646075091,14.300349646075091,14.300349646075091,14.300349646075091,14.300349646075091,14.300349646075091,14.300349646075091,46.11299343206105,41.7079795189788,14.300349646075091,82.64112508645775,66.14952758712643,62.84283747749001,30.14133374620307,72.88182215065702,51.18159391378463,28.633701976672327,29.793528172870936,68.53466276272175,
14.239030865898142,14.239030865898142,14.239030865898142,14.300349646075091,14.300349646075091,14.300349646075091,14.300349646075091,14.300349646075091,14.300349646075091,14.300349646075091,14.300349646075091,14.300349646075091,30.14133374620307,28.09664548666452,43.744205965539656,40.119266637808266,14.300349646075091,15.923285477820313,28.842484097055316,14.300349646075091,79.1549114079474,16.78645656375824,14.239030865898142,21.24199195513976,
14.239030865898142,14.239030865898142,14.239030865898142,14.239030865898142,14.300349646075091,14.300349646075091,14.300349646075091,14.300349646075091,14.300349646075091,14.300349646075091,14.300349646075091,14.300349646075091,14.239030865898142,25.087048451342376,97.3664327282366,14.300349646075091,49.67549014340628,16.98029971797897,25.087048451342376,45.30881690012319,37.846016800375715,55.154328932550705,43.744205965539656,73.0,
14.239030865898142,14.239030865898142,14.239030865898142,14.239030865898142,14.239030865898142,14.300349646075091,14.300349646075091,14.300349646075091,14.300349646075091,14.300349646075091,14.300349646075091,14.300349646075091,40.38823933452918,64.98375865467378,50.014997750674745,30.41347714150315,14.300349646075091,14.300349646075091,37.61943941929787,74.27314454094427,28.225766199538686,15.652475842498529,38.14430041724435,97.3664327282366,
14.239030865898142,14.239030865898142,14.239030865898142,14.239030865898142,14.239030865898142,14.300349646075091,14.300349646075091,14.300349646075091,14.300349646075091,14.300349646075091,14.300349646075091,14.300349646075091,39.71839649845098,14.239030865898142,14.300349646075091,43.744205965539656,73.0,85.54823200978498,68.53466276272175,38.808793449160355,17.35050431543706,24.65064544768867,39.414464350032716,42.85440467443224,
14.239030865898142,14.239030865898142,14.239030865898142,14.239030865898142,14.239030865898142,14.239030865898142,14.300349646075091,14.300349646075091,14.300349646075091,14.300349646075091,14.300349646075091,14.300349646075091,46.59995231280345,31.361616992881014,39.26525181378568,39.26259059726145,48.983262447493225,49.381733014907,64.10538198934626,14.300349646075091,28.042969943736455,97.3664327282366,14.239030865898142,24.192257152288395,
14.239030865898142,14.239030865898142,14.239030865898142,14.239030865898142,14.239030865898142,14.239030865898142,14.239030865898142,14.300349646075091,14.300349646075091,14.300349646075091,14.300349646075091,14.300349646075091,14.300349646075091,35.1988636180204,16.99673171197595,39.228674319799396,31.1688947510174,14.300349646075091,40.7621829095984,67.28215877102107,59.227433583508315,19.126858986615588,14.300349646075091,35.41412147717348,
14.239030865898142,14.239030865898142,14.239030865898142,14.239030865898142,14.239030865898142,14.239030865898142,14.239030865898142,14.300349646075091,14.300349646075091,14.300349646075091,14.300349646075091,14.300349646075091,14.300349646075091,16.190196076008217,34.25233163190825,65.07672081348855,73.0,14.239030865898142,27.596213878142112,62.23632379888773,14.300349646075091,26.058694433059294,12.076288117376032,13.92252616064619,
12.076288117376032,13.92252616064619,14.239030865898142,14.239030865898142,14.239030865898142,14.239030865898142,14.239030865898142,14.239030865898142,14.239030865898142,14.239030865898142,14.300349646075091,14.300349646075091,53.777318638995006,27.2437556556034,16.06545254364466,37.13152299596665,34.66266002487403,17.131841699011815,16.06545254364466,44.87204029236914,28.042969943736455,20.499322482029065,14.239030865898142,36.84636102775489,
12.076288117376032,13.92252616064619,14.239030865898142,14.239030865898142,14.239030865898142,14.239030865898142,14.239030865898142,14.239030865898142,14.239030865898142,14.239030865898142,14.239030865898142,14.300349646075091,69.95355602112018,15.877618380352223,22.110831935702667,14.239030865898142,33.05700276944002,69.78180278554001,14.239030865898142,39.26259059726145,14.239030865898142,14.239030865898142,14.300349646075091,59.227433583508315,
12.076288117376032,13.92252616064619,14.239030865898142,14.239030865898142,14.239030865898142,14.239030865898142,14.239030865898142,14.239030865898142,14.239030865898142,14.239030865898142,14.239030865898142,14.239030865898142,39.13868590913442,14.300349646075091,46.59995231280345,42.73359334294274,14.239030865898142,33.576182034293296,16.190196076008217,73.0,14.239030865898142,25.47983952504847,18.742073154335113,17.131841699011815,
12.076288117376032,13.92252616064619,14.239030865898142,14.239030865898142,14.239030865898142,14.239030865898142,14.239030865898142,14.239030865898142,14.239030865898142,14.239030865898142,14.239030865898142,14.239030865898142,33.875589375766666,14.300349646075091,36.85540649150842,68.23407425098468,36.84636102775489,16.99673171197595,38.4,65.0701348467912,18.614510468986285,48.95916665957459,24.156894575991252,19.028892911362416,
12.076288117376032,13.92252616064619,14.239030865898142,14.239030865898142,14.239030865898142,14.239030865898142,14.239030865898142,14.239030865898142,14.239030865898142,14.239030865898142,14.239030865898142,14.239030865898142,27.756227468179212,14.239030865898142,15.797183939176099,17.131841699011815,16.13955411715552,38.26957015697982,15.08085205701031,30.133038346638727,24.259018941416407,46.59995231280345,14.239030865898142,52.56676997992599,
12.076288117376032,13.92252616064619,14.239030865898142,14.239030865898142,14.239030865898142,14.239030865898142,14.239030865898142,14.239030865898142,14.239030865898142,14.239030865898142,14.239030865898142,14.239030865898142,21.944270787797056,63.80720962399155,14.239030865898142,15.14701616706842,33.52095346179244,45.722642093387385,13.92252616064619,26.324505538314195,48.95916665957459,39.26525181378568,30.340658456196294,25.021965658838607,
12.076288117376032,13.92252616064619,13.92252616064619,14.239030865898142,14.239030865898142,14.239030865898142,14.239030865898142,14.239030865898142,14.239030865898142,14.239030865898142,14.239030865898142,14.239030865898142,45.30881690012319,39.228674319799396,15.14701616706842,24.30966885829587,19.126858986615588,69.95355602112018,17.131841699011815,35.85582240027413,17.131841699011815,62.23632379888773,60.7730203297483,15.797183939176099,
12.076288117376032,13.92252616064619,13.92252616064619,14.239030865898142,14.239030865898142,14.239030865898142,14.239030865898142,14.239030865898142,14.239030865898142,14.239030865898142,14.239030865898142,14.239030865898142,28.225766199538686,14.300349646075091,14.300349646075091,15.949573313693659,40.16547405574156,14.239030865898142,14.239030865898142,91.31538753134654,28.572857107144642,56.99014426381,14.239030865898142,73.0,
12.076288117376032,13.92252616064619,13.92252616064619,14.239030865898142,14.239030865898142,14.239030865898142,14.239030865898142,14.239030865898142,14.239030865898142,14.239030865898142,14.239030865898142,14.239030865898142,36.84636102775489,17.131841699011815,17.334935823359714,15.668439615992398,97.3664327282366,34.99365021765457,15.797183939176099,13.729530217745982,43.744205965539656,69.95355602112018,27.517671090087223,14.300349646075091,
12.076288117376032,13.729530217745982,13.92252616064619,13.92252616064619,14.239030865898142,14.239030865898142,14.239030865898142,14.239030865898142,14.239030865898142,14.239030865898142,14.239030865898142,14.239030865898142,67.01906859659836,47.19639816765682,69.95355602112018,41.76421913552317,74.01013444116961,37.78557925981816,14.239030865898142,15.967051874473578,26.324505538314195,15.644487847162015,40.119266637808266,60.97999672023605,
12.076288117376032,13.729530217745982,13.92252616064619,13.92252616064619,14.239030865898142,14.239030865898142,14.239030865898142,14.239030865898142,14.239030865898142,14.239030865898142,14.239030865898142,14.239030865898142,17.64227876437735,37.78557925981816,12.076288117376032,32.73462319250911,14.300349646075091,16.125249413235544,42.90640977756121,14.300349646075091,26.855580839412543,16.99673171197595,16.911534525287763,23.879907872519105,
12.076288117376032,12.076288117376032,13.729530217745982,13.92252616064619,13.92252616064619,14.239030865898142,14.239030865898142,14.239030865898142,14.239030865898142,14.239030865898142,14.239030865898142,14.239030865898142,28.370563774604282,76.57349410860131,35.87255218129872,47.138094997570704,17.131841699011815,12.076288117376032,49.06628170138838,23.66901396810231,50.113471242770636,17.90372055960836,14.239030865898142,30.340658456196294,
12.076288117376032,12.076288117376032,12.076288117376032,13.729530217745982,13.92252616064619,13.92252616064619,14.239030865898142,14.239030865898142,14.239030865898142,14.239030865898142,14.239030865898142,14.239030865898142,23.66901396810231,21.944270787797056,76.57349410860131,15.14701616706842,14.239030865898142,65.0701348467912,51.71228093983092,39.26259059726145,16.98201663198128,18.742073154335113,14.239030865898142,43.744205965539656,
12.076288117376032,12.076288117376032,12.076288117376032,13.729530217745982,13.92252616064619,13.92252616064619,14.239030865898142,14.239030865898142,14.239030865898142,14.239030865898142,14.239030865898142,14.239030865898142,22.450835173774717,19.028892911362416,35.32473262027439,22.450835173774717,68.23407425098468,69.78180278554001,35.87255218129872,12.076288117376032,33.219806675469314,27.946012091830468,14.239030865898142,43.98818023060286,
12.076288117376032,12.076288117376032,12.076288117376032,12.076288117376032,13.729530217745982,13.92252616064619,13.92252616064619,14.239030865898142,14.239030865898142,14.239030865898142,14.239030865898142,14.239030865898142,46.59995231280345,11.382048164024052,13.729530217745982,54.88540938414604,73.22909257938404,34.25233163190825,46.59995231280345,43.744205965539656,57.17079674099356,73.0,14.760641693702768,37.78557925981816,
11.382048164024052,12.076288117376032,12.076288117376032,12.076288117376032,12.076288117376032,13.729530217745982,13.729530217745982,13.92252616064619,13.92252616064619,14.239030865898142,14.239030865898142,14.239030865898142,29.793528172870936,40.48730939717065,65.05037294595752,12.076288117376032,73.0,12.076288117376032,12.076288117376032,20.063787168816248,65.07672081348855,14.5,15.797183939176099,97.3664327282366,
11.382048164024052,12.076288117376032,12.076288117376032,12.076288117376032,12.076288117376032,12.076288117376032,12.076288117376032,12.076288117376032,13.729530217745982,13.729530217745982,13.92252616064619,13.92252616064619,66.7944608481871,30.02591473303612,90.84908120369492,50.01555313655499,43.744205965539656,14.239030865898142,15.668439615992398,69.95355602112018,12.076288117376032,17.131841699011815,39.31713029576138,44.62913846356436,
11.382048164024052,12.076288117376032,12.076288117376032,12.076288117376032,12.076288117376032,12.076288117376032,12.076288117376032,12.076288117376032,12.076288117376032,13.729530217745982,13.729530217745982,13.92252616064619,30.628784647445478,28.225766199538686,17.131841699011815,12.076288117376032,30.340658456196294,12.076288117376032,43.744205965539656,24.156894575991252,12.076288117376032,68.23407425098468,25.47983952504847,43.744205965539656,
11.382048164024052,12.076288117376032,12.076288117376032,12.076288117376032,12.076288117376032,12.076288117376032,12.076288117376032,12.076288117376032,12.076288117376032,12.076288117376032,12.076288117376032,12.076288117376032,17.853571071357123,26.7761087538873,25.104227178350307,26.064535292231856,12.076288117376032,12.076288117376032,14.239030865898142,14.577379737113251,12.076288117376032,12.076288117376032,69.95355602112018,12.076288117376032,
11.382048164024052,12.076288117376032,12.076288117376032,12.076288117376032,12.076288117376032,12.076288117376032,12.076288117376032,12.076288117376032,12.076288117376032,12.076288117376032,12.076288117376032,12.076288117376032,73.25953862808582,19.019726601610234,38.4,12.076288117376032,14.300349646075091,33.31306050185122,39.0070637245123,16.939502518141733,15.828946760778354,42.3497343557194,31.4350123270216,39.0070637245123,
11.382048164024052,12.076288117376032,12.076288117376032,12.076288117376032,12.076288117376032,12.076288117376032,12.076288117376032,12.076288117376032,12.076288117376032,12.076288117376032,12.076288117376032,12.076288117376032,68.23407425098468,17.698578175138465,34.25233163190825,36.84636102775489,12.076288117376032,40.48730939717065,73.0,69.78180278554001,30.340658456196294,40.1939741199543,36.84636102775489,25.47983952504847,
11.382048164024052,12.076288117376032,12.076288117376032,12.076288117376032,12.076288117376032,12.076288117376032,12.076288117376032,12.076288117376032,12.076288117376032,12.076288117376032,12.076288117376032,12.076288117376032,73.0,68.23407425098468,12.076288117376032,42.3497343557194,48.95916665957459,21.511624764298954,42.444080859408416,69.26008951770132,34.531263563114884,14.300349646075091,59.92128169523746,29.662041984561306,
11.382048164024052,12.076288117376032,12.076288117376032,12.076288117376032,12.076288117376032,12.076288117376032,12.076288117376032,12.076288117376032,12.076288117376032,12.076288117376032,12.076288117376032,12.076288117376032,15.797183939176099,12.076288117376032,73.25953862808582,17.511139311878026,17.735366076755877,12.076288117376032,65.0701348467912,66.7944608481871,25.09085531440017,33.219806675469314,40.7621829095984,16.458311974739427,
11.382048164024052,12.076288117376032,12.076288117376032,12.076288117376032,12.076288117376032,12.076288117376032,12.076288117376032,12.076288117376032,12.076288117376032,12.076288117376032,12.076288117376032,12.076288117376032,97.3664327282366,68.53466276272175,73.0,51.451163468110444,20.063787168816248,14.300349646075091,11.382048164024052,44.25390562724725,14.300349646075091,50.11746202672278,65.07672081348855,15.923285477820313,
11.382048164024052,11.382048164024052,12.076288117376032,12.076288117376032,12.076288117376032,12.076288117376032,12.076288117376032,12.076288117376032,12.076288117376032,12.076288117376032,12.076288117376032,12.076288117376032,35.87255218129872,12.076288117376032,12.076288117376032,15.797183939176099,12.076288117376032,12.076288117376032,11.685698761972068,24.14659088235168,43.98818023060286,12.076288117376032,34.46969683649684,52.69923980991766,
11.382048164024052,11.382048164024052,11.685698761972068,12.076288117376032,12.076288117376032,12.076288117376032,12.076288117376032,12.076288117376032,12.076288117376032,12.076288117376032,12.076288117376032,12.076288117376032,42.62604358648284,10.881551510024025,40.48730939717065,31.5387678508692,69.95355602112018,18.243903091169937,14.239030865898142,12.076288117376032,22.881336402307348,40.91454509095757,23.66901396810231,12.076288117376032,
10.881551510024025,11.382048164024052,11.382048164024052,11.685698761972068,12.076288117376032,12.076288117376032,12.076288117376032,12.076288117376032,12.076288117376032,12.076288117376032,12.076288117376032,12.076288117376032,18.856180831641264,36.796738985948195,69.95355602112018,43.98818023060286,29.75340831102294,84.0,48.60617244754003,12.076288117376032,39.228674319799396,45.853631868757745,37.36440505925524,26.3288791357173,
10.881551510024025,11.382048164024052,11.382048164024052,11.685698761972068,12.076288117376032,12.076288117376032,12.076288117376032,12.076288117376032,12.076288117376032,12.076288117376032,12.076288117376032,12.076288117376032,12.076288117376032,97.3664327282366,32.019764304604884,40.48730939717065,41.7079795189788,46.59995231280345,68.23407425098468,19.157244060668017,10.881551510024025,39.26525181378568,15.305227865013967,14.5,
10.881551510024025,10.881551510024025,11.382048164024052,11.382048164024052,11.685698761972068,12.076288117376032,12.076288117376032,12.076288117376032,12.076288117376032,12.076288117376032,12.076288117376032,12.076288117376032,69.1102179292051,42.2558345741219,14.642682925792872,47.28382387244077,51.528848446498614,42.3433583930231,11.382048164024052,46.72236714718909,12.076288117376032,44.62913846356436,42.68676609910851,67.15474666767793,
10.881551510024025,10.881551510024025,11.382048164024052,11.382048164024052,11.382048164024052,11.685698761972068,12.076288117376032,12.076288117376032,12.076288117376032,12.076288117376032,12.076288117376032,12.076288117376032,42.3497343557194,47.42098691507801,46.34112644293403,31.320280969365523,21.216089389413682,15.305227865013967,69.95355602112018,16.62958838566196,43.56328729561165,13.729530217745982,41.83897704294406,39.040491800181,
10.881551510024025,10.881551510024025,11.382048164024052,11.382048164024052,11.382048164024052,11.685698761972068,12.076288117376032,12.076288117376032,12.076288117376032,12.076288117376032,12.076288117376032,12.076288117376032,24.84395745895211,15.679181569644431,97.3664327282366,102.0,16.87865186822955,44.58200932613464,77.48225603323641,12.076288117376032,12.076288117376032,44.64178411408856,16.91445433444717,48.17634274205546,
10.881551510024025,10.881551510024025,11.382048164024052,11.382048164024052,11.382048164024052,11.685698761972068,12.076288117376032,12.076288117376032,12.076288117376032,12.076288117376032,12.076288117376032,12.076288117376032,14.654350889752845,36.85540649150842,21.53023502909718,27.826623719997382,17.511139311878026,26.511129738281618,26.442810407031665,102.0,58.669924151987786,53.086344760211176,44.339598554790726,31.320280969365523,
10.881551510024025,10.881551510024025,11.382048164024052,11.382048164024052,11.382048164024052,11.685698761972068,12.076288117376032,12.076288117376032,12.076288117376032,12.076288117376032,12.076288117376032,12.076288117376032,24.71816446099887,62.25752966509352,33.481338085566414,48.60617244754003,40.7621829095984,68.80326219656223,65.80948935289567,12.076288117376032,97.3664327282366,20.919847035769646,36.97146046464609,73.0,
10.881551510024025,10.881551510024025,11.382048164024052,11.382048164024052,11.382048164024052,11.685698761972068,12.076288117376032,12.076288117376032,12.076288117376032,12.076288117376032,12.076288117376032,12.076288117376032,19.430672155336346,77.00360741910444,11.685698761972068,15.797183939176099,19.019726601610234,12.076288117376032,15.797183939176099,24.156894575991252,19.809294870471945,16.911534525287763,33.69718089098849,26.064535292231856,
10.881551510024025,10.881551510024025,11.382048164024052,11.382048164024052,11.382048164024052,11.685698761972068,11.685698761972068,12.076288117376032,12.076288117376032,12.076288117376032,12.076288117376032,12.076288117376032,12.076288117376032,73.0,53.80854950656075,69.95355602112018,53.086344760211176,44.036600938562714,65.07672081348855,67.28215877102107,33.36704961485207,36.84636102775489,42.3497343557194,82.04199466668817,
10.881551510024025,10.881551510024025,11.382048164024052,11.382048164024052,11.382048164024052,11.685698761972068,11.685698761972068,12.076288117376032,12.076288117376032,12.076288117376032,12.076288117376032,12.076288117376032,12.076288117376032,65.80948935289567,39.228674319799396,38.50649295898031,69.75213258388591,40.119266637808266,64.98375865467378,12.076288117376032,26.7761087538873,36.78994427829431,17.304334717058612,15.797183939176099,
10.881551510024025,10.881551510024025,11.382048164024052,11.382048164024052,11.382048164024052,11.685698761972068,11.685698761972068,12.076288117376032,12.076288117376032,12.076288117376032,12.076288117376032,12.076288117376032,17.559071377903816,37.89752263964259,12.076288117376032,24.569086267095894,71.92511537858124,77.48225603323641,68.53466276272175,24.259018941416407,40.48730939717065,25.47983952504847,33.58943286213687,38.22302970723278,
10.881551510024025,10.881551510024025,11.382048164024052,11.382048164024052,11.382048164024052,11.685698761972068,11.685698761972068,12.076288117376032,12.076288117376032,12.076288117376032,12.076288117376032,12.076288117376032,50.060950504680775,68.23407425098468,33.89526351702976,11.382048164024052,56.91709370264399,64.98375865467378,28.440972010268723,33.219806675469314,13.919410907075054,16.907884054779785,102.0,48.35866003106372,
10.881551510024025,10.881551510024025,11.382048164024052,11.382048164024052,11.382048164024052,11.382048164024052,11.685698761972068,11.685698761972068,12.076288117376032,12.076288117376032,12.076288117376032,12.076288117376032,43.744205965539656,15.828946760778354,11.685698761972068,29.12254193884167,26.7761087538873,13.919410907075054,33.91345527927805,12.076288117376032,18.856180831641264,15.772299518420432,13.92252616064619,14.642682925792872,
10.881551510024025,10.881551510024025,11.382048164024052,11.382048164024052,11.382048164024052,11.382048164024052,11.685698761972068,11.685698761972068,11.685698761972068,12.076288117376032,12.076288117376032,12.076288117376032,14.65243589138067,52.995690484005806,97.3664327282366,48.17634274205546,16.72572868367773,27.219274216791465,16.353351300740535,23.17412350014559,16.911534525287763,27.596213878142112,14.5,14.5,
10.881551510024025,10.881551510024025,11.382048164024052,11.382048164024052,11.382048164024052,11.382048164024052,11.685698761972068,11.685698761972068,11.685698761972068,12.076288117376032,12.076288117376032,12.076288117376032,76.57349410860131,29.450976214719944,23.06726610225188,77.81066764910837,73.25953862808582,26.442810407031665,15.679181569644431,38.4,11.685698761972068,15.305227865013967,16.119553343687908,17.511139311878026,
10.881551510024025,10.881551510024025,11.382048164024052,11.382048164024052,11.382048164024052,11.382048164024052,11.685698761972068,11.685698761972068,11.685698761972068,11.685698761972068,12.076288117376032,12.076288117376032,62.25752966509352,20.988091861815356,42.62604358648284,77.48225603323641,41.83897704294406,16.06362350156402,24.259018941416407,48.60617244754003,39.228674319799396,16.01998751560063,14.882876066137216,39.040491800181,
10.881551510024025,10.881551510024025,11.382048164024052,11.382048164024052,11.382048164024052,11.382048164024052,11.685698761972068,11.685698761972068,11.685698761972068,11.685698761972068,12.076288117376032,12.076288117376032,24.84395745895211,82.04199466668817,50.57887130237509,51.142502437361784,11.382048164024052,22.561028345356956,61.88295403420881,14.642682925792872,99.0,39.0070637245123,40.7621829095984,23.66901396810231,
10.881551510024025,10.881551510024025,11.382048164024052,11.382048164024052,11.382048164024052,11.382048164024052,11.382048164024052,11.685698761972068,11.685698761972068,11.685698761972068,11.685698761972068,12.076288117376032,67.07726887701973,17.64227876437735,44.00631267847325,28.440972010268723,17.233687939614086,38.85228436012483,42.924352062669506,39.228674319799396,37.29557614516767,25.104227178350307,27.752877728664867,30.02591473303612,
10.881551510024025,10.881551510024025,11.382048164024052,11.382048164024052,11.382048164024052,11.382048164024052,11.382048164024052,11.685698761972068,11.685698761972068,11.685698761972068,11.685698761972068,12.076288117376032,50.653331578485535,56.17174829148946,16.326151104180777,73.25953862808582,30.02591473303612,65.80948935289567,73.25953862808582,15.797183939176099,15.212892518039824,11.685698761972068,91.32360045464699,29.068532674298073,
10.881551510024025,10.881551510024025,11.382048164024052,11.382048164024052,11.382048164024052,11.382048164024052,11.382048164024052,11.685698761972068,11.685698761972068,11.685698761972068,11.685698761972068,11.685698761972068,29.266021253323792,17.310526305911505,69.95355602112018,26.48112535373072,73.18305814872728,73.25953862808582,68.23407425098468,64.7443953921409,15.797183939176099,17.131841699011815,69.78180278554001,11.685698761972068,
10.881551510024025,10.881551510024025,11.382048164024052,11.382048164024052,11.382048164024052,11.382048164024052,11.382048164024052,11.685698761972068,11.685698761972068,11.685698761972068,11.685698761972068,11.685698761972068,10.881551510024025,39.71839649845098,26.59365003571759,17.131841699011815,38.23283928771181,16.243152403397563,11.685698761972068,41.95500235040183,11.685698761972068,31.531571480026173,11.382048164024052,55.339859052946636,
10.881551510024025,10.881551510024025,10.881551510024025,11.382048164024052,11.382048164024052,11.382048164024052,11.382048164024052,11.382048164024052,11.382048164024052,11.685698761972068,11.685698761972068,11.685698761972068,69.95355602112018,73.0,11.382048164024052,16.119553343687908,15.781001235663089,85.33203124006575,19.019726601610234,35.6121078036982,49.677851089684715,17.10912686907845,24.84395745895211,73.0,
10.881551510024025,10.881551510024025,10.881551510024025,11.382048164024052,11.382048164024052,11.382048164024052,11.382048164024052,11.382048164024052,11.382048164024052,11.382048164024052,11.685698761972068,11.685698761972068,39.040491800181,73.0,25.00719896349849,29.65168160867478,18.33030277982336,26.54882294942659,17.131841699011815,19.685019685029527,16.804430632689968,17.64227876437735,42.281911025874884,66.46803743153546,
10.881551510024025,10.881551510024025,10.881551510024025,11.382048164024052,11.382048164024052,11.382048164024052,11.382048164024052,11.382048164024052,11.382048164024052,11.382048164024052,11.685698761972068,11.685698761972068,11.382048164024052,11.382048164024052,53.07070755134135,14.974979131871937,25.104227178350307,34.48535441925293,58.669924151987786,11.685698761972068,11.382048164024052,30.306764921383476,13.729530217745982,15.21694961401777,
10.881551510024025,10.881551510024025,10.881551510024025,11.382048164024052,11.382048164024052,11.382048164024052,11.382048164024052,11.382048164024052,11.382048164024052,11.382048164024052,11.382048164024052,11.382048164024052,24.085239575974715,14.958275301651591,37.19227481779581,11.382048164024052,39.98610869900807,16.62958838566196,46.53548130629104,56.46599120944665,26.442810407031665,11.382048164024052,62.25752966509352,25.00719896349849,
10.881551510024025,10.881551510024025,10.881551510024025,11.382048164024052,11.382048164024052,11.382048164024052,11.382048164024052,11.382048164024052,11.382048164024052,11.382048164024052,11.382048164024052,11.382048164024052,35.16451634640441,42.85440467443224,48.95916665957459,16.468450945465694,13.729530217745982,16.264784347680212,22.798026230355994,15.679181569644431,14.974979131871937,45.36694832143771,15.797183939176099,37.52628708281999,
10.881551510024025,10.881551510024025,10.881551510024025,11.382048164024052,11.382048164024052,11.382048164024052,11.382048164024052,11.382048164024052,11.382048164024052,11.382048164024052,11.382048164024052,11.382048164024052,10.881551510024025,10.881551510024025,36.770895629996545,25.623426780975255,16.353592877407703,24.86159217411666,88.78938875538876,16.72572868367773,15.430449294563614,73.18305814872728,66.00378777009695,10.881551510024025,
10.881551510024025,10.881551510024025,10.881551510024025,10.881551510024025,10.881551510024025,10.881551510024025,11.382048164024052,11.382048164024052,11.382048164024052,11.382048164024052,11.382048164024052,11.382048164024052,34.34465832637669,68.23407425098468,68.77903427321117,10.881551510024025,30.049292836937113,29.476921292578858,46.00173909756021,15.117645645951065,12.076288117376032,49.771701017970265,49.87205853202996,72.22021877563097,
10.881551510024025,10.881551510024025,10.881551510024025,10.881551510024025,10.881551510024025,10.881551510024025,10.881551510024025,11.382048164024052,11.382048164024052,11.382048164024052,11.382048164024052,11.382048164024052,19.15692183835878,99.0028057963791,11.382048164024052,77.48225603323641,16.414386944550568,97.3664327282366,10.881551510024025,39.228674319799396,10.881551510024025,32.53757639331824,10.881551510024025,11.382048164024052,
10.881551510024025,10.881551510024025,10.881551510024025,10.881551510024025,10.881551510024025,10.881551510024025,10.881551510024025,10.881551510024025,10.881551510024025,10.881551510024025,11.382048164024052,11.382048164024052,56.54987965406195,70.14969416780613,47.12218161333365,30.08691114458615,68.37803415977645,53.781967238099426,68.77903427321117,26.442810407031665,13.729530217745982,26.442810407031665,62.41602358369204,91.35644476444998,
10.881551510024025,10.881551510024025,10.881551510024025,10.881551510024025,10.881551510024025,10.881551510024025,10.881551510024025,10.881551510024025,10.881551510024025,10.881551510024025,11.382048164024052,11.382048164024052,40.7621829095984,69.78180278554001,49.771701017970265,44.62913846356436,19.249819623974545,10.881551510024025,36.97146046464609,22.37213437949573,22.44630781874555,51.145251340607146,17.07639615917609,33.166247903554,
10.881551510024025,10.881551510024025,10.881551510024025,10.881551510024025,10.881551510024025,10.881551510024025,10.881551510024025,10.881551510024025,10.881551510024025,10.881551510024025,10.881551510024025,11.382048164024052,56.966851959909306,16.78645656375824,28.686039965266882,51.70094442387864,16.948451256678293,14.5,69.95355602112018,17.633682132842537,13.369741957120938,76.57349410860131,30.049292836937113,10.881551510024025,
10.881551510024025,10.881551510024025,10.881551510024025,10.881551510024025,10.881551510024025,10.881551510024025,10.881551510024025,10.881551510024025,10.881551510024025,10.881551510024025,10.881551510024025,10.881551510024025,10.881551510024025,43.217589011882644,46.486557196677836,10.881551510024025,16.106896000329552,16.948451256678293,52.20881151683114,68.37803415977645,56.43186649009189,14.370107863199914,61.091916177365256,42.68676609910851,
10.881551510024025,10.881551510024025,10.881551510024025,10.881551510024025,10.881551510024025,10.881551510024025,10.881551510024025,10.881551510024025,10.881551510024025,10.881551510024025,10.881551510024025,10.881551510024025,10.881551510024025,42.3433583930231,28.686039965266882,14.577379737113251,15.319721849662299,14.053469322555197,10.881551510024025,74.92329410804092,40.40420770167385,69.95355602112018,14.577379737113251,69.78180278554001,
10.881551510024025,10.881551510024025,10.881551510024025,10.881551510024025,10.881551510024025,10.881551510024025,10.881551510024025,10.881551510024025,10.881551510024025,10.881551510024025,10.881551510024025,10.881551510024025,10.881551510024025,16.688690682441653,14.654350889752845,38.44605006281008,18.96936305451181,17.9965703179766,19.028892911362416,88.78938875538876,14.053469322555197,24.259018941416407,10.881551510024025,64.52131430775415,
10.881551510024025,10.881551510024025,10.881551510024025,10.881551510024025,10.881551510024025,10.881551510024025,10.881551510024025,10.881551510024025,10.881551510024025,10.881551510024025,10.881551510024025,10.881551510024025,10.881551510024025,41.83897704294406,49.771701017970265,10.881551510024025,63.018727375281074,52.49533312590749,47.12218161333365,31.1688947510174,10.881551510024025,23.69103851928929,40.25321089868883,69.78180278554001,
10.881551510024025,10.881551510024025,10.881551510024025,10.881551510024025,10.881551510024025,10.881551510024025,10.881551510024025,10.881551510024025,10.881551510024025,10.881551510024025,10.881551510024025,10.881551510024025,22.77154386238542,15.923285477820313,14.370107863199914,10.881551510024025,97.3664327282366,69.78180278554001,42.7070121746873,30.479166521359055,47.968527096803115,17.494443562330172,24.259018941416407,10.881551510024025,
10.881551510024025,10.881551510024025,10.881551510024025,10.881551510024025,10.881551510024025,10.881551510024025,10.881551510024025,10.881551510024025,10.881551510024025,10.881551510024025,10.881551510024025,10.881551510024025,14.882876066137216,62.41602358369204,26.583714517557933,26.442810407031665,18.235767323492126,20.988091861815356,62.72941568225177,25.67099530598687,24.84395745895211,43.217589011882644,17.88966181905069,38.98508348963585,
10.881551510024025,10.881551510024025,10.881551510024025,10.881551510024025,10.881551510024025,10.881551510024025,10.881551510024025,10.881551510024025,10.881551510024025,10.881551510024025,10.881551510024025,10.881551510024025,14.053469322555197,44.10089442277661,26.751448558909846,47.12218161333365,25.94010194445829,13.369741957120938,10.881551510024025,69.95355602112018,44.458470009161985,15.923285477820313,10.881551510024025,10.881551510024025,
10.881551510024025,10.881551510024025,10.881551510024025,10.881551510024025,10.881551510024025,10.881551510024025,10.881551510024025,10.881551510024025,10.881551510024025,10.881551510024025,10.881551510024025,10.881551510024025,69.95355602112018,62.41602358369204,58.669924151987786,16.507574019219177,42.281911025874884,17.310526305911505,38.069016273079605,10.881551510024025,76.73692432952701,85.2441200318239,84.31785101625871,29.559262507714905,
10.881551510024025,10.881551510024025,10.881551510024025,10.881551510024025,10.881551510024025,10.881551510024025,10.881551510024025,10.881551510024025,10.881551510024025,10.881551510024025,10.881551510024025,10.881551510024025,25.317187837514656,29.444184485225602,28.80779215574996,25.75393768188564,24.84395745895211,22.44630781874555,49.771701017970265,99.0,43.43546937699649,10.881551510024025,14.908051515875574,38.98508348963585,
10.881551510024025,10.881551510024025,10.881551510024025,10.881551510024025,10.881551510024025,10.881551510024025,10.881551510024025,10.881551510024025,10.881551510024025,10.881551510024025,10.881551510024025,10.881551510024025,68.77903427321117,41.08235631022154,16.948451256678293,62.41602358369204,15.319721849662299,41.7079795189788,14.439529078193651,99.0,12.076288117376032,44.019995456610395,10.881551510024025,16.78645656375824,
10.881551510024025,10.881551510024025,10.881551510024025,10.881551510024025,10.881551510024025,10.881551510024025,10.881551510024025,10.881551510024025,10.881551510024025,10.881551510024025,10.881551510024025,10.881551510024025,17.44820907715173,10.881551510024025,10.881551510024025,61.491869381244214,43.6722486955097,18.017769007288333,14.5,19.249819623974545,99.0,25.47983952504847,11.382048164024052,49.09061915365184,
10.881551510024025,10.881551510024025,10.881551510024025,10.881551510024025,10.881551510024025,10.881551510024025,10.881551510024025,10.881551510024025,10.881551510024025,10.881551510024025,10.881551510024025,10.881551510024025,16.688690682441653,10.881551510024025,62.89850731314872,36.22920859687051,45.088357699077925,78.8502377929198,44.682882628586086,10.881551510024025,69.78180278554001,14.5,10.881551510024025,15.305227865013967,
10.881551510024025,10.881551510024025,10.881551510024025,10.881551510024025,10.881551510024025,10.881551510024025,10.881551510024025,10.881551510024025,10.881551510024025,10.881551510024025,10.881551510024025,10.881551510024025,24.259018941416407,37.78557925981816,27.233331066684705,16.479142276754416,14.5,47.576790774580026,42.29131773255068,27.056237728109945,53.789961888813416,10.881551510024025,28.686039965266882,50.97275960964074,
10.881551510024025,10.881551510024025,10.881551510024025,10.881551510024025,10.881551510024025,10.881551510024025,10.881551510024025,10.881551510024025,10.881551510024025,10.881551510024025,10.881551510024025,10.881551510024025,16.18764961320821,51.139243465485706,41.42610830116186,10.881551510024025,50.18924187512698,10.881551510024025,10.881551510024025,14.5,17.633682132842537,52.49533312590749,36.85540649150842,62.41602358369204,
10.881551510024025,10.881551510024025,10.881551510024025,10.881551510024025,10.881551510024025,10.881551510024025,10.881551510024025,10.881551510024025,10.881551510024025,10.881551510024025,10.881551510024025,10.881551510024025,68.73540249067838,58.669924151987786,41.7079795189788,41.7079795189788,97.3664327282366,69.95355602112018,44.157546228123785,97.3664327282366,16.05853490234637,40.7621829095984,67.07726887701973,66.20800555824046,
10.881551510024025,10.881551510024025,10.881551510024025,10.881551510024025,10.881551510024025,10.881551510024025,10.881551510024025,10.881551510024025,10.881551510024025,10.881551510024025,10.881551510024025,10.881551510024025,10.881551510024025,68.23407425098468,41.42610830116186,62.41602358369204,24.84395745895211,25.94010194445829,10.881551510024025,68.23407425098468,49.771701017970265,64.73777561699764,15.644487847162015,16.948451256678293,
10.881551510024025,10.881551510024025,10.881551510024025,10.881551510024025,10.881551510024025,10.881551510024025,10.881551510024025,10.881551510024025,10.881551510024025,10.881551510024025,10.881551510024025,10.881551510024025,36.97146046464609,53.781967238099426,10.881551510024025,10.881551510024025,15.319721849662299,32.41440848682913,73.18305814872728,66.20800555824046,38.98508348963585,30.049292836937113,10.881551510024025,10.881551510024025,
10.881551510024025,10.881551510024025,10.881551510024025,10.881551510024025,10.881551510024025,10.881551510024025,10.881551510024025,10.881551510024025,10.881551510024025,10.881551510024025,10.881551510024025,10.881551510024025,24.84395745895211,91.32360045464699,15.644487847162015,69.95355602112018,44.682882628586086,13.369741957120938,37.78557925981816,19.019726601610234,36.85540649150842,33.781980732666085,42.73359334294274,41.50085526413065,
10.881551510024025,10.881551510024025,10.881551510024025,10.881551510024025,10.881551510024025,10.881551510024025,10.881551510024025,10.881551510024025,10.881551510024025,10.881551510024025,10.881551510024025,10.881551510024025,29.081781238431734,26.340780829236586,65.05037294595752,24.259018941416407,47.04135296618167,10.881551510024025,58.669924151987786,25.47983952504847,40.84387618997764,69.78180278554001,64.73556887485442,68.23407425098468,
10.881551510024025,10.881551510024025,10.881551510024025,10.881551510024025,10.881551510024025,10.881551510024025,10.881551510024025,10.881551510024025,10.881551510024025,10.881551510024025,10.881551510024025,10.881551510024025,68.07858604253632,15.875767697972908,14.053469322555197,41.7079795189788,97.3664327282366,32.73462319250911,72.14915106915673,12.076288117376032,42.281911025874884,15.018356115373056,47.968527096803115,17.508727982225196,
10.881551510024025,10.881551510024025,10.881551510024025,10.881551510024025,10.881551510024025,10.881551510024025,10.881551510024025,10.881551510024025,10.881551510024025,10.881551510024025,10.881551510024025,10.881551510024025,38.54130380209564,42.11015680477156,45.296357469447805,91.35644476444998,36.85540649150842,44.682882628586086,21.200000000000003,10.881551510024025,21.268064757104643,17.07639615917609,42.85440467443224,47.33877902945956,
10.881551510024025,10.881551510024025,10.881551510024025,10.881551510024025,10.881551510024025,10.881551510024025,10.881551510024025,10.881551510024025,10.881551510024025,10.881551510024025,10.881551510024025,10.881551510024025,18.96936305451181,28.737375222763085,29.713446264088734,18.249809740256353,50.014997750674745,59.73459820089378,41.11636603051826,10.881551510024025,15.227493004755463,68.77903427321117,50.823022261931,37.78557925981816,
10.881551510024025,10.881551510024025,10.881551510024025,10.881551510024025,10.881551510024025,10.881551510024025,10.881551510024025,10.881551510024025,10.881551510024025,10.881551510024025,10.881551510024025,10.881551510024025,21.266170318136737,41.7079795189788,10.881551510024025,16.319343971321917,14.5,91.32360045464699,21.78747065519585,28.478061731796284,25.06807059319297,43.217589011882644,68.77903427321117,67.15474666767793,
10.881551510024025,10.881551510024025,10.881551510024025,10.881551510024025,10.881551510024025,10.881551510024025,10.881551510024025,10.881551510024025,10.881551510024025,10.881551510024025,10.881551510024025,10.881551510024025,10.881551510024025,12.076288117376032,40.9300049611828,13.369741957120938,14.5,14.370107863199914,10.881551510024025,35.87255218129872,10.881551510024025,99.0,10.881551510024025,52.49533312590749,
10.881551510024025,10.881551510024025,10.881551510024025,10.881551510024025,10.881551510024025,10.881551510024025,10.881551510024025,10.881551510024025,10.881551510024025,10.881551510024025,10.881551510024025,10.881551510024025,13.369741957120938,56.43186649009189,13.919410907075054,78.15471834764679,91.32360045464699,10.881551510024025,99.0,68.15100879664217,29.662041984561306,77.48225603323641,17.07639615917609,46.486557196677836,
10.881551510024025,10.881551510024025,10.881551510024025,10.881551510024025,10.881551510024025,10.881551510024025,10.881551510024025,10.881551510024025,10.881551510024025,10.881551510024025,10.881551510024025,10.881551510024025,19.019726601610234,88.78938875538876,43.217589011882644,56.768775550922534,14.577379737113251,26.509432283623127,26.537709019431198,10.881551510024025,15.319721849662299,55.14490003617742,27.25575229300874,76.77082779285371,
10.881551510024025,10.881551510024025,10.881551510024025,10.881551510024025,10.881551510024025,10.881551510024025,10.881551510024025,10.881551510024025,10.881551510024025,10.881551510024025,10.881551510024025,10.881551510024025,42.01058067783507,16.168862012072218,16.18764961320821,14.654350889752845,15.923285477820313,69.95355602112018,14.416543784620416,16.802410173969715,63.96373972806781,69.78180278554001,97.3664327282366,29.808649005876728,
10.881551510024025,10.881551510024025,10.881551510024025,10.881551510024025,10.881551510024025,10.881551510024025,10.881551510024025,10.881551510024025,10.881551510024025,10.881551510024025,10.881551510024025,10.881551510024025,28.686039965266882,16.426807358704856,99.0,56.43186649009189,69.78180278554001,62.41602358369204,41.4433471187857,26.509432283623127,28.686039965266882,17.663521732655695,28.90095683748981,10.881551510024025,
10.881551510024025,10.881551510024025,10.881551510024025,10.881551510024025,10.881551510024025,10.881551510024025,10.881551510024025,10.881551510024025,10.881551510024025,10.881551510024025,10.881551510024025,10.881551510024025,42.921116274186325,72.88182215065702,15.018356115373056,16.57604995464135,10.881551510024025,47.68751162969293,33.209770985191824,14.760641693702768,102.0,10.881551510024025,29.45335295004628,14.239030865898142,
10.881551510024025,10.881551510024025,10.881551510024025,10.881551510024025,10.881551510024025,10.881551510024025,10.881551510024025,10.881551510024025,10.881551510024025,10.881551510024025,10.881551510024025,10.881551510024025,47.80167361086848,14.370107863199914,44.73231037892783,67.41928507482113,40.7621829095984,69.78180278554001,24.259018941416407,14.5,19.12075588948104,12.076288117376032,16.948451256678293,19.39644870130154,
10.881551510024025,10.881551510024025,10.881551510024025,10.881551510024025,10.881551510024025,10.881551510024025,10.881551510024025,10.881551510024025,10.881551510024025,10.881551510024025,10.881551510024025,10.881551510024025,40.256124447785034,32.26797518007943,10.881551510024025,69.95355602112018,48.12314136352569,68.23407425098468,68.23407425098468,24.192257152288395,15.644487847162015,14.5,52.56006088276535,43.217589011882644,
10.881551510024025,10.881551510024025,10.881551510024025,10.881551510024025,10.881551510024025,10.881551510024025,10.881551510024025,10.881551510024025,10.881551510024025,10.881551510024025,10.881551510024025,10.881551510024025,15.14701616706842,24.84395745895211,14.654350889752845,14.370107863199914,62.41602358369204,13.919410907075054,26.7641735843706,10.881551510024025,29.97550020007836,91.33728701904825,46.7493315460232,24.259018941416407,
10.881551510024025,10.881551510024025,10.881551510024025,10.881551510024025,10.881551510024025,10.881551510024025,10.881551510024025,10.881551510024025,10.881551510024025,10.881551510024025,10.881551510024025,10.881551510024025,15.319721849662299,66.20800555824046,91.35644476444998,65.07672081348855,21.317598363793238,17.099382704907477,10.881551510024025,50.823022261931,88.78938875538876,41.7079795189788,63.8139657302555,24.84395745895211,
10.881551510024025,10.881551510024025,10.881551510024025,10.881551510024025,10.881551510024025,10.881551510024025,10.881551510024025,10.881551510024025,10.881551510024025,10.881551510024025,10.881551510024025,10.881551510024025,21.834958944288523,76.67608637784157,68.23407425098468,33.76224057862406,68.23407425098468,13.369741957120938,14.053469322555197,68.77903427321117,32.11479409867048,58.89622595802524,15.875767697972908,30.54439392098,
10.881551510024025,10.881551510024025,10.881551510024025,10.881551510024025,10.881551510024025,10.881551510024025,10.881551510024025,10.881551510024025,10.881551510024025,10.881551510024025,10.881551510024025,10.881551510024025,34.23773097362356,32.58644723209139,26.48141435275784,24.259018941416407,38.86764563941351,24.84395745895211,41.7079795189788,14.053469322555197,10.881551510024025,97.3664327282366,25.317187837514656,24.84395745895211,
10.881551510024025,10.881551510024025,10.881551510024025,10.881551510024025,10.881551510024025,10.881551510024025,10.881551510024025,10.881551510024025,10.881551510024025,10.881551510024025,10.881551510024025,10.881551510024025,26.340780829236586,16.948451256678293,10.881551510024025,45.088357699077925,30.306764921383476,24.519581492007767,69.95355602112018,67.07726887701973,15.018356115373056,10.881551510024025,24.259018941416407,45.088357699077925,
10.881551510024025,10.881551510024025,10.881551510024025,10.881551510024025,10.881551510024025,10.881551510024025,10.881551510024025,10.881551510024025,10.881551510024025,10.881551510024025,10.881551510024025,10.881551510024025,27.97427389584938,47.35914789023224,26.442810407031665,14.5,29.249881291307073,53.781967238099426,68.23407425098468,22.20832899034076,10.881551510024025,13.249566800773648,15.923285477820313,66.71551543681574,
10.881551510024025,10.881551510024025,10.881551510024025,10.881551510024025,10.881551510024025,10.881551510024025,10.881551510024025,10.881551510024025,10.881551510024025,10.881551510024025,10.881551510024025,10.881551510024025,10.881551510024025,47.576790774580026,68.77903427321117,10.881551510024025,47.016545551066976,45.30881690012319,10.881551510024025,68.77903427321117,17.46389573723422,49.771701017970265,69.95355602112018,31.21787237393919,
10.881551510024025,10.881551510024025,10.881551510024025,10.881551510024025,10.881551510024025,10.881551510024025,10.881551510024025,10.881551510024025,10.881551510024025,10.881551510024025,10.881551510024025,10.881551510024025,67.15474666767793,10.881551510024025,69.78180278554001,42.68676609910851,24.84395745895211,18.204985240403406,68.23407425098468,44.536501883286704,99.0,17.0,41.7079795189788,26.48680842246123,
10.881551510024025,10.881551510024025,10.881551510024025,10.881551510024025,10.881551510024025,10.881551510024025,10.881551510024025,10.881551510024025,10.881551510024025,10.881551510024025,10.881551510024025,10.881551510024025,42.924352062669506,14.5,29.088184009655738,44.56331326201956,10.881551510024025,45.088357699077925,102.0,15.018356115373056,24.84395745895211,10.881551510024025,17.310526305911505,16.190196076008217,
10.881551510024025,10.881551510024025,10.881551510024025,10.881551510024025,10.881551510024025,10.881551510024025,10.881551510024025,10.881551510024025,10.881551510024025,10.881551510024025,10.881551510024025,10.881551510024025,62.41602358369204,46.049490285512995,17.918087265098062,10.881551510024025,13.369741957120938,28.98829052659575,76.77082779285371,16.948451256678293,25.317187837514656,99.0,10.881551510024025,69.95355602112018,
10.881551510024025,10.881551510024025,10.881551510024025,10.881551510024025,10.881551510024025,10.881551510024025,10.881551510024025,10.881551510024025,10.881551510024025,10.881551510024025,10.881551510024025,10.881551510024025,17.061670249889847,69.95355602112018,14.577379737113251,10.881551510024025,14.654350889752845,10.881551510024025,14.053469322555197,45.86816858006093,33.99176370828675,10.881551510024025,10.881551510024025,33.90081571470588,
10.881551510024025,10.881551510024025,10.881551510024025,10.881551510024025,10.881551510024025,10.881551510024025,10.881551510024025,10.881551510024025,10.881551510024025,10.881551510024025,10.881551510024025,10.881551510024025,97.3664327282366,15.018356115373056,13.369741957120938,24.84395745895211,67.24700736835804,29.9349088094836,16.18764961320821,33.65127283276676,64.73556887485442,10.881551510024025,58.669924151987786,32.046216625367805,
10.881551510024025,10.881551510024025,10.881551510024025,10.881551510024025,10.881551510024025,10.881551510024025,10.881551510024025,10.881551510024025,10.881551510024025,10.881551510024025,10.881551510024025,10.881551510024025,44.682882628586086,38.98508348963585,20.988091861815356,61.091916177365256,29.662041984561306,63.46298937497479,68.77903427321117,10.881551510024025,55.13401853665303,69.95355602112018,14.908051515875574,14.5,
10.881551510024025,10.881551510024025,10.881551510024025,10.881551510024025,10.881551510024025,10.881551510024025,10.881551510024025,10.881551510024025,10.881551510024025,10.881551510024025,10.881551510024025,10.881551510024025,10.881551510024025,16.18764961320821,26.442810407031665,45.088357699077925,14.78362457435779,69.95355602112018,43.217589011882644,99.0,85.96510920134982,16.948451256678293,44.09716544178322,17.918087265098062,
10.881551510024025,10.881551510024025,10.881551510024025,10.881551510024025,10.881551510024025,10.881551510024025,10.881551510024025,10.881551510024025,10.881551510024025,10.881551510024025,10.881551510024025,10.881551510024025,24.84395745895211,14.5,32.93902839849309,16.78645656375824,26.48680842246123,29.979159427842536,72.88182215065702,42.68676609910851,20.32209768505672,10.881551510024025,25.81488259251446,19.019726601610234,
10.881551510024025,10.881551510024025,10.881551510024025,10.881551510024025,10.881551510024025,10.881551510024025,10.881551510024025,10.881551510024025,10.881551510024025,10.881551510024025,10.881551510024025,10.881551510024025,30.641293851417057,42.68676609910851,30.3570588234131,17.29148795088368,17.65743820510048,40.256124447785034,69.78180278554001,14.5,39.38132665222045,10.881551510024025,67.00865615724582,10.881551510024025,
10.881551510024025,10.881551510024025,10.881551510024025,10.881551510024025,10.881551510024025,10.881551510024025,10.881551510024025,10.881551510024025,10.881551510024025,10.881551510024025,10.881551510024025,10.881551510024025,26.442810407031665,64.73556887485442,16.948451256678293,10.881551510024025,18.687964041061296,11.685698761972068,24.259018941416407,91.35644476444998,13.369741957120938,27.756227468179212,33.72760027645256,41.36423575989287,
10.881551510024025,10.881551510024025,10.881551510024025,10.881551510024025,10.881551510024025,10.881551510024025,10.881551510024025,10.881551510024025,10.881551510024025,10.881551510024025,10.881551510024025,10.881551510024025,27.572631357924475,24.259018941416407,45.088357699077925,59.71808771218315,15.056356715720455,14.577379737113251,43.217589011882644,41.7079795189788,17.708848234290222,22.138709288926304,68.23407425098468,36.82944695845033,
10.881551510024025,10.881551510024025,10.881551510024025,10.881551510024025,10.881551510024025,10.881551510024025,10.881551510024025,10.881551510024025,10.881551510024025,10.881551510024025,10.881551510024025,10.881551510024025,21.1945718650604,28.587584717845612,26.922852746319435,56.43186649009189,10.881551510024025,35.77225630272228,34.90787876683429,69.95355602112018,18.204985240403406,31.027308577300424,46.119410230400824,32.00347203386255,
10.881551510024025,10.881551510024025,10.881551510024025,10.881551510024025,10.881551510024025,10.881551510024025,10.881551510024025,10.881551510024025,10.881551510024025,10.881551510024025,10.881551510024025,10.881551510024025,10.881551510024025,16.948451256678293,68.77903427321117,42.3433583930231,15.923285477820313,48.95916665957459,39.71839649845098,68.42920104425855,41.7079795189788,69.95355602112018,16.948451256678293,58.669924151987786,
10.881551510024025,10.881551510024025,10.881551510024025,10.881551510024025,10.881551510024025,10.881551510024025,10.881551510024025,10.881551510024025,10.881551510024025,10.881551510024025,10.881551510024025,10.881551510024025,30.048109572631837,50.653331578485535,20.741798914805393,75.86672524895219,68.77903427321117,13.369741957120938,88.78938875538876,78.15471834764679,14.654350889752845,28.63370197667233,15.319721849662299,77.48225603323641,
10.881551510024025,10.881551510024025,10.881551510024025,10.881551510024025,10.881551510024025,10.881551510024025,10.881551510024025,10.881551510024025,10.881551510024025,10.881551510024025,10.881551510024025,10.881551510024025,43.36152928832449,29.37497044915771,46.468914340664334,17.918087265098062,82.04199466668817,10.881551510024025,10.881551510024025,42.2558345741219,10.881551510024025,21.656407827707714,26.382570003697513,10.881551510024025,
10.881551510024025,10.881551510024025,10.881551510024025,10.881551510024025,10.881551510024025,10.881551510024025,10.881551510024025,10.881551510024025,10.881551510024025,10.881551510024025,10.881551510024025,10.881551510024025,46.572094649049234,24.84395745895211,27.399817517640514,29.95915586941934,19.028892911362416,10.881551510024025,99.0,10.881551510024025,24.392621835300936,44.90978611493145,12.076288117376032,10.881551510024025,
10.881551510024025,10.881551510024025,10.881551510024025,10.881551510024025,10.881551510024025,10.881551510024025,10.881551510024025,10.881551510024025,10.881551510024025,10.881551510024025,10.881551510024025,10.881551510024025,46.1016268693416,72.88182215065702,88.78938875538876,19.028892911362416,13.369741957120938,62.41602358369204,11.382048164024052,14.654350889752845,52.49533312590749,66.20800555824046,41.7079795189788,73.18305814872728,
10.881551510024025,10.881551510024025,10.881551510024025,10.881551510024025,10.881551510024025,10.881551510024025,10.881551510024025,10.881551510024025,10.881551510024025,10.881551510024025,10.881551510024025,10.881551510024025,85.2441200318239,14.654350889752845,19.297879760878036,35.09352583533828,10.881551510024025,26.560120481654444,49.09061915365184,36.97146046464609,16.119553343687908,68.73540249067838,10.881551510024025,36.84636102775489,
10.881551510024025,10.881551510024025,10.881551510024025,10.881551510024025,10.881551510024025,10.881551510024025,10.881551510024025,10.881551510024025,10.881551510024025,10.881551510024025,10.881551510024025,10.881551510024025,26.89795531262553,31.81446212023708,49.771701017970265,10.881551510024025,24.84395745895211,41.7079795189788,91.35644476444998,19.249819623974545,88.78938875538876,56.43186649009189,27.668674625929512,43.10710176087256,
10.881551510024025,10.881551510024025,10.881551510024025,10.881551510024025,10.881551510024025,10.881551510024025,10.881551510024025,10.881551510024025,10.881551510024025,10.881551510024025,10.881551510024025,10.881551510024025,16.190196076008217,14.053469322555197,24.84395745895211,88.78938875538876,68.77903427321117,72.28665160318327,16.106896000329552,90.0,76.57349410860131,46.1016268693416,48.12314136352569,35.01785258978626,
10.881551510024025,10.881551510024025,10.881551510024025,10.881551510024025,10.881551510024025,10.881551510024025,10.881551510024025,10.881551510024025,10.881551510024025,10.881551510024025,10.881551510024025,10.881551510024025,10.881551510024025,38.98508348963585,88.78938875538876,26.48680842246123,90.0,20.946360065653412,47.78598120788146,33.107740016189446,45.58129354228172,37.78557925981816,42.01058067783507,97.3664327282366,
10.881551510024025,10.881551510024025,10.881551510024025,10.881551510024025,10.881551510024025,10.881551510024025,10.881551510024025,10.881551510024025,10.881551510024025,10.881551510024025,10.881551510024025,10.881551510024025,42.3433583930231,26.442810407031665,42.3433583930231,10.881551510024025,13.369741957120938,52.49533312590749,20.988091861815356,26.606181403743168,91.31538753134654,30.049292836937113,67.1863081289633,48.65068230650921,
10.881551510024025,10.881551510024025,10.881551510024025,10.881551510024025,10.881551510024025,10.881551510024025,10.881551510024025,10.881551510024025,10.881551510024025,10.881551510024025,10.881551510024025,10.881551510024025,14.053469322555197,10.881551510024025,24.259018941416407,13.369741957120938,19.519221295943137,85.2441200318239,42.68676609910851,10.881551510024025,43.01420953850277,26.442810407031665,39.85374496398451,15.319721849662299,
10.881551510024025,10.881551510024025,10.881551510024025,10.881551510024025,10.881551510024025,10.881551510024025,10.881551510024025,10.881551510024025,10.881551510024025,10.881551510024025,10.881551510024025,10.881551510024025,14.053469322555197,16.358585078946284,14.577379737113251,33.44488002669467,25.317187837514656,10.881551510024025,54.45079328062071,46.481824404814404,10.881551510024025,10.881551510024025,31.3776990870905,16.321424229793458,
10.881551510024025,10.881551510024025,10.881551510024025,10.881551510024025,10.881551510024025,10.881551510024025,10.881551510024025,10.881551510024025,10.881551510024025,10.881551510024025,10.881551510024025,10.881551510024025,14.78362457435779,26.405491853021786,68.23407425098468,12.076288117376032,24.84395745895211,10.881551510024025,77.48225603323641,10.881551510024025,32.515380975778214,20.988091861815356,26.442810407031665,40.7621829095984,
