59.72273901585188,61.34036191611523,74.76333028668236,56.71163901704834,46.908997874956285,75.2958977781806,51.051172584204394,32.21000426886032,48.608698352821136,58.51614212239977,66.91755512325199,69.30108224263168,32.96494350063413,74.77176155829561,90.81375935885976,65.1871001402222,61.78681089035102,57.733342956119294,43.620443092150666,89.35447511021606,53.84861622537532,95.22152534426704,75.089761101113,67.5,
32.21000426886032,32.96494350063413,43.620443092150666,46.908997874956285,48.608698352821136,51.051172584204394,53.84861622537532,56.71163901704834,57.733342956119294,58.51614212239977,59.72273901585188,61.34036191611523,80.8937918233257,41.83192228695954,58.51614212239977,67.5,55.52601992659738,54.267710242832244,67.5,49.37043649796911,48.869196301018064,67.5,48.608698352821136,109.41520689556822,
32.21000426886032,32.96494350063413,41.83192228695954,43.620443092150666,46.908997874956285,48.608698352821136,48.608698352821136,48.869196301018064,49.37043649796911,51.051172584204394,53.84861622537532,54.267710242832244,32.96494350063413,118.5,69.25451248835704,51.051172584204394,66.73995971097243,48.869196301018064,49.55186934013732,48.608698352821136,61.24528043041357,48.869196301018064,43.800332599221996,30.55139530532183,
30.55139530532183,32.21000426886032,32.96494350063413,32.96494350063413,41.83192228695954,43.620443092150666,43.800332599221996,46.908997874956285,48.608698352821136,48.608698352821136,48.608698352821136,48.869196301018064,90.80576798860301,67.5,83.14709856633604,48.639901315689364,43.13386850544359,45.17448809892593,68.13761351118778,26.72409988742183,47.5584111292188,35.67786039299754,59.72273901585188,62.659755010366766,
26.72409988742183,30.55139530532183,32.21000426886032,32.96494350063413,32.96494350063413,35.67786039299754,41.83192228695954,43.13386850544359,43.620443092150666,43.800332599221996,45.17448809892593,46.908997874956285,51.75557940937383,58.75960651693212,45.928071536937416,49.55186934013732,39.57123517229686,40.19970807015419,75.2936842563099,59.0783117021826,69.30108224263168,58.27186284992097,59.15018006441648,88.53071500897302,
26.72409988742183,30.55139530532183,32.21000426886032,32.96494350063413,32.96494350063413,35.67786039299754,39.57123517229686,40.19970807015419,41.83192228695954,43.13386850544359,43.620443092150666,43.800332599221996,31.54733546593119,44.62044794710156,45.89100538231866,33.30238563359821,56.57271623514485,88.53071500897302,43.55901462501237,83.16874412902963,32.262049590036895,46.31676862169419,39.130989956810446,79.19747470721526,
26.72409988742183,30.55139530532183,31.54733546593119,32.21000426886032,32.262049590036895,32.96494350063413,32.96494350063413,33.30238563359821,35.67786039299754,39.130989956810446,39.57123517229686,40.19970807015419,64.2853793642069,95.97232674057663,74.486541723718,40.584188902685845,22.473095024940378,67.5,62.328294750703805,54.3483191636905,30.55139530532183,49.515679023273044,61.92488480429083,24.463628835527835,
22.473095024940378,24.463628835527835,26.72409988742183,30.55139530532183,30.55139530532183,31.54733546593119,32.21000426886032,32.262049590036895,32.96494350063413,32.96494350063413,33.30238563359821,35.67786039299754,88.53071500897302,30.55139530532183,30.55139530532183,30.55139530532183,32.21000426886032,55.070913879792805,66.43118274437333,52.787599038456925,52.77947962407127,84.09650541028576,48.121445005192385,63.623574118981,
22.473095024940378,24.463628835527835,26.72409988742183,30.55139530532183,30.55139530532183,30.55139530532183,30.55139530532183,30.55139530532183,31.54733546593119,32.21000426886032,32.21000426886032,32.262049590036895,42.50666214289958,48.121445005192385,61.544572262710545,23.952934174241694,66.1026138330063,29.07121948713428,45.928071536937416,111.57816766733535,40.42566480591259,71.44799735843273,27.78506793225455,109.20549436727073,
22.473095024940378,23.952934174241694,24.463628835527835,26.72409988742183,27.78506793225455,29.07121948713428,30.55139530532183,30.55139530532183,30.55139530532183,30.55139530532183,30.55139530532183,31.54733546593119,69.12408327702357,67.54139471464889,71.4439983340741,30.55139530532183,71.42799999771425,40.96987444751202,37.431789816797284,44.3643815138613,52.77204647243547,30.55139530532183,116.5,116.5,
22.473095024940378,23.952934174241694,24.463628835527835,26.72409988742183,27.78506793225455,29.07121948713428,30.55139530532183,30.55139530532183,30.55139530532183,30.55139530532183,30.55139530532183,30.55139530532183,70.66686320727386,24.696350382642013,49.09995474087074,22.473095024940378,76.72149307723357,22.15601247717849,49.09995474087074,42.23754254215082,78.80370988321567,32.30105299663399,59.22151213874904,76.70519865041743,
22.15601247717849,22.473095024940378,22.473095024940378,23.952934174241694,24.463628835527835,24.696350382642013,26.72409988742183,27.78506793225455,29.07121948713428,30.55139530532183,30.55139530532183,30.55139530532183,22.473095024940378,29.07121948713428,25.66314358716621,53.97580712784239,9.99999999E8,64.25138130810886,29.67270017714042,83.18317137498425,82.71751628282851,46.225710665501,53.98903894801808,58.70285079413115,
22.15601247717849,22.473095024940378,22.473095024940378,22.473095024940378,23.952934174241694,24.463628835527835,24.696350382642013,25.66314358716621,26.72409988742183,27.78506793225455,29.07121948713428,29.07121948713428,51.67213949508961,25.352206511465624,24.5440420469001,25.312731480423047,62.45422813745197,36.58983911594327,53.98903894801808,22.838046958724142,22.473095024940378,43.19111276897393,54.28984946656272,39.532471798897326,
22.15601247717849,22.473095024940378,22.473095024940378,22.473095024940378,22.473095024940378,22.838046958724142,23.952934174241694,24.463628835527835,24.5440420469001,24.696350382642013,25.312731480423047,25.352206511465624,22.90605815062906,74.03639480081428,67.5,116.5,30.40102337458761,59.36505706221464,66.4847518023661,24.696350382642013,36.8372688319859,60.641899706391136,41.15628749049166,56.535033386387944,
22.15601247717849,22.473095024940378,22.473095024940378,22.473095024940378,22.473095024940378,22.838046958724142,22.90605815062906,23.952934174241694,24.463628835527835,24.5440420469001,24.696350382642013,24.696350382642013,22.15601247717849,94.53141012383132,22.473095024940378,22.473095024940378,57.733342956119294,76.70519865041743,20.21920687194758,57.010876155344256,62.71806402907822,24.355440870573457,39.61189266894888,39.24231368909674,
20.21920687194758,22.15601247717849,22.15601247717849,22.473095024940378,22.473095024940378,22.473095024940378,22.473095024940378,22.473095024940378,22.473095024940378,22.838046958724142,22.90605815062906,23.952934174241694,41.70939305945071,37.13068138345969,22.473095024940378,28.132005300408682,28.95793472385547,116.5,31.08813635813865,78.05429022303785,51.75557940937383,47.60084032871689,22.838046958724142,22.15601247717849,
20.21920687194758,22.15601247717849,22.15601247717849,22.15601247717849,22.473095024940378,22.473095024940378,22.473095024940378,22.473095024940378,22.473095024940378,22.473095024940378,22.473095024940378,22.838046958724142,50.809010574459684,22.473095024940378,25.070512803788,81.21691634136327,116.5,67.5,59.09517746821648,55.867153935822515,40.83061215422675,79.1267337882716,21.07716569134111,89.5,
20.21920687194758,21.07716569134111,22.15601247717849,22.15601247717849,22.15601247717849,22.473095024940378,22.473095024940378,22.473095024940378,22.473095024940378,22.473095024940378,22.473095024940378,22.473095024940378,39.81798867625313,97.8017765687311,30.55139530532183,86.83425303415697,22.15601247717849,67.5,131.28679378453197,61.259565579589285,31.298722018638397,22.83055792134743,34.36770124533919,21.07716569134111,
20.21920687194758,21.07716569134111,21.07716569134111,22.15601247717849,22.15601247717849,22.15601247717849,22.15601247717849,22.473095024940378,22.473095024940378,22.473095024940378,22.473095024940378,22.473095024940378,67.5,22.15601247717849,20.21920687194758,22.473095024940378,79.1267337882716,68.7363622837287,32.310357219836945,58.72512239237991,86.83425303415697,79.1267337882716,20.32816703492964,24.463628835527835,
20.21920687194758,20.21920687194758,20.32816703492964,21.07716569134111,21.07716569134111,22.15601247717849,22.15601247717849,22.15601247717849,22.15601247717849,22.15601247717849,22.473095024940378,22.473095024940378,56.26224311205518,20.21920687194758,74.76333028668236,84.55236271575339,20.21920687194758,22.90605815062906,46.400862060957444,92.93998063266422,84.18693485333695,32.10358235462204,78.5,53.84861622537532,
20.21920687194758,20.21920687194758,20.21920687194758,20.21920687194758,20.32816703492964,21.07716569134111,21.07716569134111,22.15601247717849,22.15601247717849,22.15601247717849,22.15601247717849,22.15601247717849,42.226792926012344,83.11170528605194,22.15601247717849,103.00269683632345,87.43390360723922,43.16491630942888,26.672270244581732,66.4847518023661,40.751533713468994,45.828450918400534,51.051172584204394,19.735021519627622,
19.735021519627622,20.21920687194758,20.21920687194758,20.21920687194758,20.21920687194758,20.32816703492964,21.07716569134111,21.07716569134111,22.15601247717849,22.15601247717849,22.15601247717849,22.15601247717849,39.1840242331239,26.165053028801605,100.32059719829336,21.74685310187915,39.755153404586714,21.514707831184335,39.532471798897326,22.90605815062906,21.07716569134111,66.73995971097243,28.383269720030494,79.1267337882716,
19.735021519627622,20.21920687194758,20.21920687194758,20.21920687194758,20.21920687194758,20.32816703492964,21.07716569134111,21.07716569134111,21.07716569134111,21.514707831184335,21.74685310187915,22.15601247717849,75.30032462671652,23.363977241170893,20.692229636917784,19.9899209296963,20.21920687194758,22.530201952046504,61.34036191611523,65.40151393271687,76.70519865041743,30.55139530532183,20.32816703492964,79.1267337882716,
19.735021519627622,19.9899209296963,20.21920687194758,20.21920687194758,20.21920687194758,20.21920687194758,20.21920687194758,20.32816703492964,20.32816703492964,20.692229636917784,21.07716569134111,21.07716569134111,22.451645571959506,20.155256758473705,101.95679231909956,20.70612956718113,88.53071500897302,55.031556603663525,89.35447511021606,70.46871646340666,49.03312057762842,134.5,53.920198025434225,21.07716569134111,
19.735021519627622,19.9899209296963,20.155256758473705,20.21920687194758,20.21920687194758,20.21920687194758,20.21920687194758,20.21920687194758,20.32816703492964,20.32816703492964,20.692229636917784,20.70612956718113,20.21920687194758,19.9899209296963,71.44799735843273,20.21920687194758,88.53071500897302,20.32816703492964,102.82917873833283,134.5,51.75557940937383,51.75557940937383,20.21920687194758,53.998170979541534,
19.735021519627622,19.9899209296963,19.9899209296963,20.155256758473705,20.21920687194758,20.21920687194758,20.21920687194758,20.21920687194758,20.21920687194758,20.21920687194758,20.21920687194758,20.21920687194758,67.5,77.20841203449848,28.56231005285734,20.21920687194758,21.035023703866422,45.477982734288545,74.18247771542819,19.897480298324766,20.21920687194758,48.639901315689364,20.21920687194758,40.32127919046661,
19.735021519627622,19.897480298324766,19.9899209296963,19.9899209296963,20.155256758473705,20.21920687194758,20.21920687194758,20.21920687194758,20.21920687194758,20.21920687194758,20.21920687194758,20.21920687194758,20.155256758473705,20.692229636917784,98.00793618659438,29.63523095203152,95.2250258889729,31.37250986134198,21.07716569134111,70.4772303655585,79.1267337882716,82.73564830228865,48.78360380291723,55.22666362365194,
19.735021519627622,19.897480298324766,19.9899209296963,19.9899209296963,20.155256758473705,20.155256758473705,20.21920687194758,20.21920687194758,20.21920687194758,20.21920687194758,20.21920687194758,20.21920687194758,32.762596891913816,36.54326203282898,20.929039427504186,20.21920687194758,23.19288085215423,29.81092682263823,26.217513701557554,39.81186223978979,83.11170528605194,20.21920687194758,67.5532382643497,43.27977459378559,
19.735021519627622,19.897480298324766,19.9899209296963,19.9899209296963,20.155256758473705,20.155256758473705,20.21920687194758,20.21920687194758,20.21920687194758,20.21920687194758,20.21920687194758,20.21920687194758,30.55139530532183,38.64115537725145,59.79498306714368,116.5,22.295906306237676,22.750390038713185,82.70542606141389,70.74028201809772,20.21920687194758,83.11170528605194,27.928200353764293,57.733342956119294,
19.735021519627622,19.897480298324766,19.9899209296963,19.9899209296963,20.155256758473705,20.155256758473705,20.21920687194758,20.21920687194758,20.21920687194758,20.21920687194758,20.21920687194758,20.21920687194758,45.81907632309976,73.81525152720602,54.97126522102253,75.10307731526201,21.84207840130808,20.21920687194758,36.96582505804817,67.5532382643497,34.08789191193847,37.75725095925285,38.53749977475042,38.64115537725145,
19.735021519627622,19.897480298324766,19.9899209296963,19.9899209296963,20.155256758473705,20.155256758473705,20.21920687194758,20.21920687194758,20.21920687194758,20.21920687194758,20.21920687194758,20.21920687194758,40.32127919046661,21.792788252876473,19.735021519627622,69.30973957532953,66.73995971097243,24.773662930620493,79.69843160313759,37.431789816797284,38.42147836822524,44.47119854467608,62.072412350415384,44.47119854467608,
19.735021519627622,19.735021519627622,19.897480298324766,19.9899209296963,19.9899209296963,20.155256758473705,20.155256758473705,20.21920687194758,20.21920687194758,20.21920687194758,20.21920687194758,20.21920687194758,34.656024007378576,44.47119854467608,20.119890655766497,117.23006819450755,20.155256758473705,23.273437489163125,30.610200505713777,21.07716569134111,43.27977459378559,19.9899209296963,21.07716569134111,21.851415858017074,
19.735021519627622,19.735021519627622,19.897480298324766,19.9899209296963,19.9899209296963,19.9899209296963,20.119890655766497,20.155256758473705,20.155256758473705,20.155256758473705,20.21920687194758,20.21920687194758,28.90474658252516,33.756052411088675,60.17714895372119,22.777401080895952,64.80308634625361,25.863363668458007,82.70542606141389,118.5,51.75557940937383,25.329358240762616,24.793837439976894,19.9899209296963,
19.735021519627622,19.735021519627622,19.897480298324766,19.9899209296963,19.9899209296963,19.9899209296963,19.9899209296963,20.119890655766497,20.155256758473705,20.155256758473705,20.155256758473705,20.21920687194758,19.735021519627622,75.09420010153174,70.74028201809772,20.155256758473705,19.735021519627622,33.852018900997166,41.40618579659593,48.98781027516495,56.01238930006504,89.68015729382334,23.11891811915082,34.320295060812406,
19.735021519627622,19.735021519627622,19.735021519627622,19.735021519627622,19.897480298324766,19.9899209296963,19.9899209296963,19.9899209296963,19.9899209296963,20.119890655766497,20.155256758473705,20.155256758473705,19.9899209296963,37.235321078278204,19.9899209296963,47.260768581494524,60.49535106105262,37.8097903579692,21.07716569134111,100.32059719829336,40.5316706604923,37.31600695412091,65.16240395265424,38.01449777145986,
19.735021519627622,19.735021519627622,19.735021519627622,19.735021519627622,19.897480298324766,19.9899209296963,19.9899209296963,19.9899209296963,19.9899209296963,19.9899209296963,19.9899209296963,20.119890655766497,57.91780574419427,46.87999973336177,19.9899209296963,57.727568996296924,19.549893787625496,70.92582197071968,82.70542606141389,57.727568996296924,20.32816703492964,41.0120028162488,23.273437489163125,19.900164042681155,
19.549893787625496,19.735021519627622,19.735021519627622,19.735021519627622,19.735021519627622,19.897480298324766,19.900164042681155,19.9899209296963,19.9899209296963,19.9899209296963,19.9899209296963,19.9899209296963,79.1267337882716,31.86549858389164,53.025215411045295,77.20841203449848,70.4772303655585,69.30973957532953,55.93837717360351,26.268041419184645,96.13300970819314,31.759093186046734,49.37185683072473,35.69036941719436,
19.549893787625496,19.735021519627622,19.735021519627622,19.735021519627622,19.735021519627622,19.897480298324766,19.900164042681155,19.9899209296963,19.9899209296963,19.9899209296963,19.9899209296963,19.9899209296963,40.32127919046661,83.11170528605194,92.87727117007691,18.15434512488898,33.9029244169831,66.4847518023661,28.523849670056812,19.447322363437028,84.00142855928107,47.931072960054216,79.38811134056675,68.13394436696,
18.15434512488898,19.447322363437028,19.549893787625496,19.735021519627622,19.735021519627622,19.735021519627622,19.735021519627622,19.897480298324766,19.900164042681155,19.9899209296963,19.9899209296963,19.9899209296963,23.093056449901713,19.67011896880427,22.156569685917393,19.214838016491317,19.868160499978163,75.69768086862959,20.32816703492964,19.735021519627622,33.558432134814325,19.968570345743146,26.09803513708511,29.67373606819502,
18.15434512488898,19.214838016491317,19.447322363437028,19.549893787625496,19.67011896880427,19.735021519627622,19.735021519627622,19.735021519627622,19.735021519627622,19.735021519627622,19.868160499978163,19.897480298324766,69.63959699328935,19.549893787625496,23.732559385788967,53.43315488361441,33.42214834507202,52.22106854517629,61.24654185249065,17.44231564328544,19.735021519627622,19.75343886788926,30.267786322902587,39.38040536270052,
17.44231564328544,18.15434512488898,19.214838016491317,19.447322363437028,19.549893787625496,19.549893787625496,19.67011896880427,19.735021519627622,19.735021519627622,19.735021519627622,19.735021519627622,19.735021519627622,21.07716569134111,61.089763329656705,22.366200249042013,20.06970102936972,20.802268506102887,55.00036363516154,82.70542606141389,21.792788252876473,19.214838016491317,85.33280436033964,57.727568996296924,17.44231564328544,
17.44231564328544,17.44231564328544,18.15434512488898,19.214838016491317,19.214838016491317,19.447322363437028,19.549893787625496,19.549893787625496,19.67011896880427,19.735021519627622,19.735021519627622,19.735021519627622,23.856567281759876,46.0934919484302,19.447322363437028,83.11170528605194,19.174813412071448,19.52388850158242,47.97069417884215,44.47119854467608,21.586087734313264,9.99999999E8,20.196104898252646,9.13454979733539,
9.13454979733539,17.44231564328544,17.44231564328544,18.15434512488898,19.174813412071448,19.214838016491317,19.214838016491317,19.447322363437028,19.447322363437028,19.52388850158242,19.549893787625496,19.549893787625496,21.69030050051103,66.4847518023661,79.1267337882716,18.215445894509486,26.852187992787478,18.726755138696383,19.338675626836498,19.549893787625496,82.70542606141389,68.69668387193082,19.214838016491317,19.9899209296963,
9.13454979733539,17.44231564328544,17.44231564328544,18.15434512488898,18.215445894509486,18.726755138696383,19.174813412071448,19.214838016491317,19.214838016491317,19.214838016491317,19.338675626836498,19.447322363437028,19.75343886788926,17.261494247992246,66.4847518023661,19.85533618451221,76.70519865041743,24.355440870573457,25.179555198613023,34.77125249397841,79.31249726381223,39.13824816130383,79.1267337882716,19.005525512334565,
9.13454979733539,17.261494247992246,17.44231564328544,17.44231564328544,18.15434512488898,18.215445894509486,18.726755138696383,19.005525512334565,19.174813412071448,19.214838016491317,19.214838016491317,19.214838016491317,89.35447511021606,34.604511587684954,21.302639956958444,67.30295312985902,20.042843000820906,15.847362206023087,22.473904620445662,89.35447511021606,19.005525512334565,87.43390360723922,19.214838016491317,109.41520689556822,
9.13454979733539,15.847362206023087,17.261494247992246,17.44231564328544,17.44231564328544,18.15434512488898,18.215445894509486,18.726755138696383,19.005525512334565,19.005525512334565,19.174813412071448,19.214838016491317,25.814918167602237,17.376972799468536,66.73995971097243,18.15434512488898,18.726755138696383,66.4847518023661,31.045168209172303,74.76333028668236,18.726755138696383,26.09225087177332,20.432136995973334,31.188000224841147,
9.13454979733539,15.847362206023087,17.261494247992246,17.376972799468536,17.44231564328544,17.44231564328544,18.15434512488898,18.15434512488898,18.215445894509486,18.726755138696383,18.726755138696383,18.726755138696383,79.1267337882716,57.68424587547472,19.653114205112217,20.142392517557614,17.44231564328544,17.44231564328544,37.73240483987205,60.31549704407209,66.4847518023661,30.905271434969404,20.125245593633924,81.23939930846363,
9.13454979733539,15.847362206023087,17.261494247992246,17.376972799468536,17.44231564328544,17.44231564328544,17.44231564328544,17.44231564328544,18.15434512488898,18.15434512488898,18.215445894509486,18.726755138696383,75.64702388212125,24.355440870573457,19.395833240864853,37.871286946709375,83.83221337886768,55.823336499703984,34.604511587684954,20.271300398215967,43.425862749697394,22.005610956759345,19.735021519627622,40.05027704471,
9.13454979733539,15.847362206023087,17.261494247992246,17.376972799468536,17.44231564328544,17.44231564328544,17.44231564328544,17.44231564328544,18.15434512488898,18.15434512488898,18.215445894509486,18.726755138696383,133.5,44.36989407244511,102.93147666719295,38.27061535956798,19.75343886788926,20.08261000193441,82.71751628282851,17.376972799468536,17.44231564328544,116.5,66.4847518023661,81.36239917799868,
9.13454979733539,15.847362206023087,17.261494247992246,17.376972799468536,17.376972799468536,17.44231564328544,17.44231564328544,17.44231564328544,17.44231564328544,17.44231564328544,18.15434512488898,18.15434512488898,67.7335958000164,68.03078347336594,116.5,17.376972799468536,67.5,37.13068138345969,31.493491391079523,59.62498544141448,29.217691034504337,84.09650541028576,58.50189930440056,19.65284648594193,
9.13454979733539,15.847362206023087,17.261494247992246,17.376972799468536,17.376972799468536,17.376972799468536,17.44231564328544,17.44231564328544,17.44231564328544,17.44231564328544,17.44231564328544,18.15434512488898,17.376972799468536,31.37723079312287,68.03078347336594,122.10469096457989,9.13454979733539,81.96069518711731,86.83425303415697,57.91780574419427,56.49637156490672,117.23006819450755,17.261494247992246,17.376972799468536,
9.13454979733539,9.13454979733539,15.847362206023087,17.261494247992246,17.261494247992246,17.376972799468536,17.376972799468536,17.376972799468536,17.376972799468536,17.376972799468536,17.44231564328544,17.44231564328544,47.260768581494524,39.08247689182455,17.261494247992246,68.03078347336594,37.55316231690748,44.62044794710156,9.13454979733539,59.09517746821648,76.70519865041743,48.006666203768,20.822497181867714,20.3429277820033,
9.13454979733539,9.13454979733539,9.13454979733539,15.847362206023087,17.261494247992246,17.261494247992246,17.261494247992246,17.376972799468536,17.376972799468536,17.376972799468536,17.376972799468536,17.376972799468536,66.4847518023661,24.15450268583479,29.67373606819502,17.376972799468536,9.13454979733539,19.545425772774898,42.70813008081716,74.12984807080073,23.09085316743407,83.11170528605194,52.826958080131774,23.09085316743407,
9.13454979733539,9.13454979733539,9.13454979733539,9.13454979733539,15.847362206023087,17.261494247992246,17.261494247992246,17.261494247992246,17.376972799468536,17.376972799468536,17.376972799468536,17.376972799468536,85.33280436033964,67.5,15.847362206023087,88.53071500897302,25.327541827030906,24.64163143949686,35.74290916469385,20.966169104382903,89.5,53.809705211978255,17.376972799468536,71.42799999771425,
9.13454979733539,9.13454979733539,9.13454979733539,9.13454979733539,15.847362206023087,15.847362206023087,17.261494247992246,17.261494247992246,17.261494247992246,17.376972799468536,17.376972799468536,17.376972799468536,33.87923359723184,20.21920687194758,88.66025039441294,116.5,116.5,116.5,23.821185715427532,39.496637515110066,20.960868891612247,85.28212004869485,74.76333028668236,104.4232839084379,
9.13454979733539,9.13454979733539,9.13454979733539,9.13454979733539,15.847362206023087,15.847362206023087,17.261494247992246,17.261494247992246,17.261494247992246,17.376972799468536,17.376972799468536,17.376972799468536,116.5,17.376972799468536,19.425705255958093,18.60737421024256,48.006666203768,118.5,116.5,20.824828195876073,21.90097926034321,36.803113126506965,34.77125249397841,82.71751628282851,
9.13454979733539,9.13454979733539,9.13454979733539,9.13454979733539,15.847362206023087,15.847362206023087,17.261494247992246,17.261494247992246,17.261494247992246,17.376972799468536,17.376972799468536,17.376972799468536,17.376972799468536,66.4847518023661,31.847182851165275,81.96069518711731,58.298665293469625,118.67696584519771,19.435389756832766,17.261494247992246,76.91860777615662,95.97232674057663,81.21691634136327,83.18317137498425,
9.13454979733539,9.13454979733539,9.13454979733539,9.13454979733539,15.847362206023087,15.847362206023087,17.261494247992246,17.261494247992246,17.261494247992246,17.261494247992246,17.376972799468536,17.376972799468536,52.77204647243547,68.67086354488343,89.5,52.77204647243547,24.842218147120757,9.13454979733539,19.974593237410367,15.847362206023087,118.5,9.13454979733539,17.261494247992246,88.53071500897302,
9.13454979733539,9.13454979733539,9.13454979733539,9.13454979733539,9.13454979733539,9.13454979733539,15.847362206023087,15.847362206023087,15.847362206023087,17.261494247992246,17.261494247992246,17.261494247992246,125.5,19.928266419062542,81.36239917799868,118.5,18.871642453397875,28.678776511947337,31.17914188827026,76.91860777615662,51.154025990140795,15.847362206023087,17.261494247992246,36.21703286283617,
9.13454979733539,9.13454979733539,9.13454979733539,9.13454979733539,9.13454979733539,9.13454979733539,15.847362206023087,15.847362206023087,15.847362206023087,15.847362206023087,17.261494247992246,17.261494247992246,51.75557940937383,116.5,20.69151731722178,67.5532382643497,42.16403153821461,66.73995971097243,15.847362206023087,84.09650541028576,66.44687727801812,23.17490860583681,74.62028879601043,37.13068138345969,
9.13454979733539,9.13454979733539,9.13454979733539,9.13454979733539,9.13454979733539,9.13454979733539,15.847362206023087,15.847362206023087,15.847362206023087,15.847362206023087,15.847362206023087,17.261494247992246,66.73995971097243,84.09650541028576,28.177728350596325,116.5,81.96069518711731,9.13454979733539,15.847362206023087,81.96069518711731,60.41721608945583,9.13454979733539,81.96069518711731,9.13454979733539,
9.13454979733539,9.13454979733539,9.13454979733539,9.13454979733539,9.13454979733539,9.13454979733539,9.13454979733539,9.13454979733539,9.13454979733539,15.847362206023087,15.847362206023087,15.847362206023087,83.11170528605194,9.13454979733539,66.73995971097243,15.847362206023087,56.64127801347706,33.53812093060009,25.312731480423047,48.36362269309444,9.13454979733539,116.5,37.13068138345969,55.51294893986447,
9.13454979733539,9.13454979733539,9.13454979733539,9.13454979733539,9.13454979733539,9.13454979733539,9.13454979733539,9.13454979733539,9.13454979733539,9.13454979733539,9.13454979733539,15.847362206023087,9.13454979733539,66.73995971097243,37.13068138345969,9.13454979733539,34.604511587684954,24.63197870655137,34.604511587684954,125.5,116.5,68.03078347336594,66.73995971097243,79.1267337882716,
9.13454979733539,9.13454979733539,9.13454979733539,9.13454979733539,9.13454979733539,9.13454979733539,9.13454979733539,9.13454979733539,9.13454979733539,9.13454979733539,9.13454979733539,9.13454979733539,9.13454979733539,26.906957743304982,19.683495624507348,25.089262133035426,32.050117004466614,47.735102388074964,55.52601992659738,19.683495624507348,20.966169104382903,95.21277341944317,76.70519865041743,54.226121216828915,
9.13454979733539,9.13454979733539,9.13454979733539,9.13454979733539,9.13454979733539,9.13454979733539,9.13454979733539,9.13454979733539,9.13454979733539,9.13454979733539,9.13454979733539,9.13454979733539,117.23006819450755,66.73995971097243,23.09085316743407,29.67373606819502,9.13454979733539,37.544377034565116,68.60165814322566,23.69038570813063,9.13454979733539,109.32377371825397,33.42214834507202,24.712170241091563,
9.13454979733539,9.13454979733539,9.13454979733539,9.13454979733539,9.13454979733539,9.13454979733539,9.13454979733539,9.13454979733539,9.13454979733539,9.13454979733539,9.13454979733539,9.13454979733539,9.13454979733539,9.13454979733539,117.45732085409672,9.13454979733539,46.38628568876797,20.69151731722178,59.79498306714368,30.909347374249766,9.13454979733539,51.75557940937383,18.15136970650486,116.5,
9.13454979733539,9.13454979733539,9.13454979733539,9.13454979733539,9.13454979733539,9.13454979733539,9.13454979733539,9.13454979733539,9.13454979733539,9.13454979733539,9.13454979733539,9.13454979733539,24.355440870573457,32.20464079738957,89.35447511021606,9.13454979733539,102.93147666719295,35.76853023402053,66.4847518023661,66.4847518023661,9.13454979733539,116.5,118.5,24.150245857961778,
9.13454979733539,9.13454979733539,9.13454979733539,9.13454979733539,9.13454979733539,9.13454979733539,9.13454979733539,9.13454979733539,9.13454979733539,9.13454979733539,9.13454979733539,9.13454979733539,50.25044714245366,116.5,28.678776511947337,9.13454979733539,97.8017765687311,9.13454979733539,9.13454979733539,105.24181678401413,88.5,83.11170528605194,37.13068138345969,36.54326203282898,
9.13454979733539,9.13454979733539,9.13454979733539,9.13454979733539,9.13454979733539,9.13454979733539,9.13454979733539,9.13454979733539,9.13454979733539,9.13454979733539,9.13454979733539,9.13454979733539,24.355440870573457,25.074764239228504,9.13454979733539,116.5,30.68941185490527,9.13454979733539,25.06751214798262,51.75557940937383,116.5,24.785708804606447,83.11170528605194,9.13454979733539,
9.13454979733539,9.13454979733539,9.13454979733539,9.13454979733539,9.13454979733539,9.13454979733539,9.13454979733539,9.13454979733539,9.13454979733539,9.13454979733539,9.13454979733539,9.13454979733539,30.523556476924508,78.29102359146928,9.13454979733539,9.13454979733539,21.90097926034321,24.99193747542415,125.5,9.13454979733539,25.11593119914132,59.79498306714368,116.5,51.75557940937383,
9.13454979733539,9.13454979733539,9.13454979733539,9.13454979733539,9.13454979733539,9.13454979733539,9.13454979733539,9.13454979733539,9.13454979733539,9.13454979733539,9.13454979733539,9.13454979733539,49.183432169786606,34.604511587684954,66.4847518023661,34.604511587684954,34.604511587684954,24.150245857961778,9.13454979733539,85.33280436033964,117.20163062953614,81.21691634136327,9.13454979733539,65.81175806799268,
9.13454979733539,9.13454979733539,9.13454979733539,9.13454979733539,9.13454979733539,9.13454979733539,9.13454979733539,9.13454979733539,9.13454979733539,9.13454979733539,9.13454979733539,9.13454979733539,23.09085316743407,34.604511587684954,69.25451248835704,25.034836839004075,60.66414829937769,25.034836839004075,33.53812093060009,38.03997896949998,55.51294893986447,27.97866250476523,9.13454979733539,23.09085316743407,
9.13454979733539,9.13454979733539,9.13454979733539,9.13454979733539,9.13454979733539,9.13454979733539,9.13454979733539,9.13454979733539,9.13454979733539,9.13454979733539,9.13454979733539,9.13454979733539,25.14448046707634,39.81798867625313,35.1236881518407,9.13454979733539,52.826958080131774,24.150245857961778,9.13454979733539,116.5,9.13454979733539,77.43374183778025,9.13454979733539,28.678776511947337,
9.13454979733539,9.13454979733539,9.13454979733539,9.13454979733539,9.13454979733539,9.13454979733539,9.13454979733539,9.13454979733539,9.13454979733539,9.13454979733539,9.13454979733539,9.13454979733539,116.5,35.74290916469385,66.73995971097243,9.13454979733539,9.13454979733539,41.681983579264084,81.96069518711731,116.5,60.49535106105262,23.09085316743407,55.51294893986447,46.38628568876797,
9.13454979733539,9.13454979733539,9.13454979733539,9.13454979733539,9.13454979733539,9.13454979733539,9.13454979733539,9.13454979733539,9.13454979733539,9.13454979733539,9.13454979733539,9.13454979733539,125.5,42.51399769487692,43.94815126942202,23.09085316743407,9.13454979733539,24.984933731756165,64.7779862298914,21.90097926034321,9.13454979733539,66.4847518023661,82.71751628282851,20.194196085894472,
9.13454979733539,9.13454979733539,9.13454979733539,9.13454979733539,9.13454979733539,9.13454979733539,9.13454979733539,9.13454979733539,9.13454979733539,9.13454979733539,9.13454979733539,9.13454979733539,77.02586821970915,79.1267337882716,34.77125249397841,25.074764239228504,18.871642453397875,69.25451248835704,23.09085316743407,25.134499309824246,68.03078347336594,40.3621362271167,28.74038969812344,9.13454979733539,
9.13454979733539,9.13454979733539,9.13454979733539,9.13454979733539,9.13454979733539,9.13454979733539,9.13454979733539,9.13454979733539,9.13454979733539,9.13454979733539,9.13454979733539,9.13454979733539,76.91860777615662,9.13454979733539,73.80772484580173,25.90563724011294,9.13454979733539,85.33280436033964,88.5,90.28669614068288,66.4847518023661,9.13454979733539,27.442237315657938,79.1267337882716,
9.13454979733539,9.13454979733539,9.13454979733539,9.13454979733539,9.13454979733539,9.13454979733539,9.13454979733539,9.13454979733539,9.13454979733539,9.13454979733539,9.13454979733539,9.13454979733539,23.09085316743407,82.70542606141389,9.13454979733539,60.41721608945583,44.21184795956849,118.5,9.13454979733539,9.13454979733539,23.09085316743407,85.55138806588705,51.05129160951758,30.523556476924508,
9.13454979733539,9.13454979733539,9.13454979733539,9.13454979733539,9.13454979733539,9.13454979733539,9.13454979733539,9.13454979733539,9.13454979733539,9.13454979733539,9.13454979733539,9.13454979733539,9.13454979733539,9.13454979733539,79.1267337882716,34.517242068276545,30.523556476924508,116.5,118.5,66.73995971097243,118.5123938666332,9.13454979733539,9.13454979733539,38.49622297931927,
9.13454979733539,9.13454979733539,9.13454979733539,9.13454979733539,9.13454979733539,9.13454979733539,9.13454979733539,9.13454979733539,9.13454979733539,9.13454979733539,9.13454979733539,9.13454979733539,9.13454979733539,9.13454979733539,66.4847518023661,68.03078347336594,47.78220263747674,20.966169104382903,118.5,52.77204647243547,9.13454979733539,9.13454979733539,135.5,116.5,
9.13454979733539,9.13454979733539,9.13454979733539,9.13454979733539,9.13454979733539,9.13454979733539,9.13454979733539,9.13454979733539,9.13454979733539,9.13454979733539,9.13454979733539,9.13454979733539,37.13068138345969,39.366776037104636,9.13454979733539,23.09085316743407,9.13454979733539,93.56648705599672,116.5,20.966169104382903,32.038605185341986,68.03078347336594,116.5,9.13454979733539,
9.13454979733539,9.13454979733539,9.13454979733539,9.13454979733539,9.13454979733539,9.13454979733539,9.13454979733539,9.13454979733539,9.13454979733539,9.13454979733539,9.13454979733539,9.13454979733539,32.038605185341986,9.13454979733539,79.68588331693387,89.68175024234647,24.355440870573457,52.826958080131774,32.038605185341986,36.59880083038544,117.40054892924859,62.536519942595234,54.97126522102253,24.355440870573457,
9.13454979733539,9.13454979733539,9.13454979733539,9.13454979733539,9.13454979733539,9.13454979733539,9.13454979733539,9.13454979733539,9.13454979733539,9.13454979733539,9.13454979733539,9.13454979733539,24.355440870573457,116.5,9.13454979733539,54.36118917839168,66.73995971097243,9.13454979733539,25.274602975230998,9.13454979733539,30.374989711932415,40.42566480591259,19.442857078064034,77.98165738741957,
9.13454979733539,9.13454979733539,9.13454979733539,9.13454979733539,9.13454979733539,9.13454979733539,9.13454979733539,9.13454979733539,9.13454979733539,9.13454979733539,9.13454979733539,9.13454979733539,85.33280436033964,9.13454979733539,9.13454979733539,66.4847518023661,25.274602975230998,44.829538253254405,27.479734395898657,86.98670875484369,37.13068138345969,34.604511587684954,71.42799999771425,32.96494350063413,
9.13454979733539,9.13454979733539,9.13454979733539,9.13454979733539,9.13454979733539,9.13454979733539,9.13454979733539,9.13454979733539,9.13454979733539,9.13454979733539,9.13454979733539,9.13454979733539,81.66908839946727,25.074764239228504,31.70867389217026,135.5,49.045285196438606,9.13454979733539,135.5,9.13454979733539,25.034836839004075,9.13454979733539,60.41721608945583,61.124360937354595,
9.13454979733539,9.13454979733539,9.13454979733539,9.13454979733539,9.13454979733539,9.13454979733539,9.13454979733539,9.13454979733539,9.13454979733539,9.13454979733539,9.13454979733539,9.13454979733539,55.51294893986447,9.13454979733539,9.13454979733539,116.5,79.1267337882716,35.69036941719436,37.13068138345969,9.13454979733539,105.23611547372889,20.194196085894472,37.13068138345969,68.03078347336594,
9.13454979733539,9.13454979733539,9.13454979733539,9.13454979733539,9.13454979733539,9.13454979733539,9.13454979733539,9.13454979733539,9.13454979733539,9.13454979733539,9.13454979733539,9.13454979733539,41.436510169173275,68.5192592552553,9.13454979733539,9.13454979733539,25.134499309824246,65.81175806799268,34.604511587684954,116.5,23.09085316743407,49.88002134046877,100.32059719829336,49.38085798973596,
9.13454979733539,9.13454979733539,9.13454979733539,9.13454979733539,9.13454979733539,9.13454979733539,9.13454979733539,9.13454979733539,9.13454979733539,9.13454979733539,9.13454979733539,9.13454979733539,33.90773326248748,116.5,9.13454979733539,76.70519865041743,66.73995971097243,30.40102337458761,25.054801048013843,12.157530816557923,100.32059719829336,51.01945094765329,38.15301944226674,81.96069518711731,
9.13454979733539,9.13454979733539,9.13454979733539,9.13454979733539,9.13454979733539,9.13454979733539,9.13454979733539,9.13454979733539,9.13454979733539,9.13454979733539,9.13454979733539,9.13454979733539,30.523556476924508,116.5,9.13454979733539,85.33280436033964,25.201338020361714,37.13068138345969,59.72282919060861,103.00269683632345,20.194196085894472,89.5,83.11170528605194,9.13454979733539,
9.13454979733539,9.13454979733539,9.13454979733539,9.13454979733539,9.13454979733539,9.13454979733539,9.13454979733539,9.13454979733539,9.13454979733539,9.13454979733539,9.13454979733539,9.13454979733539,52.826958080131774,9.13454979733539,17.957511582126912,9.13454979733539,31.006253483806148,37.13068138345969,85.33280436033964,118.5,51.051172584204394,66.73995971097243,116.5,44.829538253254405,
9.13454979733539,9.13454979733539,9.13454979733539,9.13454979733539,9.13454979733539,9.13454979733539,9.13454979733539,9.13454979733539,9.13454979733539,9.13454979733539,9.13454979733539,9.13454979733539,65.81175806799268,19.442857078064034,76.70519865041743,40.10572447671865,116.5,68.5192592552553,81.12143674763163,25.310274593532167,22.473095024940378,55.51294893986447,116.5,40.061372670527824,
9.13454979733539,9.13454979733539,9.13454979733539,9.13454979733539,9.13454979733539,9.13454979733539,9.13454979733539,9.13454979733539,9.13454979733539,9.13454979733539,9.13454979733539,9.13454979733539,9.13454979733539,116.5,23.09085316743407,44.829538253254405,53.78490798105555,67.10469432163445,9.13454979733539,47.97069417884215,46.631236550430685,28.678776511947337,24.355440870573457,23.09085316743407,
9.13454979733539,9.13454979733539,9.13454979733539,9.13454979733539,9.13454979733539,9.13454979733539,9.13454979733539,9.13454979733539,9.13454979733539,9.13454979733539,9.13454979733539,9.13454979733539,18.15136970650486,23.69038570813063,26.906957743304982,79.1267337882716,25.06751214798262,23.09085316743407,98.00793618659438,60.41721608945583,128.46357027923867,35.930271012058896,37.13068138345969,116.5,
9.13454979733539,9.13454979733539,9.13454979733539,9.13454979733539,9.13454979733539,9.13454979733539,9.13454979733539,9.13454979733539,9.13454979733539,9.13454979733539,9.13454979733539,9.13454979733539,9.13454979733539,9.13454979733539,51.75557940937383,9.13454979733539,48.639901315689364,23.69038570813063,59.02659475938697,64.78945492429887,66.73995971097243,38.378556255374086,23.09085316743407,9.13454979733539,
9.13454979733539,9.13454979733539,9.13454979733539,9.13454979733539,9.13454979733539,9.13454979733539,9.13454979733539,9.13454979733539,9.13454979733539,9.13454979733539,9.13454979733539,9.13454979733539,118.5,9.13454979733539,69.30973957532953,9.13454979733539,22.473095024940378,24.773291592587388,116.5,66.4847518023661,9.13454979733539,66.4847518023661,51.75557940937383,85.33280436033964,
9.13454979733539,9.13454979733539,9.13454979733539,9.13454979733539,9.13454979733539,9.13454979733539,9.13454979733539,9.13454979733539,9.13454979733539,9.13454979733539,9.13454979733539,9.13454979733539,116.5,9.13454979733539,9.13454979733539,85.33280436033964,85.33280436033964,18.871642453397875,88.53071500897302,44.77373672143079,76.70519865041743,9.13454979733539,30.68941185490527,25.074764239228504,
9.13454979733539,9.13454979733539,9.13454979733539,9.13454979733539,9.13454979733539,9.13454979733539,9.13454979733539,9.13454979733539,9.13454979733539,9.13454979733539,9.13454979733539,9.13454979733539,27.8066538799619,9.13454979733539,55.51294893986447,116.5,9.13454979733539,9.13454979733539,23.09085316743407,28.678776511947337,23.09085316743407,118.5,51.004748553443534,83.11170528605194,
9.13454979733539,9.13454979733539,9.13454979733539,9.13454979733539,9.13454979733539,9.13454979733539,9.13454979733539,9.13454979733539,9.13454979733539,9.13454979733539,9.13454979733539,9.13454979733539,30.523556476924508,9.13454979733539,60.41721608945583,9.13454979733539,68.03078347336594,37.13068138345969,54.97126522102253,66.4847518023661,23.09085316743407,37.13068138345969,9.13454979733539,33.42214834507202,
9.13454979733539,9.13454979733539,9.13454979733539,9.13454979733539,9.13454979733539,9.13454979733539,9.13454979733539,9.13454979733539,9.13454979733539,9.13454979733539,9.13454979733539,9.13454979733539,30.523556476924508,62.5159179729451,62.16823054333209,17.957511582126912,66.4847518023661,24.6983805137098,9.13454979733539,68.03078347336594,68.03078347336594,9.13454979733539,116.5,35.70100815762875,
9.13454979733539,9.13454979733539,9.13454979733539,9.13454979733539,9.13454979733539,9.13454979733539,9.13454979733539,9.13454979733539,9.13454979733539,9.13454979733539,9.13454979733539,9.13454979733539,21.90097926034321,135.5,28.678776511947337,9.13454979733539,25.11593119914132,9.13454979733539,95.21277341944317,81.35010755985515,42.462218500686,9.13454979733539,66.4847518023661,23.09085316743407,
9.13454979733539,9.13454979733539,9.13454979733539,9.13454979733539,9.13454979733539,9.13454979733539,9.13454979733539,9.13454979733539,9.13454979733539,9.13454979733539,9.13454979733539,9.13454979733539,66.4847518023661,83.11170528605194,28.50389836885864,9.13454979733539,28.50389836885864,34.08036200482861,116.5,28.668495828369238,9.13454979733539,48.27255949294589,118.5,116.5,
9.13454979733539,9.13454979733539,9.13454979733539,9.13454979733539,9.13454979733539,9.13454979733539,9.13454979733539,9.13454979733539,9.13454979733539,9.13454979733539,9.13454979733539,9.13454979733539,24.355440870573457,9.13454979733539,135.5,68.03078347336594,13.154466921924278,23.98306694315804,89.68015729382334,35.98254857084046,9.13454979733539,33.53812093060009,25.074764239228504,66.4847518023661,
9.13454979733539,9.13454979733539,9.13454979733539,9.13454979733539,9.13454979733539,9.13454979733539,9.13454979733539,9.13454979733539,9.13454979733539,9.13454979733539,9.13454979733539,9.13454979733539,57.91780574419427,97.8017765687311,9.13454979733539,17.957511582126912,36.22412869897632,34.604511587684954,30.40102337458761,18.15136970650486,18.53072462431086,9.13454979733539,81.21691634136327,23.09085316743407,
9.13454979733539,9.13454979733539,9.13454979733539,9.13454979733539,9.13454979733539,9.13454979733539,9.13454979733539,9.13454979733539,9.13454979733539,9.13454979733539,9.13454979733539,9.13454979733539,12.157530816557923,51.09685791600976,70.74028201809772,9.13454979733539,32.038605185341986,9.13454979733539,69.30973957532953,39.81798867625313,55.52601992659738,23.09085316743407,37.265149376122075,28.50389836885864,
9.13454979733539,9.13454979733539,9.13454979733539,9.13454979733539,9.13454979733539,9.13454979733539,9.13454979733539,9.13454979733539,9.13454979733539,9.13454979733539,9.13454979733539,9.13454979733539,9.13454979733539,27.686855788822868,52.73886380177374,23.69038570813063,25.274602975230998,66.4847518023661,66.4847518023661,9.13454979733539,23.09085316743407,12.157530816557923,134.5,66.4847518023661,
9.13454979733539,9.13454979733539,9.13454979733539,9.13454979733539,9.13454979733539,9.13454979733539,9.13454979733539,9.13454979733539,9.13454979733539,9.13454979733539,9.13454979733539,9.13454979733539,82.14735236147298,78.52954150438477,125.5,116.5,54.20460210064169,9.13454979733539,53.43315488361441,87.45677503772936,30.68941185490527,68.03078347336594,135.5,81.13631764392765,
9.13454979733539,9.13454979733539,9.13454979733539,9.13454979733539,9.13454979733539,9.13454979733539,9.13454979733539,9.13454979733539,9.13454979733539,9.13454979733539,9.13454979733539,9.13454979733539,9.13454979733539,9.13454979733539,68.03078347336594,81.21691634136327,23.09085316743407,9.13454979733539,83.11170528605194,23.09085316743407,9.13454979733539,9.13454979733539,129.16741935264568,68.03078347336594,
9.13454979733539,9.13454979733539,9.13454979733539,9.13454979733539,9.13454979733539,9.13454979733539,9.13454979733539,9.13454979733539,9.13454979733539,9.13454979733539,9.13454979733539,9.13454979733539,83.11170528605194,23.09085316743407,25.048148079692883,19.442857078064034,25.21576314022246,116.5,9.13454979733539,28.678776511947337,23.081243503175745,37.13068138345969,118.5,30.68941185490527,
9.13454979733539,9.13454979733539,9.13454979733539,9.13454979733539,9.13454979733539,9.13454979733539,9.13454979733539,9.13454979733539,9.13454979733539,9.13454979733539,9.13454979733539,9.13454979733539,28.678776511947337,85.8320388251898,9.13454979733539,66.73995971097243,34.713253952921214,22.473095024940378,9.13454979733539,9.13454979733539,125.5,66.73995971097243,38.54620603898651,23.09085316743407,
9.13454979733539,9.13454979733539,9.13454979733539,9.13454979733539,9.13454979733539,9.13454979733539,9.13454979733539,9.13454979733539,9.13454979733539,9.13454979733539,9.13454979733539,9.13454979733539,40.80058210369063,9.13454979733539,68.60165814322566,29.141626155724392,134.5,68.03078347336594,65.81175806799268,66.4847518023661,54.096878119002604,9.13454979733539,24.842218147120757,9.13454979733539,
9.13454979733539,9.13454979733539,9.13454979733539,9.13454979733539,9.13454979733539,9.13454979733539,9.13454979733539,9.13454979733539,9.13454979733539,9.13454979733539,9.13454979733539,9.13454979733539,9.13454979733539,116.5,60.41721608945583,36.91168137896487,23.42610130222744,66.4847518023661,20.194196085894472,23.42610130222744,70.92582197071968,28.50389836885864,68.03078347336594,28.50389836885864,
9.13454979733539,9.13454979733539,9.13454979733539,9.13454979733539,9.13454979733539,9.13454979733539,9.13454979733539,9.13454979733539,9.13454979733539,9.13454979733539,9.13454979733539,9.13454979733539,55.39379227153727,62.5159179729451,9.13454979733539,23.09085316743407,98.3317796487427,26.659601928761052,29.45471518982284,26.906957743304982,52.826958080131774,34.38953329139551,32.038605185341986,24.951480695319244,
9.13454979733539,9.13454979733539,9.13454979733539,9.13454979733539,9.13454979733539,9.13454979733539,9.13454979733539,9.13454979733539,9.13454979733539,9.13454979733539,9.13454979733539,9.13454979733539,9.13454979733539,68.03078347336594,39.08247689182455,25.06751214798262,51.75557940937383,81.96069518711731,76.91860777615662,76.91860777615662,116.5,20.194196085894472,27.702165980298364,30.523556476924508,
9.13454979733539,9.13454979733539,9.13454979733539,9.13454979733539,9.13454979733539,9.13454979733539,9.13454979733539,9.13454979733539,9.13454979733539,9.13454979733539,9.13454979733539,9.13454979733539,18.871642453397875,83.11170528605194,24.842218147120757,9.13454979733539,48.60288057306892,37.13068138345969,85.33280436033964,99.58758707790847,66.4847518023661,9.13454979733539,71.50795588675459,28.678776511947337,
9.13454979733539,9.13454979733539,9.13454979733539,9.13454979733539,9.13454979733539,9.13454979733539,9.13454979733539,9.13454979733539,9.13454979733539,9.13454979733539,9.13454979733539,9.13454979733539,83.11170528605194,53.89842298249551,12.157530816557923,23.09085316743407,23.09085316743407,24.832218049430015,9.13454979733539,85.33280436033964,9.13454979733539,20.554129079633178,34.2370780703158,62.5159179729451,
9.13454979733539,9.13454979733539,9.13454979733539,9.13454979733539,9.13454979733539,9.13454979733539,9.13454979733539,9.13454979733539,9.13454979733539,9.13454979733539,9.13454979733539,9.13454979733539,58.50239834609259,39.08247689182455,9.13454979733539,83.11170528605194,28.678776511947337,61.124360937354595,85.33280436033964,23.09085316743407,134.5,9.13454979733539,68.03078347336594,9.13454979733539,
9.13454979733539,9.13454979733539,9.13454979733539,9.13454979733539,9.13454979733539,9.13454979733539,9.13454979733539,9.13454979733539,9.13454979733539,9.13454979733539,9.13454979733539,9.13454979733539,21.90097926034321,66.4847518023661,9.13454979733539,20.554129079633178,9.13454979733539,9.13454979733539,30.68941185490527,9.13454979733539,134.5,109.32377371825397,81.96069518711731,66.73995971097243,
9.13454979733539,9.13454979733539,9.13454979733539,9.13454979733539,9.13454979733539,9.13454979733539,9.13454979733539,9.13454979733539,9.13454979733539,9.13454979733539,9.13454979733539,9.13454979733539,116.5,30.46283596449943,134.5,9.13454979733539,9.13454979733539,9.13454979733539,97.8017765687311,29.37922546441429,9.13454979733539,70.92582197071968,9.13454979733539,9.13454979733539,
9.13454979733539,9.13454979733539,9.13454979733539,9.13454979733539,9.13454979733539,9.13454979733539,9.13454979733539,9.13454979733539,9.13454979733539,9.13454979733539,9.13454979733539,9.13454979733539,9.13454979733539,40.20257346962066,28.06136133547337,23.69038570813063,9.13454979733539,116.5,48.60288057306892,25.06751214798262,23.981255007108704,23.09085316743407,24.355440870573457,32.038605185341986,
9.13454979733539,9.13454979733539,9.13454979733539,9.13454979733539,9.13454979733539,9.13454979733539,9.13454979733539,9.13454979733539,9.13454979733539,9.13454979733539,9.13454979733539,9.13454979733539,33.53812093060009,9.13454979733539,82.71751628282851,29.178040110524183,122.09377088487722,26.991306234506286,125.5,95.97232674057663,20.530084632071052,81.96069518711731,9.13454979733539,22.967027996673842,
9.13454979733539,9.13454979733539,9.13454979733539,9.13454979733539,9.13454979733539,9.13454979733539,9.13454979733539,9.13454979733539,9.13454979733539,9.13454979733539,9.13454979733539,9.13454979733539,34.77125249397841,24.64463480539645,9.13454979733539,25.06751214798262,24.958159431781468,70.74028201809772,125.5,35.97546907268896,9.13454979733539,17.957511582126912,66.4847518023661,18.15136970650486,
9.13454979733539,9.13454979733539,9.13454979733539,9.13454979733539,9.13454979733539,9.13454979733539,9.13454979733539,9.13454979733539,9.13454979733539,9.13454979733539,9.13454979733539,9.13454979733539,23.69038570813063,116.5,9.13454979733539,29.82576719698739,34.656024007378576,9.13454979733539,40.822596377496616,36.01019820828539,9.13454979733539,117.20163062953614,89.5,85.33280436033964,
9.13454979733539,9.13454979733539,9.13454979733539,9.13454979733539,9.13454979733539,9.13454979733539,9.13454979733539,9.13454979733539,9.13454979733539,9.13454979733539,9.13454979733539,9.13454979733539,116.5,9.13454979733539,33.90773326248748,9.13454979733539,27.442237315657938,45.734816818128344,33.305170394399724,104.91372116596041,63.55159758460488,9.13454979733539,9.13454979733539,20.21920687194758,
9.13454979733539,9.13454979733539,9.13454979733539,9.13454979733539,9.13454979733539,9.13454979733539,9.13454979733539,9.13454979733539,9.13454979733539,9.13454979733539,9.13454979733539,9.13454979733539,30.68941185490527,25.074764239228504,28.43202710482065,37.13068138345969,66.73995971097243,89.5,116.5,85.33280436033964,116.5,9.13454979733539,9.13454979733539,118.5,
9.13454979733539,9.13454979733539,9.13454979733539,9.13454979733539,9.13454979733539,9.13454979733539,9.13454979733539,9.13454979733539,9.13454979733539,9.13454979733539,9.13454979733539,9.13454979733539,76.70519865041743,32.038605185341986,9.13454979733539,26.906957743304982,38.77801406725208,9.13454979733539,9.13454979733539,9.13454979733539,20.966169104382903,33.60636480046661,20.119890655766497,17.957511582126912,
9.13454979733539,9.13454979733539,9.13454979733539,9.13454979733539,9.13454979733539,9.13454979733539,9.13454979733539,9.13454979733539,9.13454979733539,9.13454979733539,9.13454979733539,9.13454979733539,73.46520130285586,23.09085316743407,9.13454979733539,76.91860777615662,20.966169104382903,76.91860777615662,9.13454979733539,116.5,35.74290916469385,9.13454979733539,29.67373606819502,32.038605185341986,
9.13454979733539,9.13454979733539,9.13454979733539,9.13454979733539,9.13454979733539,9.13454979733539,9.13454979733539,9.13454979733539,9.13454979733539,9.13454979733539,9.13454979733539,9.13454979733539,125.5,129.16741935264568,17.236648189724317,77.20841203449848,83.11170528605194,34.77125249397841,60.97927698999245,65.81175806799268,9.13454979733539,18.15136970650486,66.73995971097243,73.33262213631635,
9.13454979733539,9.13454979733539,9.13454979733539,9.13454979733539,9.13454979733539,9.13454979733539,9.13454979733539,9.13454979733539,9.13454979733539,9.13454979733539,9.13454979733539,9.13454979733539,41.72753886823425,9.13454979733539,9.13454979733539,23.09085316743407,43.53098603939647,65.50603025676338,35.930271012058896,9.13454979733539,59.79498306714368,9.13454979733539,9.13454979733539,9.13454979733539,
9.13454979733539,9.13454979733539,9.13454979733539,9.13454979733539,9.13454979733539,9.13454979733539,9.13454979733539,9.13454979733539,9.13454979733539,9.13454979733539,9.13454979733539,9.13454979733539,41.5,49.331331290707936,79.1267337882716,34.77125249397841,66.73995971097243,9.13454979733539,73.33262213631635,20.194196085894472,125.5,30.523556476924508,23.09085316743407,54.97126522102253,
9.13454979733539,9.13454979733539,9.13454979733539,9.13454979733539,9.13454979733539,9.13454979733539,9.13454979733539,9.13454979733539,9.13454979733539,9.13454979733539,9.13454979733539,9.13454979733539,76.91860777615662,54.1153603168474,116.5,19.683495624507348,17.376972799468536,9.13454979733539,29.67373606819502,62.71806402907822,28.50389836885864,9.13454979733539,19.633446519198362,25.074764239228504,
9.13454979733539,9.13454979733539,9.13454979733539,9.13454979733539,9.13454979733539,9.13454979733539,9.13454979733539,9.13454979733539,9.13454979733539,9.13454979733539,9.13454979733539,9.13454979733539,48.35948717676812,9.13454979733539,48.35948717676812,116.5,28.678776511947337,9.13454979733539,25.031220175434402,48.53287545571558,24.150245857961778,34.77125249397841,35.1236881518407,116.5,
9.13454979733539,9.13454979733539,9.13454979733539,9.13454979733539,9.13454979733539,9.13454979733539,9.13454979733539,9.13454979733539,9.13454979733539,9.13454979733539,9.13454979733539,9.13454979733539,89.5,68.03078347336594,20.554129079633178,20.824828195876073,9.13454979733539,116.5,9.13454979733539,24.347819749016796,31.045168209172303,9.13454979733539,26.851152209914567,116.5,
9.13454979733539,9.13454979733539,9.13454979733539,9.13454979733539,9.13454979733539,9.13454979733539,9.13454979733539,9.13454979733539,9.13454979733539,9.13454979733539,9.13454979733539,9.13454979733539,34.604511587684954,20.194196085894472,85.33280436033964,33.814789663695976,28.678776511947337,9.13454979733539,40.3621362271167,23.09085316743407,116.5,118.5,67.5,25.14448046707634,
9.13454979733539,9.13454979733539,9.13454979733539,9.13454979733539,9.13454979733539,9.13454979733539,9.13454979733539,9.13454979733539,9.13454979733539,9.13454979733539,9.13454979733539,9.13454979733539,54.72695862187118,44.232027109575505,15.847362206023087,66.4847518023661,30.523556476924508,18.53072462431086,27.018223017067573,9.13454979733539,48.60288057306892,29.955934715701297,23.98306694315804,81.96069518711731,
9.13454979733539,9.13454979733539,9.13454979733539,9.13454979733539,9.13454979733539,9.13454979733539,9.13454979733539,9.13454979733539,9.13454979733539,9.13454979733539,9.13454979733539,9.13454979733539,85.33280436033964,45.04555517269519,23.69038570813063,27.46760156625382,25.074764239228504,24.355440870573457,59.79498306714368,9.13454979733539,9.13454979733539,36.59880083038544,30.523556476924508,25.312731480423047,
9.13454979733539,9.13454979733539,9.13454979733539,9.13454979733539,9.13454979733539,9.13454979733539,9.13454979733539,9.13454979733539,9.13454979733539,9.13454979733539,9.13454979733539,9.13454979733539,81.53852225938913,52.826958080131774,116.5,43.479525478119804,25.805226645434104,24.008534362226744,25.034836839004075,9.13454979733539,116.5,69.74004208048454,65.81175806799268,9.13454979733539,
9.13454979733539,9.13454979733539,9.13454979733539,9.13454979733539,9.13454979733539,9.13454979733539,9.13454979733539,9.13454979733539,9.13454979733539,9.13454979733539,9.13454979733539,9.13454979733539,9.13454979733539,79.1267337882716,29.098700572362333,9.13454979733539,125.5,67.54139471464889,21.90097926034321,21.90097926034321,116.5,76.70519865041743,28.678776511947337,116.5,
9.13454979733539,9.13454979733539,9.13454979733539,9.13454979733539,9.13454979733539,9.13454979733539,9.13454979733539,9.13454979733539,9.13454979733539,9.13454979733539,9.13454979733539,9.13454979733539,23.69038570813063,19.683495624507348,20.194196085894472,90.90776766713735,116.5,84.09650541028576,42.462218500686,73.3482050473866,9.13454979733539,116.5,66.73995971097243,36.37955775187794,
9.13454979733539,9.13454979733539,9.13454979733539,9.13454979733539,9.13454979733539,9.13454979733539,9.13454979733539,9.13454979733539,9.13454979733539,9.13454979733539,9.13454979733539,9.13454979733539,9.13454979733539,71.42399985370491,116.5,17.957511582126912,31.312687125189367,67.5,116.5,9.13454979733539,36.22412869897632,9.13454979733539,68.60165814322566,9.13454979733539,
9.13454979733539,9.13454979733539,9.13454979733539,9.13454979733539,9.13454979733539,9.13454979733539,9.13454979733539,9.13454979733539,9.13454979733539,9.13454979733539,9.13454979733539,9.13454979733539,30.523556476924508,45.273474573971015,20.69151731722178,9.13454979733539,23.09085316743407,29.141626155724392,116.5,9.13454979733539,26.906957743304982,41.841217716505334,17.376972799468536,62.5159179729451,
9.13454979733539,9.13454979733539,9.13454979733539,9.13454979733539,9.13454979733539,9.13454979733539,9.13454979733539,9.13454979733539,9.13454979733539,9.13454979733539,9.13454979733539,9.13454979733539,134.5,81.96069518711731,28.678776511947337,32.038605185341986,9.13454979733539,23.98306694315804,28.678776511947337,23.09085316743407,34.604511587684954,29.141626155724392,12.531560158256434,134.5,
9.13454979733539,9.13454979733539,9.13454979733539,9.13454979733539,9.13454979733539,9.13454979733539,9.13454979733539,9.13454979733539,9.13454979733539,9.13454979733539,9.13454979733539,9.13454979733539,62.304413968835306,51.024350804297356,53.43315488361441,34.77125249397841,116.5,9.13454979733539,30.523556476924508,25.669312032988216,24.73007053950492,70.13182032588504,9.13454979733539,58.29641689008187,
9.13454979733539,9.13454979733539,9.13454979733539,9.13454979733539,9.13454979733539,9.13454979733539,9.13454979733539,9.13454979733539,9.13454979733539,9.13454979733539,9.13454979733539,9.13454979733539,51.75557940937383,9.13454979733539,51.75557940937383,51.024350804297356,69.30108224263168,9.13454979733539,9.13454979733539,47.140580978600596,9.13454979733539,37.13068138345969,116.5,25.089262133035426,
9.13454979733539,9.13454979733539,9.13454979733539,9.13454979733539,9.13454979733539,9.13454979733539,9.13454979733539,9.13454979733539,9.13454979733539,9.13454979733539,9.13454979733539,9.13454979733539,125.5,28.50389836885864,74.18247771542819,37.25322092297259,9.13454979733539,125.5,9.13454979733539,19.683495624507348,83.11170528605194,54.97126522102253,9.13454979733539,25.074764239228504,
9.13454979733539,9.13454979733539,9.13454979733539,9.13454979733539,9.13454979733539,9.13454979733539,9.13454979733539,9.13454979733539,9.13454979733539,9.13454979733539,9.13454979733539,9.13454979733539,9.13454979733539,25.400984232899326,21.90097926034321,9.13454979733539,17.667452812697388,21.724621600236663,55.52601992659738,68.13944800921122,22.473095024940378,26.824655266704077,44.829538253254405,117.40054892924859,
9.13454979733539,9.13454979733539,9.13454979733539,9.13454979733539,9.13454979733539,9.13454979733539,9.13454979733539,9.13454979733539,9.13454979733539,9.13454979733539,9.13454979733539,9.13454979733539,81.23939930846363,9.13454979733539,35.236064577554345,19.7480220528538,9.13454979733539,25.074764239228504,116.5,9.13454979733539,29.168354417215312,9.13454979733539,9.13454979733539,36.00333317902663,
9.13454979733539,9.13454979733539,9.13454979733539,9.13454979733539,9.13454979733539,9.13454979733539,9.13454979733539,9.13454979733539,9.13454979733539,9.13454979733539,9.13454979733539,9.13454979733539,30.63449399324595,30.523556476924508,9.13454979733539,54.97126522102253,62.5159179729451,19.683495624507348,23.813904358931286,15.847362206023087,9.13454979733539,19.573855074285593,52.826958080131774,34.604511587684954,
9.13454979733539,9.13454979733539,9.13454979733539,9.13454979733539,9.13454979733539,9.13454979733539,9.13454979733539,9.13454979733539,9.13454979733539,9.13454979733539,9.13454979733539,9.13454979733539,9.13454979733539,52.826958080131774,125.5,9.13454979733539,37.081127275205645,79.1267337882716,35.50312975249115,70.74028201809772,67.10469432163445,9.13454979733539,55.52601992659738,9.13454979733539,
9.13454979733539,9.13454979733539,9.13454979733539,9.13454979733539,9.13454979733539,9.13454979733539,9.13454979733539,9.13454979733539,9.13454979733539,9.13454979733539,9.13454979733539,9.13454979733539,118.5,116.5,9.13454979733539,117.17887560857072,116.5,57.91780574419427,23.09085316743407,9.13454979733539,9.13454979733539,9.13454979733539,20.34221117665323,9.13454979733539,
9.13454979733539,9.13454979733539,9.13454979733539,9.13454979733539,9.13454979733539,9.13454979733539,9.13454979733539,9.13454979733539,9.13454979733539,9.13454979733539,9.13454979733539,9.13454979733539,81.96069518711731,9.13454979733539,9.13454979733539,9.13454979733539,25.034836839004075,69.12408327702357,25.074764239228504,51.004748553443534,118.5,50.809010574459684,66.4847518023661,9.13454979733539,
9.13454979733539,9.13454979733539,9.13454979733539,9.13454979733539,9.13454979733539,9.13454979733539,9.13454979733539,9.13454979733539,9.13454979733539,9.13454979733539,9.13454979733539,9.13454979733539,31.27274172502309,25.400984232899326,9.13454979733539,23.09085316743407,17.236648189724317,30.523556476924508,48.60288057306892,116.5,85.33280436033964,9.13454979733539,23.98306694315804,23.09085316743407,
9.13454979733539,9.13454979733539,9.13454979733539,9.13454979733539,9.13454979733539,9.13454979733539,9.13454979733539,9.13454979733539,9.13454979733539,9.13454979733539,9.13454979733539,9.13454979733539,116.5,9.13454979733539,118.5,79.18737273075803,35.930271012058896,9.13454979733539,24.355440870573457,24.750959577357804,25.400984232899326,118.5,81.96069518711731,116.5,
9.13454979733539,9.13454979733539,9.13454979733539,9.13454979733539,9.13454979733539,9.13454979733539,9.13454979733539,9.13454979733539,9.13454979733539,9.13454979733539,9.13454979733539,9.13454979733539,79.1267337882716,17.957511582126912,66.73995971097243,52.826958080131774,9.13454979733539,88.5,125.5,66.4847518023661,116.5,60.641899706391136,52.826958080131774,66.85686202627222,
9.13454979733539,9.13454979733539,9.13454979733539,9.13454979733539,9.13454979733539,9.13454979733539,9.13454979733539,9.13454979733539,9.13454979733539,9.13454979733539,9.13454979733539,9.13454979733539,9.13454979733539,39.26296278827643,83.11170528605194,21.90097926034321,34.604511587684954,26.906957743304982,25.420660888340414,81.96069518711731,17.236648189724317,31.707850054868757,21.790280551902317,52.65753817385134,
9.13454979733539,9.13454979733539,9.13454979733539,9.13454979733539,9.13454979733539,9.13454979733539,9.13454979733539,9.13454979733539,9.13454979733539,9.13454979733539,9.13454979733539,9.13454979733539,23.196473630465665,81.36239917799868,9.13454979733539,37.64949368849467,88.53071500897302,9.13454979733539,125.5,34.604511587684954,28.50389836885864,125.5,18.031608050556358,26.845695335094067,
9.13454979733539,9.13454979733539,9.13454979733539,9.13454979733539,9.13454979733539,9.13454979733539,9.13454979733539,9.13454979733539,9.13454979733539,9.13454979733539,9.13454979733539,9.13454979733539,23.69038570813063,24.355440870573457,89.5,22.473095024940378,23.09085316743407,73.0593831714158,78.40051020242153,9.13454979733539,19.928343857152026,15.847362206023087,118.5,9.13454979733539,
9.13454979733539,9.13454979733539,9.13454979733539,9.13454979733539,9.13454979733539,9.13454979733539,9.13454979733539,9.13454979733539,9.13454979733539,9.13454979733539,9.13454979733539,9.13454979733539,116.5,23.09085316743407,62.91136622264693,9.13454979733539,134.5,9.13454979733539,66.4847518023661,85.33280436033964,17.957511582126912,23.884180572769353,81.53852225938913,83.11170528605194,
9.13454979733539,9.13454979733539,9.13454979733539,9.13454979733539,9.13454979733539,9.13454979733539,9.13454979733539,9.13454979733539,9.13454979733539,9.13454979733539,9.13454979733539,9.13454979733539,67.54139471464889,36.9568066201012,9.13454979733539,116.5,20.69151731722178,25.074764239228504,9.13454979733539,125.5,116.5,55.00036363516154,9.13454979733539,25.074764239228504,
9.13454979733539,9.13454979733539,9.13454979733539,9.13454979733539,9.13454979733539,9.13454979733539,9.13454979733539,9.13454979733539,9.13454979733539,9.13454979733539,9.13454979733539,9.13454979733539,125.5,23.09085316743407,9.13454979733539,28.678776511947337,25.90563724011294,48.27255949294589,55.51294893986447,26.08466450277293,25.074764239228504,9.13454979733539,104.4232839084379,83.11170528605194,
9.13454979733539,9.13454979733539,9.13454979733539,9.13454979733539,9.13454979733539,9.13454979733539,9.13454979733539,9.13454979733539,9.13454979733539,9.13454979733539,9.13454979733539,9.13454979733539,9.13454979733539,35.97546907268896,68.13761351118778,66.4847518023661,81.96069518711731,76.91860777615662,125.5,24.025702383073007,12.157530816557923,40.751533713468994,23.09085316743407,135.5,
9.13454979733539,9.13454979733539,9.13454979733539,9.13454979733539,9.13454979733539,9.13454979733539,9.13454979733539,9.13454979733539,9.13454979733539,9.13454979733539,9.13454979733539,9.13454979733539,9.13454979733539,9.13454979733539,20.554129079633178,25.074764239228504,83.16874412902963,76.91860777615662,31.15792558131257,52.826958080131774,23.98306694315804,9.13454979733539,35.90763184465606,9.13454979733539,
9.13454979733539,9.13454979733539,9.13454979733539,9.13454979733539,9.13454979733539,9.13454979733539,9.13454979733539,9.13454979733539,9.13454979733539,9.13454979733539,9.13454979733539,9.13454979733539,9.13454979733539,125.5,66.73995971097243,104.4232839084379,23.403911116639364,76.91860777615662,36.491231823549064,62.030682372158026,28.844139352735073,37.48919844435194,9.13454979733539,55.38373429709627,
9.13454979733539,9.13454979733539,9.13454979733539,9.13454979733539,9.13454979733539,9.13454979733539,9.13454979733539,9.13454979733539,9.13454979733539,9.13454979733539,9.13454979733539,9.13454979733539,59.79498306714368,91.92953823445433,28.177728350596325,48.60288057306892,36.59880083038544,34.77125249397841,74.76333028668236,68.60165814322566,25.074764239228504,9.13454979733539,66.4847518023661,54.34279058797854,
9.13454979733539,9.13454979733539,9.13454979733539,9.13454979733539,9.13454979733539,9.13454979733539,9.13454979733539,9.13454979733539,9.13454979733539,9.13454979733539,9.13454979733539,9.13454979733539,66.5701152688921,102.04747669589875,9.13454979733539,26.323251703520857,9.13454979733539,55.52601992659738,17.957511582126912,9.13454979733539,12.157530816557923,76.91860777615662,70.74028201809772,104.4232839084379,
9.13454979733539,9.13454979733539,9.13454979733539,9.13454979733539,9.13454979733539,9.13454979733539,9.13454979733539,9.13454979733539,9.13454979733539,9.13454979733539,9.13454979733539,9.13454979733539,59.79498306714368,81.13631764392765,54.97126522102253,49.16440672772213,49.09995474087074,74.00665088355235,26.906957743304982,57.91780574419427,42.02189905275581,26.906957743304982,9.13454979733539,116.5,
9.13454979733539,9.13454979733539,9.13454979733539,9.13454979733539,9.13454979733539,9.13454979733539,9.13454979733539,9.13454979733539,9.13454979733539,9.13454979733539,9.13454979733539,9.13454979733539,25.274602975230998,9.13454979733539,18.15136970650486,21.212835147617586,81.21691634136327,77.47777459088223,41.111890007636475,9.13454979733539,51.65253502975435,36.015814427677306,34.77125249397841,73.63072982797333,
9.13454979733539,9.13454979733539,9.13454979733539,9.13454979733539,9.13454979733539,9.13454979733539,9.13454979733539,9.13454979733539,9.13454979733539,9.13454979733539,9.13454979733539,9.13454979733539,57.76447329457787,54.72695862187118,85.33280436033964,62.71806402907822,19.633446519198362,52.826958080131774,116.5,31.045168209172303,116.5,77.06318430353109,24.355440870573457,36.52586602517302,
9.13454979733539,9.13454979733539,9.13454979733539,9.13454979733539,9.13454979733539,9.13454979733539,9.13454979733539,9.13454979733539,9.13454979733539,9.13454979733539,9.13454979733539,9.13454979733539,51.024350804297356,9.13454979733539,9.13454979733539,62.5159179729451,51.09685791600976,66.73995971097243,34.604511587684954,100.32059719829336,39.897399277845196,9.13454979733539,28.50389836885864,35.74290916469385,
9.13454979733539,9.13454979733539,9.13454979733539,9.13454979733539,9.13454979733539,9.13454979733539,9.13454979733539,9.13454979733539,9.13454979733539,9.13454979733539,9.13454979733539,9.13454979733539,21.90097926034321,55.867153935822515,17.236648189724317,67.5,54.97126522102253,39.08247689182455,25.074764239228504,96.13300970819314,66.4847518023661,64.7779862298914,125.5,118.5,
9.13454979733539,9.13454979733539,9.13454979733539,9.13454979733539,9.13454979733539,9.13454979733539,9.13454979733539,9.13454979733539,9.13454979733539,9.13454979733539,9.13454979733539,9.13454979733539,25.074764239228504,9.13454979733539,116.5,116.5,66.73995971097243,76.91860777615662,9.13454979733539,9.13454979733539,52.826958080131774,116.5,30.805589995973133,20.194196085894472,
9.13454979733539,9.13454979733539,9.13454979733539,9.13454979733539,9.13454979733539,9.13454979733539,9.13454979733539,9.13454979733539,9.13454979733539,9.13454979733539,9.13454979733539,9.13454979733539,51.018757141338845,76.70519865041743,76.70519865041743,100.32059719829336,35.1236881518407,85.33280436033964,20.16531675922796,9.13454979733539,29.141626155724392,20.967901482074538,74.00665088355235,83.11170528605194,
9.13454979733539,9.13454979733539,9.13454979733539,9.13454979733539,9.13454979733539,9.13454979733539,9.13454979733539,9.13454979733539,9.13454979733539,9.13454979733539,9.13454979733539,9.13454979733539,9.13454979733539,23.09085316743407,18.15136970650486,68.74752520798275,9.13454979733539,52.826958080131774,62.71806402907822,52.826958080131774,17.376972799468536,34.2819841588818,135.5,34.63249918790153,
9.13454979733539,9.13454979733539,9.13454979733539,9.13454979733539,9.13454979733539,9.13454979733539,9.13454979733539,9.13454979733539,9.13454979733539,9.13454979733539,9.13454979733539,9.13454979733539,9.13454979733539,88.5,59.574649716879485,81.96069518711731,62.5159179729451,79.19747470721526,89.5,32.39041353377399,116.5,9.13454979733539,9.13454979733539,82.71751628282851,
9.13454979733539,9.13454979733539,9.13454979733539,9.13454979733539,9.13454979733539,9.13454979733539,9.13454979733539,9.13454979733539,9.13454979733539,9.13454979733539,9.13454979733539,9.13454979733539,28.480500151663225,78.40051020242153,51.75557940937383,30.523556476924508,135.5,23.09085316743407,95.21277341944317,23.09085316743407,55.52601992659738,59.06471027610311,32.038605185341986,48.60288057306892,
9.13454979733539,9.13454979733539,9.13454979733539,9.13454979733539,9.13454979733539,9.13454979733539,9.13454979733539,9.13454979733539,9.13454979733539,9.13454979733539,9.13454979733539,9.13454979733539,9.13454979733539,89.6361534203694,23.418149419247932,34.781235961362846,9.13454979733539,9.13454979733539,116.5,26.367297453474446,9.13454979733539,9.13454979733539,61.619675226343084,23.403911116639364,
9.13454979733539,9.13454979733539,9.13454979733539,9.13454979733539,9.13454979733539,9.13454979733539,9.13454979733539,9.13454979733539,9.13454979733539,9.13454979733539,9.13454979733539,9.13454979733539,66.73995971097243,42.52010328860302,39.897399277845196,33.684417762520404,9.13454979733539,113.33219974923279,23.09085316743407,31.493491391079523,45.273474573971015,116.5,62.71806402907822,9.13454979733539,
9.13454979733539,9.13454979733539,9.13454979733539,9.13454979733539,9.13454979733539,9.13454979733539,9.13454979733539,9.13454979733539,9.13454979733539,9.13454979733539,9.13454979733539,9.13454979733539,61.38516831359909,9.13454979733539,23.09085316743407,88.5,79.1267337882716,52.826958080131774,28.678776511947337,52.77204647243547,69.25451248835704,24.088234795342633,25.074764239228504,20.966169104382903,
9.13454979733539,9.13454979733539,9.13454979733539,9.13454979733539,9.13454979733539,9.13454979733539,9.13454979733539,9.13454979733539,9.13454979733539,9.13454979733539,9.13454979733539,9.13454979733539,116.5,57.91780574419427,66.68016870074028,25.90563724011294,28.50389836885864,70.74028201809772,89.5,34.81320415694984,34.77125249397841,76.91860777615662,31.358539900501714,116.5,
9.13454979733539,9.13454979733539,9.13454979733539,9.13454979733539,9.13454979733539,9.13454979733539,9.13454979733539,9.13454979733539,9.13454979733539,9.13454979733539,9.13454979733539,9.13454979733539,36.14201015382492,116.5,30.40102337458761,28.678776511947337,9.13454979733539,49.16440672772213,45.875163348427414,85.33280436033964,27.36450851980741,18.871642453397875,52.69008348787448,95.21277341944317,
9.13454979733539,9.13454979733539,9.13454979733539,9.13454979733539,9.13454979733539,9.13454979733539,9.13454979733539,9.13454979733539,9.13454979733539,9.13454979733539,9.13454979733539,9.13454979733539,83.11170528605194,28.678776511947337,125.5,79.1267337882716,125.5,33.33374999739586,116.5,26.906957743304982,9.13454979733539,62.5159179729451,122.09377088487722,9.13454979733539,
9.13454979733539,9.13454979733539,9.13454979733539,9.13454979733539,9.13454979733539,9.13454979733539,9.13454979733539,9.13454979733539,9.13454979733539,9.13454979733539,9.13454979733539,9.13454979733539,9.13454979733539,66.73995971097243,54.97126522102253,34.77125249397841,81.96069518711731,28.581910710005214,54.97126522102253,125.5,74.19595676315522,36.030369134939484,33.596002113714235,79.1267337882716,
9.13454979733539,9.13454979733539,9.13454979733539,9.13454979733539,9.13454979733539,9.13454979733539,9.13454979733539,9.13454979733539,9.13454979733539,9.13454979733539,9.13454979733539,9.13454979733539,79.1267337882716,116.5,70.86614142169728,24.150245857961778,116.5,23.09085316743407,23.09085316743407,35.93198349683092,27.10114798716509,28.678776511947337,82.80966127210037,118.5,
9.13454979733539,9.13454979733539,9.13454979733539,9.13454979733539,9.13454979733539,9.13454979733539,9.13454979733539,9.13454979733539,9.13454979733539,9.13454979733539,9.13454979733539,9.13454979733539,116.5,9.13454979733539,12.157530816557923,24.01547533478269,66.66945572397162,78.46720360007947,77.06318430353109,19.683495624507348,89.35447511021606,22.487184558938345,125.5,22.473095024940378,
9.13454979733539,9.13454979733539,9.13454979733539,9.13454979733539,9.13454979733539,9.13454979733539,9.13454979733539,9.13454979733539,9.13454979733539,9.13454979733539,9.13454979733539,9.13454979733539,28.50389836885864,19.633446519198362,9.13454979733539,22.544178849538962,125.5,89.5,37.23888256916418,9.13454979733539,26.845695335094067,116.5,80.95484852681771,23.09085316743407,
9.13454979733539,9.13454979733539,9.13454979733539,9.13454979733539,9.13454979733539,9.13454979733539,9.13454979733539,9.13454979733539,9.13454979733539,9.13454979733539,9.13454979733539,9.13454979733539,53.98903894801808,51.75557940937383,36.030369134939484,30.523556476924508,118.5,29.141626155724392,66.4847518023661,51.75557940937383,37.13068138345969,29.141626155724392,117.15042561690599,69.30973957532953,
9.13454979733539,9.13454979733539,9.13454979733539,9.13454979733539,9.13454979733539,9.13454979733539,9.13454979733539,9.13454979733539,9.13454979733539,9.13454979733539,9.13454979733539,9.13454979733539,59.79498306714368,50.304379652719085,37.99782507912528,9.13454979733539,83.11170528605194,51.75557940937383,12.157530816557923,19.928343857152026,54.97126522102253,17.957511582126912,24.355440870573457,83.11170528605194,
9.13454979733539,9.13454979733539,9.13454979733539,9.13454979733539,9.13454979733539,9.13454979733539,9.13454979733539,9.13454979733539,9.13454979733539,9.13454979733539,9.13454979733539,9.13454979733539,41.841217716505334,9.13454979733539,30.523556476924508,67.5707219817563,62.5159179729451,17.957511582126912,63.989374117895544,9.13454979733539,116.5,116.5,54.639180081695955,23.69038570813063,
9.13454979733539,9.13454979733539,9.13454979733539,9.13454979733539,9.13454979733539,9.13454979733539,9.13454979733539,9.13454979733539,9.13454979733539,9.13454979733539,9.13454979733539,9.13454979733539,48.55347567373524,49.347618990180266,64.05259069702021,88.53071500897302,9.13454979733539,35.76054147423683,28.74038969812344,17.957511582126912,30.523556476924508,23.09085316743407,46.698434680970756,81.13631764392765,
9.13454979733539,9.13454979733539,9.13454979733539,9.13454979733539,9.13454979733539,9.13454979733539,9.13454979733539,9.13454979733539,9.13454979733539,9.13454979733539,9.13454979733539,9.13454979733539,19.928343857152026,66.73995971097243,24.72333018740711,44.77373672143079,51.75557940937383,30.523556476924508,9.13454979733539,25.074764239228504,42.92791114829087,116.5,36.54326203282898,30.523556476924508,
9.13454979733539,9.13454979733539,9.13454979733539,9.13454979733539,9.13454979733539,9.13454979733539,9.13454979733539,9.13454979733539,9.13454979733539,9.13454979733539,9.13454979733539,9.13454979733539,53.312170280340304,20.194196085894472,9.13454979733539,9.13454979733539,9.13454979733539,22.473095024940378,37.49231213712692,81.96069518711731,13.154466921924278,9.13454979733539,131.28679378453197,21.90097926034321,
9.13454979733539,9.13454979733539,9.13454979733539,9.13454979733539,9.13454979733539,9.13454979733539,9.13454979733539,9.13454979733539,9.13454979733539,9.13454979733539,9.13454979733539,9.13454979733539,50.29565480796511,46.991355588022785,28.678776511947337,9.13454979733539,41.07595860110875,18.15136970650486,81.13631764392765,79.1267337882716,26.818919401605694,23.09085316743407,9.13454979733539,83.11170528605194,
9.13454979733539,9.13454979733539,9.13454979733539,9.13454979733539,9.13454979733539,9.13454979733539,9.13454979733539,9.13454979733539,9.13454979733539,9.13454979733539,9.13454979733539,9.13454979733539,77.20841203449848,87.20983634634086,55.52601992659738,48.48339922076422,54.97126522102253,25.074764239228504,19.633446519198362,9.13454979733539,9.13454979733539,9.13454979733539,27.69998657397413,37.13068138345969,
9.13454979733539,9.13454979733539,9.13454979733539,9.13454979733539,9.13454979733539,9.13454979733539,9.13454979733539,9.13454979733539,9.13454979733539,9.13454979733539,9.13454979733539,9.13454979733539,68.5192592552553,9.99999999E8,9.13454979733539,33.83935638891979,116.5,73.82428253195573,25.031507922793804,76.70519865041743,23.09085316743407,25.089262133035426,9.13454979733539,125.5,
9.13454979733539,9.13454979733539,9.13454979733539,9.13454979733539,9.13454979733539,9.13454979733539,9.13454979733539,9.13454979733539,9.13454979733539,9.13454979733539,9.13454979733539,9.13454979733539,36.00333317902663,81.96069518711731,68.60165814322566,47.865842611291086,36.365811172339086,116.5,35.97546907268896,116.5,42.09798094920943,9.13454979733539,23.98306694315804,23.09085316743407,
9.13454979733539,9.13454979733539,9.13454979733539,9.13454979733539,9.13454979733539,9.13454979733539,9.13454979733539,9.13454979733539,9.13454979733539,9.13454979733539,9.13454979733539,9.13454979733539,66.68016870074028,125.5,23.670894036554593,65.16240395265424,85.33280436033964,116.5,116.5,9.13454979733539,9.13454979733539,17.957511582126912,9.13454979733539,23.98306694315804,
9.13454979733539,9.13454979733539,9.13454979733539,9.13454979733539,9.13454979733539,9.13454979733539,9.13454979733539,9.13454979733539,9.13454979733539,9.13454979733539,9.13454979733539,9.13454979733539,116.5,9.13454979733539,9.13454979733539,23.98306694315804,81.96069518711731,9.13454979733539,52.826958080131774,24.355440870573457,51.75557940937383,36.59880083038544,59.87394165151388,9.13454979733539,
9.13454979733539,9.13454979733539,9.13454979733539,9.13454979733539,9.13454979733539,9.13454979733539,9.13454979733539,9.13454979733539,9.13454979733539,9.13454979733539,9.13454979733539,9.13454979733539,37.13068138345969,66.4847518023661,33.53812093060009,23.69038570813063,28.678776511947337,76.35862754135907,9.13454979733539,23.09085316743407,52.69008348787448,22.473095024940378,25.074764239228504,9.13454979733539,
9.13454979733539,9.13454979733539,9.13454979733539,9.13454979733539,9.13454979733539,9.13454979733539,9.13454979733539,9.13454979733539,9.13454979733539,9.13454979733539,9.13454979733539,9.13454979733539,49.879699026758374,100.32059719829336,66.73995971097243,69.25451248835704,9.13454979733539,26.851152209914567,116.5,23.69038570813063,9.13454979733539,23.09085316743407,21.061344850545044,68.67086354488343,
9.13454979733539,9.13454979733539,9.13454979733539,9.13454979733539,9.13454979733539,9.13454979733539,9.13454979733539,9.13454979733539,9.13454979733539,9.13454979733539,9.13454979733539,9.13454979733539,9.13454979733539,23.813904358931286,68.32264906310351,97.51695009358914,62.5159179729451,26.098578552655617,24.94040233514795,104.4232839084379,116.5,134.5,66.73995971097243,9.13454979733539,
9.13454979733539,9.13454979733539,9.13454979733539,9.13454979733539,9.13454979733539,9.13454979733539,9.13454979733539,9.13454979733539,9.13454979733539,9.13454979733539,9.13454979733539,9.13454979733539,55.52601992659738,69.30973957532953,92.21544068104863,28.56231005285734,125.5,85.33280436033964,23.913176284216195,67.5,25.274602975230998,23.09085316743407,116.5,63.7035233632245,
