46.794533816053004,64.39999999999999,77.86187913364422,91.003777394128,86.14842436404838,104.8746275321157,85.68873905012256,37.88613697647202,92.23535114043855,115.345947046266,57.38946785263097,109.20724436694766,65.49570596611659,87.3416281048161,36.82021720552078,94.07207638590505,82.0712343028908,120.45008186888965,71.03383387904356,106.92314997230488,139.5,109.20724436694766,126.83147173403854,42.06869558150091,
36.82021720552078,37.88613697647202,42.06869558150091,46.794533816053004,57.38946785263097,64.39999999999999,65.49570596611659,71.03383387904356,77.86187913364422,82.0712343028908,85.68873905012256,86.14842436404838,62.01393710337804,65.77506651459959,69.09915974562225,31.434207084003248,58.67447381571496,35.83845785923824,67.28863202651694,50.35347279207485,58.98705130977663,46.90850843147015,35.35688582157654,46.73120537237999,
31.434207084003248,35.35688582157654,35.83845785923824,36.82021720552078,37.88613697647202,42.06869558150091,46.73120537237999,46.794533816053004,46.90850843147015,50.35347279207485,57.38946785263097,58.67447381571496,26.81585351988633,46.73120537237999,126.83147173403854,45.14944321054494,45.580800508547455,67.06832337251319,98.88219000406494,34.97865310213511,68.60951323338804,111.89364369793309,79.0725756645262,55.67862583613213,
26.81585351988633,31.434207084003248,34.97865310213511,35.35688582157654,35.83845785923824,36.82021720552078,37.88613697647202,42.06869558150091,45.14944321054494,45.580800508547455,46.73120537237999,46.73120537237999,60.41086179009717,36.48094536878122,86.5,91.59952086240529,103.01145567362884,46.258369347544864,48.89586440135357,97.8190165560869,27.289008776428652,28.70696779529318,41.82270781392435,39.040010873200224,
26.81585351988633,27.289008776428652,28.70696779529318,31.434207084003248,34.97865310213511,35.35688582157654,35.83845785923824,36.48094536878122,36.82021720552078,37.88613697647202,39.040010873200224,41.82270781392435,27.289008776428652,86.70732379678202,52.319785932283786,47.18180209550703,36.187099536153845,72.55668282261959,42.66348367756872,92.20281991349289,42.923282298367006,73.92356780858876,64.10117003612338,92.23535114043855,
26.81585351988633,27.289008776428652,27.289008776428652,28.70696779529318,31.434207084003248,34.97865310213511,35.35688582157654,35.83845785923824,36.187099536153845,36.48094536878122,36.82021720552078,37.88613697647202,62.85983912642475,62.00774145217676,30.32309350973281,106.92314997230488,48.045388696523204,64.15973988586785,45.127486081101395,48.89586440135357,60.352897380508765,27.893836518171522,112.46193800570929,37.73754693908432,
26.81585351988633,27.289008776428652,27.289008776428652,27.893836518171522,28.70696779529318,30.32309350973281,31.434207084003248,34.97865310213511,35.35688582157654,35.83845785923824,36.187099536153845,36.48094536878122,26.868010719068877,37.49448939102756,65.49570596611659,31.434207084003248,35.58243070674065,35.35688582157654,27.289008776428652,27.252339349127443,45.092017031842786,35.52590604052204,47.5635364538845,86.02185768745058,
26.81585351988633,26.868010719068877,27.252339349127443,27.289008776428652,27.289008776428652,27.289008776428652,27.893836518171522,28.70696779529318,30.32309350973281,31.434207084003248,31.434207084003248,34.97865310213511,49.0289377275694,25.27072169527416,27.289008776428652,111.7566801383951,97.61639206608695,139.5,69.90484604088618,46.5,52.91633858166009,92.23535114043855,36.12563810363855,27.893836518171522,
25.27072169527416,26.81585351988633,26.868010719068877,27.252339349127443,27.289008776428652,27.289008776428652,27.289008776428652,27.289008776428652,27.893836518171522,27.893836518171522,28.70696779529318,30.32309350973281,52.84864796602402,28.750815205833728,44.3565798144932,34.18198594677182,47.04535371450032,111.90704848221134,47.071859959003106,27.289008776428652,29.27182102590885,72.99181841518647,52.828075448151196,38.57248675797138,
25.27072169527416,26.81585351988633,26.868010719068877,27.252339349127443,27.289008776428652,27.289008776428652,27.289008776428652,27.289008776428652,27.289008776428652,27.893836518171522,27.893836518171522,28.70696779529318,76.19791630339765,131.0504567799068,57.38946785263097,45.77669901641561,26.40960915313405,36.6075043536158,63.27892399703256,28.40100850235106,86.69566822447872,92.23535114043855,9.99999999E8,91.49028485157439,
25.27072169527416,26.40960915313405,26.81585351988633,26.868010719068877,27.252339349127443,27.289008776428652,27.289008776428652,27.289008776428652,27.289008776428652,27.289008776428652,27.893836518171522,27.893836518171522,81.803456868005,47.07874428301276,27.289008776428652,36.216147986775184,45.763413334234585,27.289008776428652,45.07870894335817,9.99999999E8,56.43703472799478,86.19981533196754,28.229240159805933,111.90704848221134,
25.27072169527416,26.40960915313405,26.81585351988633,26.868010719068877,27.252339349127443,27.289008776428652,27.289008776428652,27.289008776428652,27.289008776428652,27.289008776428652,27.289008776428652,27.289008776428652,27.330847162346984,39.18084849628564,25.27072169527416,77.86187913364422,57.38946785263097,27.357049608196167,57.38946785263097,111.90704848221134,131.0504567799068,63.27892399703256,36.76764032406758,50.178050327746675,
25.27072169527416,25.27072169527416,26.40960915313405,26.81585351988633,26.868010719068877,27.252339349127443,27.289008776428652,27.289008776428652,27.289008776428652,27.289008776428652,27.289008776428652,27.289008776428652,27.47019421569374,92.23535114043855,106.92314997230488,29.082736383558473,27.289008776428652,36.6075043536158,57.38946785263097,36.73516329380097,38.816154852728786,28.9089673814498,71.91151024782089,111.90704848221134,
25.27072169527416,25.27072169527416,26.40960915313405,26.81585351988633,26.868010719068877,27.252339349127443,27.289008776428652,27.289008776428652,27.289008776428652,27.289008776428652,27.289008776428652,27.289008776428652,42.066031669366716,46.59070591385175,86.5,69.35191057209599,27.544327909753036,80.14292787819079,79.07468340471276,111.90704848221134,35.517688168566174,27.289008776428652,25.27072169527416,47.002822320818666,
25.27072169527416,25.27072169527416,25.27072169527416,26.40960915313405,26.81585351988633,26.868010719068877,27.252339349127443,27.289008776428652,27.289008776428652,27.289008776428652,27.289008776428652,27.289008776428652,34.74572356596491,81.77872583991511,51.579144654262215,27.289008776428652,97.61844088080899,46.5,27.421717985639603,86.16168948374839,57.76659581312313,80.30994645745943,27.123835999704077,139.5,
25.27072169527416,25.27072169527416,25.27072169527416,26.40960915313405,26.81585351988633,26.868010719068877,27.123835999704077,27.252339349127443,27.289008776428652,27.289008776428652,27.289008776428652,27.289008776428652,82.4068497692327,62.47149349903522,36.6075043536158,85.35937102756921,48.60461051449035,52.828075448151196,85.35937102756921,37.12691965764608,67.73891053154016,72.89410826951767,33.27123692638388,27.289008776428652,
25.27072169527416,25.27072169527416,25.27072169527416,26.40960915313405,26.81585351988633,26.868010719068877,27.123835999704077,27.252339349127443,27.289008776428652,27.289008776428652,27.289008776428652,27.289008776428652,28.40100850235106,26.868010719068877,27.289008776428652,86.76292731089445,35.58243070674065,29.009498796224715,36.6075043536158,111.90704848221134,28.727861041156544,49.364354611124405,86.5,81.89615126388257,
25.27072169527416,25.27072169527416,25.27072169527416,26.40960915313405,26.81585351988633,26.868010719068877,26.868010719068877,27.123835999704077,27.252339349127443,27.289008776428652,27.289008776428652,27.289008776428652,25.27072169527416,26.40960915313405,52.828075448151196,53.5283471687412,27.252339349127443,47.16584870380917,62.32061757556644,85.35937102756921,43.099315776566144,26.69137973327935,117.06702140227196,36.12563810363855,
25.27072169527416,25.27072169527416,25.27072169527416,25.27072169527416,26.40960915313405,26.40960915313405,26.69137973327935,26.81585351988633,26.868010719068877,26.868010719068877,27.123835999704077,27.252339349127443,131.0504567799068,27.289008776428652,28.506442849829885,36.79063767330166,26.868010719068877,77.74427850013255,24.725682498163724,25.27072169527416,118.21458243380975,25.27072169527416,27.220859769881816,66.66853738871899,
24.725682498163724,25.27072169527416,25.27072169527416,25.27072169527416,25.27072169527416,25.27072169527416,25.27072169527416,26.40960915313405,26.40960915313405,26.69137973327935,26.81585351988633,26.868010719068877,25.27072169527416,30.092374788443717,91.46295546406874,45.993036157661955,25.27072169527416,54.42538423364223,34.18198594677182,72.57505693341817,139.5,50.78646774606843,20.41101112145109,65.39770160334383,
20.41101112145109,24.725682498163724,25.27072169527416,25.27072169527416,25.27072169527416,25.27072169527416,25.27072169527416,25.27072169527416,25.27072169527416,25.27072169527416,26.40960915313405,26.40960915313405,72.89214845319384,25.27072169527416,56.060730958091824,35.881836252336726,34.74572356596491,28.115654002708172,76.42617352713664,59.42899591576115,45.57257261774893,80.30994645745943,76.75780090648767,65.36803187978613,
20.41101112145109,24.725682498163724,25.27072169527416,25.27072169527416,25.27072169527416,25.27072169527416,25.27072169527416,25.27072169527416,25.27072169527416,25.27072169527416,25.27072169527416,26.40960915313405,98.7405058727167,9.99999999E8,25.27072169527416,34.74572356596491,26.868010719068877,25.27072169527416,25.27072169527416,29.671672741274733,62.46086774933566,50.447790752784556,83.53538172535038,57.24823141373015,
20.41101112145109,24.725682498163724,25.27072169527416,25.27072169527416,25.27072169527416,25.27072169527416,25.27072169527416,25.27072169527416,25.27072169527416,25.27072169527416,25.27072169527416,25.27072169527416,25.27072169527416,57.704737541157556,25.741353576504427,104.8746275321157,21.196319270507416,26.868010719068877,59.73430756273986,25.27072169527416,65.648210181238,36.216147986775184,30.092374788443717,23.84553155205394,
20.41101112145109,21.196319270507416,23.84553155205394,24.725682498163724,25.27072169527416,25.27072169527416,25.27072169527416,25.27072169527416,25.27072169527416,25.27072169527416,25.27072169527416,25.27072169527416,49.95470170286499,23.84553155205394,57.38946785263097,23.84553155205394,104.8746275321157,72.4279335308937,126.83147173403854,92.79094783436582,27.478386568266007,115.345947046266,21.196319270507416,38.882635906018514,
20.41101112145109,21.196319270507416,21.196319270507416,23.84553155205394,23.84553155205394,23.84553155205394,24.725682498163724,25.27072169527416,25.27072169527416,25.27072169527416,25.27072169527416,25.27072169527416,27.575499329392137,103.94690952596908,54.322739253465485,30.092374788443717,82.0712343028908,59.89829342773928,76.75780090648767,50.380154823104704,24.725682498163724,40.17969839689326,28.885897280998474,83.53538172535038,
20.41101112145109,21.196319270507416,21.196319270507416,23.84553155205394,23.84553155205394,23.84553155205394,24.725682498163724,24.725682498163724,25.27072169527416,25.27072169527416,25.27072169527416,25.27072169527416,85.87600072197121,59.89829342773928,40.17969839689326,104.8746275321157,20.29376097951973,43.84980679040166,57.79379247790884,31.434207084003248,98.7405058727167,68.60951323338804,34.18198594677182,22.77804877887567,
20.29376097951973,20.41101112145109,21.196319270507416,21.196319270507416,22.77804877887567,23.84553155205394,23.84553155205394,23.84553155205394,24.725682498163724,24.725682498163724,25.27072169527416,25.27072169527416,33.86871712952825,81.70560296304994,39.63338940281989,49.90551071775541,21.196319270507416,44.86058651224059,85.09516731283863,50.870478232031154,37.73754693908432,46.64586514037313,37.79806711395465,42.535459397101256,
20.29376097951973,20.41101112145109,21.196319270507416,21.196319270507416,21.196319270507416,22.77804877887567,23.84553155205394,23.84553155205394,23.84553155205394,24.725682498163724,24.725682498163724,25.27072169527416,40.147968504022714,50.380154823104704,42.0796135622824,24.725682498163724,139.5,22.12894032709203,24.725682498163724,26.866439204992457,40.51253270436754,31.745953372919132,126.83147173403854,65.54204757253164,
20.29376097951973,20.41101112145109,21.196319270507416,21.196319270507416,21.196319270507416,22.12894032709203,22.77804877887567,23.84553155205394,23.84553155205394,23.84553155205394,24.725682498163724,24.725682498163724,24.82756861364612,35.33686287081835,59.73430756273986,36.798626182085776,40.06002440782526,127.53125978450232,22.071633940272488,115.345947046266,72.4279335308937,72.01253748865926,60.90451543194478,48.36595193028303,
20.29376097951973,20.41101112145109,21.196319270507416,21.196319270507416,21.196319270507416,22.071633940272488,22.12894032709203,22.77804877887567,23.84553155205394,23.84553155205394,23.84553155205394,24.725682498163724,21.196319270507416,68.63033184372338,26.64365398215232,40.395613073148866,79.19696963899567,26.866439204992457,24.725682498163724,37.541443765523994,41.59093116961383,65.48098960767163,58.59991994264114,26.866439204992457,
20.29376097951973,20.41101112145109,21.196319270507416,21.196319270507416,21.196319270507416,21.196319270507416,22.071633940272488,22.12894032709203,22.77804877887567,23.84553155205394,23.84553155205394,23.84553155205394,32.00561474179179,21.196319270507416,34.74572356596491,115.345947046266,47.093913987837944,46.326260900050976,44.269176635668295,97.69626400226367,21.196319270507416,58.20485852190997,46.89999333688652,40.22609711230868,
20.29376097951973,20.41101112145109,21.196319270507416,21.196319270507416,21.196319270507416,21.196319270507416,21.196319270507416,21.196319270507416,22.071633940272488,22.12894032709203,22.77804877887567,23.84553155205394,32.20464079738957,106.92314997230488,55.559512011895855,67.73891053154016,40.15560013525165,115.345947046266,21.196319270507416,31.58332111794936,60.90451543194478,40.17969839689326,68.94461545327526,73.16796444078626,
20.29376097951973,20.41101112145109,21.196319270507416,21.196319270507416,21.196319270507416,21.196319270507416,21.196319270507416,21.196319270507416,21.196319270507416,22.071633940272488,22.12894032709203,22.77804877887567,24.725682498163724,126.83147173403854,26.866439204992457,117.06702140227196,40.22609711230868,50.886857067638026,59.52192348202467,9.99999999E8,52.828075448151196,9.99999999E8,40.22609711230868,72.4279335308937,
20.29376097951973,20.41101112145109,21.196319270507416,21.196319270507416,21.196319270507416,21.196319270507416,21.196319270507416,21.196319270507416,21.196319270507416,22.071633940272488,22.12894032709203,22.77804877887567,106.92314997230488,111.90704848221134,39.392963274619945,32.68631306416181,47.04535371450032,87.12152432091625,40.06002440782526,68.92366953537966,60.90451543194478,86.06280006806399,59.73430756273986,21.196319270507416,
20.29376097951973,20.41101112145109,21.196319270507416,21.196319270507416,21.196319270507416,21.196319270507416,21.196319270507416,21.196319270507416,21.196319270507416,21.196319270507416,22.071633940272488,22.12894032709203,98.7405058727167,65.77760924167904,126.83147173403854,21.196319270507416,91.6283798830908,37.12691965764608,44.77133259377279,22.43521435099755,115.345947046266,40.17969839689326,76.20341199710155,38.05442009660492,
20.29376097951973,20.41101112145109,21.196319270507416,21.196319270507416,21.196319270507416,21.196319270507416,21.196319270507416,21.196319270507416,21.196319270507416,21.196319270507416,21.196319270507416,22.071633940272488,56.431905868931985,81.82993882980048,51.097553757494104,131.0504567799068,115.345947046266,30.718225453303777,30.986655829665985,115.345947046266,55.24314939931969,41.95003641900154,98.31422837005842,21.196319270507416,
20.29376097951973,20.41101112145109,21.196319270507416,21.196319270507416,21.196319270507416,21.196319270507416,21.196319270507416,21.196319270507416,21.196319270507416,21.196319270507416,21.196319270507416,21.196319270507416,85.87600072197121,20.78677464158401,77.86187913364422,45.53173496462537,25.62454456084278,21.196319270507416,98.7405058727167,40.2755812990898,28.40100850235106,117.06061464045027,117.06275026668389,41.95003641900154,
20.29376097951973,20.41101112145109,20.78677464158401,21.196319270507416,21.196319270507416,21.196319270507416,21.196319270507416,21.196319270507416,21.196319270507416,21.196319270507416,21.196319270507416,21.196319270507416,39.63338940281989,98.4362103090118,20.78677464158401,48.856725144413176,127.53125978450232,132.5,97.5487570397491,46.86653627293383,23.465067121148408,94.56933964028723,50.886857067638026,21.196319270507416,
20.29376097951973,20.41101112145109,20.78677464158401,20.78677464158401,21.196319270507416,21.196319270507416,21.196319270507416,21.196319270507416,21.196319270507416,21.196319270507416,21.196319270507416,21.196319270507416,59.70878401783852,50.886857067638026,35.57859939196423,9.99999999E8,30.26358038171725,92.13772300203647,115.345947046266,68.86560986604432,21.196319270507416,63.7123638403289,66.59934100441401,49.17457563506663,
20.29376097951973,20.41101112145109,20.78677464158401,20.78677464158401,21.196319270507416,21.196319270507416,21.196319270507416,21.196319270507416,21.196319270507416,21.196319270507416,21.196319270507416,21.196319270507416,21.196319270507416,37.12691965764608,24.725682498163724,21.196319270507416,111.90704848221134,21.196319270507416,32.63265235925514,31.434207084003248,27.154361988454085,59.89829342773928,21.196319270507416,38.552431829911846,
20.29376097951973,20.41101112145109,20.78677464158401,20.78677464158401,21.196319270507416,21.196319270507416,21.196319270507416,21.196319270507416,21.196319270507416,21.196319270507416,21.196319270507416,21.196319270507416,62.97745628397514,39.14216875698126,101.11719685592556,62.47149349903522,20.41101112145109,21.196319270507416,86.17826801201693,21.196319270507416,40.14314664076824,43.869807385034186,49.88792995861379,86.16537716636667,
20.29376097951973,20.41101112145109,20.41101112145109,20.78677464158401,20.78677464158401,21.196319270507416,21.196319270507416,21.196319270507416,21.196319270507416,21.196319270507416,21.196319270507416,21.196319270507416,56.925916769078036,59.73430756273986,27.107923309852406,23.03679399462999,9.99999999E8,23.036793994629992,20.78677464158401,40.395613073148866,58.307460929112665,37.349425589113615,20.06713731452496,56.9753236059261,
20.06713731452496,20.29376097951973,20.41101112145109,20.41101112145109,20.78677464158401,20.78677464158401,20.78677464158401,21.196319270507416,21.196319270507416,21.196319270507416,21.196319270507416,21.196319270507416,55.24314939931969,71.96623436646445,40.17969839689326,40.22609711230868,21.28636594160685,27.52616936662274,58.700984280977394,39.392963274619945,68.9874286092941,126.81044471528709,115.345947046266,44.5466964349244,
20.06713731452496,20.29376097951973,20.41101112145109,20.41101112145109,20.78677464158401,20.78677464158401,20.78677464158401,21.196319270507416,21.196319270507416,21.196319270507416,21.196319270507416,21.196319270507416,42.22511101228746,48.97917924996294,126.83147173403854,59.94464112829436,9.99999999E8,45.57257261774893,20.78677464158401,57.997930997579566,37.79806711395465,31.97435495830995,21.196319270507416,76.1246346460855,
20.06713731452496,20.29376097951973,20.41101112145109,20.41101112145109,20.78677464158401,20.78677464158401,20.78677464158401,20.78677464158401,21.196319270507416,21.196319270507416,21.196319270507416,21.196319270507416,9.99999999E8,49.777873947105036,20.78677464158401,104.8746275321157,40.14314664076824,21.196319270507416,29.630231475369044,21.196319270507416,37.12691965764608,26.293323163404175,63.898197093789236,57.07134910696337,
20.06713731452496,20.29376097951973,20.41101112145109,20.41101112145109,20.78677464158401,20.78677464158401,20.78677464158401,20.78677464158401,20.78677464158401,21.196319270507416,21.196319270507416,21.196319270507416,25.27072169527416,9.99999999E8,62.97745628397514,117.07556320599103,40.395613073148866,40.52311006055177,40.395613073148866,55.28978205780884,124.69251069018628,51.097553757494104,86.64374696935081,66.90146153527256,
20.06713731452496,20.29376097951973,20.41101112145109,20.41101112145109,20.78677464158401,20.78677464158401,20.78677464158401,20.78677464158401,20.78677464158401,21.196319270507416,21.196319270507416,21.196319270507416,20.78677464158401,131.0504567799068,115.345947046266,66.59934100441401,86.59756860841354,21.862081723476162,25.758613565941513,36.4806730498882,67.42506128205513,33.12536792248503,21.196319270507416,109.20724436694766,
20.06713731452496,20.29376097951973,20.41101112145109,20.41101112145109,20.78677464158401,20.78677464158401,20.78677464158401,20.78677464158401,20.78677464158401,20.78677464158401,21.196319270507416,21.196319270507416,60.90451543194478,46.64586514037313,115.345947046266,126.83147173403854,20.78677464158401,20.78677464158401,44.77133259377279,72.01253748865926,9.99999999E8,98.7405058727167,34.141021879844196,72.62097187146118,
20.06713731452496,20.29376097951973,20.41101112145109,20.41101112145109,20.78677464158401,20.78677464158401,20.78677464158401,20.78677464158401,20.78677464158401,20.78677464158401,20.78677464158401,20.78677464158401,55.15256617380152,46.86653627293383,45.59725183604819,115.345947046266,31.22008772490911,46.86653627293383,95.0645323247448,138.5,65.54204757253164,34.74572356596491,34.08526889369593,117.07556320599103,
20.06713731452496,20.29376097951973,20.41101112145109,20.41101112145109,20.78677464158401,20.78677464158401,20.78677464158401,20.78677464158401,20.78677464158401,20.78677464158401,20.78677464158401,20.78677464158401,57.997930997579566,21.862081723476162,126.83147173403854,27.154361988454085,37.349425589113615,21.476569920626417,20.78677464158401,86.83589247668398,24.466656574828882,27.52616936662274,20.41101112145109,24.466656574828882,
20.06713731452496,20.29376097951973,20.41101112145109,20.41101112145109,20.41101112145109,20.78677464158401,20.78677464158401,20.78677464158401,20.78677464158401,20.78677464158401,20.78677464158401,20.78677464158401,33.96771342842429,47.83889630833889,34.08526889369593,9.99999999E8,34.18198594677182,37.12691965764608,98.38540288071194,44.527450831492935,20.41101112145109,41.783211158237684,111.90704848221134,72.01253748865926,
20.06713731452496,20.29376097951973,20.41101112145109,20.41101112145109,20.41101112145109,20.41101112145109,20.78677464158401,20.78677464158401,20.78677464158401,20.78677464158401,20.78677464158401,20.78677464158401,34.74572356596491,49.72060829162178,31.434207084003248,44.5466964349244,26.866439204992457,82.0590488611707,34.74572356596491,111.90704848221134,55.61797708475201,75.21010570395444,20.78677464158401,20.78677464158401,
20.06713731452496,20.29376097951973,20.41101112145109,20.41101112145109,20.41101112145109,20.41101112145109,20.78677464158401,20.78677464158401,20.78677464158401,20.78677464158401,20.78677464158401,20.78677464158401,139.5,33.4378528018771,37.12691965764608,33.308740928204145,45.35735882963204,111.90704848221134,20.41101112145109,115.345947046266,37.19611566290442,47.83889630833889,39.63338940281989,37.12691965764608,
20.06713731452496,20.29376097951973,20.41101112145109,20.41101112145109,20.41101112145109,20.41101112145109,20.41101112145109,20.78677464158401,20.78677464158401,20.78677464158401,20.78677464158401,20.78677464158401,98.7405058727167,24.204532116940413,20.41101112145109,139.5,61.830248194849865,20.78677464158401,23.484168557551836,98.4362103090118,20.41101112145109,43.67843352909483,33.16378649511961,103.9526815430944,
20.06713731452496,20.29376097951973,20.41101112145109,20.41101112145109,20.41101112145109,20.41101112145109,20.41101112145109,20.41101112145109,20.41101112145109,20.78677464158401,20.78677464158401,20.78677464158401,55.24314939931969,9.99999999E8,21.196319270507416,55.51401224515803,60.554598297734586,21.196319270507416,21.196319270507416,54.322739253465485,25.27072169527416,104.8746275321157,18.706967078710292,20.41101112145109,
18.706967078710292,20.06713731452496,20.29376097951973,20.41101112145109,20.41101112145109,20.41101112145109,20.41101112145109,20.41101112145109,20.41101112145109,20.41101112145109,20.41101112145109,20.78677464158401,132.5,54.70063985000541,82.12039941451819,42.40053720833682,104.8746275321157,76.75780090648767,82.0590488611707,24.725682498163724,47.83889630833889,37.483057397132576,20.41101112145109,80.30994645745943,
18.706967078710292,20.06713731452496,20.29376097951973,20.41101112145109,20.41101112145109,20.41101112145109,20.41101112145109,20.41101112145109,20.41101112145109,20.41101112145109,20.41101112145109,20.41101112145109,98.34728008440294,23.229493644933374,30.243906453218315,30.243906453218315,131.0504567799068,37.594672162422164,34.65702490116542,72.5107271757466,21.280492827939863,76.75780090648767,20.78677464158401,29.671672741274733,
18.706967078710292,20.06713731452496,20.29376097951973,20.41101112145109,20.41101112145109,20.41101112145109,20.41101112145109,20.41101112145109,20.41101112145109,20.41101112145109,20.41101112145109,20.41101112145109,13.814467277924237,39.63338940281989,104.8746275321157,126.83147173403854,20.41101112145109,21.196319270507416,47.46857177251543,94.56933964028723,46.86653627293383,17.554852306589563,109.20724436694766,126.83147173403854,
13.814467277924237,17.554852306589563,18.706967078710292,20.06713731452496,20.29376097951973,20.41101112145109,20.41101112145109,20.41101112145109,20.41101112145109,20.41101112145109,20.41101112145109,20.41101112145109,76.35893857303151,43.13907268169698,27.935786426469296,20.41101112145109,24.03135811475303,20.06713731452496,101.11719685592556,20.41101112145109,46.64586514037313,35.33686287081835,30.243906453218315,49.66447422454002,
13.814467277924237,17.554852306589563,18.706967078710292,20.06713731452496,20.06713731452496,20.29376097951973,20.41101112145109,20.41101112145109,20.41101112145109,20.41101112145109,20.41101112145109,20.41101112145109,34.424725538412964,25.27072169527416,43.13907268169698,47.83889630833889,9.99999999E8,45.21681103306601,25.531093488017262,44.72762010212482,40.06002440782526,41.88244129571351,77.039852601682,43.10594447381465,
13.814467277924237,17.554852306589563,18.706967078710292,20.06713731452496,20.06713731452496,20.29376097951973,20.41101112145109,20.41101112145109,20.41101112145109,20.41101112145109,20.41101112145109,20.41101112145109,109.20724436694766,127.53125978450232,28.452610080766988,30.243906453218315,18.414922617268854,14.067338056647392,86.74563709810168,50.64148497032843,117.05847897525408,46.64586514037313,65.36803187978613,45.94953073753855,
13.814467277924237,14.067338056647392,17.554852306589563,18.414922617268854,18.706967078710292,20.06713731452496,20.06713731452496,20.29376097951973,20.41101112145109,20.41101112145109,20.41101112145109,20.41101112145109,83.53538172535038,60.90451543194478,25.624390236647585,44.77133259377279,115.345947046266,74.70980896479092,17.554852306589563,115.345947046266,13.814467277924237,46.59070591385175,51.63874514354507,115.345947046266,
13.814467277924237,13.814467277924237,14.067338056647392,17.554852306589563,17.554852306589563,18.414922617268854,18.706967078710292,20.06713731452496,20.06713731452496,20.29376097951973,20.41101112145109,20.41101112145109,39.63338940281989,20.06713731452496,104.8746275321157,38.34573068450248,48.0569685084507,21.862081723476162,48.322969434835024,46.79059734604806,71.93719482993482,14.092961727328072,22.947971043209897,29.181347131483893,
13.814467277924237,13.814467277924237,14.067338056647392,14.092961727328072,17.554852306589563,17.554852306589563,18.414922617268854,18.706967078710292,20.06713731452496,20.06713731452496,20.06713731452496,20.29376097951973,20.06713731452496,31.184486884061794,45.830909026793506,46.64586514037313,115.345947046266,44.5466964349244,98.7405058727167,19.231728341467388,15.414583192548543,73.61177811703111,14.067338056647392,83.53538172535038,
13.814467277924237,13.814467277924237,14.067338056647392,14.067338056647392,14.092961727328072,15.414583192548543,17.554852306589563,17.554852306589563,18.414922617268854,18.706967078710292,19.231728341467388,20.06713731452496,108.40553491404394,45.21681103306601,111.7566801383951,14.935251199596935,21.98372012688671,16.267061318831296,18.706967078710292,32.750715641035995,80.29822884444933,18.550185309047453,77.70117259232464,92.18546523178152,
13.814467277924237,13.814467277924237,14.067338056647392,14.067338056647392,14.092961727328072,14.935251199596935,15.414583192548543,16.267061318831296,17.554852306589563,17.554852306589563,18.414922617268854,18.550185309047453,19.04452355799484,20.41101112145109,31.492944536126746,13.814467277924237,28.046557275359127,41.99125273342592,53.84984266973818,20.41101112145109,45.60488521590155,39.85736287061651,99.5,98.22518770661627,
13.814467277924237,13.814467277924237,13.814467277924237,14.067338056647392,14.067338056647392,14.092961727328072,14.935251199596935,15.414583192548543,16.267061318831296,17.554852306589563,17.554852306589563,18.414922617268854,76.75780090648767,20.06713731452496,63.75495178847695,109.86152900608818,115.345947046266,9.99999999E8,29.42024847631582,46.64586514037313,18.26497673143878,34.721045785059,126.83147173403854,84.55582475501022,
13.814467277924237,13.814467277924237,13.814467277924237,14.067338056647392,14.067338056647392,14.092961727328072,14.935251199596935,15.414583192548543,16.267061318831296,17.554852306589563,17.554852306589563,18.26497673143878,83.53538172535038,74.0226992212524,91.6283798830908,46.95721022203869,20.06713731452496,43.11168384499285,86.46784084270868,126.83147173403854,34.65702490116542,50.467415230027385,75.2579563900057,45.830909026793506,
13.814467277924237,13.814467277924237,13.814467277924237,14.067338056647392,14.067338056647392,14.092961727328072,14.935251199596935,15.414583192548543,16.267061318831296,17.554852306589563,17.554852306589563,18.26497673143878,14.432255540974877,76.35893857303151,104.8746275321157,20.41101112145109,47.75939698111776,16.267061318831296,13.814467277924237,85.35937102756921,20.78677464158401,104.8746275321157,17.554852306589563,14.067338056647392,
13.814467277924237,13.814467277924237,13.814467277924237,13.814467277924237,14.067338056647392,14.067338056647392,14.067338056647392,14.092961727328072,14.432255540974877,14.935251199596935,15.414583192548543,16.267061318831296,22.024116971971015,82.14502757657067,115.345947046266,83.53538172535038,43.84980679040166,139.5,34.7457235659649,14.067338056647392,115.345947046266,59.4084169120841,20.06713731452496,14.935251199596935,
13.814467277924237,13.814467277924237,13.814467277924237,13.814467277924237,14.067338056647392,14.067338056647392,14.067338056647392,14.067338056647392,14.092961727328072,14.432255540974877,14.935251199596935,14.935251199596935,18.26497673143878,14.432255540974877,29.254154500780835,14.067338056647392,55.24314939931969,13.814467277924237,18.706967078710292,36.588165812883005,21.854275897407355,115.345947046266,34.7457235659649,35.000881823106425,
13.814467277924237,13.814467277924237,13.814467277924237,13.814467277924237,13.814467277924237,14.067338056647392,14.067338056647392,14.067338056647392,14.067338056647392,14.067338056647392,14.092961727328072,14.432255540974877,83.53059319794157,20.38941870337966,13.814467277924237,39.96698637625809,18.706967078710292,44.5466964349244,80.30994645745943,60.90451543194478,115.345947046266,127.53125978450232,34.7457235659649,58.32499940467685,
13.814467277924237,13.814467277924237,13.814467277924237,13.814467277924237,13.814467277924237,13.814467277924237,14.067338056647392,14.067338056647392,14.067338056647392,14.067338056647392,14.067338056647392,14.092961727328072,28.74234591990695,20.859275514744034,72.01253748865926,66.55428026973338,126.83147173403854,115.345947046266,41.59093116961383,91.43926338772032,13.814467277924237,115.345947046266,14.067338056647392,42.87528425561748,
13.814467277924237,13.814467277924237,13.814467277924237,13.814467277924237,13.814467277924237,13.814467277924237,13.814467277924237,14.067338056647392,14.067338056647392,14.067338056647392,14.067338056647392,14.067338056647392,14.067338056647392,109.86152900608818,40.60590481903881,28.452610080766988,42.91237842653589,40.5976950023788,55.28978205780884,13.814467277924237,14.067338056647392,57.64667283450875,18.706967078710292,18.706967078710292,
13.814467277924237,13.814467277924237,13.814467277924237,13.814467277924237,13.814467277924237,13.814467277924237,13.814467277924237,13.814467277924237,14.067338056647392,14.067338056647392,14.067338056647392,14.067338056647392,76.84196444651842,55.28978205780884,13.814467277924237,24.137302562631145,18.26497673143878,28.452610080766988,83.53538172535038,46.5,14.067338056647392,13.814467277924237,55.28978205780884,57.24823141373015,
13.814467277924237,13.814467277924237,13.814467277924237,13.814467277924237,13.814467277924237,13.814467277924237,13.814467277924237,13.814467277924237,13.814467277924237,13.814467277924237,14.067338056647392,14.067338056647392,13.814467277924237,43.907137628110966,13.814467277924237,13.814467277924237,47.53741216721369,13.814467277924237,19.013315671904945,47.12188687035169,115.345947046266,126.83147173403854,75.2579563900057,14.935251199596935,
13.814467277924237,13.814467277924237,13.814467277924237,13.814467277924237,13.814467277924237,13.814467277924237,13.814467277924237,13.814467277924237,13.814467277924237,13.814467277924237,13.814467277924237,13.814467277924237,39.32124107909108,12.287196857362146,82.09604131747157,34.721045785059,9.99999999E8,21.854275897407355,98.9735318153293,66.46322291312693,13.814467277924237,83.53538172535038,86.46784084270868,86.19981533196754,
12.287196857362146,13.814467277924237,13.814467277924237,13.814467277924237,13.814467277924237,13.814467277924237,13.814467277924237,13.814467277924237,13.814467277924237,13.814467277924237,13.814467277924237,13.814467277924237,12.48559169603107,22.03654634919002,82.0712343028908,86.46784084270868,106.92314997230488,115.345947046266,13.239484529893298,115.345947046266,41.501905537761836,40.11822805436728,23.394100765305854,83.53059319794157,
12.287196857362146,12.48559169603107,13.239484529893298,13.814467277924237,13.814467277924237,13.814467277924237,13.814467277924237,13.814467277924237,13.814467277924237,13.814467277924237,13.814467277924237,13.814467277924237,98.7405058727167,13.814467277924237,47.53741216721369,46.5,47.93495592988482,12.287196857362146,13.814467277924237,14.067338056647392,73.09568791547649,12.48559169603107,39.56704462564981,55.18277710381101,
12.287196857362146,12.287196857362146,12.48559169603107,12.48559169603107,13.239484529893298,13.814467277924237,13.814467277924237,13.814467277924237,13.814467277924237,13.814467277924237,13.814467277924237,13.814467277924237,12.48559169603107,13.814467277924237,21.854275897407355,22.03654634919002,86.46784084270868,35.38022046285184,75.2579563900057,21.854275897407355,45.80581665581536,126.83147173403854,126.83147173403854,68.79538905737473,
12.287196857362146,12.287196857362146,12.48559169603107,12.48559169603107,12.48559169603107,13.239484529893298,13.814467277924237,13.814467277924237,13.814467277924237,13.814467277924237,13.814467277924237,13.814467277924237,13.660584550008608,59.73430756273986,17.29421868717983,13.814467277924237,55.28978205780884,47.087846692352045,65.648210181238,98.7405058727167,96.91329888101014,66.24365797736581,59.4084169120841,14.935251199596935,
12.287196857362146,12.287196857362146,12.48559169603107,12.48559169603107,12.48559169603107,13.239484529893298,13.660584550008608,13.814467277924237,13.814467277924237,13.814467277924237,13.814467277924237,13.814467277924237,126.83147173403854,117.06702140227196,34.318047658072395,75.2579563900057,56.9753236059261,46.95721022203869,44.87260879877794,17.29421868717983,59.770895927700465,31.09170110416959,19.210979371053984,9.99999999E8,
12.287196857362146,12.287196857362146,12.48559169603107,12.48559169603107,12.48559169603107,13.239484529893298,13.660584550008608,13.814467277924237,13.814467277924237,13.814467277924237,13.814467277924237,13.814467277924237,88.25845883288217,86.82821482035024,65.36803187978613,34.48389318056894,53.6108426438122,15.397727104998323,85.87600072197121,50.380154823104704,57.72179445890049,75.2579563900057,48.38531687287879,49.90551071775541,
12.287196857362146,12.287196857362146,12.48559169603107,12.48559169603107,12.48559169603107,13.239484529893298,13.660584550008608,13.814467277924237,13.814467277924237,13.814467277924237,13.814467277924237,13.814467277924237,39.56704462564981,12.48559169603107,21.854275897407355,12.287196857362146,38.349626824142895,51.22309591927801,37.272849450001125,80.30994645745943,12.287196857362146,75.2579563900057,53.84984266973818,42.36514552737375,
12.287196857362146,12.287196857362146,12.287196857362146,12.287196857362146,12.48559169603107,12.48559169603107,12.48559169603107,12.48559169603107,13.239484529893298,13.660584550008608,13.814467277924237,13.814467277924237,73.48336924471792,60.913119795864226,33.146551518235206,34.48389318056894,77.16838730983045,81.27336587099123,41.59093116961383,34.7457235659649,12.48559169603107,31.434207084003248,45.830909026793506,66.17506243962968,
12.287196857362146,12.287196857362146,12.287196857362146,12.287196857362146,12.48559169603107,12.48559169603107,12.48559169603107,12.48559169603107,12.48559169603107,13.239484529893298,13.660584550008608,13.814467277924237,85.87600072197121,85.09516731283863,57.24823141373015,12.48559169603107,126.81044471528709,9.99999999E8,19.210979371053984,25.8535909162597,139.5,12.287196857362146,75.85823766884005,86.46784084270868,
12.287196857362146,12.287196857362146,12.287196857362146,12.287196857362146,12.287196857362146,12.48559169603107,12.48559169603107,12.48559169603107,12.48559169603107,12.48559169603107,12.48559169603107,13.239484529893298,12.287196857362146,34.721045785059,49.973593026717616,17.29421868717983,75.2579563900057,19.826986029147243,19.826986029147243,12.287196857362146,18.45581978538524,56.016118711988206,36.47066458127683,14.067338056647392,
12.287196857362146,12.287196857362146,12.287196857362146,12.287196857362146,12.287196857362146,12.287196857362146,12.287196857362146,12.48559169603107,12.48559169603107,12.48559169603107,12.48559169603107,12.48559169603107,86.46784084270868,12.287196857362146,12.287196857362146,72.4279335308937,76.29783745297111,14.067338056647392,12.287196857362146,82.06680205783579,12.48559169603107,17.29421868717983,12.48559169603107,23.23205533442378,
12.287196857362146,12.287196857362146,12.287196857362146,12.287196857362146,12.287196857362146,12.287196857362146,12.287196857362146,12.287196857362146,12.287196857362146,12.287196857362146,12.48559169603107,12.48559169603107,28.40100850235106,49.973593026717616,58.17697138902987,46.64586514037313,86.46784084270868,86.46784084270868,12.287196857362146,15.233716411384302,96.91845799433666,35.59999122190903,13.560604706280618,115.345947046266,
12.287196857362146,12.287196857362146,12.287196857362146,12.287196857362146,12.287196857362146,12.287196857362146,12.287196857362146,12.287196857362146,12.287196857362146,12.287196857362146,12.287196857362146,12.48559169603107,25.847811802936047,39.92605665477121,21.467172756859238,20.354115063052973,12.287196857362146,58.16321861795477,42.9698517947794,45.00894972731041,76.84196444651842,61.635703938545234,65.49570596611659,76.35893857303151,
12.287196857362146,12.287196857362146,12.287196857362146,12.287196857362146,12.287196857362146,12.287196857362146,12.287196857362146,12.287196857362146,12.287196857362146,12.287196857362146,12.287196857362146,12.287196857362146,37.19611566290442,28.452610080766988,81.67295894126906,34.48389318056894,12.287196857362146,84.55582475501022,18.706967078710292,30.31603088128559,27.60632853169722,109.20724436694766,42.087520418765465,94.07207638590505,
12.287196857362146,12.287196857362146,12.287196857362146,12.287196857362146,12.287196857362146,12.287196857362146,12.287196857362146,12.287196857362146,12.287196857362146,12.287196857362146,12.287196857362146,12.287196857362146,86.66117931346193,109.86152900608818,21.41016258061566,12.287196857362146,72.01253748865926,65.49570596611659,76.6743764239397,55.51401224515802,126.83147173403854,71.0760547270004,104.8746275321157,53.84984266973818,
12.287196857362146,12.287196857362146,12.287196857362146,12.287196857362146,12.287196857362146,12.287196857362146,12.287196857362146,12.287196857362146,12.287196857362146,12.287196857362146,12.287196857362146,12.287196857362146,38.306127120866705,41.59093116961383,55.809442548291244,44.5466964349244,36.44845675745408,96.91845799433666,24.298046459096152,60.90451543194478,23.939702901247543,31.71322113979796,71.74356339692704,36.87596418663352,
12.287196857362146,12.287196857362146,12.287196857362146,12.287196857362146,12.287196857362146,12.287196857362146,12.287196857362146,12.287196857362146,12.287196857362146,12.287196857362146,12.287196857362146,12.287196857362146,45.830909026793506,13.59742622704753,31.434207084003248,39.24460330910339,98.4362103090118,12.287196857362146,50.64148497032843,12.287196857362146,77.7719243829174,45.830909026793506,13.814467277924237,58.17697138902987,
12.287196857362146,12.287196857362146,12.287196857362146,12.287196857362146,12.287196857362146,12.287196857362146,12.287196857362146,12.287196857362146,12.287196857362146,12.287196857362146,12.287196857362146,12.287196857362146,12.287196857362146,38.21464869654044,57.24823141373015,41.59093116961383,58.16321861795477,12.287196857362146,22.024116971971015,73.73200230066526,12.287196857362146,66.24365797736581,23.939702901247543,37.19017847496836,
12.287196857362146,12.287196857362146,12.287196857362146,12.287196857362146,12.287196857362146,12.287196857362146,12.287196857362146,12.287196857362146,12.287196857362146,12.287196857362146,12.287196857362146,12.287196857362146,49.27018388851582,21.92280490721933,66.13475300895554,19.41807736092999,18.92854986521683,58.16321861795477,45.32873125900416,9.99999999E8,49.27018388851582,68.36071605827429,13.560604706280618,12.0655040876413,
12.0655040876413,12.287196857362146,12.287196857362146,12.287196857362146,12.287196857362146,12.287196857362146,12.287196857362146,12.287196857362146,12.287196857362146,12.287196857362146,12.287196857362146,12.287196857362146,17.29421868717983,81.3324043662795,24.11536896686765,56.61253917496313,39.56704462564981,37.676334386979654,54.378116847098845,12.287196857362146,20.354115063052973,47.77754574641754,12.287196857362146,64.14934831226962,
12.0655040876413,12.287196857362146,12.287196857362146,12.287196857362146,12.287196857362146,12.287196857362146,12.287196857362146,12.287196857362146,12.287196857362146,12.287196857362146,12.287196857362146,12.287196857362146,12.287196857362146,86.46784084270868,53.84984266973818,14.067338056647392,65.49129236012983,80.96792917912347,47.744643892358894,61.39778090452455,86.46784084270868,63.84203596029465,58.16321861795477,47.03692403019379,
12.0655040876413,12.287196857362146,12.287196857362146,12.287196857362146,12.287196857362146,12.287196857362146,12.287196857362146,12.287196857362146,12.287196857362146,12.287196857362146,12.287196857362146,12.287196857362146,58.16321861795477,57.07134910696337,22.024116971971015,20.83148139916964,106.92314997230488,12.287196857362146,9.99999999E8,13.560604706280618,56.01016772773394,21.410162580615662,32.952036882321515,111.89364369793309,
12.0655040876413,12.287196857362146,12.287196857362146,12.287196857362146,12.287196857362146,12.287196857362146,12.287196857362146,12.287196857362146,12.287196857362146,12.287196857362146,12.287196857362146,12.287196857362146,14.898007158138656,57.629323168755754,29.686113018083876,12.287196857362146,26.516209665033198,57.629323168755754,96.91845799433666,12.287196857362146,56.0511230490677,18.706967078710292,85.09516731283863,20.004320520981786,
12.0655040876413,12.287196857362146,12.287196857362146,12.287196857362146,12.287196857362146,12.287196857362146,12.287196857362146,12.287196857362146,12.287196857362146,12.287196857362146,12.287196857362146,12.287196857362146,11.300552169643879,36.12450126765399,96.91845799433666,47.212070404047466,126.83147173403854,14.067338056647392,55.809442548291244,126.81044471528709,111.90704848221134,104.8746275321157,15.22262773182503,127.53125978450232,
11.300552169643879,12.0655040876413,12.287196857362146,12.287196857362146,12.287196857362146,12.287196857362146,12.287196857362146,12.287196857362146,12.287196857362146,12.287196857362146,12.287196857362146,12.287196857362146,17.047333229802657,85.35937102756921,27.939529057423595,28.1297698287292,23.966540462244335,12.287196857362146,58.17697138902987,56.01016772773394,86.46784084270868,31.434207084003248,115.345947046266,31.434207084003248,
11.300552169643879,12.0655040876413,12.287196857362146,12.287196857362146,12.287196857362146,12.287196857362146,12.287196857362146,12.287196857362146,12.287196857362146,12.287196857362146,12.287196857362146,12.287196857362146,72.4279335308937,31.434207084003248,72.89214845319384,22.024116971971015,98.7405058727167,56.016118711988206,58.17697138902987,17.29421868717983,36.94712438066053,17.29421868717983,12.287196857362146,57.629323168755754,
11.300552169643879,12.0655040876413,12.287196857362146,12.287196857362146,12.287196857362146,12.287196857362146,12.287196857362146,12.287196857362146,12.287196857362146,12.287196857362146,12.287196857362146,12.287196857362146,30.81405803914028,46.53977457276679,57.629323168755754,32.075528151112955,30.49996612923197,12.48559169603107,77.52723535779037,43.952664705269896,139.5,45.830909026793506,104.6910799553726,96.91845799433666,
11.300552169643879,12.0655040876413,12.287196857362146,12.287196857362146,12.287196857362146,12.287196857362146,12.287196857362146,12.287196857362146,12.287196857362146,12.287196857362146,12.287196857362146,12.287196857362146,38.83233983787161,76.35893857303151,82.09604131747157,60.86614411969925,9.99999999E8,9.99999999E8,12.287196857362146,22.607728214042208,35.248719440884976,46.5,12.287196857362146,23.939702901247543,
11.300552169643879,12.0655040876413,12.287196857362146,12.287196857362146,12.287196857362146,12.287196857362146,12.287196857362146,12.287196857362146,12.287196857362146,12.287196857362146,12.287196857362146,12.287196857362146,40.96489288378027,92.14640524730197,9.99999999E8,14.898007158138656,59.94464112829436,40.888100159996156,26.21277121938846,45.38567367573164,109.20724436694766,64.4659551623956,58.16321861795477,24.137302562631145,
11.300552169643879,12.0655040876413,12.287196857362146,12.287196857362146,12.287196857362146,12.287196857362146,12.287196857362146,12.287196857362146,12.287196857362146,12.287196857362146,12.287196857362146,12.287196857362146,75.8889905644349,20.76737707601237,23.19376246502388,12.287196857362146,31.434207084003248,37.19017847496836,26.44067652311491,48.79508171937004,65.43210221290464,12.287196857362146,30.530680453923587,12.287196857362146,
11.300552169643879,12.0655040876413,12.287196857362146,12.287196857362146,12.287196857362146,12.287196857362146,12.287196857362146,12.287196857362146,12.287196857362146,12.287196857362146,12.287196857362146,12.287196857362146,31.845289274547216,62.47149349903522,12.287196857362146,18.558818714188565,26.21277121938846,22.447494292236716,14.909393012460301,9.99999999E8,14.067338056647392,47.41102778421446,34.48389318056894,58.16321861795477,
11.300552169643879,12.0655040876413,12.287196857362146,12.287196857362146,12.287196857362146,12.287196857362146,12.287196857362146,12.287196857362146,12.287196857362146,12.287196857362146,12.287196857362146,12.287196857362146,104.8746275321157,20.45470756887996,57.629323168755754,19.210979371053984,9.99999999E8,12.287196857362146,115.345947046266,34.48389318056894,96.91845799433666,12.287196857362146,26.21277121938846,24.999591833402693,
11.300552169643879,12.0655040876413,12.287196857362146,12.287196857362146,12.287196857362146,12.287196857362146,12.287196857362146,12.287196857362146,12.287196857362146,12.287196857362146,12.287196857362146,12.287196857362146,87.42361745483247,85.87600072197121,34.4544536308443,17.29421868717983,47.439142300659505,86.46784084270868,18.361836095374244,18.361836095374244,18.558818714188565,14.067338056647392,37.19017847496836,23.939702901247543,
11.300552169643879,12.0655040876413,12.287196857362146,12.287196857362146,12.287196857362146,12.287196857362146,12.287196857362146,12.287196857362146,12.287196857362146,12.287196857362146,12.287196857362146,12.287196857362146,98.7405058727167,27.60632853169722,30.990241395129452,65.648210181238,12.287196857362146,18.706967078710292,19.08165021689686,104.8746275321157,44.77133259377279,72.4279335308937,34.48389318056894,31.174296057711995,
11.300552169643879,12.0655040876413,12.287196857362146,12.287196857362146,12.287196857362146,12.287196857362146,12.287196857362146,12.287196857362146,12.287196857362146,12.287196857362146,12.287196857362146,12.287196857362146,48.48166892983597,47.41102778421446,14.898007158138656,35.39745177038503,35.000881823106425,91.003777394128,14.898007158138656,12.48559169603107,57.629323168755754,44.77133259377279,106.92314997230488,57.24823141373015,
11.300552169643879,12.0655040876413,12.287196857362146,12.287196857362146,12.287196857362146,12.287196857362146,12.287196857362146,12.287196857362146,12.287196857362146,12.287196857362146,12.287196857362146,12.287196857362146,55.44014227074097,57.24823141373015,115.345947046266,16.537533068750008,26.098072246815473,55.44014227074097,124.69251069018628,12.287196857362146,34.721045785059,14.067338056647392,57.54855979686962,12.287196857362146,
11.300552169643879,12.0655040876413,12.287196857362146,12.287196857362146,12.287196857362146,12.287196857362146,12.287196857362146,12.287196857362146,12.287196857362146,12.287196857362146,12.287196857362146,12.287196857362146,104.8746275321157,12.287196857362146,31.174296057711995,56.016118711988206,26.21277121938846,126.83147173403854,9.99999999E8,47.679758545949035,57.629323168755754,27.31524206335342,45.830909026793506,46.64586514037313,
11.300552169643879,12.0655040876413,12.287196857362146,12.287196857362146,12.287196857362146,12.287196857362146,12.287196857362146,12.287196857362146,12.287196857362146,12.287196857362146,12.287196857362146,12.287196857362146,12.287196857362146,39.851254045256745,13.938794782907166,14.898007158138656,62.212212426500315,17.29421868717983,23.465067121148408,115.345947046266,13.560604706280618,49.0289377275694,66.24365797736581,86.46784084270868,
11.300552169643879,12.0655040876413,12.287196857362146,12.287196857362146,12.287196857362146,12.287196857362146,12.287196857362146,12.287196857362146,12.287196857362146,12.287196857362146,12.287196857362146,12.287196857362146,98.7405058727167,31.434207084003248,126.83147173403854,31.22008772490911,139.5,52.91633858166009,109.86152900608818,47.41102778421446,27.154361988454085,98.7405058727167,17.29421868717983,44.77133259377279,
11.300552169643879,12.0655040876413,12.287196857362146,12.287196857362146,12.287196857362146,12.287196857362146,12.287196857362146,12.287196857362146,12.287196857362146,12.287196857362146,12.287196857362146,12.287196857362146,15.371727293964073,84.55582475501022,27.660610531945963,57.24823141373015,17.29421868717983,45.830909026793506,44.77133259377279,9.99999999E8,41.99371646118288,36.47084382050396,20.137183835867074,12.287196857362146,
11.300552169643879,12.0655040876413,12.287196857362146,12.287196857362146,12.287196857362146,12.287196857362146,12.287196857362146,12.287196857362146,12.287196857362146,12.287196857362146,12.287196857362146,12.287196857362146,91.53763646112395,86.58217034830106,38.21464869654044,14.067338056647392,58.17697138902987,13.910649619608215,85.87600072197121,17.29421868717983,21.503373263941523,9.99999999E8,12.287196857362146,34.83605919744889,
11.300552169643879,12.0655040876413,12.287196857362146,12.287196857362146,12.287196857362146,12.287196857362146,12.287196857362146,12.287196857362146,12.287196857362146,12.287196857362146,12.287196857362146,12.287196857362146,98.7405058727167,21.038283556412107,80.30994645745943,19.41807736092999,12.287196857362146,55.809442548291244,13.125928538583471,11.300552169643879,35.000881823106425,36.18161653381452,12.287196857362146,12.287196857362146,
11.300552169643879,11.300552169643879,12.0655040876413,12.287196857362146,12.287196857362146,12.287196857362146,12.287196857362146,12.287196857362146,12.287196857362146,12.287196857362146,12.287196857362146,12.287196857362146,57.629323168755754,104.8746275321157,27.154361988454085,72.4279335308937,13.560604706280618,14.909393012460301,15.371727293964073,34.48389318056894,20.189338151608634,46.7077014527583,12.287196857362146,12.287196857362146,
11.300552169643879,11.300552169643879,12.0655040876413,12.287196857362146,12.287196857362146,12.287196857362146,12.287196857362146,12.287196857362146,12.287196857362146,12.287196857362146,12.287196857362146,12.287196857362146,46.64586514037313,18.361836095374244,12.287196857362146,44.07765313821551,99.5,126.83147173403854,12.287196857362146,83.53538172535038,11.300552169643879,27.935786426469292,55.879085731803286,38.21464869654044,
11.300552169643879,11.300552169643879,11.300552169643879,12.0655040876413,12.287196857362146,12.287196857362146,12.287196857362146,12.287196857362146,12.287196857362146,12.287196857362146,12.287196857362146,12.287196857362146,68.80179866834878,34.48389318056894,58.14498693931265,46.64586514037313,18.92854986521683,36.771039895548235,31.434207084003248,42.30646209143323,12.287196857362146,97.6635039305881,12.287196857362146,37.67043573407482,
11.300552169643879,11.300552169643879,11.300552169643879,12.0655040876413,12.287196857362146,12.287196857362146,12.287196857362146,12.287196857362146,12.287196857362146,12.287196857362146,12.287196857362146,12.287196857362146,49.27018388851582,75.2579563900057,57.24823141373015,18.019156473042795,81.6443847153958,47.93495592988482,11.414464507807628,33.82439947730041,17.29421868717983,13.701936197324653,126.83147173403854,51.22309591927801,
11.300552169643879,11.300552169643879,11.300552169643879,11.414464507807628,12.0655040876413,12.287196857362146,12.287196857362146,12.287196857362146,12.287196857362146,12.287196857362146,12.287196857362146,12.287196857362146,17.41504954392275,104.8746275321157,40.06002440782526,104.8746275321157,47.93495592988482,75.2579563900057,53.407818357693614,40.06002440782526,84.55582475501022,12.287196857362146,35.55520833163789,12.287196857362146,
11.300552169643879,11.300552169643879,11.300552169643879,11.414464507807628,12.0655040876413,12.287196857362146,12.287196857362146,12.287196857362146,12.287196857362146,12.287196857362146,12.287196857362146,12.287196857362146,58.16321861795477,85.35937102756921,16.578284174571248,18.706967078710292,55.809442548291244,65.49129236012983,92.48437705904712,109.20724436694766,13.307516672918355,45.38567367573164,109.20724436694766,44.36674614241286,
11.300552169643879,11.300552169643879,11.300552169643879,11.414464507807628,12.0655040876413,12.287196857362146,12.287196857362146,12.287196857362146,12.287196857362146,12.287196857362146,12.287196857362146,12.287196857362146,35.25996747194258,57.629323168755754,38.21464869654044,30.530680453923587,58.16321861795477,18.26497673143878,13.125928538583471,51.22309591927801,35.61471835162123,18.019156473042795,12.0655040876413,15.371727293964073,
11.300552169643879,11.300552169643879,11.300552169643879,11.414464507807628,12.0655040876413,12.0655040876413,12.287196857362146,12.287196857362146,12.287196857362146,12.287196857362146,12.287196857362146,12.287196857362146,20.666155907667008,12.287196857362146,104.8746275321157,47.93495592988482,35.97391345099379,115.345947046266,45.23795112759001,12.287196857362146,30.177704974882044,71.9430716299739,72.4279335308937,11.300552169643879,
11.300552169643879,11.300552169643879,11.300552169643879,11.300552169643879,11.414464507807628,12.0655040876413,12.0655040876413,12.287196857362146,12.287196857362146,12.287196857362146,12.287196857362146,12.287196857362146,41.59093116961383,67.06832337251319,55.426612516010756,11.414464507807628,47.087846692352045,39.830543835381185,12.287196857362146,126.83147173403854,34.48389318056894,16.537533068750008,47.9568490937426,58.17697138902987,
11.300552169643879,11.300552169643879,11.300552169643879,11.300552169643879,11.414464507807628,11.414464507807628,12.0655040876413,12.0655040876413,12.287196857362146,12.287196857362146,12.287196857362146,12.287196857362146,39.75794106277412,98.7405058727167,24.73579137606072,126.83147173403854,104.8746275321157,13.125928538583471,11.300552169643879,45.404306187939525,19.002878071492223,98.7405058727167,12.0655040876413,12.287196857362146,
11.300552169643879,11.300552169643879,11.300552169643879,11.300552169643879,11.300552169643879,11.414464507807628,11.414464507807628,12.0655040876413,12.0655040876413,12.0655040876413,12.287196857362146,12.287196857362146,85.87600072197121,30.084487512485385,86.46784084270868,22.284911576010735,12.0655040876413,11.300552169643879,50.64148497032843,20.137183835867074,15.540468874506528,71.09824189106226,50.64148497032843,45.60488521590155,
11.300552169643879,11.300552169643879,11.300552169643879,11.300552169643879,11.300552169643879,11.300552169643879,11.414464507807628,11.414464507807628,12.0655040876413,12.0655040876413,12.0655040876413,12.0655040876413,26.21277121938846,104.6910799553726,76.5333914053206,80.30994645745943,13.910649619608215,12.0655040876413,109.20724436694766,115.345947046266,81.77872583991511,29.6041916502597,65.47983945459855,11.300552169643879,
11.300552169643879,11.300552169643879,11.300552169643879,11.300552169643879,11.300552169643879,11.300552169643879,11.300552169643879,11.414464507807628,11.414464507807628,12.0655040876413,12.0655040876413,12.0655040876413,45.830909026793506,13.910649619608215,21.368605100722352,72.4279335308937,58.406843563062026,18.361836095374244,11.300552169643879,12.287196857362146,87.42361745483247,12.0655040876413,31.174296057711995,45.830909026793506,
11.300552169643879,11.300552169643879,11.300552169643879,11.300552169643879,11.300552169643879,11.300552169643879,11.300552169643879,11.300552169643879,11.414464507807628,11.414464507807628,12.0655040876413,12.0655040876413,58.17697138902987,104.8746275321157,11.414464507807628,18.361836095374244,47.93495592988482,53.17711496081331,96.91845799433666,68.55118748878424,11.300552169643879,51.77817679135424,87.12152432091625,115.345947046266,
11.300552169643879,11.300552169643879,11.300552169643879,11.300552169643879,11.300552169643879,11.300552169643879,11.300552169643879,11.300552169643879,11.300552169643879,11.414464507807628,11.414464507807628,11.414464507807628,65.01083112270837,47.9568490937426,25.44177569701619,11.300552169643879,50.64148497032843,58.17697138902987,47.9568490937426,86.69566822447872,49.27018388851582,11.414464507807628,12.117735191562799,81.7738344459889,
11.300552169643879,11.300552169643879,11.300552169643879,11.300552169643879,11.300552169643879,11.300552169643879,11.300552169643879,11.300552169643879,11.300552169643879,11.300552169643879,11.414464507807628,11.414464507807628,45.38567367573164,13.125928538583471,26.21277121938846,11.300552169643879,60.90451543194478,11.300552169643879,27.660610531945963,22.40779719204902,30.718225453303777,115.345947046266,47.9568490937426,53.59218645455317,
11.300552169643879,11.300552169643879,11.300552169643879,11.300552169643879,11.300552169643879,11.300552169643879,11.300552169643879,11.300552169643879,11.300552169643879,11.300552169643879,11.300552169643879,11.300552169643879,62.49644434330288,18.239791665476883,101.14744463186184,13.910649619608215,32.04929055054711,32.07007951346551,11.300552169643879,12.58133538222394,38.77933386088365,90.2453446013822,76.75780090648767,39.53233556919646,
11.300552169643879,11.300552169643879,11.300552169643879,11.300552169643879,11.300552169643879,11.300552169643879,11.300552169643879,11.300552169643879,11.300552169643879,11.300552169643879,11.300552169643879,11.300552169643879,126.83147173403854,34.48389318056894,84.55582475501022,35.31485365804153,58.17697138902987,85.87600072197121,11.300552169643879,26.21277121938846,92.31121275338116,47.93495592988482,73.73393979403936,38.77933386088365,
11.300552169643879,11.300552169643879,11.300552169643879,11.300552169643879,11.300552169643879,11.300552169643879,11.300552169643879,11.300552169643879,11.300552169643879,11.300552169643879,11.300552169643879,11.300552169643879,38.21464869654044,115.345947046266,18.019156473042795,11.300552169643879,19.002878071492223,11.300552169643879,12.0655040876413,58.17697138902987,97.50774328226451,65.648210181238,50.64148497032843,47.9568490937426,
11.300552169643879,11.300552169643879,11.300552169643879,11.300552169643879,11.300552169643879,11.300552169643879,11.300552169643879,11.300552169643879,11.300552169643879,11.300552169643879,11.300552169643879,11.300552169643879,12.58133538222394,18.92854986521683,11.300552169643879,34.4976810814872,57.72179445890049,35.97391345099379,16.537533068750008,118.21458243380975,45.830909026793506,40.22609711230868,57.07134910696337,49.27018388851582,
11.300552169643879,11.300552169643879,11.300552169643879,11.300552169643879,11.300552169643879,11.300552169643879,11.300552169643879,11.300552169643879,11.300552169643879,11.300552169643879,11.300552169643879,11.300552169643879,11.300552169643879,21.196319270507416,35.35688582157654,58.16321861795477,98.7405058727167,72.4279335308937,11.300552169643879,86.82437573759009,34.48389318056894,115.345947046266,60.90451543194478,20.78677464158401,
11.300552169643879,11.300552169643879,11.300552169643879,11.300552169643879,11.300552169643879,11.300552169643879,11.300552169643879,11.300552169643879,11.300552169643879,11.300552169643879,11.300552169643879,11.300552169643879,48.79008323647565,11.300552169643879,16.537533068750008,85.86726675514949,86.46784084270868,16.537533068750008,86.46784084270868,72.4279335308937,11.414464507807628,11.300552169643879,32.25847756792003,11.300552169643879,
11.300552169643879,11.300552169643879,11.300552169643879,11.300552169643879,11.300552169643879,11.300552169643879,11.300552169643879,11.300552169643879,11.300552169643879,11.300552169643879,11.300552169643879,11.300552169643879,109.86152900608818,26.21277121938846,11.300552169643879,11.300552169643879,68.80179866834878,26.21277121938846,13.125928538583471,53.17711496081331,34.24138172186138,11.414464507807628,69.90484604088618,11.300552169643879,
11.300552169643879,11.300552169643879,11.300552169643879,11.300552169643879,11.300552169643879,11.300552169643879,11.300552169643879,11.300552169643879,11.300552169643879,11.300552169643879,11.300552169643879,11.300552169643879,16.537533068750008,71.09824189106226,45.60488521590155,11.300552169643879,38.05442009660492,11.300552169643879,16.537533068750008,19.45237933334622,126.83147173403854,11.300552169643879,11.300552169643879,109.86152900608818,
11.300552169643879,11.300552169643879,11.300552169643879,11.300552169643879,11.300552169643879,11.300552169643879,11.300552169643879,11.300552169643879,11.300552169643879,11.300552169643879,11.300552169643879,11.300552169643879,55.879085731803286,37.676334386979654,11.300552169643879,11.300552169643879,16.537533068750008,22.134828151217945,57.07134910696337,26.393358539602346,16.537533068750008,11.414464507807628,49.275982476045996,76.6743764239397,
11.300552169643879,11.300552169643879,11.300552169643879,11.300552169643879,11.300552169643879,11.300552169643879,11.300552169643879,11.300552169643879,11.300552169643879,11.300552169643879,11.300552169643879,11.300552169643879,11.300552169643879,43.882656027182314,11.300552169643879,96.91845799433666,38.21464869654044,84.55582475501022,16.537533068750008,11.414464507807628,31.434207084003248,18.361836095374244,127.53125978450232,31.282732856961204,
11.300552169643879,11.300552169643879,11.300552169643879,11.300552169643879,11.300552169643879,11.300552169643879,11.300552169643879,11.300552169643879,11.300552169643879,11.300552169643879,11.300552169643879,11.300552169643879,77.65182261579926,11.300552169643879,60.90451543194478,98.7405058727167,47.96727400009302,11.300552169643879,49.27018388851582,11.414464507807628,98.7405058727167,11.300552169643879,12.666086691086386,20.137183835867074,
11.300552169643879,11.300552169643879,11.300552169643879,11.300552169643879,11.300552169643879,11.300552169643879,11.300552169643879,11.300552169643879,11.300552169643879,11.300552169643879,11.300552169643879,11.300552169643879,38.77933386088365,38.77933386088365,100.51710053518256,75.2579563900057,11.300552169643879,33.028160333267124,66.09946209228096,139.5,11.414464507807628,77.60869393953232,68.698988496252,11.300552169643879,
11.300552169643879,11.300552169643879,11.300552169643879,11.300552169643879,11.300552169643879,11.300552169643879,11.300552169643879,11.300552169643879,11.300552169643879,11.300552169643879,11.300552169643879,11.300552169643879,31.745953372919132,49.27018388851582,12.0655040876413,34.48389318056894,126.83147173403854,76.29783745297111,68.56785704984635,13.125928538583471,47.93495592988482,11.300552169643879,12.117735191562799,11.300552169643879,
11.300552169643879,11.300552169643879,11.300552169643879,11.300552169643879,11.300552169643879,11.300552169643879,11.300552169643879,11.300552169643879,11.300552169643879,11.300552169643879,11.300552169643879,11.300552169643879,11.300552169643879,20.735250596121347,16.537533068750008,77.62176813812532,28.1297698287292,58.17697138902987,50.64148497032843,11.300552169643879,11.414464507807628,66.17506243962968,30.718225453303777,17.930593209358864,
11.300552169643879,11.300552169643879,11.300552169643879,11.300552169643879,11.300552169643879,11.300552169643879,11.300552169643879,11.300552169643879,11.300552169643879,11.300552169643879,11.300552169643879,11.300552169643879,68.58035656164562,40.540732854848144,19.41807736092999,38.77933386088365,42.36514552737375,22.154898017658297,11.300552169643879,13.560604706280618,16.537533068750008,41.17922285645673,11.300552169643879,25.828460561946002,
11.300552169643879,11.300552169643879,11.300552169643879,11.300552169643879,11.300552169643879,11.300552169643879,11.300552169643879,11.300552169643879,11.300552169643879,11.300552169643879,11.300552169643879,11.300552169643879,26.21277121938846,40.147968504022714,40.96489288378027,72.02055262215086,41.17922285645673,9.99999999E8,58.17697138902987,58.17697138902987,68.92942264463304,66.17506243962968,16.537533068750008,31.76648194244997,
11.300552169643879,11.300552169643879,11.300552169643879,11.300552169643879,11.300552169643879,11.300552169643879,11.300552169643879,11.300552169643879,11.300552169643879,11.300552169643879,11.300552169643879,11.300552169643879,81.39631441287744,13.307516672918355,11.300552169643879,11.300552169643879,17.29421868717983,56.016118711988206,34.48389318056894,56.016118711988206,31.282732856961204,13.125928538583471,17.930593209358864,50.64148497032843,
11.300552169643879,11.300552169643879,11.300552169643879,11.300552169643879,11.300552169643879,11.300552169643879,11.300552169643879,11.300552169643879,11.300552169643879,11.300552169643879,11.300552169643879,11.300552169643879,11.300552169643879,9.99999999E8,58.14498693931265,115.345947046266,26.21277121938846,12.58133538222394,23.465067121148408,11.300552169643879,34.10694871455498,56.01016772773394,98.4362103090118,12.287196857362146,
11.300552169643879,11.300552169643879,11.300552169643879,11.300552169643879,11.300552169643879,11.300552169643879,11.300552169643879,11.300552169643879,11.300552169643879,11.300552169643879,11.300552169643879,11.300552169643879,106.92314997230488,58.17697138902987,37.19611566290442,45.45172576481558,11.300552169643879,46.64586514037313,98.4362103090118,21.180400728031564,16.578284174571248,35.000881823106425,66.36431437317967,23.465067121148408,
11.300552169643879,11.300552169643879,11.300552169643879,11.300552169643879,11.300552169643879,11.300552169643879,11.300552169643879,11.300552169643879,11.300552169643879,11.300552169643879,11.300552169643879,11.300552169643879,81.7738344459889,109.86152900608818,68.90040134950195,11.300552169643879,76.77112449062835,39.59952586811605,26.69137973327935,26.21277121938846,115.345947046266,11.414464507807628,85.86435523545262,29.41274171171399,
11.300552169643879,11.300552169643879,11.300552169643879,11.300552169643879,11.300552169643879,11.300552169643879,11.300552169643879,11.300552169643879,11.300552169643879,11.300552169643879,11.300552169643879,11.300552169643879,57.64089019283292,79.6190146887036,66.17506243962968,59.73430756273986,45.38567367573164,30.986655829665985,16.537533068750008,16.537533068750008,11.300552169643879,17.29421868717983,46.7077014527583,58.16321861795477,
11.300552169643879,11.300552169643879,11.300552169643879,11.300552169643879,11.300552169643879,11.300552169643879,11.300552169643879,11.300552169643879,11.300552169643879,11.300552169643879,11.300552169643879,11.300552169643879,98.7405058727167,65.47983945459855,86.46784084270868,96.26251722359135,50.64148497032843,9.99999999E8,37.398091982755176,46.7077014527583,38.349626824142895,48.485106533404206,36.78956675774019,48.485106533404206,
11.300552169643879,11.300552169643879,11.300552169643879,11.300552169643879,11.300552169643879,11.300552169643879,11.300552169643879,11.300552169643879,11.300552169643879,11.300552169643879,11.300552169643879,11.300552169643879,11.300552169643879,115.345947046266,86.17826801201693,11.300552169643879,117.07556320599103,40.08540265698774,50.886857067638026,20.263498587361465,17.930593209358864,45.60488521590155,18.239791665476883,72.4279335308937,
11.300552169643879,11.300552169643879,11.300552169643879,11.300552169643879,11.300552169643879,11.300552169643879,11.300552169643879,11.300552169643879,11.300552169643879,11.300552169643879,11.300552169643879,11.300552169643879,73.83332580887847,46.5,27.935786426469296,75.8889905644349,115.345947046266,34.48389318056894,98.7405058727167,18.239791665476883,62.212212426500315,115.345947046266,11.300552169643879,40.06002440782526,
11.300552169643879,11.300552169643879,11.300552169643879,11.300552169643879,11.300552169643879,11.300552169643879,11.300552169643879,11.300552169643879,11.300552169643879,11.300552169643879,11.300552169643879,11.300552169643879,11.300552169643879,115.345947046266,15.540468874506528,46.7077014527583,11.300552169643879,96.91845799433666,47.93495592988482,92.60971871245481,12.58133538222394,53.53664949832192,12.743432101611992,43.64183056426483,
11.300552169643879,11.300552169643879,11.300552169643879,11.300552169643879,11.300552169643879,11.300552169643879,11.300552169643879,11.300552169643879,11.300552169643879,11.300552169643879,11.300552169643879,11.300552169643879,117.6379509342117,27.867853953087547,9.99999999E8,108.41106954550352,11.300552169643879,10.663136468171219,9.99999999E8,75.2579563900057,30.986655829665985,66.24365797736581,85.87600072197121,106.92314997230488,
10.663136468171219,11.300552169643879,11.300552169643879,11.300552169643879,11.300552169643879,11.300552169643879,11.300552169643879,11.300552169643879,11.300552169643879,11.300552169643879,11.300552169643879,11.300552169643879,35.11181433894921,65.35870255750186,35.35688582157654,18.45581978538524,12.525573839150045,50.3832533906081,12.58133538222394,11.300552169643879,14.604451376207187,11.300552169643879,18.0602557984701,86.46784084270868,
10.663136468171219,11.300552169643879,11.300552169643879,11.300552169643879,11.300552169643879,11.300552169643879,11.300552169643879,11.300552169643879,11.300552169643879,11.300552169643879,11.300552169643879,11.300552169643879,16.537533068750008,44.07765313821551,21.368605100722352,49.194907143818135,57.62546205932774,109.20724436694766,43.64126487626132,104.8746275321157,115.345947046266,38.21464869654044,9.99999999E8,46.7077014527583,
10.663136468171219,11.300552169643879,11.300552169643879,11.300552169643879,11.300552169643879,11.300552169643879,11.300552169643879,11.300552169643879,11.300552169643879,11.300552169643879,11.300552169643879,11.300552169643879,11.300552169643879,56.126286176799546,58.38157383340489,16.537533068750008,91.1183845335287,45.38567367573164,41.59093116961383,22.354605678958606,11.300552169643879,9.99999999E8,16.537533068750008,85.87600072197121,
10.663136468171219,11.300552169643879,11.300552169643879,11.300552169643879,11.300552169643879,11.300552169643879,11.300552169643879,11.300552169643879,11.300552169643879,11.300552169643879,11.300552169643879,11.300552169643879,35.61471835162123,10.663136468171219,46.64586514037313,22.85366491396949,28.13766861454105,10.718675291284834,11.300552169643879,28.1297698287292,17.930593209358864,9.99999999E8,34.7007044436981,50.64148497032843,
10.663136468171219,10.663136468171219,10.718675291284834,11.300552169643879,11.300552169643879,11.300552169643879,11.300552169643879,11.300552169643879,11.300552169643879,11.300552169643879,11.300552169643879,11.300552169643879,76.77112449062835,20.59006112870845,68.84647220224053,34.48389318056894,127.53125978450232,62.73599888067102,11.300552169643879,21.368605100722352,22.354605678958606,40.96489288378027,12.58133538222394,21.368605100722352,
10.663136468171219,10.663136468171219,10.718675291284834,11.300552169643879,11.300552169643879,11.300552169643879,11.300552169643879,11.300552169643879,11.300552169643879,11.300552169643879,11.300552169643879,11.300552169643879,58.17697138902987,12.525573839150045,115.345947046266,62.089764767543514,76.35893857303151,13.125928538583471,10.663136468171219,40.349999367776846,11.300552169643879,36.82168837375437,12.525573839150045,43.907137628110966,
10.663136468171219,10.663136468171219,10.663136468171219,10.718675291284834,11.300552169643879,11.300552169643879,11.300552169643879,11.300552169643879,11.300552169643879,11.300552169643879,11.300552169643879,11.300552169643879,10.718675291284834,69.8798075269244,124.69251069018628,25.842975351147167,52.84864796602402,27.208270801357443,28.1297698287292,52.91633858166009,58.17697138902987,9.99999999E8,58.17697138902987,16.6520269036535,
10.663136468171219,10.663136468171219,10.663136468171219,10.718675291284834,10.718675291284834,11.300552169643879,11.300552169643879,11.300552169643879,11.300552169643879,11.300552169643879,11.300552169643879,11.300552169643879,27.867853953087547,55.809442548291244,9.99999999E8,33.90109069952299,59.534932294118775,11.300552169643879,21.368605100722352,10.663136468171219,14.604451376207187,73.62445245976367,115.345947046266,10.718675291284834,
10.663136468171219,10.663136468171219,10.663136468171219,10.663136468171219,10.718675291284834,10.718675291284834,10.718675291284834,11.300552169643879,11.300552169643879,11.300552169643879,11.300552169643879,11.300552169643879,81.39631441287744,55.809442548291244,12.525573839150045,11.300552169643879,85.87600072197121,98.7405058727167,81.39631441287744,17.586642658563346,59.4084169120841,38.06171143749346,115.345947046266,9.99999999E8,
10.663136468171219,10.663136468171219,10.663136468171219,10.663136468171219,10.718675291284834,10.718675291284834,10.718675291284834,11.300552169643879,11.300552169643879,11.300552169643879,11.300552169643879,11.300552169643879,117.06702140227196,38.50466692493262,76.75780090648767,21.368605100722352,19.791474915701535,34.7007044436981,25.842975351147167,49.27018388851582,11.300552169643879,62.089764767543514,37.69588295605682,49.97359302671762,
10.663136468171219,10.663136468171219,10.663136468171219,10.663136468171219,10.718675291284834,10.718675291284834,10.718675291284834,11.300552169643879,11.300552169643879,11.300552169643879,11.300552169643879,11.300552169643879,14.604451376207187,38.05442009660492,11.300552169643879,9.99999999E8,22.77804877887567,14.909393012460301,25.842975351147167,21.196319270507416,17.737454269162114,32.79995022395427,12.100816173552746,11.300552169643879,
10.663136468171219,10.663136468171219,10.663136468171219,10.663136468171219,10.718675291284834,10.718675291284834,10.718675291284834,11.300552169643879,11.300552169643879,11.300552169643879,11.300552169643879,11.300552169643879,13.284953895290718,10.663136468171219,10.718675291284834,34.7007044436981,10.663136468171219,11.300552169643879,38.21464869654044,10.663136468171219,34.48389318056894,66.59934100441401,14.38367129769031,18.0602557984701,
10.663136468171219,10.663136468171219,10.663136468171219,10.663136468171219,10.663136468171219,10.663136468171219,10.663136468171219,10.718675291284834,10.718675291284834,10.718675291284834,10.718675291284834,11.300552169643879,40.96489288378027,35.081191541907465,72.4279335308937,67.88342949498059,10.663136468171219,70.27935329810597,14.03478559193443,70.27935329810597,119.23180038153505,20.09625276015407,43.952664705269896,9.99999999E8,
10.663136468171219,10.663136468171219,10.663136468171219,10.663136468171219,10.663136468171219,10.663136468171219,10.663136468171219,10.663136468171219,10.718675291284834,10.718675291284834,10.718675291284834,10.718675291284834,49.27018388851582,86.5,36.849143477155614,63.44272686318531,38.21464869654044,67.30052005742601,139.5,127.53125978450232,60.90451543194478,59.618857446828905,76.75780090648767,48.495417882059286,
10.663136468171219,10.663136468171219,10.663136468171219,10.663136468171219,10.663136468171219,10.663136468171219,10.663136468171219,10.663136468171219,10.718675291284834,10.718675291284834,10.718675291284834,10.718675291284834,60.11455730519855,43.448884399436025,49.27018388851582,34.071835876571136,60.72034255502846,20.78677464158401,25.842975351147167,72.4279335308937,28.261059781968545,126.83147173403854,38.285840144308644,23.12179240350145,
10.663136468171219,10.663136468171219,10.663136468171219,10.663136468171219,10.663136468171219,10.663136468171219,10.663136468171219,10.663136468171219,10.718675291284834,10.718675291284834,10.718675291284834,10.718675291284834,51.22309591927801,14.604451376207187,76.75780090648767,104.8746275321157,68.009999264814,29.6041916502597,58.17697138902987,42.54217595156455,20.137183835867074,12.525573839150045,9.99999999E8,38.05442009660492,
10.663136468171219,10.663136468171219,10.663136468171219,10.663136468171219,10.663136468171219,10.663136468171219,10.663136468171219,10.663136468171219,10.718675291284834,10.718675291284834,10.718675291284834,10.718675291284834,32.54441409656792,36.310772812241574,12.525573839150045,62.97745628397514,31.282732856961204,10.663136468171219,10.663136468171219,12.525573839150045,139.5,16.578284174571248,66.30401362076222,10.718675291284834,
10.663136468171219,10.663136468171219,10.663136468171219,10.663136468171219,10.663136468171219,10.663136468171219,10.663136468171219,10.663136468171219,10.663136468171219,10.663136468171219,10.718675291284834,10.718675291284834,28.40100850235106,53.17711496081331,22.77804877887567,34.215404097438636,91.003777394128,16.129874131752327,36.310772812241574,65.48098960767163,38.77933386088365,139.5,14.604451376207187,77.0874323234483,
10.663136468171219,10.663136468171219,10.663136468171219,10.663136468171219,10.663136468171219,10.663136468171219,10.663136468171219,10.663136468171219,10.663136468171219,10.663136468171219,10.718675291284834,10.718675291284834,32.865017495811564,10.663136468171219,139.5,9.99999999E8,44.77133259377279,62.089764767543514,12.58133538222394,40.96489288378027,10.663136468171219,21.368605100722352,18.78004259846074,58.14498693931265,
10.663136468171219,10.663136468171219,10.663136468171219,10.663136468171219,10.663136468171219,10.663136468171219,10.663136468171219,10.663136468171219,10.663136468171219,10.663136468171219,10.663136468171219,10.663136468171219,36.02234549553929,102.81628032563715,28.11419860613683,36.11245456902646,10.663136468171219,10.663136468171219,85.86435523545262,14.38367129769031,35.51563036185617,62.36473362406032,29.09309476946903,20.78677464158401,
10.663136468171219,10.663136468171219,10.663136468171219,10.663136468171219,10.663136468171219,10.663136468171219,10.663136468171219,10.663136468171219,10.663136468171219,10.663136468171219,10.663136468171219,10.663136468171219,59.89829342773928,15.781689655897488,27.823961606970578,20.78677464158401,18.78004259846074,12.58133538222394,91.003777394128,50.26091921164992,10.663136468171219,50.380154823104704,10.663136468171219,86.5,
10.663136468171219,10.663136468171219,10.663136468171219,10.663136468171219,10.663136468171219,10.663136468171219,10.663136468171219,10.663136468171219,10.663136468171219,10.663136468171219,10.663136468171219,10.663136468171219,20.59006112870845,26.680268639837145,20.73305030621399,62.97745628397514,36.08493382257465,16.6520269036535,9.99999999E8,73.62445245976367,9.99999999E8,94.07207638590505,21.368605100722352,46.59600304747179,
10.663136468171219,10.663136468171219,10.663136468171219,10.663136468171219,10.663136468171219,10.663136468171219,10.663136468171219,10.663136468171219,10.663136468171219,10.663136468171219,10.663136468171219,10.663136468171219,62.97745628397514,13.910649619608215,58.17697138902987,43.21811605745391,71.81322224276592,91.003777394128,56.47731845617318,9.99999999E8,9.99999999E8,82.09604131747157,53.251854427803735,11.468245775053168,
10.663136468171219,10.663136468171219,10.663136468171219,10.663136468171219,10.663136468171219,10.663136468171219,10.663136468171219,10.663136468171219,10.663136468171219,10.663136468171219,10.663136468171219,10.663136468171219,16.267061318831296,66.0439668369152,20.78677464158401,44.1795963618261,10.663136468171219,10.663136468171219,10.663136468171219,80.30994645745943,101.11719685592556,59.697878812348755,126.83147173403854,79.42409898764984,
10.663136468171219,10.663136468171219,10.663136468171219,10.663136468171219,10.663136468171219,10.663136468171219,10.663136468171219,10.663136468171219,10.663136468171219,10.663136468171219,10.663136468171219,10.663136468171219,64.085567798062,45.60488521590155,43.4064793432915,17.611724489844054,10.663136468171219,62.089764767543514,54.666920731116925,52.41951502594769,10.663136468171219,10.663136468171219,91.003777394128,71.03383387904356,
10.663136468171219,10.663136468171219,10.663136468171219,10.663136468171219,10.663136468171219,10.663136468171219,10.663136468171219,10.663136468171219,10.663136468171219,10.663136468171219,10.663136468171219,10.663136468171219,17.586642658563346,10.663136468171219,34.32775934616757,18.0602557984701,87.42361745483247,26.2699329081747,44.77133259377279,91.003777394128,10.663136468171219,21.368605100722352,80.36907054333776,14.03478559193443,
10.663136468171219,10.663136468171219,10.663136468171219,10.663136468171219,10.663136468171219,10.663136468171219,10.663136468171219,10.663136468171219,10.663136468171219,10.663136468171219,10.663136468171219,10.663136468171219,10.663136468171219,10.663136468171219,9.99999999E8,104.45520039178943,31.282732856961204,28.40100850235106,50.26091921164992,33.90109069952299,77.0874323234483,50.87003046981592,27.867853953087547,87.12152432091625,
10.663136468171219,10.663136468171219,10.663136468171219,10.663136468171219,10.663136468171219,10.663136468171219,10.663136468171219,10.663136468171219,10.663136468171219,10.663136468171219,10.663136468171219,10.663136468171219,50.26091921164992,21.368605100722352,17.586642658563346,10.663136468171219,9.99999999E8,91.003777394128,44.77133259377279,26.04626966122608,50.20119520489527,72.93242686822433,14.604451376207187,9.99999999E8,
10.663136468171219,10.663136468171219,10.663136468171219,10.663136468171219,10.663136468171219,10.663136468171219,10.663136468171219,10.663136468171219,10.663136468171219,10.663136468171219,10.663136468171219,10.663136468171219,22.882512427615985,50.380154823104704,62.97745628397514,65.35870255750186,94.07207638590505,17.586642658563346,12.58133538222394,46.59600304747179,62.97745628397514,62.47149349903522,60.90451543194478,40.06002440782526,
10.663136468171219,10.663136468171219,10.663136468171219,10.663136468171219,10.663136468171219,10.663136468171219,10.663136468171219,10.663136468171219,10.663136468171219,10.663136468171219,10.663136468171219,10.663136468171219,98.7405058727167,17.586642658563346,10.718675291284834,51.65080401654514,21.368605100722352,14.604451376207187,59.618857446828905,50.48899770136944,50.380154823104704,139.5,127.53125978450232,59.618857446828905,
10.663136468171219,10.663136468171219,10.663136468171219,10.663136468171219,10.663136468171219,10.663136468171219,10.663136468171219,10.663136468171219,10.663136468171219,10.663136468171219,10.663136468171219,10.663136468171219,117.07556320599103,62.97745628397514,110.81149534231545,13.587184044088529,117.07556320599103,111.90704848221134,10.663136468171219,10.663136468171219,45.60488521590155,57.79379247790884,22.77804877887567,104.4709887959332,
10.663136468171219,10.663136468171219,10.663136468171219,10.663136468171219,10.663136468171219,10.663136468171219,10.663136468171219,10.663136468171219,10.663136468171219,10.663136468171219,10.663136468171219,10.663136468171219,71.79697455711874,25.842975351147167,59.24322746103557,91.38821343890882,10.663136468171219,117.07556320599103,59.89829342773928,43.21811605745391,17.611724489844054,9.99999999E8,35.85458158183084,37.19611566290442,
10.663136468171219,10.663136468171219,10.663136468171219,10.663136468171219,10.663136468171219,10.663136468171219,10.663136468171219,10.663136468171219,10.663136468171219,10.663136468171219,10.663136468171219,10.663136468171219,53.613507283755524,86.59756860841354,10.58661366485473,35.38022046285184,19.002878071492223,111.90704848221134,59.59009642412684,10.663136468171219,29.297770819637456,47.34299710622469,10.663136468171219,30.55911279798548,
10.58661366485473,10.663136468171219,10.663136468171219,10.663136468171219,10.663136468171219,10.663136468171219,10.663136468171219,10.663136468171219,10.663136468171219,10.663136468171219,10.663136468171219,10.663136468171219,59.59009642412684,104.8746275321157,60.30500706865907,44.77133259377279,62.48871503057843,115.345947046266,34.5375086850925,30.818176454813155,56.9753236059261,139.5,10.663136468171219,81.39631441287744,
10.58661366485473,10.663136468171219,10.663136468171219,10.663136468171219,10.663136468171219,10.663136468171219,10.663136468171219,10.663136468171219,10.663136468171219,10.663136468171219,10.663136468171219,10.663136468171219,22.77804877887567,59.42899591576115,70.27935329810597,37.19611566290442,66.13475300895554,14.38367129769031,61.950024661460425,91.003777394128,39.35555075208578,38.838230691746325,115.345947046266,91.003777394128,
10.58661366485473,10.663136468171219,10.663136468171219,10.663136468171219,10.663136468171219,10.663136468171219,10.663136468171219,10.663136468171219,10.663136468171219,10.663136468171219,10.663136468171219,10.663136468171219,11.468245775053168,56.016118711988206,62.97745628397514,54.82522736437629,49.014366906707124,10.663136468171219,10.663136468171219,48.63105583715755,51.02220405002561,10.663136468171219,10.663136468171219,62.089764767543514,
10.58661366485473,10.663136468171219,10.663136468171219,10.663136468171219,10.663136468171219,10.663136468171219,10.663136468171219,10.663136468171219,10.663136468171219,10.663136468171219,10.663136468171219,10.663136468171219,20.78677464158401,34.13003625840442,14.38367129769031,62.089764767543514,36.3216919501618,72.01253748865926,44.77133259377279,86.5,47.11481248562447,76.77112449062835,14.604451376207187,21.17285998631267,
10.58661366485473,10.663136468171219,10.663136468171219,10.663136468171219,10.663136468171219,10.663136468171219,10.663136468171219,10.663136468171219,10.663136468171219,10.663136468171219,10.663136468171219,10.663136468171219,23.901547033974264,37.19611566290442,59.59009642412684,37.601020394317466,53.17711496081331,50.26091921164992,124.69251069018628,21.201902300431083,35.38022046285184,18.0602557984701,55.53802501189813,57.43232732723115,
10.58661366485473,10.663136468171219,10.663136468171219,10.663136468171219,10.663136468171219,10.663136468171219,10.663136468171219,10.663136468171219,10.663136468171219,10.663136468171219,10.663136468171219,10.663136468171219,99.5,26.393358539602346,50.26091921164992,14.420492962584554,23.606862362823314,26.312722683143225,11.300552169643879,12.58133538222394,25.842975351147167,59.89829342773928,62.089764767543514,72.4279335308937,
