63.59354439633703,60.77668595403631,174.18827617137597,64.96044469521433,42.172778066858996,59.98673322715037,67.53837500832717,84.5,62.344682010577294,87.15177622266475,116.41603788804626,56.14130523817694,66.82691624408444,68.01052932278525,23.462627686582415,96.02849692785064,103.24054133430336,84.5,60.276113648303586,133.35968489598181,138.46096922959916,91.34482220251938,61.558183858850164,89.3766608237296,
23.462627686582415,42.172778066858996,56.14130523817694,59.98673322715037,60.276113648303586,60.77668595403631,61.558183858850164,62.344682010577294,63.59354439633703,64.96044469521433,66.82691624408444,67.53837500832717,95.68118356755882,103.97662664699644,86.76900008067398,52.37778249186798,42.149059418645905,60.76571584555079,183.5,46.26600490507629,38.46121820902776,63.65814460852594,160.36111592278223,66.11554511703318,
23.462627686582415,38.46121820902776,42.149059418645905,42.172778066858996,46.26600490507629,52.37778249186798,56.14130523817694,59.98673322715037,60.276113648303586,60.76571584555079,60.77668595403631,61.558183858850164,130.5892627881617,63.88701762023457,34.67866779448138,64.69522565245616,78.276353389769,52.22078130399812,64.79281885363531,32.91888352544757,58.83740306981605,96.31790533898092,62.5766468795978,59.98673322715037,
23.462627686582415,32.91888352544757,34.67866779448138,38.46121820902776,42.149059418645905,42.172778066858996,46.26600490507629,52.22078130399812,52.37778249186798,56.14130523817694,58.83740306981605,59.98673322715037,47.6572122195918,53.30674793119535,52.37778249186798,58.83740306981605,32.51122255217012,90.6015452406856,34.7995689628478,42.367294630658066,82.12709281960491,77.39772711950465,53.30674793119535,97.32347802560285,
23.462627686582415,32.51122255217012,32.91888352544757,34.67866779448138,34.7995689628478,38.46121820902776,42.149059418645905,42.172778066858996,42.367294630658066,46.26600490507629,47.6572122195918,52.22078130399812,40.79458722805561,130.5892627881617,119.0490970146351,122.18772442434633,132.08509462548082,42.495606163577385,55.000994309194084,92.6488292184826,98.45993791893228,46.589290437514435,77.76335183676748,124.24679193493267,
23.462627686582415,32.51122255217012,32.91888352544757,34.67866779448138,34.7995689628478,38.46121820902776,40.79458722805561,42.149059418645905,42.172778066858996,42.367294630658066,42.495606163577385,46.26600490507629,73.24916381775289,42.172778066858996,40.08835727351382,69.40932445275385,174.18827617137597,132.08509462548082,42.149059418645905,30.679132707321912,91.16297219814632,38.24821067494152,110.0748482725378,54.934840808851696,
23.462627686582415,30.679132707321912,32.51122255217012,32.91888352544757,34.67866779448138,34.7995689628478,38.24821067494152,38.46121820902776,40.08835727351382,40.79458722805561,42.149059418645905,42.149059418645905,42.66391918237236,46.40457537123484,64.21222528882805,116.12510495151339,52.32047494781973,36.048177129782374,41.787538179551056,40.262141026030896,40.754260172676695,154.04767930741443,68.31807502411057,23.24319456851833,
23.24319456851833,23.462627686582415,30.679132707321912,32.51122255217012,32.91888352544757,34.67866779448138,34.7995689628478,36.048177129782374,38.24821067494152,38.46121820902776,40.08835727351382,40.262141026030896,59.55892297651502,50.89803532554081,57.46833367168392,154.04767930741443,33.9949161050245,130.38803626100056,49.79222134151527,38.46121820902776,46.639146647424845,149.08282094191804,64.63477640548975,67.78991239279058,
23.24319456851833,23.462627686582415,30.679132707321912,32.51122255217012,32.91888352544757,33.9949161050245,34.67866779448138,34.7995689628478,36.048177129782374,38.24821067494152,38.46121820902776,38.46121820902776,28.521025382845,34.67866779448138,130.6087286516487,62.274468082834716,30.7394787782024,108.19353030565182,23.462627686582415,37.58469602112009,66.4164052692472,45.773462579787534,94.65624942683687,101.49655669237337,
23.24319456851833,23.462627686582415,23.462627686582415,28.521025382845,30.679132707321912,30.7394787782024,32.51122255217012,32.91888352544757,33.9949161050245,34.67866779448138,34.67866779448138,34.7995689628478,34.67866779448138,87.2939860471499,30.081981647403328,35.94463143399331,62.3314517442295,47.324517958453626,183.5,51.62820037905801,174.1844488529967,31.983208404328522,43.77232606254344,60.842907351637955,
23.24319456851833,23.462627686582415,23.462627686582415,28.521025382845,30.081981647403328,30.679132707321912,30.7394787782024,31.983208404328522,32.51122255217012,32.91888352544757,33.9949161050245,34.67866779448138,46.23717706791664,35.96485888169402,63.512806135533616,43.75397124833356,36.72524746891289,22.773864162431654,58.077878749141654,49.95608071096051,116.12510495151339,39.39048108363238,48.362413886437444,66.47285160123643,
22.773864162431654,23.24319456851833,23.462627686582415,23.462627686582415,28.521025382845,30.081981647403328,30.679132707321912,30.7394787782024,31.983208404328522,32.51122255217012,32.91888352544757,33.9949161050245,36.77472182477056,117.88231419513276,64.37640085974301,42.97650046056257,48.664597558754714,71.07467463872065,67.24985657885482,27.00388632295748,41.438159874082245,57.483223532212605,100.83760321537903,85.75919775744174,
22.773864162431654,23.24319456851833,23.462627686582415,23.462627686582415,27.00388632295748,28.521025382845,30.081981647403328,30.679132707321912,30.7394787782024,31.983208404328522,32.51122255217012,32.91888352544757,110.93709929505098,30.679132707321912,101.47544188680556,57.092994316290685,76.64945458963741,21.57949815182061,90.10538048217063,67.53837500832717,51.37031946778434,29.11316521591029,23.291545542320716,24.291487992481827,
21.57949815182061,22.773864162431654,23.24319456851833,23.291545542320716,23.462627686582415,23.462627686582415,24.291487992481827,27.00388632295748,28.521025382845,29.11316521591029,30.081981647403328,30.679132707321912,109.09539658278692,21.44473229513198,41.7118273779737,92.75224844625997,27.04908302626881,29.491406469606627,52.56814624846496,58.80345358774562,23.462627686582415,69.37477477440918,76.39462604718271,73.10978046745866,
21.44473229513198,21.57949815182061,22.773864162431654,23.24319456851833,23.291545542320716,23.462627686582415,23.462627686582415,23.462627686582415,24.291487992481827,27.00388632295748,27.04908302626881,28.521025382845,76.39462604718271,22.80350850198276,21.44473229513198,62.669538648215415,56.76333666098998,23.22316850809888,32.725947722273645,64.0961854376243,23.093625864198014,31.983208404328522,35.136539227546145,116.41603788804626,
21.44473229513198,21.44473229513198,21.57949815182061,22.773864162431654,22.80350850198276,23.093625864198014,23.22316850809888,23.24319456851833,23.291545542320716,23.462627686582415,23.462627686582415,23.462627686582415,34.22877992274922,167.89149935465926,73.30645766024898,83.02915150716645,52.38838812061832,22.541418667767022,43.95007821380981,31.702948176422378,123.93218911969561,31.024434814441914,60.46963195595694,21.44473229513198,
21.44473229513198,21.44473229513198,21.44473229513198,21.57949815182061,22.541418667767022,22.773864162431654,22.80350850198276,23.093625864198014,23.22316850809888,23.24319456851833,23.291545542320716,23.462627686582415,20.621495914457807,29.15816090063703,35.607013003058825,96.82272460533218,23.22316850809888,36.592485567394846,45.8078527656558,45.358678576676176,63.537293413561365,23.029373435165937,51.61235037027283,44.21944566590585,
20.621495914457807,21.44473229513198,21.44473229513198,21.44473229513198,21.57949815182061,22.541418667767022,22.773864162431654,22.80350850198276,23.029373435165937,23.093625864198014,23.22316850809888,23.22316850809888,81.95644803796709,45.41058349933416,30.895235159415044,111.84381967726245,23.25962166502284,42.97650046056257,22.079332272064907,21.385083570282312,123.93218911969561,27.693134929477054,21.44473229513198,54.93224026387566,
20.621495914457807,21.385083570282312,21.44473229513198,21.44473229513198,21.44473229513198,21.44473229513198,21.57949815182061,22.079332272064907,22.541418667767022,22.773864162431654,22.80350850198276,23.029373435165937,52.0983684965278,92.90339068085729,44.65879715425961,69.3891877384366,40.87918098514852,53.466230043851425,82.71319255247147,20.166652611452907,174.18827617137597,28.40639838817577,81.9590706157552,41.22390083434608,
20.166652611452907,20.621495914457807,21.385083570282312,21.44473229513198,21.44473229513198,21.44473229513198,21.44473229513198,21.57949815182061,22.079332272064907,22.541418667767022,22.773864162431654,22.80350850198276,61.95027630845464,73.10978046745866,21.44473229513198,159.5,39.6687455687724,62.92288340658227,123.93218911969561,138.263536608737,61.95027630845464,59.84606102667212,159.5,62.46471003694806,
20.166652611452907,20.621495914457807,21.385083570282312,21.44473229513198,21.44473229513198,21.44473229513198,21.44473229513198,21.44473229513198,21.57949815182061,22.079332272064907,22.541418667767022,22.773864162431654,116.41408849447733,77.72670068901677,40.56539190502371,21.592797152960266,21.536248512682054,28.493447373209804,21.44473229513198,56.728091708507954,39.31424678154218,63.2029222030121,32.834073595715914,71.53047864372222,
20.166652611452907,20.621495914457807,21.385083570282312,21.44473229513198,21.44473229513198,21.44473229513198,21.44473229513198,21.44473229513198,21.44473229513198,21.536248512682054,21.57949815182061,21.592797152960266,60.604120115714906,53.62098469815712,48.77031074205436,57.828659384027276,23.371968014886743,99.07290245067014,55.12358274822129,116.24904300681361,62.551928840387426,56.95823030958739,20.166652611452907,52.256726190020416,
20.166652611452907,20.166652611452907,20.621495914457807,21.385083570282312,21.44473229513198,21.44473229513198,21.44473229513198,21.44473229513198,21.44473229513198,21.44473229513198,21.536248512682054,21.57949815182061,82.03560202741247,51.05431627077718,45.886146727944606,34.56988462631779,36.02153550875036,63.458550679329164,51.331526568325536,50.78810981682063,30.52173633476459,35.61349446002625,174.18827617137597,21.44473229513198,
20.166652611452907,20.166652611452907,20.621495914457807,21.385083570282312,21.44473229513198,21.44473229513198,21.44473229513198,21.44473229513198,21.44473229513198,21.44473229513198,21.44473229513198,21.536248512682054,21.44473229513198,72.5176223793607,24.995611859782468,33.34374837290426,23.140762691821195,26.02478157830238,71.36111100077763,71.25559188583027,142.80980358504806,123.93218911969561,62.46471003694806,40.157689176545006,
20.166652611452907,20.166652611452907,20.621495914457807,21.385083570282312,21.44473229513198,21.44473229513198,21.44473229513198,21.44473229513198,21.44473229513198,21.44473229513198,21.44473229513198,21.44473229513198,59.524271426779244,34.22877992274922,57.485731925409105,84.11235871671231,21.44473229513198,21.44473229513198,59.84606102667212,32.58278310859956,63.908058959727455,110.93709929505098,48.0280530268615,82.71319255247147,
20.166652611452907,20.166652611452907,20.621495914457807,21.385083570282312,21.44473229513198,21.44473229513198,21.44473229513198,21.44473229513198,21.44473229513198,21.44473229513198,21.44473229513198,21.44473229513198,20.184947331252367,50.80342167926278,21.44473229513198,23.780136626167305,46.16394020228343,54.93224026387566,21.449391340755778,55.01279999477673,73.10978046745866,110.93709929505098,21.44473229513198,51.773277105300394,
20.166652611452907,20.166652611452907,20.184947331252367,20.621495914457807,21.385083570282312,21.44473229513198,21.44473229513198,21.44473229513198,21.44473229513198,21.44473229513198,21.44473229513198,21.44473229513198,134.94680433415238,21.44473229513198,36.02153550875036,51.01970207674678,59.27173769081592,29.64667974385514,54.190187201087326,42.97650046056257,95.68118356755882,28.107232679963708,70.65486094388694,53.1282351956095,
20.166652611452907,20.166652611452907,20.184947331252367,20.621495914457807,21.385083570282312,21.44473229513198,21.44473229513198,21.44473229513198,21.44473229513198,21.44473229513198,21.44473229513198,21.44473229513198,20.05850169640567,21.44473229513198,57.199999999999996,61.029577870078704,29.290095974957513,27.763385160234975,65.25647985652694,172.5,116.40721627115734,167.89149935465926,21.44473229513198,172.5,
20.05850169640567,20.166652611452907,20.166652611452907,20.184947331252367,20.621495914457807,21.385083570282312,21.44473229513198,21.44473229513198,21.44473229513198,21.44473229513198,21.44473229513198,21.44473229513198,24.78056474112099,23.375414434828745,62.2745730533706,95.68118356755882,174.18827617137597,48.621768672981126,20.166652611452907,71.9291704078085,59.272804102070694,70.07000467786166,54.40964987941018,139.8541651149511,
20.05850169640567,20.166652611452907,20.166652611452907,20.166652611452907,20.184947331252367,20.621495914457807,21.385083570282312,21.44473229513198,21.44473229513198,21.44473229513198,21.44473229513198,21.44473229513198,95.68118356755882,23.93586471875856,123.93218911969561,105.04779864423624,84.5,84.5,21.447843714462298,32.889091013469915,73.10978046745866,33.34374837290426,30.737689496049562,111.37536631689352,
20.05850169640567,20.166652611452907,20.166652611452907,20.166652611452907,20.184947331252367,20.621495914457807,21.385083570282312,21.44473229513198,21.44473229513198,21.44473229513198,21.44473229513198,21.44473229513198,54.76230201719265,32.45934957758704,123.93218911969561,42.97650046056257,32.45934957758704,95.68118356755882,20.166652611452907,55.43961598359212,48.60291200695237,66.06708238601126,59.549465899274765,22.885433261259344,
20.05850169640567,20.166652611452907,20.166652611452907,20.166652611452907,20.166652611452907,20.184947331252367,20.621495914457807,21.385083570282312,21.44473229513198,21.44473229513198,21.44473229513198,21.44473229513198,48.125974016117326,21.44473229513198,31.77789657519518,64.85218234998383,59.27173769081592,21.44473229513198,95.68118356755882,39.95954744612063,32.466542607565856,123.61507796381476,123.93218911969561,68.13813583857102,
20.05850169640567,20.166652611452907,20.166652611452907,20.166652611452907,20.166652611452907,20.184947331252367,20.621495914457807,21.385083570282312,21.44473229513198,21.44473229513198,21.44473229513198,21.44473229513198,58.03532342834059,66.838910822963,67.68077644353676,27.391142571240515,31.366806391628025,95.68118356755882,25.00897616634653,65.90995713076737,29.23643669753944,20.166652611452907,65.2849327868199,34.160293029110726,
20.05850169640567,20.166652611452907,20.166652611452907,20.166652611452907,20.166652611452907,20.166652611452907,20.184947331252367,20.621495914457807,21.385083570282312,21.44473229513198,21.44473229513198,21.44473229513198,123.93218911969561,20.166652611452907,77.98871713267246,34.22877992274922,116.40721627115734,20.166652611452907,30.89453385669093,18.716863723773834,68.51366614756206,63.97472494742565,57.33938921505491,64.33354922243568,
18.716863723773834,20.05850169640567,20.166652611452907,20.166652611452907,20.166652611452907,20.166652611452907,20.166652611452907,20.166652611452907,20.166652611452907,20.184947331252367,20.621495914457807,21.385083570282312,33.53892328325404,41.014753443120924,32.669026709139175,22.84877078817616,20.166652611452907,60.04839714763418,30.89453385669093,79.00167913482882,74.93455477948741,71.11590695633588,39.47922713275933,35.00198407074789,
18.716863723773834,20.05850169640567,20.166652611452907,20.166652611452907,20.166652611452907,20.166652611452907,20.166652611452907,20.166652611452907,20.166652611452907,20.166652611452907,20.184947331252367,20.621495914457807,66.74660571894275,61.25510182833753,32.46397576117599,64.79047426555509,79.43701907800921,96.06345559056264,66.57507040927557,117.98406672089244,21.44473229513198,22.885433261259344,105.04779864423624,83.95646193117001,
18.716863723773834,20.05850169640567,20.166652611452907,20.166652611452907,20.166652611452907,20.166652611452907,20.166652611452907,20.166652611452907,20.166652611452907,20.166652611452907,20.184947331252367,20.621495914457807,32.46397576117599,95.68118356755882,53.68555568203508,61.301381509718034,70.47155454507867,78.82283932972726,96.06345559056264,95.68118356755882,20.166652611452907,32.46397576117599,48.67453132799534,75.8653479554939,
18.716863723773834,20.05850169640567,20.166652611452907,20.166652611452907,20.166652611452907,20.166652611452907,20.166652611452907,20.166652611452907,20.166652611452907,20.166652611452907,20.166652611452907,20.184947331252367,27.763385160234975,32.46397576117599,160.36111592278223,32.69265972661142,20.166652611452907,67.5,183.5,20.166652611452907,69.91881005852431,59.290893061245086,20.166652611452907,23.306848428594318,
18.716863723773834,20.05850169640567,20.166652611452907,20.166652611452907,20.166652611452907,20.166652611452907,20.166652611452907,20.166652611452907,20.166652611452907,20.166652611452907,20.166652611452907,20.166652611452907,20.166652611452907,21.15206845677273,141.11409390985722,124.59322703189858,20.166652611452907,95.68118356755882,23.16483056273022,75.84944883708047,183.5,164.43100545686494,33.34374837290426,27.763385160234975,
18.716863723773834,20.05850169640567,20.166652611452907,20.166652611452907,20.166652611452907,20.166652611452907,20.166652611452907,20.166652611452907,20.166652611452907,20.166652611452907,20.166652611452907,20.166652611452907,71.52403442200391,72.52751202130126,56.95823030958739,20.166652611452907,77.82698760712765,32.99029213268655,70.47155454507867,20.166652611452907,66.37373141704647,159.5,35.64835978773154,27.763385160234975,
18.716863723773834,20.05850169640567,20.166652611452907,20.166652611452907,20.166652611452907,20.166652611452907,20.166652611452907,20.166652611452907,20.166652611452907,20.166652611452907,20.166652611452907,20.166652611452907,56.618101124993586,183.5,43.00709243834091,103.76627583179422,66.03869604254766,33.17088621528964,95.68118356755882,74.87192768692118,26.061657660248706,30.882285465223518,33.34374837290426,57.199999999999996,
18.716863723773834,20.05850169640567,20.166652611452907,20.166652611452907,20.166652611452907,20.166652611452907,20.166652611452907,20.166652611452907,20.166652611452907,20.166652611452907,20.166652611452907,20.166652611452907,57.383011423242685,95.68118356755882,35.00198407074789,32.434804283756975,20.166652611452907,37.418035424110656,32.10622992504726,20.166652611452907,95.68118356755882,95.68118356755882,124.25332546410533,109.09539658278692,
18.716863723773834,20.05850169640567,20.166652611452907,20.166652611452907,20.166652611452907,20.166652611452907,20.166652611452907,20.166652611452907,20.166652611452907,20.166652611452907,20.166652611452907,20.166652611452907,160.36111592278223,95.68118356755882,20.166652611452907,37.648904366528384,28.527355292771183,50.10398908492439,70.50394000022662,67.5,35.00198407074789,60.55965837273376,67.49953703544936,90.70754861090668,
18.716863723773834,20.05850169640567,20.166652611452907,20.166652611452907,20.166652611452907,20.166652611452907,20.166652611452907,20.166652611452907,20.166652611452907,20.166652611452907,20.166652611452907,20.166652611452907,64.49365936869633,63.559888097761785,124.19158997455571,43.78893780831142,97.41092797468305,31.366806391628025,104.08116490935758,82.23678549705653,33.16338342208165,172.5,55.01035256103063,62.3708461460929,
18.716863723773834,20.05850169640567,20.166652611452907,20.166652611452907,20.166652611452907,20.166652611452907,20.166652611452907,20.166652611452907,20.166652611452907,20.166652611452907,20.166652611452907,20.166652611452907,95.68118356755882,116.12510495151339,20.166652611452907,35.00198407074789,34.26718546948378,20.166652611452907,48.950371693061626,20.166652611452907,34.034679005390956,33.34374837290426,41.3259568642252,52.256726190020416,
18.716863723773834,20.05850169640567,20.166652611452907,20.166652611452907,20.166652611452907,20.166652611452907,20.166652611452907,20.166652611452907,20.166652611452907,20.166652611452907,20.166652611452907,20.166652611452907,30.89453385669093,20.166652611452907,30.89453385669093,59.27173769081592,34.453011479404815,67.68164858774907,33.34374837290426,33.05842366175375,92.90339068085729,166.40579583923417,45.6629978757418,99.74888470554446,
18.716863723773834,20.05850169640567,20.166652611452907,20.166652611452907,20.166652611452907,20.166652611452907,20.166652611452907,20.166652611452907,20.166652611452907,20.166652611452907,20.166652611452907,20.166652611452907,61.25510182833753,35.00198407074789,20.135344515687635,31.74194418129052,59.613803397833586,95.68118356755882,174.18827617137597,20.166652611452907,20.166652611452907,20.166652611452907,71.11590695633588,24.21175713725605,
18.716863723773834,20.05850169640567,20.135344515687635,20.166652611452907,20.166652611452907,20.166652611452907,20.166652611452907,20.166652611452907,20.166652611452907,20.166652611452907,20.166652611452907,20.166652611452907,183.5,20.135344515687635,164.43100545686494,34.71468529311478,63.512518451089626,69.63815205921408,20.166652611452907,71.11590695633588,31.74194418129052,117.52705805473053,29.91002131393423,95.68118356755882,
18.716863723773834,20.05850169640567,20.135344515687635,20.135344515687635,20.166652611452907,20.166652611452907,20.166652611452907,20.166652611452907,20.166652611452907,20.166652611452907,20.166652611452907,20.166652611452907,30.443481331075713,32.21505859066533,20.166652611452907,20.166652611452907,74.28791205540118,25.09654826253757,20.166652611452907,33.583250449350516,27.05289956732919,22.63322725062749,54.47145021833813,64.4059193628939,
18.716863723773834,20.05850169640567,20.135344515687635,20.135344515687635,20.166652611452907,20.166652611452907,20.166652611452907,20.166652611452907,20.166652611452907,20.166652611452907,20.166652611452907,20.166652611452907,20.166652611452907,70.15320535957157,69.513299198298,30.89453385669093,95.68118356755882,28.227100998317745,33.34374837290426,183.5,26.90982885283533,95.68118356755882,20.166652611452907,66.8765446342903,
18.716863723773834,20.05850169640567,20.135344515687635,20.135344515687635,20.166652611452907,20.166652611452907,20.166652611452907,20.166652611452907,20.166652611452907,20.166652611452907,20.166652611452907,20.166652611452907,64.40055977059075,55.72241608474087,104.6414831699169,32.01160813760464,32.569062032132464,144.3301337212711,20.166652611452907,20.166652611452907,38.563439795859615,95.68118356755882,72.77834499354873,67.5,
18.716863723773834,20.05850169640567,20.135344515687635,20.135344515687635,20.166652611452907,20.166652611452907,20.166652611452907,20.166652611452907,20.166652611452907,20.166652611452907,20.166652611452907,20.166652611452907,20.166652611452907,87.88537989904805,99.07290245067014,68.00090035418349,72.3960461627567,53.68555568203508,44.93372897946485,172.5,95.68118356755882,25.422843815244608,32.569062032132464,18.716863723773834,
18.716863723773834,18.716863723773834,20.05850169640567,20.135344515687635,20.135344515687635,20.166652611452907,20.166652611452907,20.166652611452907,20.166652611452907,20.166652611452907,20.166652611452907,20.166652611452907,55.16465253120778,66.38126409027039,63.52511314433057,60.9291340411137,24.78056474112099,131.7218281075692,22.416858735236644,18.53672031401456,42.28619690844273,44.93372897946485,100.77543103356095,66.17002510368438,
18.53672031401456,18.716863723773834,18.716863723773834,20.05850169640567,20.135344515687635,20.135344515687635,20.166652611452907,20.166652611452907,20.166652611452907,20.166652611452907,20.166652611452907,20.166652611452907,26.42155872449805,67.5470946821549,32.46397576117599,104.08980497627998,57.68775037397347,95.28477055647456,116.12510495151339,93.18283103662391,59.84606102667212,59.09660026824983,55.386409172175576,20.166652611452907,
18.53672031401456,18.716863723773834,18.716863723773834,20.05850169640567,20.135344515687635,20.135344515687635,20.166652611452907,20.166652611452907,20.166652611452907,20.166652611452907,20.166652611452907,20.166652611452907,67.5,84.11235871671231,51.77103437251375,70.47155454507867,95.68118356755882,71.11590695633588,18.53672031401456,78.25312147389498,38.58289776571998,30.443481331075713,77.82698760712765,51.86144401190541,
18.53672031401456,18.53672031401456,18.716863723773834,18.716863723773834,20.05850169640567,20.135344515687635,20.135344515687635,20.166652611452907,20.166652611452907,20.166652611452907,20.166652611452907,20.166652611452907,29.13944814193517,20.166652611452907,72.07107602915333,51.157013204447345,73.10978046745866,62.265396423990865,70.73782580769641,105.04779864423624,56.72276634846207,104.70524103405712,95.68118356755882,34.19046145229672,
18.53672031401456,18.53672031401456,18.716863723773834,18.716863723773834,20.05850169640567,20.135344515687635,20.135344515687635,20.166652611452907,20.166652611452907,20.166652611452907,20.166652611452907,20.166652611452907,70.50394000022662,97.41092797468305,56.72276634846207,35.84052468751739,39.37016636998121,98.86803775178755,20.706651880465017,56.134743029606895,56.72276634846207,20.135344515687635,22.59520324928597,69.98649423281609,
18.53672031401456,18.53672031401456,18.716863723773834,18.716863723773834,20.05850169640567,20.135344515687635,20.135344515687635,20.135344515687635,20.166652611452907,20.166652611452907,20.166652611452907,20.166652611452907,34.50520794025157,50.961842343070764,20.78698548207745,56.72276634846207,183.5,40.04754119238228,26.42155872449805,32.63218311728469,64.76387399623343,164.43100545686494,95.68118356755882,57.211352797228,
18.53672031401456,18.53672031401456,18.716863723773834,18.716863723773834,20.05850169640567,20.135344515687635,20.135344515687635,20.135344515687635,20.166652611452907,20.166652611452907,20.166652611452907,20.166652611452907,35.47971251292772,92.96848330960815,78.0538798732344,51.157013204447345,57.199999999999996,20.05850169640567,31.366806391628025,84.5,87.25712323676248,159.5,63.226650828586514,101.64369139302251,
18.53672031401456,18.53672031401456,18.716863723773834,18.716863723773834,20.05850169640567,20.05850169640567,20.135344515687635,20.135344515687635,20.135344515687635,20.166652611452907,20.166652611452907,20.166652611452907,66.38554059431918,20.05850169640567,20.166652611452907,17.342590120820056,34.67866779448138,115.73867115186695,62.679293850130605,22.11809214195474,20.135344515687635,186.5,83.19367463936186,33.32205538378447,
17.342590120820056,18.53672031401456,18.53672031401456,18.716863723773834,18.716863723773834,20.05850169640567,20.05850169640567,20.05850169640567,20.135344515687635,20.135344515687635,20.135344515687635,20.135344515687635,82.03560202741247,57.29729131326135,68.00090035418349,26.333098920663176,58.67258492875715,53.0859910803179,60.9291340411137,40.03011366459006,72.85294105530788,56.807652433453015,63.12482714156841,151.29999173826812,
17.342590120820056,18.53672031401456,18.53672031401456,18.716863723773834,18.716863723773834,20.05850169640567,20.05850169640567,20.05850169640567,20.135344515687635,20.135344515687635,20.135344515687635,20.135344515687635,69.27879199587824,29.30469982952846,64.70350229992611,56.7315804664582,101.73399410008217,74.21095138941723,23.382553360420083,24.834327082747635,72.3960461627567,24.286554607310556,35.21661539671295,18.138016824366098,
17.342590120820056,18.138016824366098,18.53672031401456,18.53672031401456,18.716863723773834,18.716863723773834,20.05850169640567,20.05850169640567,20.05850169640567,20.135344515687635,20.135344515687635,20.135344515687635,96.53042240133206,61.41994789968484,101.81276933666032,88.03798895931233,60.892608108227904,33.68025200321399,63.26460305731793,24.282769458238974,68.11174551091177,159.5,31.266745513404494,50.42143381196454,
17.342590120820056,18.138016824366098,18.53672031401456,18.53672031401456,18.716863723773834,18.716863723773834,20.05850169640567,20.05850169640567,20.05850169640567,20.135344515687635,20.135344515687635,20.135344515687635,25.089262133035426,61.626617625827876,56.909523610297605,76.03380096305122,71.18187532651834,64.99324925697738,159.5,20.01539200103304,60.206395009168254,16.602840750535865,38.59100032549622,18.53672031401456,
16.602840750535865,17.342590120820056,18.138016824366098,18.53672031401456,18.53672031401456,18.53672031401456,18.716863723773834,18.716863723773834,20.01539200103304,20.05850169640567,20.05850169640567,20.05850169640567,62.85638885455249,77.15226647495342,46.718469416445835,21.247104423115683,20.166652611452907,65.73134240984281,30.78231668357928,56.79324099065153,30.0386582199392,67.68164858774907,103.02170752915242,23.920667781385998,
16.602840750535865,17.342590120820056,18.138016824366098,18.53672031401456,18.53672031401456,18.53672031401456,18.716863723773834,18.716863723773834,20.01539200103304,20.05850169640567,20.05850169640567,20.05850169640567,18.53672031401456,67.5,74.48406905647595,73.52191661145827,116.12510495151339,58.43425351171241,23.965795939213034,18.138016824366098,30.12558746992601,73.48746943027298,60.9291340411137,18.113789636627672,
16.602840750535865,17.342590120820056,18.113789636627672,18.138016824366098,18.138016824366098,18.53672031401456,18.53672031401456,18.53672031401456,18.53672031401456,18.716863723773834,18.716863723773834,20.01539200103304,18.53672031401456,33.32205538378447,84.49145255915272,22.115071532529324,105.27434397800825,23.965795939213034,23.62853555148292,60.90040537631913,67.5,21.447843714462298,64.02191465080965,18.976268480185947,
16.602840750535865,17.342590120820056,18.113789636627672,18.138016824366098,18.138016824366098,18.53672031401456,18.53672031401456,18.53672031401456,18.53672031401456,18.53672031401456,18.716863723773834,18.716863723773834,115.90961996314196,18.53672031401456,64.82904870160873,15.559523303498045,20.166652611452907,18.53672031401456,18.53672031401456,30.120845043299315,20.166652611452907,59.429448718627704,95.68118356755882,67.68164858774907,
15.559523303498045,16.602840750535865,17.342590120820056,18.113789636627672,18.138016824366098,18.138016824366098,18.53672031401456,18.53672031401456,18.53672031401456,18.53672031401456,18.53672031401456,18.53672031401456,56.72276634846207,20.166652611452907,98.07058682398102,50.44412131259697,54.724450039253625,70.79625254912861,69.88733790895172,99.74888470554446,53.76253342244951,130.5892627881617,31.956374583848053,22.80590658141,
15.559523303498045,16.602840750535865,17.342590120820056,18.113789636627672,18.138016824366098,18.138016824366098,18.53672031401456,18.53672031401456,18.53672031401456,18.53672031401456,18.53672031401456,18.53672031401456,20.166652611452907,28.0554696093293,54.54914641861961,32.956173549124294,62.43588711630515,67.92230855911775,18.144145061148514,80.1014356925018,43.14431710857679,16.602840750535865,29.33956373227114,67.50881423932731,
15.559523303498045,16.602840750535865,16.602840750535865,17.342590120820056,18.113789636627672,18.138016824366098,18.138016824366098,18.144145061148514,18.53672031401456,18.53672031401456,18.53672031401456,18.53672031401456,53.626828497440314,21.409814695350732,23.792148421918778,104.08116490935758,20.195528589269458,60.78535493850472,62.3708461460929,89.66292433330513,54.92367431263134,94.64568429440169,29.771143539580756,70.1244607822406,
15.559523303498045,16.602840750535865,16.602840750535865,17.342590120820056,18.113789636627672,18.138016824366098,18.138016824366098,18.144145061148514,18.53672031401456,18.53672031401456,18.53672031401456,18.53672031401456,60.59601095129841,21.11894883747768,49.83582421310999,56.72276634846207,103.7075952190699,116.12510495151339,18.53672031401456,53.27135003633639,17.342590120820056,34.70973108652335,71.55843329056331,61.66366971941669,
15.559523303498045,16.602840750535865,16.602840750535865,17.342590120820056,17.342590120820056,18.113789636627672,18.138016824366098,18.138016824366098,18.144145061148514,18.53672031401456,18.53672031401456,18.53672031401456,18.53672031401456,66.494151789629,43.50445672689226,68.8958634462186,15.758203820687209,166.41380818776892,78.27954713716731,71.11590695633588,89.515585235198,16.602840750535865,54.04728832235712,19.71319355152787,
15.559523303498045,15.758203820687209,16.602840750535865,16.602840750535865,16.602840750535865,17.342590120820056,17.342590120820056,18.113789636627672,18.138016824366098,18.138016824366098,18.144145061148514,18.53672031401456,160.36111592278223,75.7390794984023,47.67045439496274,136.44616357947024,23.43593513294393,84.5,16.602840750535865,116.12510495151339,32.06414469465855,18.138016824366098,32.661375232815374,17.09739710173221,
15.559523303498045,15.758203820687209,16.602840750535865,16.602840750535865,16.602840750535865,16.602840750535865,17.09739710173221,17.342590120820056,17.342590120820056,18.113789636627672,18.138016824366098,18.138016824366098,28.072698283009576,25.102567376443567,77.57881297250056,56.08573236572738,70.23924131429783,18.53672031401456,69.981711896752,63.86077314836893,20.166652611452907,49.79222134151527,59.08840833869195,56.72276634846207,
15.559523303498045,15.758203820687209,16.602840750535865,16.602840750535865,16.602840750535865,16.602840750535865,17.09739710173221,17.342590120820056,17.342590120820056,18.113789636627672,18.138016824366098,18.138016824366098,16.52906157479032,68.49281207632265,183.5,53.61683907224265,116.12510495151339,54.47145021833813,89.66292433330513,18.53672031401456,99.74888470554446,24.38485377749885,81.0594843309529,32.089609775682156,
15.559523303498045,15.758203820687209,16.52906157479032,16.602840750535865,16.602840750535865,16.602840750535865,16.602840750535865,17.09739710173221,17.342590120820056,17.342590120820056,18.113789636627672,18.138016824366098,65.7493695166481,69.69795947913795,64.72613245221919,183.5,104.08980497627998,58.67258492875715,18.113789636627672,56.72276634846207,102.49481694212639,50.77417186843739,72.4783372808731,174.18827617137597,
15.559523303498045,15.758203820687209,16.52906157479032,16.602840750535865,16.602840750535865,16.602840750535865,16.602840750535865,17.09739710173221,17.342590120820056,17.342590120820056,18.113789636627672,18.113789636627672,94.91174848247186,32.61251889825269,164.43100545686494,16.602840750535865,30.74787958161395,37.64448748510901,32.94770129171629,36.65837877885324,22.68060845744664,72.70653340656533,71.11590695633588,37.955360293376216,
15.559523303498045,15.758203820687209,16.52906157479032,16.602840750535865,16.602840750535865,16.602840750535865,16.602840750535865,16.602840750535865,17.09739710173221,17.342590120820056,17.342590120820056,18.113789636627672,63.88614873350874,62.55775109626481,74.77593195674662,148.95699882852097,74.19437684592785,159.5,55.05880694514023,15.559523303498045,95.132473425219,67.4730316496895,38.86908225769623,16.602840750535865,
15.559523303498045,15.559523303498045,15.758203820687209,16.52906157479032,16.602840750535865,16.602840750535865,16.602840750535865,16.602840750535865,16.602840750535865,16.602840750535865,17.09739710173221,17.342590120820056,63.1461796152388,136.44616357947024,16.52906157479032,45.876021786985845,53.064458300202,88.61286588300821,51.23897050844632,54.60619685249905,57.867434710724815,23.22465533403274,70.54530459215553,62.345646133765705,
15.559523303498045,15.559523303498045,15.758203820687209,16.52906157479032,16.52906157479032,16.602840750535865,16.602840750535865,16.602840750535865,16.602840750535865,16.602840750535865,16.602840750535865,17.09739710173221,71.99291348345845,44.93372897946485,76.99506477690632,104.08116490935758,105.04779864423624,16.602840750535865,70.73782580769641,105.04779864423624,82.72658278933078,29.148059540902548,17.424390233233414,183.5,
15.559523303498045,15.559523303498045,15.758203820687209,16.52906157479032,16.52906157479032,16.602840750535865,16.602840750535865,16.602840750535865,16.602840750535865,16.602840750535865,16.602840750535865,16.602840750535865,69.91881005852431,18.039736660091027,16.602840750535865,69.91881005852431,69.53995653978765,15.423246843965007,20.817285485864865,30.43615243423518,31.686219858569746,23.531810252294658,21.78554566679476,67.43765072045346,
15.423246843965007,15.559523303498045,15.559523303498045,15.758203820687209,16.52906157479032,16.52906157479032,16.602840750535865,16.602840750535865,16.602840750535865,16.602840750535865,16.602840750535865,16.602840750535865,34.40692858558981,76.92749833447076,75.12115214771403,60.76753967004934,68.7841937229946,53.44024115776425,116.12510495151339,36.79063767330166,30.0386582199392,55.37773810432329,51.157013204447345,69.88733790895172,
15.423246843965007,15.559523303498045,15.559523303498045,15.758203820687209,16.52906157479032,16.52906157479032,16.602840750535865,16.602840750535865,16.602840750535865,16.602840750535865,16.602840750535865,16.602840750535865,19.90502449131877,85.86698369506692,36.29544565093533,16.602840750535865,60.03969880086646,50.14743694446174,16.602840750535865,18.07788704467422,58.38646754031909,12.004556426624017,16.602840750535865,19.975234666956982,
12.004556426624017,15.423246843965007,15.559523303498045,15.559523303498045,15.758203820687209,16.52906157479032,16.52906157479032,16.602840750535865,16.602840750535865,16.602840750535865,16.602840750535865,16.602840750535865,183.5,29.84979061903115,75.12115214771403,92.90339068085729,31.274570587493262,18.924123466612446,20.060159520801424,54.91666413758214,16.840724449975422,12.312975879128489,25.712009606729087,58.3535679190989,
12.004556426624017,12.312975879128489,15.423246843965007,15.559523303498045,15.559523303498045,15.758203820687209,16.52906157479032,16.52906157479032,16.602840750535865,16.602840750535865,16.602840750535865,16.602840750535865,29.652408099890454,46.34475951705734,64.33354922243568,71.11590695633588,14.858177280499968,66.6501312826914,24.10944433458492,29.092256272073502,48.10519072823639,61.80362044411314,15.423246843965007,16.602840750535865,
12.004556426624017,12.312975879128489,14.858177280499968,15.423246843965007,15.423246843965007,15.559523303498045,15.559523303498045,15.758203820687209,16.52906157479032,16.52906157479032,16.602840750535865,16.602840750535865,105.04779864423624,21.286320443339402,104.64553263278849,89.66292433330513,16.52906157479032,54.28664660853533,81.96222029420356,69.88733790895172,52.73770289008091,81.96222029420356,80.72818590802099,61.25510182833753,
12.004556426624017,12.312975879128489,14.858177280499968,15.423246843965007,15.423246843965007,15.559523303498045,15.559523303498045,15.758203820687209,16.52906157479032,16.52906157479032,16.52906157479032,16.602840750535865,23.306848428594318,29.092256272073502,17.555910685578233,16.840724449975422,32.07194061792956,16.52906157479032,36.65837877885324,20.063947355171024,100.51586939384248,30.296194067902324,23.965795939213034,31.99338039171367,
12.004556426624017,12.312975879128489,14.858177280499968,15.423246843965007,15.423246843965007,15.559523303498045,15.559523303498045,15.758203820687209,16.52906157479032,16.52906157479032,16.52906157479032,16.52906157479032,105.04779864423624,54.825267897202295,66.56429640246756,74.00093843248806,21.333247245005364,12.312975879128489,109.56021175591073,21.46070789771564,25.958801493905685,12.004556426624017,66.83416458335927,48.73840476221429,
12.004556426624017,12.004556426624017,12.312975879128489,12.312975879128489,14.858177280499968,15.423246843965007,15.423246843965007,15.559523303498045,15.559523303498045,15.758203820687209,16.52906157479032,16.52906157479032,92.90339068085729,61.80362044411314,115.7656576882799,64.48131512306492,12.004556426624017,16.52906157479032,25.58533515512353,19.56041921841145,95.68118356755882,23.756094814096162,20.127329057776144,36.105531085970746,
12.004556426624017,12.004556426624017,12.004556426624017,12.312975879128489,12.312975879128489,14.858177280499968,15.423246843965007,15.423246843965007,15.559523303498045,15.559523303498045,15.758203820687209,16.52906157479032,22.80590658141,61.17029961963203,15.343796751959147,63.52511314433057,12.004556426624017,76.00310666165049,34.31917183667979,37.55502849538602,94.63107312083066,12.312975879128489,65.39908256237239,12.004556426624017,
12.004556426624017,12.004556426624017,12.004556426624017,12.004556426624017,12.004556426624017,12.312975879128489,12.312975879128489,12.312975879128489,14.858177280499968,15.343796751959147,15.423246843965007,15.423246843965007,64.33354922243568,34.23472694393253,67.5,52.21215734864822,50.866092586319226,22.182794884524558,12.312975879128489,18.924123466612446,22.12637315261787,15.343796751959147,22.80590658141,26.299321683033085,
12.004556426624017,12.004556426624017,12.004556426624017,12.004556426624017,12.004556426624017,12.312975879128489,12.312975879128489,12.312975879128489,12.312975879128489,14.858177280499968,15.343796751959147,15.343796751959147,74.07353703509027,22.93505022723124,53.05666781847499,29.049257735783886,20.127329057776144,104.08116490935758,12.004556426624017,25.101979503616842,12.004556426624017,81.60763172372762,73.35905547652699,23.732028646398298,
12.004556426624017,12.004556426624017,12.004556426624017,12.004556426624017,12.004556426624017,12.004556426624017,12.004556426624017,12.312975879128489,12.312975879128489,12.312975879128489,12.312975879128489,14.858177280499968,26.562210382574776,12.004556426624017,37.217454089296446,55.348279998256785,12.004556426624017,20.450183373260984,89.29803407068314,12.004556426624017,75.12115214771403,88.03798895931233,12.004556426624017,23.214725270563832,
12.004556426624017,12.004556426624017,12.004556426624017,12.004556426624017,12.004556426624017,12.004556426624017,12.004556426624017,12.004556426624017,12.004556426624017,12.004556426624017,12.004556426624017,12.312975879128489,22.88768563761207,92.86032522019293,123.16934480624633,55.16465253120778,22.12637315261787,21.157809257150973,62.345646133765705,64.33354922243568,28.14887875209242,12.004556426624017,26.723377198417285,30.443481331075713,
12.004556426624017,12.004556426624017,12.004556426624017,12.004556426624017,12.004556426624017,12.004556426624017,12.004556426624017,12.004556426624017,12.004556426624017,12.004556426624017,12.004556426624017,12.004556426624017,52.73770289008091,48.47927392195556,76.33278376655092,12.004556426624017,31.75861103700853,19.718265643813606,166.40779896253525,65.16008544111861,105.04779864423624,22.885433261259344,67.68077644353676,12.004556426624017,
12.004556426624017,12.004556426624017,12.004556426624017,12.004556426624017,12.004556426624017,12.004556426624017,12.004556426624017,12.004556426624017,12.004556426624017,12.004556426624017,12.004556426624017,12.004556426624017,22.12637315261787,102.6459327007164,46.639501021725735,98.63808707706279,12.004556426624017,57.75670294168354,18.76725872363889,22.12637315261787,60.705101721354524,134.41220182706627,32.7354452390677,166.40579583923417,
12.004556426624017,12.004556426624017,12.004556426624017,12.004556426624017,12.004556426624017,12.004556426624017,12.004556426624017,12.004556426624017,12.004556426624017,12.004556426624017,12.004556426624017,12.004556426624017,186.5,21.183573864031832,71.91272488231829,32.21582491571495,12.004556426624017,29.33271489762422,60.91271932035213,50.85626190549203,67.5,104.08116490935758,12.004556426624017,172.5,
12.004556426624017,12.004556426624017,12.004556426624017,12.004556426624017,12.004556426624017,12.004556426624017,12.004556426624017,12.004556426624017,12.004556426624017,12.004556426624017,12.004556426624017,12.004556426624017,116.12510495151339,130.5892627881617,60.628679143569315,26.723377198417285,105.04779864423624,98.63808707706279,82.27417577830846,26.723377198417285,98.63808707706279,12.004556426624017,64.33354922243568,17.424390233233414,
12.004556426624017,12.004556426624017,12.004556426624017,12.004556426624017,12.004556426624017,12.004556426624017,12.004556426624017,12.004556426624017,12.004556426624017,12.004556426624017,12.004556426624017,12.004556426624017,76.52084683274225,92.90339068085729,27.8102499089814,28.352413918395026,57.719589572416076,96.06345559056264,21.184480692767103,22.992172581119863,39.62559147823538,105.04779864423624,12.004556426624017,48.27134190158372,
12.004556426624017,12.004556426624017,12.004556426624017,12.004556426624017,12.004556426624017,12.004556426624017,12.004556426624017,12.004556426624017,12.004556426624017,12.004556426624017,12.004556426624017,12.004556426624017,12.004556426624017,70.04383548099639,115.90961996314196,172.5,60.9291340411137,49.275742160134925,12.004556426624017,51.157013204447345,12.004556426624017,28.409670448634213,130.5892627881617,12.004556426624017,
12.004556426624017,12.004556426624017,12.004556426624017,12.004556426624017,12.004556426624017,12.004556426624017,12.004556426624017,12.004556426624017,12.004556426624017,12.004556426624017,12.004556426624017,12.004556426624017,81.0594843309529,183.5,96.06345559056264,52.88448951033971,66.03869604254766,26.723377198417285,141.11409390985722,64.33354922243568,92.86032522019293,29.19091254140576,76.40314129667706,116.12510495151339,
12.004556426624017,12.004556426624017,12.004556426624017,12.004556426624017,12.004556426624017,12.004556426624017,12.004556426624017,12.004556426624017,12.004556426624017,12.004556426624017,12.004556426624017,12.004556426624017,22.12637315261787,67.75092250294456,12.004556426624017,19.8028746941914,77.57881297250056,17.424390233233414,67.5,96.06345559056264,90.68179254955209,12.004556426624017,102.49481694212639,20.060159520801424,
12.004556426624017,12.004556426624017,12.004556426624017,12.004556426624017,12.004556426624017,12.004556426624017,12.004556426624017,12.004556426624017,12.004556426624017,12.004556426624017,12.004556426624017,12.004556426624017,67.68077644353676,19.360010330575758,55.13140867257268,51.37469586284672,38.86908225769623,12.004556426624017,61.80362044411314,74.19437684592785,16.602840750535865,33.164386670190005,92.90339068085729,98.86803775178755,
12.004556426624017,12.004556426624017,12.004556426624017,12.004556426624017,12.004556426624017,12.004556426624017,12.004556426624017,12.004556426624017,12.004556426624017,12.004556426624017,12.004556426624017,12.004556426624017,21.608461764658557,21.11894883747768,81.96222029420356,134.41220182706627,12.004556426624017,30.37705436836767,81.60763172372762,63.02704311059901,29.092256272073502,16.840724449975422,58.46459933156132,89.34095116773469,
12.004556426624017,12.004556426624017,12.004556426624017,12.004556426624017,12.004556426624017,12.004556426624017,12.004556426624017,12.004556426624017,12.004556426624017,12.004556426624017,12.004556426624017,12.004556426624017,58.68440487045941,31.679794427994636,73.45481178928988,55.11895105525956,57.867434710724815,92.90339068085729,63.365123600359915,114.35587132334943,31.977523097811595,16.106896000329552,66.838910822963,116.12510495151339,
12.004556426624017,12.004556426624017,12.004556426624017,12.004556426624017,12.004556426624017,12.004556426624017,12.004556426624017,12.004556426624017,12.004556426624017,12.004556426624017,12.004556426624017,12.004556426624017,76.52084683274225,59.53830699642038,64.06122071893417,171.35602962513133,33.21794844305458,15.786382630077412,67.25646510756741,67.68077644353676,61.80362044411314,49.92974656291312,64.33354922243568,19.127899602671395,
12.004556426624017,12.004556426624017,12.004556426624017,12.004556426624017,12.004556426624017,12.004556426624017,12.004556426624017,12.004556426624017,12.004556426624017,12.004556426624017,12.004556426624017,12.004556426624017,26.400371054906305,20.139761666911554,23.40047482899059,61.96321489399981,159.5,58.632840627075204,61.56681104476845,67.15508585025825,38.71871496949361,26.723377198417285,29.652408099890454,186.5,
12.004556426624017,12.004556426624017,12.004556426624017,12.004556426624017,12.004556426624017,12.004556426624017,12.004556426624017,12.004556426624017,12.004556426624017,12.004556426624017,12.004556426624017,12.004556426624017,16.602840750535865,64.33354922243568,15.423246843965007,134.3779743856857,17.424390233233414,16.70292352616714,32.659454986266994,116.24904300681361,12.004556426624017,76.52084683274225,15.423246843965007,99.92233094870346,
12.004556426624017,12.004556426624017,12.004556426624017,12.004556426624017,12.004556426624017,12.004556426624017,12.004556426624017,12.004556426624017,12.004556426624017,12.004556426624017,12.004556426624017,12.004556426624017,15.372735204065702,38.88194382429401,25.58533515512353,12.004556426624017,62.283303352850595,12.004556426624017,98.86803775178755,54.154352341718756,64.12806065417311,64.33354922243568,76.09953277707352,61.80362044411314,
12.004556426624017,12.004556426624017,12.004556426624017,12.004556426624017,12.004556426624017,12.004556426624017,12.004556426624017,12.004556426624017,12.004556426624017,12.004556426624017,12.004556426624017,12.004556426624017,29.15663517966365,64.33354922243568,18.708554193202637,16.602840750535865,52.459508194416,67.68077644353676,164.43100545686494,67.5,67.68077644353676,29.092256272073502,60.06374024785655,70.81814652010605,
12.004556426624017,12.004556426624017,12.004556426624017,12.004556426624017,12.004556426624017,12.004556426624017,12.004556426624017,12.004556426624017,12.004556426624017,12.004556426624017,12.004556426624017,12.004556426624017,26.723377198417285,124.81260953926089,77.58986725082084,53.3231598369789,57.691935094950665,67.5,32.82304130967035,96.06345559056264,48.15194700113382,12.004556426624017,172.5,64.33354922243568,
12.004556426624017,12.004556426624017,12.004556426624017,12.004556426624017,12.004556426624017,12.004556426624017,12.004556426624017,12.004556426624017,12.004556426624017,12.004556426624017,12.004556426624017,12.004556426624017,89.34095116773469,12.004556426624017,12.004556426624017,20.127329057776144,26.400371054906305,76.52084683274225,12.004556426624017,21.65893291461978,12.004556426624017,12.004556426624017,141.11409390985722,66.38554059431918,
12.004556426624017,12.004556426624017,12.004556426624017,12.004556426624017,12.004556426624017,12.004556426624017,12.004556426624017,12.004556426624017,12.004556426624017,12.004556426624017,12.004556426624017,12.004556426624017,164.43100545686494,85.22112414184643,12.004556426624017,66.838910822963,76.52084683274225,66.84467069258402,12.004556426624017,54.12151964689174,12.004556426624017,80.0864532864329,183.5,26.723377198417285,
12.004556426624017,12.004556426624017,12.004556426624017,12.004556426624017,12.004556426624017,12.004556426624017,12.004556426624017,12.004556426624017,12.004556426624017,12.004556426624017,12.004556426624017,12.004556426624017,56.325920986700254,57.78815686955385,66.838910822963,12.004556426624017,12.004556426624017,12.004556426624017,32.659454986266994,93.8266486665702,65.86707995821753,105.4127127058212,12.004556426624017,12.004556426624017,
12.004556426624017,12.004556426624017,12.004556426624017,12.004556426624017,12.004556426624017,12.004556426624017,12.004556426624017,12.004556426624017,12.004556426624017,12.004556426624017,12.004556426624017,12.004556426624017,32.63646563108341,67.5,12.004556426624017,67.5,26.723377198417285,62.345646133765705,186.5,15.372735204065702,12.004556426624017,67.68077644353676,89.66292433330513,31.47713455827897,
12.004556426624017,12.004556426624017,12.004556426624017,12.004556426624017,12.004556426624017,12.004556426624017,12.004556426624017,12.004556426624017,12.004556426624017,12.004556426624017,12.004556426624017,12.004556426624017,26.400371054906305,89.29803407068314,76.52084683274225,57.867434710724815,17.424390233233414,105.04779864423624,75.12115214771403,12.004556426624017,12.004556426624017,26.723377198417285,64.33354922243568,31.75861103700853,
12.004556426624017,12.004556426624017,12.004556426624017,12.004556426624017,12.004556426624017,12.004556426624017,12.004556426624017,12.004556426624017,12.004556426624017,12.004556426624017,12.004556426624017,12.004556426624017,31.133025971184505,67.5,31.74194418129052,78.54099248163344,148.95699882852097,64.33354922243568,64.33354922243568,22.80013495236714,26.723377198417285,28.400869264865822,56.54941851773435,54.154352341718756,
12.004556426624017,12.004556426624017,12.004556426624017,12.004556426624017,12.004556426624017,12.004556426624017,12.004556426624017,12.004556426624017,12.004556426624017,12.004556426624017,12.004556426624017,12.004556426624017,12.004556426624017,105.04779864423624,98.86803775178755,12.004556426624017,22.992172581119863,31.5722979841506,23.362199972246888,65.86707995821753,67.68077644353676,67.68077644353676,21.62163032611518,60.506528573369664,
12.004556426624017,12.004556426624017,12.004556426624017,12.004556426624017,12.004556426624017,12.004556426624017,12.004556426624017,12.004556426624017,12.004556426624017,12.004556426624017,12.004556426624017,12.004556426624017,12.004556426624017,12.004556426624017,12.004556426624017,74.19437684592785,59.37288007911431,26.723377198417285,183.5,12.004556426624017,22.80590658141,26.723377198417285,40.13484216432843,48.950371693061626,
12.004556426624017,12.004556426624017,12.004556426624017,12.004556426624017,12.004556426624017,12.004556426624017,12.004556426624017,12.004556426624017,12.004556426624017,12.004556426624017,12.004556426624017,12.004556426624017,50.26915211460193,101.3165336951477,164.43100545686494,63.55029504258812,116.12510495151339,84.5,112.28917746158798,60.336325892634704,12.004556426624017,112.2502087971332,69.66333032404305,64.33354922243568,
12.004556426624017,12.004556426624017,12.004556426624017,12.004556426624017,12.004556426624017,12.004556426624017,12.004556426624017,12.004556426624017,12.004556426624017,12.004556426624017,12.004556426624017,12.004556426624017,12.004556426624017,78.10147245731031,17.86866688363592,20.307880243885624,21.11894883747768,67.5,26.723377198417285,18.31966156892643,58.67258492875715,12.004556426624017,75.88899056443489,12.004556426624017,
12.004556426624017,12.004556426624017,12.004556426624017,12.004556426624017,12.004556426624017,12.004556426624017,12.004556426624017,12.004556426624017,12.004556426624017,12.004556426624017,12.004556426624017,12.004556426624017,23.422661969767656,12.004556426624017,30.37705436836767,22.395334791160487,69.80787125309644,29.810065414218734,16.70292352616714,67.68077644353676,56.59038983981487,55.442192729850404,85.99499339431853,16.70292352616714,
12.004556426624017,12.004556426624017,12.004556426624017,12.004556426624017,12.004556426624017,12.004556426624017,12.004556426624017,12.004556426624017,12.004556426624017,12.004556426624017,12.004556426624017,12.004556426624017,76.23542483648924,31.133025971184505,26.723377198417285,105.04779864423624,18.498603923200204,12.004556426624017,21.307275752662516,65.86707995821753,31.5722979841506,50.18747076932869,36.673963405074375,12.004556426624017,
12.004556426624017,12.004556426624017,12.004556426624017,12.004556426624017,12.004556426624017,12.004556426624017,12.004556426624017,12.004556426624017,12.004556426624017,12.004556426624017,12.004556426624017,12.004556426624017,29.963403604322984,67.68077644353676,56.69091086761616,12.004556426624017,63.55029504258812,63.365123600359915,105.04779864423624,116.12510495151339,106.96466706347475,34.08526889369593,58.077878749141654,34.09164120426003,
12.004556426624017,12.004556426624017,12.004556426624017,12.004556426624017,12.004556426624017,12.004556426624017,12.004556426624017,12.004556426624017,12.004556426624017,12.004556426624017,12.004556426624017,12.004556426624017,67.5,31.75861103700853,12.004556426624017,12.004556426624017,105.4127127058212,12.004556426624017,64.74415460530437,67.5,22.288235284534426,55.392427168831674,78.41836519591568,12.004556426624017,
12.004556426624017,12.004556426624017,12.004556426624017,12.004556426624017,12.004556426624017,12.004556426624017,12.004556426624017,12.004556426624017,12.004556426624017,12.004556426624017,12.004556426624017,12.004556426624017,12.004556426624017,76.52084683274225,109.67933057579971,45.42696748628506,12.004556426624017,23.45199551743945,27.03267341752875,17.424390233233414,20.950172367363045,16.70292352616714,67.68077644353676,77.98379461286954,
12.004556426624017,12.004556426624017,12.004556426624017,12.004556426624017,12.004556426624017,12.004556426624017,12.004556426624017,12.004556426624017,12.004556426624017,12.004556426624017,12.004556426624017,12.004556426624017,27.913059468443958,26.723377198417285,26.723377198417285,18.71924143762241,12.004556426624017,22.827109389428244,15.343796751959147,85.22112414184643,38.56215761598409,26.400371054906305,23.393291639912498,26.723377198417285,
12.004556426624017,12.004556426624017,12.004556426624017,12.004556426624017,12.004556426624017,12.004556426624017,12.004556426624017,12.004556426624017,12.004556426624017,12.004556426624017,12.004556426624017,12.004556426624017,33.84390639391381,12.004556426624017,144.3301337212711,62.345646133765705,30.47916652135905,12.004556426624017,16.840724449975422,26.400371054906305,19.762641105658787,52.59393927991696,31.75861103700853,12.004556426624017,
12.004556426624017,12.004556426624017,12.004556426624017,12.004556426624017,12.004556426624017,12.004556426624017,12.004556426624017,12.004556426624017,12.004556426624017,12.004556426624017,12.004556426624017,12.004556426624017,22.395334791160487,183.5,26.723377198417285,36.67407332600222,12.004556426624017,19.10523488471157,26.723377198417285,60.628679143569315,62.3708461460929,67.68077644353676,76.32529738172111,16.602840750535865,
12.004556426624017,12.004556426624017,12.004556426624017,12.004556426624017,12.004556426624017,12.004556426624017,12.004556426624017,12.004556426624017,12.004556426624017,12.004556426624017,12.004556426624017,12.004556426624017,56.3148237589358,66.6501312826914,12.004556426624017,23.554405108174567,12.004556426624017,26.723377198417285,83.95646193117001,12.004556426624017,30.47916652135905,20.70128522281994,12.004556426624017,80.2504759418216,
12.004556426624017,12.004556426624017,12.004556426624017,12.004556426624017,12.004556426624017,12.004556426624017,12.004556426624017,12.004556426624017,12.004556426624017,12.004556426624017,12.004556426624017,12.004556426624017,105.04779864423624,37.57804378889354,96.99384287446061,29.244538901400986,21.885786582185883,26.723377198417285,21.157809257150973,63.172822919001774,40.634806508706305,32.035028571168084,67.5,67.68077644353676,
12.004556426624017,12.004556426624017,12.004556426624017,12.004556426624017,12.004556426624017,12.004556426624017,12.004556426624017,12.004556426624017,12.004556426624017,12.004556426624017,12.004556426624017,12.004556426624017,51.01970207674678,67.68077644353676,67.68077644353676,58.3535679190989,186.5,29.73753499626896,81.0594843309529,57.73376395143487,29.810065414218734,61.96321489399981,15.423246843965007,25.58533515512353,
12.004556426624017,12.004556426624017,12.004556426624017,12.004556426624017,12.004556426624017,12.004556426624017,12.004556426624017,12.004556426624017,12.004556426624017,12.004556426624017,12.004556426624017,12.004556426624017,61.88340290866006,104.08116490935758,12.004556426624017,95.4184861544135,52.59862531107999,34.31917183667979,12.004556426624017,26.723377198417285,64.33354922243568,37.34709567765017,58.3535679190989,32.39151123365503,
12.004556426624017,12.004556426624017,12.004556426624017,12.004556426624017,12.004556426624017,12.004556426624017,12.004556426624017,12.004556426624017,12.004556426624017,12.004556426624017,12.004556426624017,12.004556426624017,12.004556426624017,77.16792655558973,12.004556426624017,12.004556426624017,105.04779864423624,32.21582491571495,141.11409390985722,19.922928422374984,15.343796751959147,116.12510495151339,72.07107602915333,32.77819397099236,
12.004556426624017,12.004556426624017,12.004556426624017,12.004556426624017,12.004556426624017,12.004556426624017,12.004556426624017,12.004556426624017,12.004556426624017,12.004556426624017,12.004556426624017,12.004556426624017,66.72185215921058,54.18167883138778,12.004556426624017,105.04779864423624,23.371968014886743,20.95812624152158,22.395334791160487,89.05414083578596,22.806881552589477,105.04779864423624,123.93218911969561,68.61661606345798,
12.004556426624017,12.004556426624017,12.004556426624017,12.004556426624017,12.004556426624017,12.004556426624017,12.004556426624017,12.004556426624017,12.004556426624017,12.004556426624017,12.004556426624017,12.004556426624017,174.18827617137597,66.838910822963,72.70572500827973,67.68077644353676,35.78279144037405,116.12510495151339,12.004556426624017,65.4174288702942,73.24916381775289,65.4174288702942,17.424390233233414,67.68077644353676,
12.004556426624017,12.004556426624017,12.004556426624017,12.004556426624017,12.004556426624017,12.004556426624017,12.004556426624017,12.004556426624017,12.004556426624017,12.004556426624017,12.004556426624017,12.004556426624017,74.28786913083455,64.48131512306492,12.004556426624017,26.723377198417285,53.626828497440314,65.9833733265855,50.85626190549203,116.12510495151339,16.840724449975422,98.60082377434577,26.723377198417285,104.70524103405712,
12.004556426624017,12.004556426624017,12.004556426624017,12.004556426624017,12.004556426624017,12.004556426624017,12.004556426624017,12.004556426624017,12.004556426624017,12.004556426624017,12.004556426624017,12.004556426624017,105.04779864423624,18.53791576708812,172.5,76.4883796548353,105.04779864423624,12.004556426624017,12.004556426624017,66.09441899451285,60.54615375640204,61.80362044411314,12.004556426624017,25.56075196108922,
12.004556426624017,12.004556426624017,12.004556426624017,12.004556426624017,12.004556426624017,12.004556426624017,12.004556426624017,12.004556426624017,12.004556426624017,12.004556426624017,12.004556426624017,12.004556426624017,12.004556426624017,60.52491475518531,96.06345559056264,28.733419131735783,65.4174288702942,12.004556426624017,65.4174288702942,105.04779864423624,61.80362044411314,17.175204636946475,18.924123466612446,105.04779864423624,
12.004556426624017,12.004556426624017,12.004556426624017,12.004556426624017,12.004556426624017,12.004556426624017,12.004556426624017,12.004556426624017,12.004556426624017,12.004556426624017,12.004556426624017,12.004556426624017,60.628679143569315,61.80362044411314,12.004556426624017,45.674089470722805,26.723377198417285,116.12510495151339,12.004556426624017,12.004556426624017,17.438427837167513,12.004556426624017,17.685175489623095,100.24206812622243,
12.004556426624017,12.004556426624017,12.004556426624017,12.004556426624017,12.004556426624017,12.004556426624017,12.004556426624017,12.004556426624017,12.004556426624017,12.004556426624017,12.004556426624017,12.004556426624017,92.90339068085729,67.5,67.70996972381542,37.418035424110656,65.39908256237239,21.11894883747768,67.5,64.94182011616243,92.86032522019293,19.45618693055099,56.79324099065153,12.004556426624017,
12.004556426624017,12.004556426624017,12.004556426624017,12.004556426624017,12.004556426624017,12.004556426624017,12.004556426624017,12.004556426624017,12.004556426624017,12.004556426624017,12.004556426624017,12.004556426624017,96.06345559056264,114.35587132334943,27.03267341752875,69.91881005852431,60.91271932035213,12.004556426624017,12.004556426624017,67.68077644353676,25.15669642461029,65.4174288702942,12.004556426624017,105.04779864423624,
12.004556426624017,12.004556426624017,12.004556426624017,12.004556426624017,12.004556426624017,12.004556426624017,12.004556426624017,12.004556426624017,12.004556426624017,12.004556426624017,12.004556426624017,12.004556426624017,24.10944433458492,30.504806340584153,63.765968709273906,116.12510495151339,60.61443206860888,117.5493088027318,12.004556426624017,26.723377198417285,72.07107602915333,26.400371054906305,12.004556426624017,26.723377198417285,
12.004556426624017,12.004556426624017,12.004556426624017,12.004556426624017,12.004556426624017,12.004556426624017,12.004556426624017,12.004556426624017,12.004556426624017,12.004556426624017,12.004556426624017,12.004556426624017,19.13630965226676,52.79967382054131,56.59038983981487,31.219367208335424,19.147062437878038,54.61469978035918,63.55029504258812,104.08116490935758,63.11085161710888,32.71576053913956,148.95699882852097,65.32649554666287,
12.004556426624017,12.004556426624017,12.004556426624017,12.004556426624017,12.004556426624017,12.004556426624017,12.004556426624017,12.004556426624017,12.004556426624017,12.004556426624017,12.004556426624017,12.004556426624017,12.004556426624017,26.723377198417285,54.46475924852694,22.80590658141,67.68077644353676,129.17368152994635,141.11409390985722,113.38953875909364,52.79967382054131,15.423246843965007,12.004556426624017,30.61945493323098,
12.004556426624017,12.004556426624017,12.004556426624017,12.004556426624017,12.004556426624017,12.004556426624017,12.004556426624017,12.004556426624017,12.004556426624017,12.004556426624017,12.004556426624017,12.004556426624017,22.395334791160487,23.223954030619474,26.723377198417285,22.25780137889235,22.488731746266964,44.37255310873778,21.157809257150973,58.50867718657164,21.333247245005364,61.96942794636723,36.704357732334856,116.12510495151339,
12.004556426624017,12.004556426624017,12.004556426624017,12.004556426624017,12.004556426624017,12.004556426624017,12.004556426624017,12.004556426624017,12.004556426624017,12.004556426624017,12.004556426624017,12.004556426624017,59.37288007911431,45.178638481034376,53.66432124792039,96.66336201247893,32.659454986266994,67.68077644353676,19.762641105658787,62.96405500142301,64.33354922243568,65.86707995821753,81.60763172372762,70.73782580769641,
12.004556426624017,12.004556426624017,12.004556426624017,12.004556426624017,12.004556426624017,12.004556426624017,12.004556426624017,12.004556426624017,12.004556426624017,12.004556426624017,12.004556426624017,12.004556426624017,15.423246843965007,15.633558880347945,37.048743231046316,154.0184648021139,12.004556426624017,12.004556426624017,76.52084683274225,27.41226183235218,123.93218911969561,26.400371054906305,62.84747851390345,62.895195011666466,
12.004556426624017,12.004556426624017,12.004556426624017,12.004556426624017,12.004556426624017,12.004556426624017,12.004556426624017,12.004556426624017,12.004556426624017,12.004556426624017,12.004556426624017,12.004556426624017,61.55004600538741,95.132473425219,12.004556426624017,116.12510495151339,31.75861103700853,62.40061485829989,32.7354452390677,16.602840750535865,22.77988316306905,34.081534889264645,98.52143026886192,12.004556426624017,
12.004556426624017,12.004556426624017,12.004556426624017,12.004556426624017,12.004556426624017,12.004556426624017,12.004556426624017,12.004556426624017,12.004556426624017,12.004556426624017,12.004556426624017,12.004556426624017,63.11739503144561,31.75861103700853,15.343796751959147,56.59038983981487,64.12806065417311,64.33354922243568,12.004556426624017,18.71924143762241,15.633558880347945,60.3239553729423,64.33354922243568,22.182794884524558,
12.004556426624017,12.004556426624017,12.004556426624017,12.004556426624017,12.004556426624017,12.004556426624017,12.004556426624017,12.004556426624017,12.004556426624017,12.004556426624017,12.004556426624017,12.004556426624017,22.12637315261787,100.51586939384248,66.08180956629106,65.39983859986879,63.365123600359915,22.729911765972364,54.10156736950173,46.40125992984375,28.638328270935197,96.06345559056264,64.33354922243568,64.33354922243568,
12.004556426624017,12.004556426624017,12.004556426624017,12.004556426624017,12.004556426624017,12.004556426624017,12.004556426624017,12.004556426624017,12.004556426624017,12.004556426624017,12.004556426624017,12.004556426624017,62.96405500142301,102.6459327007164,40.13484216432843,30.47916652135905,67.68077644353676,12.004556426624017,12.004556426624017,52.631952737663,134.41220182706627,68.8958634462186,52.59393927991696,67.5,
12.004556426624017,12.004556426624017,12.004556426624017,12.004556426624017,12.004556426624017,12.004556426624017,12.004556426624017,12.004556426624017,12.004556426624017,12.004556426624017,12.004556426624017,12.004556426624017,26.400371054906305,43.65553293175512,62.84747851390345,61.55004600538741,116.12510495151339,61.55004600538741,89.66292433330513,116.12510495151339,12.004556426624017,67.68077644353676,183.5,63.02704311059901,
12.004556426624017,12.004556426624017,12.004556426624017,12.004556426624017,12.004556426624017,12.004556426624017,12.004556426624017,12.004556426624017,12.004556426624017,12.004556426624017,12.004556426624017,12.004556426624017,60.54615375640204,22.395334791160487,67.5,64.718407136009,12.004556426624017,12.004556426624017,81.0594843309529,67.68077644353676,59.88163324425946,37.35785559959244,19.47331507473753,64.74415460530437,
12.004556426624017,12.004556426624017,12.004556426624017,12.004556426624017,12.004556426624017,12.004556426624017,12.004556426624017,12.004556426624017,12.004556426624017,12.004556426624017,12.004556426624017,12.004556426624017,62.94817092038673,26.723377198417285,65.4174288702942,12.004556426624017,104.70524103405712,29.15663517966365,23.20241454711829,98.86803775178755,27.41226183235218,26.400371054906305,12.004556426624017,21.157809257150973,
12.004556426624017,12.004556426624017,12.004556426624017,12.004556426624017,12.004556426624017,12.004556426624017,12.004556426624017,12.004556426624017,12.004556426624017,12.004556426624017,12.004556426624017,12.004556426624017,67.68077644353676,65.4174288702942,66.76489362238334,24.79476985666328,52.256726190020416,57.73376395143487,116.12510495151339,18.31966156892643,61.80362044411314,24.106210299422845,16.840724449975422,29.202910813821283,
12.004556426624017,12.004556426624017,12.004556426624017,12.004556426624017,12.004556426624017,12.004556426624017,12.004556426624017,12.004556426624017,12.004556426624017,12.004556426624017,12.004556426624017,12.004556426624017,67.68077644353676,64.91407193123752,67.5,16.70292352616714,116.12510495151339,105.04779864423624,50.85626190549203,116.12510495151339,58.3535679190989,12.004556426624017,19.20743657635528,58.40603826765216,
12.004556426624017,12.004556426624017,12.004556426624017,12.004556426624017,12.004556426624017,12.004556426624017,12.004556426624017,12.004556426624017,12.004556426624017,12.004556426624017,12.004556426624017,12.004556426624017,67.68077644353676,12.004556426624017,50.38314736557789,66.03869604254766,12.004556426624017,60.76051349355106,32.7354452390677,34.31917183667979,17.57868026900768,12.004556426624017,64.33354922243568,52.16574839990747,
12.004556426624017,12.004556426624017,12.004556426624017,12.004556426624017,12.004556426624017,12.004556426624017,12.004556426624017,12.004556426624017,12.004556426624017,12.004556426624017,12.004556426624017,12.004556426624017,62.84747851390345,31.75861103700853,104.08116490935758,63.172822919001774,17.424390233233414,32.659454986266994,40.47372541513311,12.004556426624017,23.511286911713235,65.4174288702942,12.004556426624017,31.15861638455726,
12.004556426624017,12.004556426624017,12.004556426624017,12.004556426624017,12.004556426624017,12.004556426624017,12.004556426624017,12.004556426624017,12.004556426624017,12.004556426624017,12.004556426624017,12.004556426624017,62.18504315216589,52.73770289008091,20.369332886037828,72.07107602915333,12.004556426624017,61.55004600538741,64.33354922243568,32.542090503238846,29.95637854255109,15.423246843965007,20.545042356541853,12.004556426624017,
12.004556426624017,12.004556426624017,12.004556426624017,12.004556426624017,12.004556426624017,12.004556426624017,12.004556426624017,12.004556426624017,12.004556426624017,12.004556426624017,12.004556426624017,12.004556426624017,68.26927476948191,30.758718527144442,12.004556426624017,22.88768563761207,45.07149875475631,28.409670448634213,71.99611100608143,12.004556426624017,15.343796751959147,116.12510495151339,68.11424976029733,60.626804096867914,
12.004556426624017,12.004556426624017,12.004556426624017,12.004556426624017,12.004556426624017,12.004556426624017,12.004556426624017,12.004556426624017,12.004556426624017,12.004556426624017,12.004556426624017,12.004556426624017,66.38126409027039,58.21003490177021,26.723377198417285,70.59348411857854,66.52052008092492,57.85891738520221,76.52084683274225,60.52491475518531,67.68077644353676,72.3960461627567,62.84747851390345,67.5,
12.004556426624017,12.004556426624017,12.004556426624017,12.004556426624017,12.004556426624017,12.004556426624017,12.004556426624017,12.004556426624017,12.004556426624017,12.004556426624017,12.004556426624017,12.004556426624017,12.004556426624017,58.261549612633075,15.786382630077412,22.827109389428244,75.12115214771403,12.004556426624017,56.7315804664582,64.33354922243568,26.723377198417285,118.32535184350346,59.613803397833586,60.52491475518531,
12.004556426624017,12.004556426624017,12.004556426624017,12.004556426624017,12.004556426624017,12.004556426624017,12.004556426624017,12.004556426624017,12.004556426624017,12.004556426624017,12.004556426624017,12.004556426624017,15.786382630077412,55.23711513908822,71.52873111554545,15.633558880347945,12.004556426624017,67.5,172.5,26.723377198417285,12.004556426624017,22.12637315261787,29.810065414218734,26.723377198417285,
12.004556426624017,12.004556426624017,12.004556426624017,12.004556426624017,12.004556426624017,12.004556426624017,12.004556426624017,12.004556426624017,12.004556426624017,12.004556426624017,12.004556426624017,12.004556426624017,16.53578237536501,26.400371054906305,68.50319335622245,62.780825884703304,22.12637315261787,25.58533515512353,19.02656038279121,12.004556426624017,26.400371054906305,61.55004600538741,62.47383125626869,18.924123466612446,
12.004556426624017,12.004556426624017,12.004556426624017,12.004556426624017,12.004556426624017,12.004556426624017,12.004556426624017,12.004556426624017,12.004556426624017,12.004556426624017,12.004556426624017,12.004556426624017,53.30205788710226,104.08116490935758,65.4174288702942,70.47155454507867,38.88194382429401,105.04779864423624,25.58533515512353,12.004556426624017,58.21003490177021,67.5,56.71395086063236,69.52775974386059,
12.004556426624017,12.004556426624017,12.004556426624017,12.004556426624017,12.004556426624017,12.004556426624017,12.004556426624017,12.004556426624017,12.004556426624017,12.004556426624017,12.004556426624017,12.004556426624017,26.400371054906305,26.723377198417285,16.53578237536501,26.400371054906305,65.6615564847499,67.68077644353676,63.55029504258812,67.68077644353676,63.365123600359915,31.853027872015318,67.68077644353676,12.004556426624017,
12.004556426624017,12.004556426624017,12.004556426624017,12.004556426624017,12.004556426624017,12.004556426624017,12.004556426624017,12.004556426624017,12.004556426624017,12.004556426624017,12.004556426624017,12.004556426624017,183.5,62.3708461460929,55.277566652304806,19.498675521876812,67.68077644353676,79.91123547759447,71.88281358495149,26.723377198417285,57.74488914373481,62.3708461460929,58.3535679190989,20.06911135972968,
12.004556426624017,12.004556426624017,12.004556426624017,12.004556426624017,12.004556426624017,12.004556426624017,12.004556426624017,12.004556426624017,12.004556426624017,12.004556426624017,12.004556426624017,12.004556426624017,67.68077644353676,18.53791576708812,77.58986725082084,32.659454986266994,12.004556426624017,21.157809257150973,34.844495819123125,70.04741251466751,82.9466026362074,103.76627583179422,62.84747851390345,72.07107602915333,
12.004556426624017,12.004556426624017,12.004556426624017,12.004556426624017,12.004556426624017,12.004556426624017,12.004556426624017,12.004556426624017,12.004556426624017,12.004556426624017,12.004556426624017,12.004556426624017,29.652408099890454,67.5,26.723377198417285,68.18386906006434,58.67258492875715,72.47624131779708,12.004556426624017,22.182794884524558,58.713416747132406,105.04779864423624,12.004556426624017,27.276546702249536,
12.004556426624017,12.004556426624017,12.004556426624017,12.004556426624017,12.004556426624017,12.004556426624017,12.004556426624017,12.004556426624017,12.004556426624017,12.004556426624017,12.004556426624017,12.004556426624017,32.06434856627516,89.66292433330513,12.004556426624017,12.312975879128489,56.59980973058533,31.87630413696197,62.3708461460929,166.4378429190776,64.33354922243568,67.68077644353676,109.43966374217348,156.5,
12.004556426624017,12.004556426624017,12.004556426624017,12.004556426624017,12.004556426624017,12.004556426624017,12.004556426624017,12.004556426624017,12.004556426624017,12.004556426624017,12.004556426624017,12.004556426624017,96.66336201247893,116.12510495151339,116.12510495151339,35.10567138320112,12.004556426624017,105.04779864423624,12.004556426624017,48.950371693061626,72.07107602915333,105.04779864423624,12.004556426624017,21.99037036725141,
12.004556426624017,12.004556426624017,12.004556426624017,12.004556426624017,12.004556426624017,12.004556426624017,12.004556426624017,12.004556426624017,12.004556426624017,12.004556426624017,12.004556426624017,12.004556426624017,23.97519551536546,62.62456973659681,96.06345559056264,12.004556426624017,19.20743657635528,12.004556426624017,66.27069907248267,12.004556426624017,65.18466077230133,64.33354922243568,12.004556426624017,57.78070071399273,
12.004556426624017,12.004556426624017,12.004556426624017,12.004556426624017,12.004556426624017,12.004556426624017,12.004556426624017,12.004556426624017,12.004556426624017,12.004556426624017,12.004556426624017,12.004556426624017,67.68077644353676,15.343796751959147,15.423246843965007,37.56512862867488,23.63504568676322,98.86803775178755,31.75861103700853,59.31997450269176,65.24991203371972,141.11409390985722,68.11424976029733,26.723377198417285,
12.004556426624017,12.004556426624017,12.004556426624017,12.004556426624017,12.004556426624017,12.004556426624017,12.004556426624017,12.004556426624017,12.004556426624017,12.004556426624017,12.004556426624017,12.004556426624017,60.52491475518531,56.59038983981487,183.5,53.59855926753587,20.369332886037828,118.32535184350346,70.16152791950871,60.81002692813086,20.545042356541853,66.57507040927557,22.395334791160487,32.01160813760464,
12.004556426624017,12.004556426624017,12.004556426624017,12.004556426624017,12.004556426624017,12.004556426624017,12.004556426624017,12.004556426624017,12.004556426624017,12.004556426624017,12.004556426624017,12.004556426624017,67.5,105.04779864423624,63.88614873350874,16.602840750535865,30.47916652135905,141.11409390985722,26.723377198417285,58.67258492875715,64.33354922243568,141.11409390985722,67.5,12.004556426624017,
12.004556426624017,12.004556426624017,12.004556426624017,12.004556426624017,12.004556426624017,12.004556426624017,12.004556426624017,12.004556426624017,12.004556426624017,12.004556426624017,12.004556426624017,12.004556426624017,67.68077644353676,33.550102458859946,26.723377198417285,71.99611100608143,116.12510495151339,12.004556426624017,12.004556426624017,59.306069474744405,73.22731730713613,105.04779864423624,60.52491475518531,65.4174288702942,
12.004556426624017,12.004556426624017,12.004556426624017,12.004556426624017,12.004556426624017,12.004556426624017,12.004556426624017,12.004556426624017,12.004556426624017,12.004556426624017,12.004556426624017,12.004556426624017,12.004556426624017,26.723377198417285,67.68077644353676,61.55004600538741,27.03267341752875,57.719589572416076,172.5,57.22420270305214,12.004556426624017,12.004556426624017,33.164386670190005,26.723377198417285,
12.004556426624017,12.004556426624017,12.004556426624017,12.004556426624017,12.004556426624017,12.004556426624017,12.004556426624017,12.004556426624017,12.004556426624017,12.004556426624017,12.004556426624017,12.004556426624017,21.885786582185883,89.66292433330513,12.004556426624017,65.4174288702942,64.33354922243568,123.93218911969561,16.53578237536501,12.004556426624017,56.59038983981487,77.15594597955494,22.239073471907254,23.357701561202937,
12.004556426624017,12.004556426624017,12.004556426624017,12.004556426624017,12.004556426624017,12.004556426624017,12.004556426624017,12.004556426624017,12.004556426624017,12.004556426624017,12.004556426624017,12.004556426624017,65.4174288702942,60.52491475518531,66.6501312826914,67.68077644353676,56.59038983981487,116.12510495151339,26.723377198417285,24.411262200513562,32.71576053913956,22.395334791160487,26.723377198417285,57.1061237959643,
12.004556426624017,12.004556426624017,12.004556426624017,12.004556426624017,12.004556426624017,12.004556426624017,12.004556426624017,12.004556426624017,12.004556426624017,12.004556426624017,12.004556426624017,12.004556426624017,58.67258492875715,67.68077644353676,12.004556426624017,52.16574839990747,76.52084683274225,28.907686192216325,12.004556426624017,63.55029504258812,56.92960206989624,12.004556426624017,22.14143300591801,62.345646133765705,
12.004556426624017,12.004556426624017,12.004556426624017,12.004556426624017,12.004556426624017,12.004556426624017,12.004556426624017,12.004556426624017,12.004556426624017,12.004556426624017,12.004556426624017,12.004556426624017,61.55004600538741,105.04779864423624,72.70572500827973,77.5541101425321,23.20241454711829,60.52491475518531,32.06434856627516,35.462788595935315,64.33354922243568,141.11409390985722,63.365123600359915,65.4174288702942,
12.004556426624017,12.004556426624017,12.004556426624017,12.004556426624017,12.004556426624017,12.004556426624017,12.004556426624017,12.004556426624017,12.004556426624017,12.004556426624017,12.004556426624017,12.004556426624017,21.86343980255623,116.12510495151339,123.93218911969561,99.92233094870346,183.5,34.844495819123125,69.0785060637533,76.52084683274225,22.80590658141,96.06345559056264,55.23711513908822,59.27983439106505,
12.004556426624017,12.004556426624017,12.004556426624017,12.004556426624017,12.004556426624017,12.004556426624017,12.004556426624017,12.004556426624017,12.004556426624017,12.004556426624017,12.004556426624017,12.004556426624017,12.004556426624017,63.55029504258812,67.68077644353676,67.68077644353676,50.74652575835325,44.93728268375826,98.86803775178755,20.387567107479583,116.12510495151339,27.66114402711661,183.5,15.343796751959147,
12.004556426624017,12.004556426624017,12.004556426624017,12.004556426624017,12.004556426624017,12.004556426624017,12.004556426624017,12.004556426624017,12.004556426624017,12.004556426624017,12.004556426624017,12.004556426624017,58.8034012621719,62.286041938849856,183.5,12.004556426624017,58.8229452585374,32.21582491571495,160.36111592278223,23.390619781228544,66.76489362238334,12.004556426624017,19.884918908559822,12.004556426624017,
12.004556426624017,12.004556426624017,12.004556426624017,12.004556426624017,12.004556426624017,12.004556426624017,12.004556426624017,12.004556426624017,12.004556426624017,12.004556426624017,12.004556426624017,12.004556426624017,12.004556426624017,26.723377198417285,22.806881552589477,26.723377198417285,72.3960461627567,19.942224241350505,26.723377198417285,62.06546905469733,12.004556426624017,12.004556426624017,12.004556426624017,105.04779864423624,
12.004556426624017,12.004556426624017,12.004556426624017,12.004556426624017,12.004556426624017,12.004556426624017,12.004556426624017,12.004556426624017,12.004556426624017,12.004556426624017,12.004556426624017,12.004556426624017,65.4174288702942,26.400371054906305,63.55029504258812,79.3768700567111,67.5,90.68179254955209,60.52491475518531,16.840724449975422,25.58533515512353,60.76051349355106,49.637050020059384,85.22112414184643,
12.004556426624017,12.004556426624017,12.004556426624017,12.004556426624017,12.004556426624017,12.004556426624017,12.004556426624017,12.004556426624017,12.004556426624017,12.004556426624017,12.004556426624017,12.004556426624017,52.631952737663,116.12510495151339,34.09164120426003,63.55029504258812,70.16152791950871,64.33354922243568,37.34709567765017,15.124993623098339,57.73376395143487,16.840724449975422,67.78991239279058,33.463562273015704,
12.004556426624017,12.004556426624017,12.004556426624017,12.004556426624017,12.004556426624017,12.004556426624017,12.004556426624017,12.004556426624017,12.004556426624017,12.004556426624017,12.004556426624017,12.004556426624017,52.631952737663,80.0864532864329,105.04779864423624,63.63654119293411,15.343796751959147,18.924123466612446,76.52084683274225,34.844495819123125,12.004556426624017,26.723377198417285,57.4218190770934,12.004556426624017,
12.004556426624017,12.004556426624017,12.004556426624017,12.004556426624017,12.004556426624017,12.004556426624017,12.004556426624017,12.004556426624017,12.004556426624017,12.004556426624017,12.004556426624017,12.004556426624017,12.004556426624017,26.723377198417285,76.52084683274225,60.52491475518531,115.7656576882799,141.11409390985722,31.319571445911514,116.12510495151339,26.723377198417285,12.004556426624017,65.4174288702942,99.91926428372058,
12.004556426624017,12.004556426624017,12.004556426624017,12.004556426624017,12.004556426624017,12.004556426624017,12.004556426624017,12.004556426624017,12.004556426624017,12.004556426624017,12.004556426624017,12.004556426624017,95.132473425219,98.86803775178755,67.70996972381542,26.723377198417285,141.11409390985722,23.510504070582847,12.004556426624017,26.723377198417285,61.80362044411314,21.778911535113984,52.76210761521947,55.475679539850276,
12.004556426624017,12.004556426624017,12.004556426624017,12.004556426624017,12.004556426624017,12.004556426624017,12.004556426624017,12.004556426624017,12.004556426624017,12.004556426624017,12.004556426624017,12.004556426624017,12.004556426624017,35.48612836197334,48.64171593319483,34.844495819123125,61.80362044411314,27.420054248669896,12.004556426624017,31.75861103700853,45.245318972120074,92.90339068085729,105.4127127058212,141.11409390985722,
12.004556426624017,12.004556426624017,12.004556426624017,12.004556426624017,12.004556426624017,12.004556426624017,12.004556426624017,12.004556426624017,12.004556426624017,12.004556426624017,12.004556426624017,12.004556426624017,26.723377198417285,64.90526848839792,17.175204636946475,15.343796751959147,77.16792655558973,12.004556426624017,22.25780137889235,32.45845067787684,67.98275017228748,61.80362044411314,74.19437684592785,155.12647170042325,
12.004556426624017,12.004556426624017,12.004556426624017,12.004556426624017,12.004556426624017,12.004556426624017,12.004556426624017,12.004556426624017,12.004556426624017,12.004556426624017,12.004556426624017,12.004556426624017,26.723377198417285,130.349103905201,53.626828497440314,54.87813202906965,21.778911535113984,116.12510495151339,70.83470586905514,32.63646563108341,58.3535679190989,63.55029504258812,12.004556426624017,32.535261023642384,
12.004556426624017,12.004556426624017,12.004556426624017,12.004556426624017,12.004556426624017,12.004556426624017,12.004556426624017,12.004556426624017,12.004556426624017,12.004556426624017,12.004556426624017,12.004556426624017,183.5,70.47155454507867,52.631952737663,12.004556426624017,11.00497046792948,35.39341573726701,26.723377198417285,12.004556426624017,59.37288007911431,65.4174288702942,70.04383548099639,12.004556426624017,
11.00497046792948,12.004556426624017,12.004556426624017,12.004556426624017,12.004556426624017,12.004556426624017,12.004556426624017,12.004556426624017,12.004556426624017,12.004556426624017,12.004556426624017,12.004556426624017,55.676380764198385,59.613803397833586,75.12115214771403,12.004556426624017,12.004556426624017,26.723377198417285,75.12115214771403,79.80826633250469,63.02704311059901,16.602840750535865,31.87630413696197,26.400371054906305,
11.00497046792948,12.004556426624017,12.004556426624017,12.004556426624017,12.004556426624017,12.004556426624017,12.004556426624017,12.004556426624017,12.004556426624017,12.004556426624017,12.004556426624017,12.004556426624017,58.67258492875715,183.5,105.04779864423624,70.83470586905514,23.40939982143925,26.400371054906305,65.39908256237239,65.4174288702942,59.37288007911431,75.46813897268171,25.498774480354932,116.12510495151339,
11.00497046792948,12.004556426624017,12.004556426624017,12.004556426624017,12.004556426624017,12.004556426624017,12.004556426624017,12.004556426624017,12.004556426624017,12.004556426624017,12.004556426624017,12.004556426624017,12.004556426624017,66.27069907248267,64.72238912710954,15.786382630077412,48.950371693061626,56.21242509173463,65.68378319646334,57.74488914373481,24.533172302209035,26.723377198417285,67.5,67.68077644353676,
11.00497046792948,12.004556426624017,12.004556426624017,12.004556426624017,12.004556426624017,12.004556426624017,12.004556426624017,12.004556426624017,12.004556426624017,12.004556426624017,12.004556426624017,12.004556426624017,67.68077644353676,57.85891738520221,75.01425790400707,82.72658278933078,78.27954713716731,105.04779864423624,89.66292433330513,105.04779864423624,56.0393447790506,34.26836715769109,74.29539390537985,56.59038983981487,
