31.788362650504666,17.848249213858484,14.570027943889274,27.285527299284507,17.073371078963874,15.184202316881846,18.66815470259447,22.371857321197094,21.817424229271428,30.732718721258617,17.204650534085253,9.99999999E8,20.784609690826528,12.944325225965066,21.644860821913362,21.26405417600322,26.334388164527386,20.554804791094465,28.36370920736567,11.00504934614612,19.114392483152585,15.184202316881846,14.172407800269609,17.267310155319503,
11.00504934614612,12.944325225965066,14.172407800269609,14.570027943889274,15.184202316881846,15.184202316881846,17.073371078963874,17.204650534085253,17.267310155319503,17.848249213858484,18.66815470259447,19.114392483152585,26.70880004792428,34.02939905434711,10.456258094238748,27.748873851023216,14.719601443879744,17.204650534085253,23.65022903342235,19.1666376811375,16.521501142450706,26.70880004792428,17.204650534085253,17.45470328211473,
10.456258094238748,11.00504934614612,12.944325225965066,14.172407800269609,14.570027943889274,14.719601443879744,15.184202316881846,15.184202316881846,16.521501142450706,17.073371078963874,17.204650534085253,17.204650534085253,16.990193249832878,22.93468988235943,15.491933384829668,30.474032661705056,15.132745950421556,33.49626844888845,23.137847782367317,15.184202316881846,10.614455552060438,15.165750888103101,17.394251924127122,25.65151067676132,
10.456258094238748,10.614455552060438,11.00504934614612,12.944325225965066,14.172407800269609,14.570027943889274,14.719601443879744,15.132745950421556,15.165750888103101,15.184202316881846,15.184202316881846,15.184202316881846,26.72377218882095,14.212670403551895,35.393031329156685,10.743768958264667,10.614455552060438,21.88606862823929,16.072751268321593,9.99999999E8,31.77262973063451,19.913814300630605,28.044607324760317,14.332779612781724,
10.456258094238748,10.614455552060438,10.614455552060438,10.743768958264667,11.00504934614612,12.944325225965066,14.172407800269609,14.212670403551895,14.332779612781724,14.570027943889274,14.719601443879744,15.132745950421556,17.29574679344194,22.719154913860685,26.70880004792428,27.829840100151493,15.491933384829668,28.948229652260256,9.99999999E8,31.81980515339464,10.344080432788601,15.874507866387544,21.301643129110957,13.962807740565648,
10.344080432788601,10.456258094238748,10.614455552060438,10.614455552060438,10.743768958264667,11.00504934614612,12.944325225965066,13.962807740565648,14.172407800269609,14.212670403551895,14.332779612781724,14.570027943889274,11.803954139750516,9.531901324349873,16.09347693943108,15.17673658377628,10.90216230190795,19.415457759218555,11.895377253370318,17.068489485989478,9.99999999E8,10.264501936285072,18.466185312619388,15.0617775463968,
9.531901324349873,10.264501936285072,10.344080432788601,10.456258094238748,10.614455552060438,10.614455552060438,10.743768958264667,10.90216230190795,11.00504934614612,11.803954139750516,11.895377253370318,12.944325225965066,10.743768958264667,16.28987415543779,27.285527299284507,6.757711644237764,18.425525772688278,11.633285577743433,37.0,10.8496214548843,9.531901324349873,10.264501936285072,11.148350294358098,18.721645226849056,
6.757711644237764,9.531901324349873,9.531901324349873,10.264501936285072,10.264501936285072,10.344080432788601,10.456258094238748,10.614455552060438,10.614455552060438,10.743768958264667,10.743768958264667,10.8496214548843,34.02939905434711,22.949219304078007,9.99999999E8,10.344080432788601,12.006664815842907,13.938641048743392,27.829840100151493,9.239047569960876,9.531901324349873,10.60996835864408,10.90216230190795,10.743768958264667,
6.757711644237764,9.239047569960876,9.531901324349873,9.531901324349873,9.531901324349873,10.264501936285072,10.264501936285072,10.344080432788601,10.344080432788601,10.456258094238748,10.60996835864408,10.614455552060438,12.463279397226612,20.848661028149188,10.456258094238748,9.874208829065749,27.883686987197372,12.54325848148452,10.344080432788601,20.784609690826528,26.353367906208877,10.337172865786025,14.508618128546908,19.913814300630605,
6.757711644237764,9.239047569960876,9.531901324349873,9.531901324349873,9.531901324349873,9.874208829065749,10.264501936285072,10.264501936285072,10.337172865786025,10.344080432788601,10.344080432788601,10.344080432788601,21.283796653792763,17.204650534085253,10.344080432788601,19.6468827043885,7.091242083423347,15.491933384829668,17.769637024992942,27.7758888246623,18.861601204563733,36.0647565729573,16.76305461424021,6.7494855771055295,
6.7494855771055295,6.757711644237764,7.091242083423347,9.239047569960876,9.531901324349873,9.531901324349873,9.531901324349873,9.874208829065749,10.264501936285072,10.264501936285072,10.337172865786025,10.344080432788601,24.566236993076494,12.54325848148452,7.729812416870153,12.529964086141668,17.848249213858484,14.985326155943353,28.398943642325854,17.38275007011261,23.0,19.853463173965395,15.491933384829668,7.091242083423347,
6.7494855771055295,6.757711644237764,7.091242083423347,7.091242083423347,7.729812416870153,9.239047569960876,9.531901324349873,9.531901324349873,9.531901324349873,9.874208829065749,10.264501936285072,10.264501936285072,12.560254774486065,6.324555320336759,9.636241116594315,7.091242083423347,9.239047569960876,20.42057785666214,13.601470508735444,26.695817400234567,25.65151067676132,9.10823802938856,34.0,16.1245154965971,
6.324555320336759,6.7494855771055295,6.757711644237764,7.091242083423347,7.091242083423347,7.091242083423347,7.729812416870153,9.10823802938856,9.239047569960876,9.239047569960876,9.531901324349873,9.531901324349873,9.10823802938856,25.748009631814266,24.711670657134185,10.743768958264667,13.9522996909709,16.97056274847714,9.797958971132712,22.0,14.583095236151571,7.091242083423347,7.22841614740048,8.084553172563094,
6.324555320336759,6.7494855771055295,6.757711644237764,7.091242083423347,7.091242083423347,7.091242083423347,7.091242083423347,7.22841614740048,7.729812416870153,8.084553172563094,9.10823802938856,9.10823802938856,7.467261881037788,7.566372975210778,16.990193249832878,39.0,5.715476066494082,15.790292376436016,9.346657156438338,5.937171043518958,7.091242083423347,5.715476066494082,10.445626410661598,12.54325848148452,
5.715476066494082,5.715476066494082,5.937171043518958,6.324555320336759,6.7494855771055295,6.757711644237764,7.091242083423347,7.091242083423347,7.091242083423347,7.091242083423347,7.091242083423347,7.22841614740048,12.54325848148452,6.696267617113283,12.54325848148452,17.531685600648903,7.091242083423347,12.138094304022083,15.491933384829668,5.903993805649092,28.994252303976847,12.547054292883706,14.133647795243803,25.622255950637914,
5.715476066494082,5.715476066494082,5.903993805649092,5.937171043518958,6.324555320336759,6.696267617113283,6.7494855771055295,6.757711644237764,7.091242083423347,7.091242083423347,7.091242083423347,7.091242083423347,19.013153341831543,12.006664815842907,20.211382931407737,18.988417522268676,23.097618924902193,12.006664815842907,15.491933384829668,7.648529270389178,33.49626844888845,7.648529270389178,8.502100580780864,31.81980515339464,
5.715476066494082,5.715476066494082,5.903993805649092,5.937171043518958,6.324555320336759,6.696267617113283,6.7494855771055295,6.757711644237764,7.091242083423347,7.091242083423347,7.091242083423347,7.091242083423347,25.622255950637914,9.99999999E8,16.79761887887685,12.54325848148452,36.0,9.99999999E8,24.20247921184935,14.386104406683554,26.20228997625971,5.715476066494082,22.5055548698538,14.262838827827068,
5.715476066494082,5.715476066494082,5.715476066494082,5.903993805649092,5.937171043518958,6.324555320336759,6.696267617113283,6.7494855771055295,6.757711644237764,7.091242083423347,7.091242083423347,7.091242083423347,9.885053652574967,7.648529270389178,5.635601121442148,6.696267617113283,12.54325848148452,12.873006086935783,7.505553499465135,12.54325848148452,6.575712889109439,20.211382931407737,15.378556499229699,23.695991222145572,
5.635601121442148,5.715476066494082,5.715476066494082,5.715476066494082,5.903993805649092,5.937171043518958,6.324555320336759,6.575712889109439,6.696267617113283,6.696267617113283,6.7494855771055295,6.757711644237764,9.814954576223638,5.715476066494082,18.801595676963167,34.02939905434711,8.34950811211569,12.786711852544421,12.54325848148452,16.0,6.5383484153110105,5.715476066494082,9.874208829065749,7.091242083423347,
5.635601121442148,5.715476066494082,5.715476066494082,5.715476066494082,5.715476066494082,5.715476066494082,5.903993805649092,5.937171043518958,6.324555320336759,6.5383484153110105,6.575712889109439,6.696267617113283,19.853463173965395,13.038404810405298,17.18526500620032,27.736858750286295,26.72377218882095,26.54555832275273,15.491933384829668,5.606119105813881,9.346657156438338,11.16542281629615,27.820855486487112,5.715476066494082,
5.606119105813881,5.635601121442148,5.715476066494082,5.715476066494082,5.715476066494082,5.715476066494082,5.715476066494082,5.715476066494082,5.903993805649092,5.937171043518958,6.324555320336759,6.5383484153110105,9.99999999E8,11.247221879201993,15.800843859321775,16.749925372968082,16.76305461424021,16.28987415543779,27.829840100151493,5.715476066494082,5.715476066494082,5.354126134736337,11.789826122551595,12.006664815842907,
5.354126134736337,5.606119105813881,5.635601121442148,5.715476066494082,5.715476066494082,5.715476066494082,5.715476066494082,5.715476066494082,5.715476066494082,5.715476066494082,5.715476066494082,5.903993805649092,20.848661028149188,34.0,7.091242083423347,7.091242083423347,5.715476066494082,14.177446878757825,12.006664815842907,14.957081457098699,27.067816067549053,28.398943642325854,5.715476066494082,12.54325848148452,
5.354126134736337,5.606119105813881,5.635601121442148,5.715476066494082,5.715476066494082,5.715476066494082,5.715476066494082,5.715476066494082,5.715476066494082,5.715476066494082,5.715476066494082,5.715476066494082,5.715476066494082,16.59819267269783,12.220201853215574,21.740898478827106,5.715476066494082,25.768197453450252,12.006664815842907,14.905032707109367,14.200938936093861,5.635601121442148,5.715476066494082,16.51262143533445,
5.354126134736337,5.606119105813881,5.635601121442148,5.635601121442148,5.715476066494082,5.715476066494082,5.715476066494082,5.715476066494082,5.715476066494082,5.715476066494082,5.715476066494082,5.715476066494082,34.0,9.368030742904295,13.059862173851606,39.0,16.97056274847714,17.204650534085253,34.02939905434711,5.635601121442148,5.715476066494082,9.99999999E8,14.922019523732928,15.491933384829668,
5.354126134736337,5.606119105813881,5.635601121442148,5.635601121442148,5.635601121442148,5.715476066494082,5.715476066494082,5.715476066494082,5.715476066494082,5.715476066494082,5.715476066494082,5.715476066494082,12.489995996796797,29.06314963431642,19.81161275615895,5.715476066494082,38.0,26.334388164527386,20.554804791094465,6.8452277432633934,21.41401410291868,29.709706606876257,5.715476066494082,15.121728296285006,
5.354126134736337,5.606119105813881,5.635601121442148,5.635601121442148,5.635601121442148,5.715476066494082,5.715476066494082,5.715476066494082,5.715476066494082,5.715476066494082,5.715476066494082,5.715476066494082,9.617692030835672,10.740577265678041,26.54555832275273,18.907670401189037,13.619838471876236,12.54325848148452,4.69041575982343,25.495097567963924,11.789826122551595,5.715476066494082,14.628738838327793,5.635601121442148,
4.69041575982343,5.354126134736337,5.606119105813881,5.635601121442148,5.635601121442148,5.635601121442148,5.635601121442148,5.715476066494082,5.715476066494082,5.715476066494082,5.715476066494082,5.715476066494082,9.99999999E8,12.027745701779143,7.102425250887506,17.578395831246947,16.01784718903975,12.935738607954837,5.715476066494082,33.95094500402996,12.071217242444348,7.118052168020874,12.006664815842907,30.40833219146796,
4.69041575982343,5.354126134736337,5.606119105813881,5.635601121442148,5.635601121442148,5.635601121442148,5.635601121442148,5.715476066494082,5.715476066494082,5.715476066494082,5.715476066494082,5.715476066494082,4.69041575982343,5.715476066494082,12.54325848148452,36.778616975991184,4.69041575982343,5.722761571129799,34.0,5.606119105813881,7.32575365861197,5.635601121442148,3.9157800414902435,10.614455552060438,
3.9157800414902435,4.69041575982343,4.69041575982343,4.69041575982343,5.354126134736337,5.606119105813881,5.606119105813881,5.635601121442148,5.635601121442148,5.635601121442148,5.635601121442148,5.635601121442148,16.067358214715945,7.32575365861197,12.027745701779143,10.322790320451153,5.606119105813881,5.035871324805669,13.071233409940428,5.635601121442148,16.68332500832293,26.171740484728943,10.740577265678041,25.42636427018224,
3.9157800414902435,4.69041575982343,4.69041575982343,4.69041575982343,5.035871324805669,5.354126134736337,5.606119105813881,5.606119105813881,5.606119105813881,5.635601121442148,5.635601121442148,5.635601121442148,7.9642056370093455,15.016657417681207,6.8452277432633934,3.9157800414902435,17.204650534085253,33.980386499665755,6.939740629158989,5.354126134736337,16.663332999933317,6.757711644237764,21.95449840010015,11.368817000902073,
3.9157800414902435,3.9157800414902435,4.69041575982343,4.69041575982343,4.69041575982343,5.035871324805669,5.354126134736337,5.354126134736337,5.606119105813881,5.606119105813881,5.606119105813881,5.635601121442148,6.013318551349164,4.203173404306164,15.602197647401196,21.95449840010015,16.76305461424021,15.967466924969658,9.99999999E8,37.0,33.95094500402996,16.68332500832293,18.207141456033124,6.705221845696084,
3.9157800414902435,3.9157800414902435,4.203173404306164,4.69041575982343,4.69041575982343,4.69041575982343,5.035871324805669,5.354126134736337,5.354126134736337,5.606119105813881,5.606119105813881,5.606119105813881,25.768197453450252,13.059862173851606,4.69041575982343,10.740577265678041,4.69041575982343,27.0,15.427248620541512,9.183318209303941,14.98888477061141,26.54555832275273,8.640987597877148,3.9157800414902435,
3.9157800414902435,3.9157800414902435,3.9157800414902435,4.203173404306164,4.69041575982343,4.69041575982343,4.69041575982343,4.69041575982343,4.69041575982343,5.035871324805669,5.354126134736337,5.354126134736337,3.9157800414902435,9.130169768410662,27.0,18.148278155241066,6.27162924074226,15.765785740013087,3.9370039370059056,19.124852940611074,12.302845199383759,5.035871324805669,29.13188402192118,8.017837257372731,
3.9157800414902435,3.9157800414902435,3.9157800414902435,3.9157800414902435,3.9370039370059056,4.203173404306164,4.69041575982343,4.69041575982343,4.69041575982343,4.69041575982343,4.69041575982343,5.035871324805669,10.214368964029708,17.38275007011261,20.396078054371138,37.0,25.495097567963924,7.262919523166975,9.91631652042901,4.59813626840888,25.544079548889602,27.829840100151493,38.0,11.232096865679177,
3.9157800414902435,3.9157800414902435,3.9157800414902435,3.9157800414902435,3.9370039370059056,4.203173404306164,4.59813626840888,4.69041575982343,4.69041575982343,4.69041575982343,4.69041575982343,4.69041575982343,10.173494974687902,28.372521918222215,16.51262143533445,10.146920715172657,15.540270267920054,6.575712889109439,16.97056274847714,10.739335795724674,15.732132722552274,10.780641085864152,10.503967504392486,3.9157800414902435,
3.9157800414902435,3.9157800414902435,3.9157800414902435,3.9157800414902435,3.9157800414902435,3.9370039370059056,4.203173404306164,4.59813626840888,4.69041575982343,4.69041575982343,4.69041575982343,4.69041575982343,13.555810562264433,13.366625103842281,33.980386499665755,10.49571341072154,28.296053906272277,28.372521918222215,20.12461179749811,19.06567596493762,5.035871324805669,14.071247279470288,11.288426437221949,12.204917041913886,
3.9157800414902435,3.9157800414902435,3.9157800414902435,3.9157800414902435,3.9157800414902435,3.9370039370059056,4.203173404306164,4.59813626840888,4.69041575982343,4.69041575982343,4.69041575982343,4.69041575982343,17.578395831246947,22.0,8.151346173758322,12.569805089976535,5.035871324805669,27.829840100151493,19.415457759218555,5.035871324805669,12.547054292883706,23.137847782367317,34.0,10.214368964029708,
3.9157800414902435,3.9157800414902435,3.9157800414902435,3.9157800414902435,3.9157800414902435,3.9370039370059056,4.203173404306164,4.59813626840888,4.69041575982343,4.69041575982343,4.69041575982343,4.69041575982343,29.709706606876257,4.69041575982343,26.54555832275273,10.16530045465127,27.067816067549053,27.067816067549053,3.9157800414902435,5.722761571129799,12.98075498574717,27.285527299284507,27.0,5.7817446699565895,
3.9157800414902435,3.9157800414902435,3.9157800414902435,3.9157800414902435,3.9157800414902435,3.9157800414902435,3.9370039370059056,4.203173404306164,4.59813626840888,4.69041575982343,4.69041575982343,4.69041575982343,7.0,9.96794863550169,9.96794863550169,26.54555832275273,9.99999999E8,19.701776569639605,6.8868404532536855,3.9157800414902435,3.9370039370059056,4.59813626840888,4.203173404306164,3.559026084010437,
3.559026084010437,3.9157800414902435,3.9157800414902435,3.9157800414902435,3.9157800414902435,3.9157800414902435,3.9157800414902435,3.9157800414902435,3.9370039370059056,3.9370039370059056,4.203173404306164,4.203173404306164,26.54555832275273,16.97056274847714,15.016657417681207,6.969320524371696,15.588457268119896,9.350324669687755,26.72377218882095,24.124676163629637,3.9157800414902435,16.57307052620807,38.0,7.958224257542215,
3.559026084010437,3.9157800414902435,3.9157800414902435,3.9157800414902435,3.9157800414902435,3.9157800414902435,3.9157800414902435,3.9157800414902435,3.9157800414902435,3.9370039370059056,3.9370039370059056,4.203173404306164,37.0,13.125765283811617,16.067358214715945,4.59813626840888,13.546217184144066,4.69041575982343,3.9157800414902435,9.96794863550169,3.9157800414902435,3.9157800414902435,3.9157800414902435,12.006664815842907,
3.559026084010437,3.9157800414902435,3.9157800414902435,3.9157800414902435,3.9157800414902435,3.9157800414902435,3.9157800414902435,3.9157800414902435,3.9157800414902435,3.9157800414902435,3.9157800414902435,3.9157800414902435,21.61789382278795,6.4031242374328485,22.759613353482084,16.067358214715945,10.146920715172657,9.96794863550169,15.491933384829668,10.474458731327633,4.69041575982343,24.124676163629637,11.86029791643813,3.9157800414902435,
3.559026084010437,3.9157800414902435,3.9157800414902435,3.9157800414902435,3.9157800414902435,3.9157800414902435,3.9157800414902435,3.9157800414902435,3.9157800414902435,3.9157800414902435,3.9157800414902435,3.9157800414902435,8.588364221433556,5.3814496188294845,10.173494974687902,3.9157800414902435,4.203173404306164,3.9157800414902435,6.27162924074226,19.8997487421324,14.352700094407323,5.3814496188294845,5.035871324805669,10.146920715172657,
3.559026084010437,3.9157800414902435,3.9157800414902435,3.9157800414902435,3.9157800414902435,3.9157800414902435,3.9157800414902435,3.9157800414902435,3.9157800414902435,3.9157800414902435,3.9157800414902435,3.9157800414902435,3.9157800414902435,3.9157800414902435,33.94112549695428,24.124676163629637,16.067358214715945,23.0,9.99999999E8,8.215838362577491,5.715476066494082,3.9157800414902435,3.9157800414902435,9.96794863550169,
3.559026084010437,3.9157800414902435,3.9157800414902435,3.9157800414902435,3.9157800414902435,3.9157800414902435,3.9157800414902435,3.9157800414902435,3.9157800414902435,3.9157800414902435,3.9157800414902435,3.9157800414902435,16.990193249832878,21.766028576660467,9.96794863550169,15.491933384829668,18.207141456033124,14.147791347061917,3.9157800414902435,9.345230512584124,3.9157800414902435,34.0,20.396078054371138,19.06567596493762,
3.559026084010437,3.9157800414902435,3.9157800414902435,3.9157800414902435,3.9157800414902435,3.9157800414902435,3.9157800414902435,3.9157800414902435,3.9157800414902435,3.9157800414902435,3.9157800414902435,3.9157800414902435,20.211382931407737,27.0,14.708274315273473,18.371173070873837,14.212670403551895,12.569805089976535,10.408329997330663,14.98888477061141,15.184202316881846,3.9157800414902435,27.067816067549053,6.831300510639732,
3.559026084010437,3.9157800414902435,3.9157800414902435,3.9157800414902435,3.9157800414902435,3.9157800414902435,3.9157800414902435,3.9157800414902435,3.9157800414902435,3.9157800414902435,3.9157800414902435,3.9157800414902435,3.9157800414902435,12.006664815842907,16.28987415543779,28.994252303976847,17.578395831246947,9.93310961716756,3.9157800414902435,29.709706606876257,9.1104335791443,3.9157800414902435,17.635192088548397,3.9157800414902435,
3.559026084010437,3.9157800414902435,3.9157800414902435,3.9157800414902435,3.9157800414902435,3.9157800414902435,3.9157800414902435,3.9157800414902435,3.9157800414902435,3.9157800414902435,3.9157800414902435,3.9157800414902435,9.96794863550169,7.32575365861197,3.9157800414902435,14.905032707109367,9.96794863550169,15.491933384829668,12.786711852544421,16.51262143533445,3.9157800414902435,19.8997487421324,5.035871324805669,3.9157800414902435,
3.559026084010437,3.9157800414902435,3.9157800414902435,3.9157800414902435,3.9157800414902435,3.9157800414902435,3.9157800414902435,3.9157800414902435,3.9157800414902435,3.9157800414902435,3.9157800414902435,3.9157800414902435,3.9157800414902435,8.749857141690944,6.244997998398398,5.035871324805669,12.98075498574717,5.722761571129799,10.614455552060438,17.578395831246947,16.28987415543779,9.96794863550169,17.204650534085253,5.3814496188294845,
3.559026084010437,3.9157800414902435,3.9157800414902435,3.9157800414902435,3.9157800414902435,3.9157800414902435,3.9157800414902435,3.9157800414902435,3.9157800414902435,3.9157800414902435,3.9157800414902435,3.9157800414902435,14.98888477061141,24.124676163629637,3.9157800414902435,3.559026084010437,10.456258094238748,23.0,3.9157800414902435,4.4,12.828539611796371,17.204650534085253,11.661903789690601,5.3814496188294845,
3.559026084010437,3.559026084010437,3.9157800414902435,3.9157800414902435,3.9157800414902435,3.9157800414902435,3.9157800414902435,3.9157800414902435,3.9157800414902435,3.9157800414902435,3.9157800414902435,3.9157800414902435,26.54555832275273,15.62561998769969,9.96794863550169,5.3814496188294845,11.86029791643813,9.96794863550169,21.93171219946131,9.99999999E8,29.709706606876257,17.72004514666935,3.9157800414902435,3.9157800414902435,
3.559026084010437,3.559026084010437,3.9157800414902435,3.9157800414902435,3.9157800414902435,3.9157800414902435,3.9157800414902435,3.9157800414902435,3.9157800414902435,3.9157800414902435,3.9157800414902435,3.9157800414902435,15.313392831113555,34.0,17.440183485273312,17.204650534085253,17.71198141694728,22.759613353482084,34.0,6.43117407632541,4.69041575982343,3.9370039370059056,4.840306956027833,31.81980515339464,
3.559026084010437,3.559026084010437,3.9157800414902435,3.9157800414902435,3.9157800414902435,3.9157800414902435,3.9157800414902435,3.9157800414902435,3.9157800414902435,3.9157800414902435,3.9157800414902435,3.9157800414902435,20.049937655763422,19.8997487421324,17.46310396235446,20.579115627256677,9.96794863550169,23.55136231020759,11.86029791643813,5.3814496188294845,9.41629792788369,11.86029791643813,21.95449840010015,9.591663046625438,
3.559026084010437,3.559026084010437,3.9157800414902435,3.9157800414902435,3.9157800414902435,3.9157800414902435,3.9157800414902435,3.9157800414902435,3.9157800414902435,3.9157800414902435,3.9157800414902435,3.9157800414902435,23.015522712167233,17.531685600648903,8.514693182963201,3.9157800414902435,16.28987415543779,3.9157800414902435,19.81161275615895,3.9157800414902435,14.98888477061141,11.73314393786536,15.149257407543116,12.006664815842907,
3.559026084010437,3.559026084010437,3.9157800414902435,3.9157800414902435,3.9157800414902435,3.9157800414902435,3.9157800414902435,3.9157800414902435,3.9157800414902435,3.9157800414902435,3.9157800414902435,3.9157800414902435,36.0,5.035871324805669,8.588364221433556,10.739335795724674,38.0,3.559026084010437,29.709706606876257,11.874342087037917,20.049937655763422,7.32575365861197,3.9157800414902435,5.035871324805669,
3.559026084010437,3.559026084010437,3.559026084010437,3.9157800414902435,3.9157800414902435,3.9157800414902435,3.9157800414902435,3.9157800414902435,3.9157800414902435,3.9157800414902435,3.9157800414902435,3.9157800414902435,28.372521918222215,3.9157800414902435,5.634713834792322,26.318561257535844,21.93171219946131,3.9157800414902435,12.675435561221029,17.325126262166172,27.0,3.9157800414902435,9.96794863550169,16.718253497300488,
3.559026084010437,3.559026084010437,3.559026084010437,3.9157800414902435,3.9157800414902435,3.9157800414902435,3.9157800414902435,3.9157800414902435,3.9157800414902435,3.9157800414902435,3.9157800414902435,3.9157800414902435,6.757711644237764,19.913814300630605,8.423775875461075,34.0,3.9370039370059056,15.247950681976906,39.0,9.41629792788369,10.64706532336493,15.157836257197133,12.512393855693642,3.9157800414902435,
3.559026084010437,3.559026084010437,3.559026084010437,3.9157800414902435,3.9157800414902435,3.9157800414902435,3.9157800414902435,3.9157800414902435,3.9157800414902435,3.9157800414902435,3.9157800414902435,3.9157800414902435,10.074720839804943,7.892129895390362,9.96794863550169,17.621010186706094,19.3121723273173,26.54555832275273,6.458659745975609,24.124676163629637,12.006664815842907,37.0,24.124676163629637,3.9157800414902435,
3.559026084010437,3.559026084010437,3.559026084010437,3.9157800414902435,3.9157800414902435,3.9157800414902435,3.9157800414902435,3.9157800414902435,3.9157800414902435,3.9157800414902435,3.9157800414902435,3.9157800414902435,5.035871324805669,19.06567596493762,3.559026084010437,16.067358214715945,10.923979738782625,16.067358214715945,29.337120967584166,12.006664815842907,24.34474618201362,17.621010186706094,8.588364221433556,24.124676163629637,
3.559026084010437,3.559026084010437,3.559026084010437,3.559026084010437,3.9157800414902435,3.9157800414902435,3.9157800414902435,3.9157800414902435,3.9157800414902435,3.9157800414902435,3.9157800414902435,3.9157800414902435,5.3814496188294845,20.049937655763422,27.883686987197372,37.0,28.296053906272277,19.748417658131498,14.98888477061141,5.035871324805669,3.9157800414902435,9.96794863550169,12.006664815842907,17.72004514666935,
3.559026084010437,3.559026084010437,3.559026084010437,3.559026084010437,3.9157800414902435,3.9157800414902435,3.9157800414902435,3.9157800414902435,3.9157800414902435,3.9157800414902435,3.9157800414902435,3.9157800414902435,19.8997487421324,17.531685600648903,18.059900331950896,25.768197453450252,14.98888477061141,9.99999999E8,9.99999999E8,5.354126134736337,5.075431016179809,20.310096011589902,4.203173404306164,3.9157800414902435,
3.559026084010437,3.559026084010437,3.559026084010437,3.559026084010437,3.9157800414902435,3.9157800414902435,3.9157800414902435,3.9157800414902435,3.9157800414902435,3.9157800414902435,3.9157800414902435,3.9157800414902435,3.9157800414902435,3.9157800414902435,33.49626844888845,37.47888294315436,12.935738607954837,24.166091947189145,3.9157800414902435,10.099504938362077,23.695991222145572,5.70087712549569,5.1269595556932455,16.079800993793427,
3.559026084010437,3.559026084010437,3.559026084010437,3.559026084010437,3.9157800414902435,3.9157800414902435,3.9157800414902435,3.9157800414902435,3.9157800414902435,3.9157800414902435,3.9157800414902435,3.9157800414902435,5.035871324805669,9.96794863550169,10.503967504392486,28.296053906272277,4.707440918375928,9.41629792788369,21.95449840010015,17.848249213858484,10.523782589924593,5.756983337031396,3.9157800414902435,10.64581294844754,
3.559026084010437,3.559026084010437,3.559026084010437,3.559026084010437,3.9157800414902435,3.9157800414902435,3.9157800414902435,3.9157800414902435,3.9157800414902435,3.9157800414902435,3.9157800414902435,3.9157800414902435,34.0,22.0,17.72004514666935,26.232803891311352,16.718253497300488,5.398412465054624,3.9157800414902435,5.545268253204709,9.96794863550169,9.80612053770501,10.614455552060438,29.337120967584166,
3.559026084010437,3.559026084010437,3.559026084010437,3.559026084010437,3.9157800414902435,3.9157800414902435,3.9157800414902435,3.9157800414902435,3.9157800414902435,3.9157800414902435,3.9157800414902435,3.9157800414902435,16.55294535724685,16.718253497300488,5.354126134736337,3.9157800414902435,5.3814496188294845,21.766028576660467,3.9157800414902435,12.267844146385297,27.285527299284507,17.72004514666935,5.70087712549569,3.559026084010437,
3.559026084010437,3.559026084010437,3.559026084010437,3.559026084010437,3.559026084010437,3.9157800414902435,3.9157800414902435,3.9157800414902435,3.9157800414902435,3.9157800414902435,3.9157800414902435,3.9157800414902435,9.027735042633894,6.757711644237764,9.626352718795768,10.214368964029708,5.70087712549569,27.285527299284507,6.757711644237764,27.0,3.559026084010437,8.94427190999916,10.60996835864408,22.759613353482084,
3.559026084010437,3.559026084010437,3.559026084010437,3.559026084010437,3.559026084010437,3.559026084010437,3.9157800414902435,3.9157800414902435,3.9157800414902435,3.9157800414902435,3.9157800414902435,3.9157800414902435,15.732132722552274,11.86029791643813,11.651609330903607,9.96794863550169,3.559026084010437,29.709706606876257,16.65412861725284,12.006664815842907,9.96794863550169,9.027735042633894,10.16530045465127,10.173494974687902,
3.559026084010437,3.559026084010437,3.559026084010437,3.559026084010437,3.559026084010437,3.559026084010437,3.559026084010437,3.9157800414902435,3.9157800414902435,3.9157800414902435,3.9157800414902435,3.9157800414902435,17.621010186706094,24.999199987199592,17.621010186706094,3.559026084010437,5.5805785670356025,11.86029791643813,21.93171219946131,17.440183485273312,17.72004514666935,34.0,3.559026084010437,24.124676163629637,
3.559026084010437,3.559026084010437,3.559026084010437,3.559026084010437,3.559026084010437,3.559026084010437,3.559026084010437,3.559026084010437,3.559026084010437,3.9157800414902435,3.9157800414902435,3.9157800414902435,5.715476066494082,19.06567596493762,14.634206503941373,3.559026084010437,20.310096011589902,20.211382931407737,16.718253497300488,5.075431016179809,5.70087712549569,16.067358214715945,19.748417658131498,17.564168070250297,
3.559026084010437,3.559026084010437,3.559026084010437,3.559026084010437,3.559026084010437,3.559026084010437,3.559026084010437,3.559026084010437,3.559026084010437,3.559026084010437,3.9157800414902435,3.9157800414902435,26.318561257535844,29.337120967584166,10.173494974687902,26.232803891311352,5.035871324805669,5.70087712549569,26.318561257535844,7.2571803523590805,3.559026084010437,10.295630140987,28.296053906272277,17.621010186706094,
3.559026084010437,3.559026084010437,3.559026084010437,3.559026084010437,3.559026084010437,3.559026084010437,3.559026084010437,3.559026084010437,3.559026084010437,3.559026084010437,3.559026084010437,3.9157800414902435,14.79729705047513,3.559026084010437,34.0,5.678908345800274,13.541048703848604,3.559026084010437,5.035871324805669,16.718253497300488,3.559026084010437,10.614455552060438,5.70087712549569,26.318561257535844,
3.559026084010437,3.559026084010437,3.559026084010437,3.559026084010437,3.559026084010437,3.559026084010437,3.559026084010437,3.559026084010437,3.559026084010437,3.559026084010437,3.559026084010437,3.559026084010437,4.203173404306164,12.006664815842907,3.559026084010437,34.0,28.296053906272277,16.1245154965971,20.493901531919196,11.40175425099138,3.559026084010437,3.559026084010437,24.124676163629637,5.398412465054624,
3.559026084010437,3.559026084010437,3.559026084010437,3.559026084010437,3.559026084010437,3.559026084010437,3.559026084010437,3.559026084010437,3.559026084010437,3.559026084010437,3.559026084010437,3.559026084010437,21.24852936087578,3.559026084010437,5.075431016179809,11.672617529928752,19.339079605813716,23.695991222145572,9.071147352221454,19.748417658131498,24.124676163629637,6.548960901462833,34.0,3.559026084010437,
3.559026084010437,3.559026084010437,3.559026084010437,3.559026084010437,3.559026084010437,3.559026084010437,3.559026084010437,3.559026084010437,3.559026084010437,3.559026084010437,3.559026084010437,3.559026084010437,27.793884219374593,12.006664815842907,4.69041575982343,14.79729705047513,3.559026084010437,20.12461179749811,5.035871324805669,5.70087712549569,3.559026084010437,3.559026084010437,12.607934009979589,15.604486534327235,
3.559026084010437,3.559026084010437,3.559026084010437,3.559026084010437,3.559026084010437,3.559026084010437,3.559026084010437,3.559026084010437,3.559026084010437,3.559026084010437,3.559026084010437,3.559026084010437,23.55136231020759,3.559026084010437,5.035871324805669,10.82325538564332,9.99999999E8,9.80612053770501,5.035871324805669,5.809475019311125,10.979981785048643,7.32575365861197,5.70087712549569,3.559026084010437,
3.559026084010437,3.559026084010437,3.559026084010437,3.559026084010437,3.559026084010437,3.559026084010437,3.559026084010437,3.559026084010437,3.559026084010437,3.559026084010437,3.559026084010437,3.559026084010437,16.37942960806982,16.51262143533445,3.9370039370059056,11.86029791643813,24.097026095903757,3.559026084010437,5.035871324805669,5.354126134736337,14.905032707109367,6.041522986797286,25.544079548889602,14.329456840136451,
3.559026084010437,3.559026084010437,3.559026084010437,3.559026084010437,3.559026084010437,3.559026084010437,3.559026084010437,3.559026084010437,3.559026084010437,3.559026084010437,3.559026084010437,3.559026084010437,17.440183485273312,3.559026084010437,14.79729705047513,3.559026084010437,3.559026084010437,19.415457759218555,11.973303637676612,5.075431016179809,9.80612053770501,9.80612053770501,5.075431016179809,37.0,
3.559026084010437,3.559026084010437,3.559026084010437,3.559026084010437,3.559026084010437,3.559026084010437,3.559026084010437,3.559026084010437,3.559026084010437,3.559026084010437,3.559026084010437,3.559026084010437,11.86029791643813,7.32575365861197,20.310096011589902,20.211382931407737,3.559026084010437,3.559026084010437,5.075431016179809,3.559026084010437,5.70087712549569,5.0990195135927845,6.757711644237764,6.892024376045111,
3.559026084010437,3.559026084010437,3.559026084010437,3.559026084010437,3.559026084010437,3.559026084010437,3.559026084010437,3.559026084010437,3.559026084010437,3.559026084010437,3.559026084010437,3.559026084010437,4.780914437337574,23.695991222145572,5.0990195135927845,17.848249213858487,29.223278392404914,24.124676163629637,16.51262143533445,9.80612053770501,5.1269595556932455,3.559026084010437,9.99999999E8,14.79729705047513,
3.559026084010437,3.559026084010437,3.559026084010437,3.559026084010437,3.559026084010437,3.559026084010437,3.559026084010437,3.559026084010437,3.559026084010437,3.559026084010437,3.559026084010437,3.559026084010437,16.1245154965971,5.035871324805669,26.318561257535844,3.559026084010437,16.718253497300488,34.0,6.904105059069326,5.398412465054624,3.559026084010437,11.634431657799189,4.707440918375928,14.79729705047513,
3.559026084010437,3.559026084010437,3.559026084010437,3.559026084010437,3.559026084010437,3.559026084010437,3.559026084010437,3.559026084010437,3.559026084010437,3.559026084010437,3.559026084010437,3.559026084010437,10.173494974687902,5.1269595556932455,19.748417658131498,26.318561257535844,16.355427233796124,10.376254944182254,16.718253497300488,12.006664815842907,5.035871324805669,20.049937655763422,3.559026084010437,16.0312195418814,
3.559026084010437,3.559026084010437,3.559026084010437,3.559026084010437,3.559026084010437,3.559026084010437,3.559026084010437,3.559026084010437,3.559026084010437,3.559026084010437,3.559026084010437,3.559026084010437,21.766028576660467,21.93171219946131,3.9157800414902435,7.52772652709081,3.559026084010437,9.80612053770501,3.559026084010437,9.80612053770501,16.1245154965971,3.559026084010437,5.398412465054624,3.559026084010437,
3.559026084010437,3.559026084010437,3.559026084010437,3.559026084010437,3.559026084010437,3.559026084010437,3.559026084010437,3.559026084010437,3.559026084010437,3.559026084010437,3.559026084010437,3.559026084010437,16.355427233796124,7.32575365861197,5.70087712549569,10.214368964029708,5.606119105813881,3.559026084010437,34.0,3.559026084010437,10.63014581273465,7.596991885890475,10.456258094238748,22.0,
3.559026084010437,3.559026084010437,3.559026084010437,3.559026084010437,3.559026084010437,3.559026084010437,3.559026084010437,3.559026084010437,3.559026084010437,3.559026084010437,3.559026084010437,3.559026084010437,3.559026084010437,20.049937655763422,12.073110618229256,29.223278392404914,5.035871324805669,27.793884219374593,12.328828005937952,3.559026084010437,17.564168070250297,14.905032707109367,14.147791347061917,10.173494974687902,
3.559026084010437,3.559026084010437,3.559026084010437,3.559026084010437,3.559026084010437,3.559026084010437,3.559026084010437,3.559026084010437,3.559026084010437,3.559026084010437,3.559026084010437,3.559026084010437,28.296053906272277,3.559026084010437,11.86029791643813,3.559026084010437,7.505553499465135,27.829840100151493,3.559026084010437,20.554804791094465,3.9370039370059056,5.035871324805669,3.559026084010437,5.894913061275798,
3.559026084010437,3.559026084010437,3.559026084010437,3.559026084010437,3.559026084010437,3.559026084010437,3.559026084010437,3.559026084010437,3.559026084010437,3.559026084010437,3.559026084010437,3.559026084010437,14.905032707109367,20.310096011589902,25.65151067676132,5.70087712549569,5.035871324805669,5.035871324805669,3.559026084010437,5.398412465054624,17.146428199482248,8.975522268926749,7.32575365861197,10.263202878893768,
3.559026084010437,3.559026084010437,3.559026084010437,3.559026084010437,3.559026084010437,3.559026084010437,3.559026084010437,3.559026084010437,3.559026084010437,3.559026084010437,3.559026084010437,3.559026084010437,5.035871324805669,3.559026084010437,4.203173404306164,3.559026084010437,5.075431016179809,6.43117407632541,5.70087712549569,17.440183485273312,19.748417658131498,5.1269595556932455,10.730463976122241,5.075431016179809,
3.559026084010437,3.559026084010437,3.559026084010437,3.559026084010437,3.559026084010437,3.559026084010437,3.559026084010437,3.559026084010437,3.559026084010437,3.559026084010437,3.559026084010437,3.559026084010437,12.747548783981962,6.27162924074226,15.604486534327235,11.973303637676612,39.0,3.9370039370059056,39.0,5.035871324805669,5.70087712549569,9.80612053770501,3.559026084010437,9.80612053770501,
3.559026084010437,3.559026084010437,3.559026084010437,3.559026084010437,3.559026084010437,3.559026084010437,3.559026084010437,3.559026084010437,3.559026084010437,3.559026084010437,3.559026084010437,3.559026084010437,16.1245154965971,15.149257407543116,5.035871324805669,9.80612053770501,12.006664815842907,6.904105059069326,17.621010186706094,12.006664815842907,3.559026084010437,39.0,12.747548783981962,31.81980515339464,
3.559026084010437,3.559026084010437,3.559026084010437,3.559026084010437,3.559026084010437,3.559026084010437,3.559026084010437,3.559026084010437,3.559026084010437,3.559026084010437,3.559026084010437,3.559026084010437,9.974968671630002,7.32575365861197,28.296053906272277,5.1269595556932455,12.607934009979589,3.559026084010437,3.559026084010437,10.456258094238748,3.559026084010437,8.94427190999916,5.398412465054624,16.355427233796124,
3.559026084010437,3.559026084010437,3.559026084010437,3.559026084010437,3.559026084010437,3.559026084010437,3.559026084010437,3.559026084010437,3.559026084010437,3.559026084010437,3.559026084010437,3.559026084010437,18.694919095839918,17.564168070250297,9.93310961716756,11.973303637676612,6.446359868604572,8.94427190999916,12.98075498574717,4.707440918375928,3.559026084010437,10.214368964029708,36.08323710533743,5.398412465054624,
3.559026084010437,3.559026084010437,3.559026084010437,3.559026084010437,3.559026084010437,3.559026084010437,3.559026084010437,3.559026084010437,3.559026084010437,3.559026084010437,3.559026084010437,3.559026084010437,14.79729705047513,19.748417658131498,5.354126134736337,24.34474618201362,12.006664815842907,15.215124054702938,34.0,3.559026084010437,34.0,3.559026084010437,39.0,3.559026084010437,
3.559026084010437,3.559026084010437,3.559026084010437,3.559026084010437,3.559026084010437,3.559026084010437,3.559026084010437,3.559026084010437,3.559026084010437,3.559026084010437,3.559026084010437,3.559026084010437,12.747548783981962,20.049937655763422,3.559026084010437,3.559026084010437,12.006664815842907,9.80612053770501,14.79729705047513,3.559026084010437,3.559026084010437,6.757711644237764,10.63014581273465,16.51262143533445,
3.559026084010437,3.559026084010437,3.559026084010437,3.559026084010437,3.559026084010437,3.559026084010437,3.559026084010437,3.559026084010437,3.559026084010437,3.559026084010437,3.559026084010437,3.559026084010437,16.718253497300488,34.0,10.173494974687902,9.80612053770501,5.035871324805669,9.80612053770501,17.531685600648903,37.0,7.671840904055744,3.559026084010437,16.51262143533445,3.559026084010437,
3.559026084010437,3.559026084010437,3.559026084010437,3.559026084010437,3.559026084010437,3.559026084010437,3.559026084010437,3.559026084010437,3.559026084010437,3.559026084010437,3.559026084010437,3.559026084010437,39.0,9.99999999E8,16.1245154965971,3.559026084010437,6.036923425424944,3.559026084010437,34.0,24.124676163629637,13.77497731395591,9.80612053770501,14.79729705047513,24.124676163629637,
3.559026084010437,3.559026084010437,3.559026084010437,3.559026084010437,3.559026084010437,3.559026084010437,3.559026084010437,3.559026084010437,3.559026084010437,3.559026084010437,3.559026084010437,3.559026084010437,3.559026084010437,3.559026084010437,6.18465843842649,5.075431016179809,9.99999999E8,6.236095644623235,8.588364221433556,11.973303637676612,5.035871324805669,3.559026084010437,10.295630140987,39.0,
3.559026084010437,3.559026084010437,3.559026084010437,3.559026084010437,3.559026084010437,3.559026084010437,3.559026084010437,3.559026084010437,3.559026084010437,3.559026084010437,3.559026084010437,3.559026084010437,3.559026084010437,16.98528775146303,9.273618495495704,5.035871324805669,6.757711644237764,5.976143046671968,11.805083650698965,6.97614984548545,3.559026084010437,6.757711644237764,9.80612053770501,16.718253497300488,
3.559026084010437,3.559026084010437,3.559026084010437,3.559026084010437,3.559026084010437,3.559026084010437,3.559026084010437,3.559026084010437,3.559026084010437,3.559026084010437,3.559026084010437,3.559026084010437,15.967466924969658,12.006664815842907,5.1269595556932455,16.678129391511508,33.980386499665755,6.43117407632541,5.894913061275798,25.768197453450252,14.882876066137216,29.06314963431642,10.376254944182254,3.559026084010437,
3.559026084010437,3.559026084010437,3.559026084010437,3.559026084010437,3.559026084010437,3.559026084010437,3.559026084010437,3.559026084010437,3.559026084010437,3.559026084010437,3.559026084010437,3.559026084010437,20.211382931407737,5.70087712549569,3.559026084010437,5.035871324805669,16.51262143533445,5.398412465054624,3.559026084010437,14.98888477061141,12.006664815842907,5.70087712549569,16.51262143533445,37.0,
3.559026084010437,3.559026084010437,3.559026084010437,3.559026084010437,3.559026084010437,3.559026084010437,3.559026084010437,3.559026084010437,3.559026084010437,3.559026084010437,3.559026084010437,3.559026084010437,11.40175425099138,7.32575365861197,8.211490207542807,5.937171043518958,18.907670401189037,6.60807586719967,10.614455552060438,3.559026084010437,7.559289460184544,5.075431016179809,16.51262143533445,3.559026084010437,
3.559026084010437,3.559026084010437,3.559026084010437,3.559026084010437,3.559026084010437,3.559026084010437,3.559026084010437,3.559026084010437,3.559026084010437,3.559026084010437,3.559026084010437,3.559026084010437,17.621010186706094,8.588364221433556,3.559026084010437,6.041522986797286,5.809475019311125,14.713938969562161,10.8496214548843,16.718253497300488,4.840306956027833,19.748417658131498,16.1245154965971,16.355427233796124,
3.559026084010437,3.559026084010437,3.559026084010437,3.559026084010437,3.559026084010437,3.559026084010437,3.559026084010437,3.559026084010437,3.559026084010437,3.559026084010437,3.559026084010437,3.559026084010437,12.529964086141668,3.559026084010437,16.678129391511508,5.035871324805669,19.06567596493762,28.296053906272277,24.124676163629637,3.559026084010437,26.318561257535844,5.354126134736337,27.0,17.440183485273312,
3.559026084010437,3.559026084010437,3.559026084010437,3.559026084010437,3.559026084010437,3.559026084010437,3.559026084010437,3.559026084010437,3.559026084010437,3.559026084010437,3.559026084010437,3.559026084010437,24.124676163629637,5.075431016179809,16.51262143533445,5.354126134736337,19.913814300630605,39.0,12.179217270963408,11.86029791643813,3.559026084010437,17.440183485273312,9.80612053770501,12.073110618229256,
3.559026084010437,3.559026084010437,3.559026084010437,3.559026084010437,3.559026084010437,3.559026084010437,3.559026084010437,3.559026084010437,3.559026084010437,3.559026084010437,3.559026084010437,3.559026084010437,3.559026084010437,15.548633380461448,14.094916341243982,20.396078054371138,3.559026084010437,5.035871324805669,9.273618495495704,3.559026084010437,5.5805785670356025,18.57417562100671,5.035871324805669,19.374209661299737,
3.559026084010437,3.559026084010437,3.559026084010437,3.559026084010437,3.559026084010437,3.559026084010437,3.559026084010437,3.559026084010437,3.559026084010437,3.559026084010437,3.559026084010437,3.559026084010437,3.559026084010437,24.124676163629637,24.097026095903757,11.973303637676612,5.398412465054624,5.075431016179809,9.80612053770501,16.51262143533445,5.0990195135927845,5.035871324805669,16.718253497300488,3.559026084010437,
3.559026084010437,3.559026084010437,3.559026084010437,3.559026084010437,3.559026084010437,3.559026084010437,3.559026084010437,3.559026084010437,3.559026084010437,3.559026084010437,3.559026084010437,3.559026084010437,8.962886439832502,5.0990195135927845,10.63686312513502,11.40175425099138,5.035871324805669,21.95449840010015,3.559026084010437,16.51262143533445,39.0,16.718253497300488,15.604486534327235,5.70087712549569,
3.559026084010437,3.559026084010437,3.559026084010437,3.559026084010437,3.559026084010437,3.559026084010437,3.559026084010437,3.559026084010437,3.559026084010437,3.559026084010437,3.559026084010437,3.559026084010437,3.559026084010437,10.614455552060438,27.793884219374593,18.610033136277146,4.840306956027833,17.621010186706094,16.1245154965971,5.035871324805669,5.035871324805669,9.80612053770501,8.94427190999916,11.973303637676612,
3.559026084010437,3.559026084010437,3.559026084010437,3.559026084010437,3.559026084010437,3.559026084010437,3.559026084010437,3.559026084010437,3.559026084010437,3.559026084010437,3.559026084010437,3.559026084010437,6.041522986797286,19.748417658131498,9.80612053770501,16.51262143533445,3.559026084010437,3.559026084010437,10.107423014794621,16.47219880080778,3.559026084010437,19.748417658131498,17.72004514666935,4.707440918375928,
3.559026084010437,3.559026084010437,3.559026084010437,3.559026084010437,3.559026084010437,3.559026084010437,3.559026084010437,3.559026084010437,3.559026084010437,3.559026084010437,3.559026084010437,3.559026084010437,11.86029791643813,19.748417658131498,26.318561257535844,3.559026084010437,3.559026084010437,5.075431016179809,5.70087712549569,9.80612053770501,12.529964086141668,3.559026084010437,24.124676163629637,4.932882862316247,
3.559026084010437,3.559026084010437,3.559026084010437,3.559026084010437,3.559026084010437,3.559026084010437,3.559026084010437,3.559026084010437,3.559026084010437,3.559026084010437,3.559026084010437,3.559026084010437,9.99999999E8,3.559026084010437,12.524262168173536,3.559026084010437,3.559026084010437,10.295630140987,3.559026084010437,16.718253497300488,9.80612053770501,9.80612053770501,25.544079548889602,5.431390245600108,
3.559026084010437,3.559026084010437,3.559026084010437,3.559026084010437,3.559026084010437,3.559026084010437,3.559026084010437,3.559026084010437,3.559026084010437,3.559026084010437,3.559026084010437,3.559026084010437,3.559026084010437,34.0,5.354126134736337,5.70087712549569,3.559026084010437,5.075431016179809,20.049937655763422,11.022703842524301,19.187495928338333,14.79729705047513,3.559026084010437,3.559026084010437,
3.559026084010437,3.559026084010437,3.559026084010437,3.559026084010437,3.559026084010437,3.559026084010437,3.559026084010437,3.559026084010437,3.559026084010437,3.559026084010437,3.559026084010437,3.559026084010437,34.0,3.559026084010437,5.075431016179809,18.81488772222678,11.805083650698965,23.55136231020759,3.559026084010437,20.396078054371138,27.0,17.392527130926087,3.559026084010437,24.166091947189145,
3.559026084010437,3.559026084010437,3.559026084010437,3.559026084010437,3.559026084010437,3.559026084010437,3.559026084010437,3.559026084010437,3.559026084010437,3.559026084010437,3.559026084010437,3.559026084010437,5.035871324805669,11.973303637676612,39.0,4.203173404306164,6.236095644623235,3.559026084010437,4.707440918375928,10.740577265678041,4.956957592256421,12.747548783981962,10.376254944182254,3.559026084010437,
3.559026084010437,3.559026084010437,3.559026084010437,3.559026084010437,3.559026084010437,3.559026084010437,3.559026084010437,3.559026084010437,3.559026084010437,3.559026084010437,3.559026084010437,3.559026084010437,10.146920715172657,5.398412465054624,5.035871324805669,16.718253497300488,26.20228997625971,6.236095644623235,6.446359868604572,34.0,11.022703842524301,12.006664815842907,16.355427233796124,26.318561257535844,
3.559026084010437,3.559026084010437,3.559026084010437,3.559026084010437,3.559026084010437,3.559026084010437,3.559026084010437,3.559026084010437,3.559026084010437,3.559026084010437,3.559026084010437,3.559026084010437,3.559026084010437,17.440183485273312,14.79729705047513,10.295630140987,20.143485299222675,3.559026084010437,3.559026084010437,6.454972243679028,16.51262143533445,3.559026084010437,10.64706532336493,11.86029791643813,
3.559026084010437,3.559026084010437,3.559026084010437,3.559026084010437,3.559026084010437,3.559026084010437,3.559026084010437,3.559026084010437,3.559026084010437,3.559026084010437,3.559026084010437,3.559026084010437,3.559026084010437,3.559026084010437,16.753109164172084,26.318561257535844,10.614455552060438,13.92838827718412,7.467261881037788,12.179217270963408,10.954451150103322,5.075431016179809,39.0,11.86029791643813,
3.559026084010437,3.559026084010437,3.559026084010437,3.559026084010437,3.559026084010437,3.559026084010437,3.559026084010437,3.559026084010437,3.559026084010437,3.559026084010437,3.559026084010437,3.559026084010437,5.70087712549569,11.408768557561329,24.34474618201362,3.559026084010437,3.559026084010437,20.049937655763422,5.398412465054624,3.559026084010437,15.149257407543116,20.211382931407737,5.70087712549569,3.559026084010437,
3.559026084010437,3.559026084010437,3.559026084010437,3.559026084010437,3.559026084010437,3.559026084010437,3.559026084010437,3.559026084010437,3.559026084010437,3.559026084010437,3.559026084010437,3.559026084010437,16.718253497300488,16.0312195418814,39.0,29.337120967584166,9.80612053770501,18.694919095839918,3.559026084010437,4.203173404306164,29.223278392404914,5.075431016179809,17.621010186706094,3.559026084010437,
3.559026084010437,3.559026084010437,3.559026084010437,3.559026084010437,3.559026084010437,3.559026084010437,3.559026084010437,3.559026084010437,3.559026084010437,3.559026084010437,3.559026084010437,3.559026084010437,13.36306209562122,20.211382931407737,3.559026084010437,9.80612053770501,16.51262143533445,17.592612085759182,24.124676163629637,3.559026084010437,27.0,24.34474618201362,10.739335795724674,39.0,
3.559026084010437,3.559026084010437,3.559026084010437,3.559026084010437,3.559026084010437,3.559026084010437,3.559026084010437,3.559026084010437,3.559026084010437,3.559026084010437,3.559026084010437,3.559026084010437,34.0,29.337120967584166,11.973303637676612,3.559026084010437,14.212670403551895,16.718253497300488,17.848249213858484,16.718253497300488,29.337120967584166,5.035871324805669,14.713938969562161,17.204650534085253,
3.559026084010437,3.559026084010437,3.559026084010437,3.559026084010437,3.559026084010437,3.559026084010437,3.559026084010437,3.559026084010437,3.559026084010437,3.559026084010437,3.559026084010437,3.559026084010437,5.075431016179809,3.559026084010437,24.124676163629637,23.55136231020759,10.107423014794621,16.1245154965971,17.440183485273312,5.035871324805669,23.55136231020759,12.935738607954837,8.565045242145542,3.559026084010437,
3.559026084010437,3.559026084010437,3.559026084010437,3.559026084010437,3.559026084010437,3.559026084010437,3.559026084010437,3.559026084010437,3.559026084010437,3.559026084010437,3.559026084010437,3.559026084010437,16.718253497300488,34.02939905434711,18.65475810617763,11.86029791643813,5.3814496188294845,16.718253497300488,34.02939905434711,3.559026084010437,34.0,3.559026084010437,3.559026084010437,16.0312195418814,
3.559026084010437,3.559026084010437,3.559026084010437,3.559026084010437,3.559026084010437,3.559026084010437,3.559026084010437,3.559026084010437,3.559026084010437,3.559026084010437,3.559026084010437,3.559026084010437,5.075431016179809,5.075431016179809,14.79729705047513,9.80612053770501,27.0,10.295630140987,22.0,3.559026084010437,5.075431016179809,3.559026084010437,26.318561257535844,12.747548783981962,
3.559026084010437,3.559026084010437,3.559026084010437,3.559026084010437,3.559026084010437,3.559026084010437,3.559026084010437,3.559026084010437,3.559026084010437,3.559026084010437,3.559026084010437,3.559026084010437,5.035871324805669,39.0,23.137847782367317,27.964262908219126,5.70087712549569,3.559026084010437,5.398412465054624,3.559026084010437,15.427248620541512,6.27162924074226,3.559026084010437,16.355427233796124,
3.559026084010437,3.559026084010437,3.559026084010437,3.559026084010437,3.559026084010437,3.559026084010437,3.559026084010437,3.559026084010437,3.559026084010437,3.559026084010437,3.559026084010437,3.559026084010437,5.70087712549569,10.173494974687902,17.645396000090223,16.1245154965971,3.559026084010437,19.339079605813716,9.80612053770501,11.40175425099138,17.564168070250297,6.892024376045111,16.97056274847714,6.103277807866851,
3.559026084010437,3.559026084010437,3.559026084010437,3.559026084010437,3.559026084010437,3.559026084010437,3.559026084010437,3.559026084010437,3.559026084010437,3.559026084010437,3.559026084010437,3.559026084010437,3.559026084010437,5.075431016179809,5.035871324805669,3.559026084010437,5.075431016179809,4.780914437337574,8.565045242145542,29.337120967584166,5.70087712549569,11.408768557561329,3.559026084010437,16.718253497300488,
3.559026084010437,3.559026084010437,3.559026084010437,3.559026084010437,3.559026084010437,3.559026084010437,3.559026084010437,3.559026084010437,3.559026084010437,3.559026084010437,3.559026084010437,3.559026084010437,3.559026084010437,9.96794863550169,16.355427233796124,34.0,26.318561257535844,3.559026084010437,3.559026084010437,3.559026084010437,17.864569884071017,5.70087712549569,3.559026084010437,14.79729705047513,
3.559026084010437,3.559026084010437,3.559026084010437,3.559026084010437,3.559026084010437,3.559026084010437,3.559026084010437,3.559026084010437,3.559026084010437,3.559026084010437,3.559026084010437,3.559026084010437,15.892136420255145,33.980386499665755,34.0,9.99999999E8,9.99999999E8,16.79761887887685,20.049937655763422,6.27162924074226,4.956957592256421,7.559289460184544,25.768197453450252,10.173494974687902,
3.559026084010437,3.559026084010437,3.559026084010437,3.559026084010437,3.559026084010437,3.559026084010437,3.559026084010437,3.559026084010437,3.559026084010437,3.559026084010437,3.559026084010437,3.559026084010437,9.80612053770501,3.559026084010437,5.634713834792322,9.80612053770501,16.931233465600393,18.57417562100671,5.70087712549569,29.337120967584166,4.69041575982343,20.396078054371138,3.559026084010437,29.337120967584166,
3.559026084010437,3.559026084010437,3.559026084010437,3.559026084010437,3.559026084010437,3.559026084010437,3.559026084010437,3.559026084010437,3.559026084010437,3.559026084010437,3.559026084010437,3.559026084010437,20.396078054371138,12.179217270963408,11.973303637676612,16.51262143533445,3.559026084010437,6.458659745975609,27.793884219374593,9.99999999E8,3.559026084010437,3.559026084010437,17.72004514666935,3.559026084010437,
3.559026084010437,3.559026084010437,3.559026084010437,3.559026084010437,3.559026084010437,3.559026084010437,3.559026084010437,3.559026084010437,3.559026084010437,3.559026084010437,3.559026084010437,3.559026084010437,3.559026084010437,19.595917942265423,20.049937655763422,34.02939905434711,12.179217270963408,10.173494974687902,29.06314963431642,3.559026084010437,23.137847782367317,29.337120967584166,5.451081150953975,5.70087712549569,
3.559026084010437,3.559026084010437,3.559026084010437,3.559026084010437,3.559026084010437,3.559026084010437,3.559026084010437,3.559026084010437,3.559026084010437,3.559026084010437,3.559026084010437,3.559026084010437,29.13188402192118,4.203173404306164,9.80612053770501,15.85433694608513,10.173494974687902,17.621010186706094,24.124676163629637,12.179217270963408,26.318561257535844,5.035871324805669,24.124676163629637,5.035871324805669,
3.559026084010437,3.559026084010437,3.559026084010437,3.559026084010437,3.559026084010437,3.559026084010437,3.559026084010437,3.559026084010437,3.559026084010437,3.559026084010437,3.559026084010437,3.559026084010437,12.489995996796797,11.86029791643813,5.075431016179809,29.337120967584166,16.51262143533445,3.559026084010437,3.559026084010437,16.718253497300488,3.9370039370059056,22.0,3.559026084010437,16.1245154965971,
3.559026084010437,3.559026084010437,3.559026084010437,3.559026084010437,3.559026084010437,3.559026084010437,3.559026084010437,3.559026084010437,3.559026084010437,3.559026084010437,3.559026084010437,3.559026084010437,3.9370039370059056,6.548960901462833,5.398412465054624,14.479871085982314,12.786711852544421,27.793884219374593,23.55136231020759,4.203173404306164,10.723805294763608,29.337120967584166,17.72004514666935,16.51262143533445,
3.559026084010437,3.559026084010437,3.559026084010437,3.559026084010437,3.559026084010437,3.559026084010437,3.559026084010437,3.559026084010437,3.559026084010437,3.559026084010437,3.559026084010437,3.559026084010437,17.621010186706094,7.32575365861197,8.514693182963201,6.548960901462833,3.559026084010437,9.99999999E8,9.99999999E8,3.9370039370059056,5.398412465054624,16.1687529336239,11.973303637676612,6.548960901462833,
3.559026084010437,3.559026084010437,3.559026084010437,3.559026084010437,3.559026084010437,3.559026084010437,3.559026084010437,3.559026084010437,3.559026084010437,3.559026084010437,3.559026084010437,3.559026084010437,24.34474618201362,17.592612085759182,4.840306956027833,5.035871324805669,16.718253497300488,11.40175425099138,10.376254944182254,23.695991222145572,11.86029791643813,5.075431016179809,6.892024376045111,12.179217270963408,
3.559026084010437,3.559026084010437,3.559026084010437,3.559026084010437,3.559026084010437,3.559026084010437,3.559026084010437,3.559026084010437,3.559026084010437,3.559026084010437,3.559026084010437,3.559026084010437,5.70087712549569,8.588364221433556,34.0,16.1245154965971,5.075431016179809,14.85126257258958,12.179217270963408,23.55136231020759,16.355427233796124,31.76476034853718,24.124676163629637,14.79729705047513,
3.559026084010437,3.559026084010437,3.559026084010437,3.559026084010437,3.559026084010437,3.559026084010437,3.559026084010437,3.559026084010437,3.559026084010437,3.559026084010437,3.559026084010437,3.559026084010437,11.86029791643813,5.70087712549569,26.54555832275273,9.80612053770501,7.4981479194679945,3.559026084010437,21.784660396054573,39.0,12.006664815842907,3.559026084010437,18.694919095839918,10.456258094238748,
3.559026084010437,3.559026084010437,3.559026084010437,3.559026084010437,3.559026084010437,3.559026084010437,3.559026084010437,3.559026084010437,3.559026084010437,3.559026084010437,3.559026084010437,3.559026084010437,18.81488772222678,11.86029791643813,3.559026084010437,39.0,17.146428199482248,5.035871324805669,16.1245154965971,16.718253497300488,17.621010186706094,21.720036832381293,5.398412465054624,7.2571803523590805,
3.559026084010437,3.559026084010437,3.559026084010437,3.559026084010437,3.559026084010437,3.559026084010437,3.559026084010437,3.559026084010437,3.559026084010437,3.559026084010437,3.559026084010437,3.559026084010437,11.86029791643813,16.718253497300488,6.60807586719967,21.93171219946131,5.398412465054624,39.0,12.747548783981962,9.80612053770501,12.073110618229256,3.559026084010437,16.718253497300488,27.0,
3.559026084010437,3.559026084010437,3.559026084010437,3.559026084010437,3.559026084010437,3.559026084010437,3.559026084010437,3.559026084010437,3.559026084010437,3.559026084010437,3.559026084010437,3.559026084010437,5.075431016179809,16.718253497300488,29.709706606876257,23.137847782367317,3.559026084010437,5.035871324805669,5.70087712549569,3.559026084010437,3.559026084010437,3.559026084010437,16.067358214715945,22.0,
3.559026084010437,3.559026084010437,3.559026084010437,3.559026084010437,3.559026084010437,3.559026084010437,3.559026084010437,3.559026084010437,3.559026084010437,3.559026084010437,3.559026084010437,3.559026084010437,3.559026084010437,16.1245154965971,3.559026084010437,5.606119105813881,16.51262143533445,9.99999999E8,10.64581294844754,10.146920715172657,10.376254944182254,6.27162924074226,3.559026084010437,3.559026084010437,
3.559026084010437,3.559026084010437,3.559026084010437,3.559026084010437,3.559026084010437,3.559026084010437,3.559026084010437,3.559026084010437,3.559026084010437,3.559026084010437,3.559026084010437,3.559026084010437,11.86029791643813,39.0,10.146920715172657,9.80612053770501,11.973303637676612,6.892024376045111,39.0,3.559026084010437,14.905032707109369,9.99999999E8,16.718253497300488,16.718253497300488,
3.559026084010437,3.559026084010437,3.559026084010437,3.559026084010437,3.559026084010437,3.559026084010437,3.559026084010437,3.559026084010437,3.559026084010437,3.559026084010437,3.559026084010437,3.559026084010437,18.641351882307248,3.559026084010437,3.559026084010437,9.80612053770501,19.748417658131498,9.99999999E8,3.559026084010437,14.753530650887152,3.559026084010437,18.66815470259447,11.86029791643813,20.211382931407737,
3.559026084010437,3.559026084010437,3.559026084010437,3.559026084010437,3.559026084010437,3.559026084010437,3.559026084010437,3.559026084010437,3.559026084010437,3.559026084010437,3.559026084010437,3.559026084010437,9.99999999E8,16.47219880080778,15.937377450509228,9.80612053770501,12.786711852544421,27.0,13.717142559585799,12.489995996796797,5.035871324805669,9.80612053770501,16.65412861725284,16.51262143533445,
3.559026084010437,3.559026084010437,3.559026084010437,3.559026084010437,3.559026084010437,3.559026084010437,3.559026084010437,3.559026084010437,3.559026084010437,3.559026084010437,3.559026084010437,3.559026084010437,3.559026084010437,5.354126134736337,20.493901531919196,3.559026084010437,13.543580450847235,5.035871324805669,9.36897954837013,10.723805294763608,3.559026084010437,16.355427233796124,5.035871324805669,20.211382931407737,
3.559026084010437,3.559026084010437,3.559026084010437,3.559026084010437,3.559026084010437,3.559026084010437,3.559026084010437,3.559026084010437,3.559026084010437,3.559026084010437,3.559026084010437,3.559026084010437,5.075431016179809,16.1245154965971,19.748417658131498,3.559026084010437,3.559026084010437,5.398412465054624,3.559026084010437,5.70087712549569,28.296053906272277,27.067816067549053,38.0,26.318561257535844,
3.559026084010437,3.559026084010437,3.559026084010437,3.559026084010437,3.559026084010437,3.559026084010437,3.559026084010437,3.559026084010437,3.559026084010437,3.559026084010437,3.559026084010437,3.559026084010437,5.035871324805669,12.786711852544421,14.212670403551895,5.398412465054624,3.559026084010437,29.337120967584166,14.212670403551895,20.211382931407737,5.70087712549569,3.559026084010437,16.718253497300488,28.296053906272277,
3.559026084010437,3.559026084010437,3.559026084010437,3.559026084010437,3.559026084010437,3.559026084010437,3.559026084010437,3.559026084010437,3.559026084010437,3.559026084010437,3.559026084010437,3.559026084010437,29.337120967584166,17.392527130926087,5.035871324805669,25.42636427018224,24.124676163629637,3.559026084010437,3.559026084010437,3.559026084010437,24.34474618201362,5.451081150953975,3.559026084010437,10.456258094238748,
3.559026084010437,3.559026084010437,3.559026084010437,3.559026084010437,3.559026084010437,3.559026084010437,3.559026084010437,3.559026084010437,3.559026084010437,3.559026084010437,3.559026084010437,3.559026084010437,34.0,17.848249213858487,8.565045242145542,3.559026084010437,9.80612053770501,5.035871324805669,4.956957592256421,39.0,27.0,6.514598989960933,5.398412465054624,28.296053906272277,
3.559026084010437,3.559026084010437,3.559026084010437,3.559026084010437,3.559026084010437,3.559026084010437,3.559026084010437,3.559026084010437,3.559026084010437,3.559026084010437,3.559026084010437,3.559026084010437,22.992752481307377,6.939740629158989,6.939740629158989,3.559026084010437,4.69041575982343,6.531972647421808,19.8997487421324,14.212670403551895,3.559026084010437,5.035871324805669,11.973303637676612,19.748417658131498,
3.559026084010437,3.559026084010437,3.559026084010437,3.559026084010437,3.559026084010437,3.559026084010437,3.559026084010437,3.559026084010437,3.559026084010437,3.559026084010437,3.559026084010437,3.559026084010437,5.075431016179809,16.355427233796124,16.51262143533445,20.211382931407737,24.124676163629637,39.0,11.445523142259598,9.99999999E8,9.99999999E8,10.590561835898981,15.157836257197133,24.383601046605072,
3.559026084010437,3.559026084010437,3.559026084010437,3.559026084010437,3.559026084010437,3.559026084010437,3.559026084010437,3.559026084010437,3.559026084010437,3.559026084010437,3.559026084010437,3.559026084010437,18.641351882307248,39.0,16.0312195418814,9.99999999E8,9.80612053770501,16.1245154965971,38.0,34.0,3.559026084010437,5.70087712549569,20.77257807784099,5.035871324805669,
3.559026084010437,3.559026084010437,3.559026084010437,3.559026084010437,3.559026084010437,3.559026084010437,3.559026084010437,3.559026084010437,3.559026084010437,3.559026084010437,3.559026084010437,3.559026084010437,6.757711644237764,20.211382931407737,5.70087712549569,22.0,16.1245154965971,5.035871324805669,3.559026084010437,5.451081150953975,17.146428199482248,3.559026084010437,27.829840100151493,16.76305461424021,
3.559026084010437,3.559026084010437,3.559026084010437,3.559026084010437,3.559026084010437,3.559026084010437,3.559026084010437,3.559026084010437,3.559026084010437,3.559026084010437,3.559026084010437,3.559026084010437,3.559026084010437,3.559026084010437,16.1245154965971,17.392527130926087,19.249935064825547,21.93171219946131,3.559026084010437,19.748417658131498,4.780914437337574,16.718253497300488,26.24804754643667,3.559026084010437,
3.559026084010437,3.559026084010437,3.559026084010437,3.559026084010437,3.559026084010437,3.559026084010437,3.559026084010437,3.559026084010437,3.559026084010437,3.559026084010437,3.559026084010437,3.559026084010437,5.5805785670356025,6.0553007081949835,9.80612053770501,14.719601443879744,29.337120967584166,5.035871324805669,24.303634844744245,16.355427233796124,24.194214184387143,5.035871324805669,21.93171219946131,10.60996835864408,
3.559026084010437,3.559026084010437,3.559026084010437,3.559026084010437,3.559026084010437,3.559026084010437,3.559026084010437,3.559026084010437,3.559026084010437,3.559026084010437,3.559026084010437,3.559026084010437,3.559026084010437,25.65151067676132,5.075431016179809,5.035871324805669,16.51262143533445,5.715476066494082,19.748417658131498,17.131841699011815,15.778466338652816,4.840306956027833,10.376254944182254,18.7794213613377,
3.559026084010437,3.559026084010437,3.559026084010437,3.559026084010437,3.559026084010437,3.559026084010437,3.559026084010437,3.559026084010437,3.559026084010437,3.559026084010437,3.559026084010437,3.559026084010437,16.51262143533445,10.488088481701514,9.80612053770501,11.973303637676612,12.179217270963408,5.354126134736337,5.70087712549569,17.621010186706094,22.0,5.70087712549569,28.296053906272277,14.713938969562161,
3.559026084010437,3.559026084010437,3.559026084010437,3.559026084010437,3.559026084010437,3.559026084010437,3.559026084010437,3.559026084010437,3.559026084010437,3.559026084010437,3.559026084010437,3.559026084010437,26.318561257535844,22.0,14.053469322555197,3.9370039370059056,26.318561257535844,5.70087712549569,12.073110618229256,3.559026084010437,17.621010186706094,5.451081150953975,5.678908345800274,5.5901699437494745,
3.559026084010437,3.559026084010437,3.559026084010437,3.559026084010437,3.559026084010437,3.559026084010437,3.559026084010437,3.559026084010437,3.559026084010437,3.559026084010437,3.559026084010437,3.559026084010437,11.538754575033526,18.907670401189037,24.124676163629637,26.318561257535844,9.80612053770501,12.055427546683417,3.559026084010437,5.70087712549569,5.035871324805669,6.324555320336759,5.035871324805669,12.866839377079188,
3.559026084010437,3.559026084010437,3.559026084010437,3.559026084010437,3.559026084010437,3.559026084010437,3.559026084010437,3.559026084010437,3.559026084010437,3.559026084010437,3.559026084010437,3.559026084010437,10.146920715172657,9.80612053770501,8.110350040397625,5.035871324805669,5.451081150953975,5.0990195135927845,9.80612053770501,21.93171219946131,5.035871324805669,14.548768561863463,5.451081150953975,3.559026084010437,
3.559026084010437,3.559026084010437,3.559026084010437,3.559026084010437,3.559026084010437,3.559026084010437,3.559026084010437,3.559026084010437,3.559026084010437,3.559026084010437,3.559026084010437,3.559026084010437,16.1245154965971,11.973303637676612,21.059439688652688,31.788362650504666,16.1245154965971,24.124676163629637,10.614455552060438,29.13188402192118,21.93171219946131,3.559026084010437,5.398412465054624,18.694919095839918,
3.559026084010437,3.559026084010437,3.559026084010437,3.559026084010437,3.559026084010437,3.559026084010437,3.559026084010437,3.559026084010437,3.559026084010437,3.559026084010437,3.559026084010437,3.559026084010437,24.124676163629637,16.079800993793427,14.905032707109367,5.035871324805669,5.075431016179809,7.211102550927978,5.398412465054624,24.124676163629637,4.840306956027833,27.0,6.446359868604572,26.54555832275273,
3.559026084010437,3.559026084010437,3.559026084010437,3.559026084010437,3.559026084010437,3.559026084010437,3.559026084010437,3.559026084010437,3.559026084010437,3.559026084010437,3.559026084010437,3.559026084010437,12.832251036613439,20.211382931407737,19.748417658131498,15.149257407543116,13.92838827718412,17.621010186706094,16.51262143533445,10.327955589886445,22.0,19.06567596493762,15.491933384829668,28.296053906272277,
3.559026084010437,3.559026084010437,3.559026084010437,3.559026084010437,3.559026084010437,3.559026084010437,3.559026084010437,3.559026084010437,3.559026084010437,3.559026084010437,3.559026084010437,3.559026084010437,19.81161275615895,9.80612053770501,38.0,3.559026084010437,24.124676163629637,9.80612053770501,24.124676163629637,19.748417658131498,4.780914437337574,29.337120967584166,3.559026084010437,9.80612053770501,
3.559026084010437,3.559026084010437,3.559026084010437,3.559026084010437,3.559026084010437,3.559026084010437,3.559026084010437,3.559026084010437,3.559026084010437,3.559026084010437,3.559026084010437,3.559026084010437,17.440183485273312,10.770329614269007,5.1269595556932455,10.024968827881711,24.34474618201362,39.0,3.559026084010437,21.93171219946131,3.559026084010437,3.559026084010437,20.211382931407737,17.72004514666935,
3.559026084010437,3.559026084010437,3.559026084010437,3.559026084010437,3.559026084010437,3.559026084010437,3.559026084010437,3.559026084010437,3.559026084010437,3.559026084010437,3.559026084010437,3.559026084010437,14.713938969562161,3.559026084010437,11.86029791643813,23.137847782367317,19.415457759218555,16.718253497300488,13.644046320648432,3.559026084010437,3.559026084010437,16.718253497300488,12.935738607954837,25.524498036200438,
3.559026084010437,3.559026084010437,3.559026084010437,3.559026084010437,3.559026084010437,3.559026084010437,3.559026084010437,3.559026084010437,3.559026084010437,3.559026084010437,3.559026084010437,3.559026084010437,3.559026084010437,34.0,33.980386499665755,6.244997998398398,27.067816067549053,17.72004514666935,13.354150416006753,33.980386499665755,5.035871324805669,9.80612053770501,34.0,5.035871324805669,
3.559026084010437,3.559026084010437,3.559026084010437,3.559026084010437,3.559026084010437,3.559026084010437,3.559026084010437,3.559026084010437,3.559026084010437,3.559026084010437,3.559026084010437,3.559026084010437,4.840306956027833,9.80612053770501,3.559026084010437,16.57307052620807,29.337120967584166,13.97318861248212,16.1245154965971,25.740240869113872,4.840306956027833,5.903993805649092,5.035871324805669,4.69041575982343,
3.559026084010437,3.559026084010437,3.559026084010437,3.559026084010437,3.559026084010437,3.559026084010437,3.559026084010437,3.559026084010437,3.559026084010437,3.559026084010437,3.559026084010437,3.559026084010437,15.491933384829668,26.318561257535844,26.318561257535844,12.935738607954837,3.559026084010437,5.035871324805669,3.559026084010437,26.695817400234567,39.0,12.382783747337808,17.621010186706094,5.756983337031396,
3.559026084010437,3.559026084010437,3.559026084010437,3.559026084010437,3.559026084010437,3.559026084010437,3.559026084010437,3.559026084010437,3.559026084010437,3.559026084010437,3.559026084010437,3.559026084010437,10.63686312513502,9.80612053770501,3.559026084010437,12.786711852544421,16.726027621644057,17.38275007011261,6.27162924074226,16.1245154965971,15.491933384829668,19.924858845171276,34.0,13.92838827718412,
3.559026084010437,3.559026084010437,3.559026084010437,3.559026084010437,3.559026084010437,3.559026084010437,3.559026084010437,3.559026084010437,3.559026084010437,3.559026084010437,3.559026084010437,3.559026084010437,12.529964086141668,3.559026084010437,5.035871324805669,14.79729705047513,19.06567596493762,23.695991222145572,6.8452277432633934,15.313392831113555,29.337120967584166,3.559026084010437,10.647065323364933,19.145756710038913,
3.559026084010437,3.559026084010437,3.559026084010437,3.559026084010437,3.559026084010437,3.559026084010437,3.559026084010437,3.559026084010437,3.559026084010437,3.559026084010437,3.559026084010437,3.559026084010437,24.124676163629637,3.559026084010437,16.1245154965971,10.941402365066633,20.211382931407737,6.363961030678928,17.440183485273312,3.559026084010437,25.544079548889602,11.973303637676612,5.354126134736337,5.035871324805669,
3.559026084010437,3.559026084010437,3.559026084010437,3.559026084010437,3.559026084010437,3.559026084010437,3.559026084010437,3.559026084010437,3.559026084010437,3.559026084010437,3.559026084010437,3.559026084010437,19.339079605813716,3.559026084010437,13.92838827718412,15.588457268119896,13.796134724383252,9.80612053770501,5.035871324805669,3.559026084010437,7.0,3.559026084010437,4.69041575982343,17.72004514666935,
3.559026084010437,3.559026084010437,3.559026084010437,3.559026084010437,3.559026084010437,3.559026084010437,3.559026084010437,3.559026084010437,3.559026084010437,3.559026084010437,3.559026084010437,3.559026084010437,24.124676163629637,26.318561257535844,9.80612053770501,5.451081150953975,3.559026084010437,28.994252303976847,17.621010186706094,5.634713834792322,8.396427811873332,30.732718721258617,20.396078054371138,5.075431016179809,
3.559026084010437,3.559026084010437,3.559026084010437,3.559026084010437,3.559026084010437,3.559026084010437,3.559026084010437,3.559026084010437,3.559026084010437,3.559026084010437,3.559026084010437,3.559026084010437,19.114392483152585,26.318561257535844,23.0,29.337120967584166,3.559026084010437,9.99999999E8,12.747548783981962,17.37124060048677,17.564168070250297,10.146920715172657,25.465663156493687,9.99999999E8,
3.559026084010437,3.559026084010437,3.559026084010437,3.559026084010437,3.559026084010437,3.559026084010437,3.559026084010437,3.559026084010437,3.559026084010437,3.559026084010437,3.559026084010437,3.559026084010437,24.124676163629637,3.559026084010437,16.1245154965971,3.559026084010437,5.035871324805669,3.559026084010437,5.451081150953975,3.559026084010437,8.071112509614592,3.559026084010437,18.907670401189037,13.614697940094008,
3.559026084010437,3.559026084010437,3.559026084010437,3.559026084010437,3.559026084010437,3.559026084010437,3.559026084010437,3.559026084010437,3.559026084010437,3.559026084010437,3.559026084010437,3.559026084010437,14.79729705047513,9.80612053770501,10.614455552060438,11.86029791643813,3.559026084010437,11.86029791643813,5.035871324805669,19.087517736293876,16.79761887887685,14.79729705047513,14.410644214144858,24.124676163629637,
3.559026084010437,3.559026084010437,3.559026084010437,3.559026084010437,3.559026084010437,3.559026084010437,3.559026084010437,3.559026084010437,3.559026084010437,3.559026084010437,3.559026084010437,3.559026084010437,28.296053906272277,24.124676163629637,5.809475019311125,5.035871324805669,10.0,5.70087712549569,9.80612053770501,3.559026084010437,24.124676163629637,5.075431016179809,11.408768557561329,16.718253497300488,
3.559026084010437,3.559026084010437,3.559026084010437,3.559026084010437,3.559026084010437,3.559026084010437,3.559026084010437,3.559026084010437,3.559026084010437,3.559026084010437,3.559026084010437,3.559026084010437,10.63686312513502,6.446359868604572,5.5805785670356025,17.531685600648903,15.588457268119896,9.80612053770501,5.035871324805669,12.607934009979589,10.730463976122241,15.604486534327235,11.973303637676612,18.51125783588643,
3.559026084010437,3.559026084010437,3.559026084010437,3.559026084010437,3.559026084010437,3.559026084010437,3.559026084010437,3.559026084010437,3.559026084010437,3.559026084010437,3.559026084010437,3.559026084010437,18.583146486355137,4.203173404306164,3.559026084010437,24.124676163629637,14.905032707109367,17.131841699011815,19.374209661299737,10.770329614269007,15.491933384829668,9.99999999E8,4.840306956027833,12.073110618229256,
3.559026084010437,3.559026084010437,3.559026084010437,3.559026084010437,3.559026084010437,3.559026084010437,3.559026084010437,3.559026084010437,3.559026084010437,3.559026084010437,3.559026084010437,3.559026084010437,5.5805785670356025,14.79729705047513,9.80612053770501,10.173494974687902,4.707440918375928,39.0,5.606119105813881,24.124676163629637,11.86029791643813,17.621010186706094,26.318561257535844,12.747548783981962,
3.559026084010437,3.559026084010437,3.559026084010437,3.559026084010437,3.559026084010437,3.559026084010437,3.559026084010437,3.559026084010437,3.559026084010437,3.559026084010437,3.559026084010437,3.559026084010437,3.559026084010437,17.72004514666935,5.035871324805669,5.035871324805669,26.318561257535844,19.748417658131498,8.588364221433556,5.035871324805669,3.559026084010437,19.748417658131498,25.65151067676132,38.0,
3.559026084010437,3.559026084010437,3.559026084010437,3.559026084010437,3.559026084010437,3.559026084010437,3.559026084010437,3.559026084010437,3.559026084010437,3.559026084010437,3.559026084010437,3.559026084010437,16.718253497300488,26.318561257535844,11.022703842524301,16.718253497300488,9.99999999E8,5.894913061275798,3.559026084010437,14.579437574886077,24.252010225958593,9.80612053770501,25.622255950637914,17.621010186706094,
3.559026084010437,3.559026084010437,3.559026084010437,3.559026084010437,3.559026084010437,3.559026084010437,3.559026084010437,3.559026084010437,3.559026084010437,3.559026084010437,3.559026084010437,3.559026084010437,3.559026084010437,16.663332999933317,3.559026084010437,16.36052158907737,10.376254944182254,4.203173404306164,11.40175425099138,27.0,15.588457268119896,9.80612053770501,16.718253497300488,13.92838827718412,
3.559026084010437,3.559026084010437,3.559026084010437,3.559026084010437,3.559026084010437,3.559026084010437,3.559026084010437,3.559026084010437,3.559026084010437,3.559026084010437,3.559026084010437,3.559026084010437,11.973303637676612,16.1245154965971,5.678908345800274,5.70087712549569,5.70087712549569,5.1269595556932455,15.604486534327235,3.559026084010437,12.055427546683417,3.559026084010437,15.604486534327235,24.34474618201362,
3.559026084010437,3.559026084010437,3.559026084010437,3.559026084010437,3.559026084010437,3.559026084010437,3.559026084010437,3.559026084010437,3.559026084010437,3.559026084010437,3.559026084010437,3.559026084010437,20.211382931407737,9.80612053770501,5.70087712549569,34.02939905434711,5.398412465054624,24.124676163629637,14.147791347061917,5.035871324805669,9.80612053770501,6.757711644237764,29.223278392404914,31.76476034853718,
3.559026084010437,3.559026084010437,3.559026084010437,3.559026084010437,3.559026084010437,3.559026084010437,3.559026084010437,3.559026084010437,3.559026084010437,3.559026084010437,3.559026084010437,3.559026084010437,15.184202316881846,17.621010186706094,6.892024376045111,5.715476066494082,10.614455552060438,17.72004514666935,9.797958971132712,26.318561257535844,9.80612053770501,16.990193249832878,24.124676163629637,5.075431016179809,
3.559026084010437,3.559026084010437,3.559026084010437,3.559026084010437,3.559026084010437,3.559026084010437,3.559026084010437,3.559026084010437,3.559026084010437,3.559026084010437,3.559026084010437,3.559026084010437,5.035871324805669,7.32575365861197,9.10823802938856,15.604486534327235,14.79729705047513,10.63686312513502,18.694919095839918,26.209921785461322,22.0,24.866309202077684,18.721645226849056,16.355427233796124,
3.559026084010437,3.559026084010437,3.559026084010437,3.559026084010437,3.559026084010437,3.559026084010437,3.559026084010437,3.559026084010437,3.559026084010437,3.559026084010437,3.559026084010437,3.559026084010437,5.1269595556932455,7.467261881037788,15.247950681976906,11.973303637676612,9.195651146058118,16.718253497300488,3.559026084010437,34.0,20.481699148264042,3.559026084010437,5.809475019311125,16.51262143533445,
3.559026084010437,3.559026084010437,3.559026084010437,3.559026084010437,3.559026084010437,3.559026084010437,3.559026084010437,3.559026084010437,3.559026084010437,3.559026084010437,3.559026084010437,3.559026084010437,3.559026084010437,17.8165252344157,24.124676163629637,22.0,16.718253497300488,3.559026084010437,5.398412465054624,9.99999999E8,17.72004514666935,19.748417658131498,15.491933384829668,19.748417658131498,
3.559026084010437,3.559026084010437,3.559026084010437,3.559026084010437,3.559026084010437,3.559026084010437,3.559026084010437,3.559026084010437,3.559026084010437,3.559026084010437,3.559026084010437,3.559026084010437,5.035871324805669,20.211382931407737,10.456258094238748,3.559026084010437,10.456258094238748,24.124676163629637,3.559026084010437,5.1269595556932455,11.86029791643813,6.236095644623235,5.398412465054624,16.1245154965971,
3.559026084010437,3.559026084010437,3.559026084010437,3.559026084010437,3.559026084010437,3.559026084010437,3.559026084010437,3.559026084010437,3.559026084010437,3.559026084010437,3.559026084010437,3.559026084010437,11.86029791643813,29.337120967584166,9.99999999E8,10.173494974687902,12.055427546683417,5.398412465054624,24.124676163629637,26.353367906208877,24.124676163629637,29.337120967584166,17.38275007011261,14.713938969562161,
3.559026084010437,3.559026084010437,3.559026084010437,3.559026084010437,3.559026084010437,3.559026084010437,3.559026084010437,3.559026084010437,3.559026084010437,3.559026084010437,3.559026084010437,3.559026084010437,3.559026084010437,10.41633332799983,39.0,17.621010186706094,3.559026084010437,38.0,10.376254944182254,11.973303637676612,16.65412861725284,16.1245154965971,5.70087712549569,3.559026084010437,
3.559026084010437,3.559026084010437,3.559026084010437,3.559026084010437,3.559026084010437,3.559026084010437,3.559026084010437,3.559026084010437,3.559026084010437,3.559026084010437,3.559026084010437,3.559026084010437,9.80612053770501,15.378556499229699,16.1245154965971,11.538754575033526,14.212670403551895,9.80612053770501,12.179217270963408,9.80612053770501,26.318561257535844,9.974968671630002,13.92838827718412,17.621010186706094,
3.559026084010437,3.559026084010437,3.559026084010437,3.559026084010437,3.559026084010437,3.559026084010437,3.559026084010437,3.559026084010437,3.559026084010437,3.559026084010437,3.559026084010437,3.559026084010437,5.075431016179809,16.446884203398525,8.211490207542807,6.548960901462833,11.434596626029272,12.489995996796797,3.559026084010437,3.9370039370059056,26.19160170741759,8.396427811873332,10.456258094238748,12.786711852544421,
3.559026084010437,3.559026084010437,3.559026084010437,3.559026084010437,3.559026084010437,3.559026084010437,3.559026084010437,3.559026084010437,3.559026084010437,3.559026084010437,3.559026084010437,3.559026084010437,16.718253497300488,25.544079548889602,3.559026084010437,4.840306956027833,20.049937655763422,12.006664815842907,6.446359868604572,5.715476066494082,15.491933384829668,26.19160170741759,10.739335795724674,25.768197453450252,
3.559026084010437,3.559026084010437,3.559026084010437,3.559026084010437,3.559026084010437,3.559026084010437,3.559026084010437,3.559026084010437,3.559026084010437,3.559026084010437,3.559026084010437,3.559026084010437,6.757711644237764,3.559026084010437,10.263202878893768,3.559026084010437,4.840306956027833,10.614455552060438,11.973303637676612,14.332779612781724,10.941402365066633,39.0,3.559026084010437,9.80612053770501,
3.559026084010437,3.559026084010437,3.559026084010437,3.559026084010437,3.559026084010437,3.559026084010437,3.559026084010437,3.559026084010437,3.559026084010437,3.559026084010437,3.559026084010437,3.559026084010437,12.006664815842907,20.133554082675023,33.980386499665755,11.40175425099138,13.65911521920174,3.559026084010437,33.95094500402996,17.72004514666935,16.718253497300488,16.20185174601965,9.80612053770501,3.559026084010437,
3.559026084010437,3.559026084010437,3.559026084010437,3.559026084010437,3.559026084010437,3.559026084010437,3.559026084010437,3.559026084010437,3.559026084010437,3.559026084010437,3.559026084010437,3.559026084010437,14.79729705047513,9.80612053770501,22.0,9.80612053770501,19.06567596493762,11.86029791643813,9.80612053770501,12.994504332876375,3.559026084010437,3.559026084010437,3.559026084010437,26.318561257535844,
