64.01952827067691,55.26501806950055,38.50092190655077,29.3501034313096,55.520266569965244,47.27113284024406,60.54221667563883,23.441416339462084,61.53499456045767,9.99999999E8,60.609405210742665,43.21044847190153,47.03360500748375,73.3441204187493,44.76924965068897,20.409801566894277,22.43721398544328,82.63994191672691,49.74825513411389,53.979255274596,88.93818077743664,45.630691425837504,25.602734228984215,69.12307863514182,
20.409801566894277,22.43721398544328,23.441416339462084,25.602734228984215,29.3501034313096,38.50092190655077,43.21044847190153,44.76924965068897,45.630691425837504,47.03360500748375,47.27113284024406,49.74825513411389,46.481776596377586,68.26829425143124,44.67537228595738,54.33756921846457,36.013886210738214,55.04803097555547,41.77918141850077,76.85154520242257,34.72339680552992,25.787354542895393,25.602734228984215,97.88542054645092,
20.409801566894277,22.43721398544328,23.441416339462084,25.602734228984215,25.602734228984215,25.787354542895393,29.3501034313096,34.72339680552992,36.013886210738214,38.50092190655077,41.77918141850077,43.21044847190153,47.56949803032551,39.78064856183217,37.361596444596536,64.38857731685712,28.570089254323307,37.361596444596536,20.200237295063133,9.99999999E8,50.08492787256461,56.23660334297899,33.46442541857011,97.88542054645092,
20.200237295063133,20.409801566894277,22.43721398544328,23.441416339462084,25.602734228984215,25.602734228984215,25.787354542895393,28.570089254323307,29.3501034313096,33.46442541857011,34.72339680552992,36.013886210738214,57.75316936262954,41.8568990729127,50.091345132097,45.014283447431595,27.84281275701545,73.3441204187493,36.41733408999377,29.927484374528618,19.924858845171276,41.970227542866624,74.0,47.16608951354776,
19.924858845171276,20.200237295063133,20.409801566894277,22.43721398544328,23.441416339462084,25.602734228984215,25.602734228984215,25.787354542895393,27.84281275701545,28.570089254323307,29.3501034313096,29.927484374528618,54.44409977215162,43.368849913931804,73.3441204187493,23.21098877687032,52.92027546749502,60.54221667563883,23.07466142763529,72.11102550927978,55.097316501933975,24.776355030452752,25.194778417444603,23.922493897704612,
19.924858845171276,20.200237295063133,20.409801566894277,22.43721398544328,23.07466142763529,23.21098877687032,23.441416339462084,23.922493897704612,24.776355030452752,25.194778417444603,25.602734228984215,25.602734228984215,59.549643155941745,27.438820836342234,32.22724067186507,97.88542054645092,25.281228132109575,21.634232133357543,27.010286106510527,46.0,19.390719429665317,35.99206261703504,9.99999999E8,50.76275349956051,
19.390719429665317,19.924858845171276,20.200237295063133,20.409801566894277,21.634232133357543,22.43721398544328,23.07466142763529,23.21098877687032,23.441416339462084,23.922493897704612,24.776355030452752,25.194778417444603,46.68438816955227,8.178562764256865,33.62869145371091,26.0,27.839540226088502,20.999016112331322,67.03398806244155,73.3441204187493,44.49594238679398,49.58790175032616,19.64281038955475,47.2924034975114,
8.178562764256865,19.390719429665317,19.64281038955475,19.924858845171276,20.200237295063133,20.409801566894277,20.999016112331322,21.634232133357543,22.43721398544328,23.07466142763529,23.21098877687032,23.441416339462084,70.11533355835938,20.725722075613085,56.16546981909792,28.8771343607514,20.64668773158819,97.88542054645092,97.88542054645092,32.90727714182516,61.635703938545234,36.46916505762094,33.19471176089482,31.03045099396541,
8.178562764256865,19.390719429665317,19.64281038955475,19.924858845171276,20.200237295063133,20.409801566894277,20.64668773158819,20.725722075613085,20.999016112331322,21.634232133357543,22.43721398544328,23.07466142763529,21.77245966812202,34.73550856912211,68.98953221725421,43.57241737103366,58.63067077524831,25.16366182699191,45.40660744869628,36.69845854397882,36.69845854397882,20.409801566894277,8.178562764256865,27.475241379993168,
8.178562764256865,8.178562764256865,19.390719429665317,19.64281038955475,19.924858845171276,20.200237295063133,20.409801566894277,20.409801566894277,20.64668773158819,20.725722075613085,20.999016112331322,21.634232133357543,22.26856279351878,20.409801566894277,54.83156025502101,45.194689953577516,42.97156682686303,20.970455407548975,16.295875415440424,39.43207943906698,60.61352984276695,49.26024186472726,45.00793580819149,66.70832032063167,
8.178562764256865,8.178562764256865,16.295875415440424,19.390719429665317,19.64281038955475,19.924858845171276,20.200237295063133,20.409801566894277,20.409801566894277,20.409801566894277,20.64668773158819,20.725722075613085,61.635703938545234,20.409801566894277,54.8771354937555,34.631777315061385,62.69680126520721,25.124136248281694,97.88542054645092,18.605375567292374,97.88542054645092,60.54221667563883,73.32727247681375,26.5497436689865,
8.178562764256865,8.178562764256865,16.295875415440424,18.605375567292374,19.390719429665317,19.64281038955475,19.924858845171276,20.200237295063133,20.409801566894277,20.409801566894277,20.409801566894277,20.409801566894277,76.16101364871662,4.898979485566356,46.383532624902905,32.23740063962974,9.99999999E8,20.970455407548975,25.740462866301154,28.106938645110393,16.773789077009404,8.178562764256865,47.23303928395885,97.88542054645092,
4.898979485566356,8.178562764256865,8.178562764256865,8.178562764256865,16.295875415440424,16.773789077009404,18.605375567292374,19.390719429665317,19.64281038955475,19.924858845171276,20.200237295063133,20.409801566894277,8.178562764256865,85.30859016274712,19.37065363435685,8.178562764256865,20.069016719778908,25.181317785852645,45.09279321576786,42.94440850939994,52.1344415909483,43.12109195542909,31.531730050855124,82.13403679352427,
4.898979485566356,8.178562764256865,8.178562764256865,8.178562764256865,8.178562764256865,8.178562764256865,16.295875415440424,16.773789077009404,18.605375567292374,19.37065363435685,19.390719429665317,19.64281038955475,33.68233958619858,8.178562764256865,16.773789077009404,21.638443156156644,27.387931017732953,21.257678351336697,67.03398806244155,59.0668171555645,64.81426454792872,18.748333259252675,23.441416339462084,104.0,
4.898979485566356,8.178562764256865,8.178562764256865,8.178562764256865,8.178562764256865,8.178562764256865,8.178562764256865,16.295875415440424,16.773789077009404,16.773789077009404,18.605375567292374,18.748333259252675,32.513733362117264,34.09138046812159,26.948510575210314,32.77956680616753,88.0,59.85398900658168,8.178562764256865,104.0,8.178562764256865,21.638443156156644,44.458648523897224,60.18720794321664,
4.898979485566356,8.178562764256865,8.178562764256865,8.178562764256865,8.178562764256865,8.178562764256865,8.178562764256865,8.178562764256865,8.178562764256865,16.295875415440424,16.773789077009404,16.773789077009404,57.21197319218426,34.0147027033899,23.441416339462084,67.99529395480248,18.748333259252675,18.605375567292374,74.0,8.178562764256865,104.0,8.178562764256865,22.31342396157275,8.178562764256865,
4.898979485566356,8.178562764256865,8.178562764256865,8.178562764256865,8.178562764256865,8.178562764256865,8.178562764256865,8.178562764256865,8.178562764256865,8.178562764256865,8.178562764256865,8.178562764256865,8.178562764256865,52.279468791705,63.105354085732806,44.327067226344774,34.27178950033913,32.96209944769902,21.103554203024665,102.05989526852466,85.30859016274712,39.684869772860395,31.22098653149833,21.644860821913362,
4.898979485566356,8.178562764256865,8.178562764256865,8.178562764256865,8.178562764256865,8.178562764256865,8.178562764256865,8.178562764256865,8.178562764256865,8.178562764256865,8.178562764256865,8.178562764256865,102.05989526852466,61.0182122175193,49.492984912566705,74.31016081263719,49.92995093127971,8.178562764256865,104.0,60.71704867662789,32.22049037491516,35.0317316474967,51.577342139957366,23.441416339462084,
4.898979485566356,8.178562764256865,8.178562764256865,8.178562764256865,8.178562764256865,8.178562764256865,8.178562764256865,8.178562764256865,8.178562764256865,8.178562764256865,8.178562764256865,8.178562764256865,8.178562764256865,9.99999999E8,8.178562764256865,8.178562764256865,75.0,45.65632486304608,8.178562764256865,30.406505151949897,8.178562764256865,104.0,27.82373087851448,37.72119946248911,
4.898979485566356,8.178562764256865,8.178562764256865,8.178562764256865,8.178562764256865,8.178562764256865,8.178562764256865,8.178562764256865,8.178562764256865,8.178562764256865,8.178562764256865,8.178562764256865,35.3064188197634,50.84289527554464,8.178562764256865,105.0,35.58314207598873,8.178562764256865,8.178562764256865,8.178562764256865,26.0,9.99999999E8,38.903727327853815,74.31016081263719,
4.898979485566356,8.178562764256865,8.178562764256865,8.178562764256865,8.178562764256865,8.178562764256865,8.178562764256865,8.178562764256865,8.178562764256865,8.178562764256865,8.178562764256865,8.178562764256865,8.178562764256865,26.0,8.178562764256865,15.712698332523567,8.178562764256865,46.0,31.520716291917537,39.684869772860395,8.178562764256865,8.178562764256865,27.82373087851448,62.47367445572576,
4.898979485566356,8.178562764256865,8.178562764256865,8.178562764256865,8.178562764256865,8.178562764256865,8.178562764256865,8.178562764256865,8.178562764256865,8.178562764256865,8.178562764256865,8.178562764256865,9.99999999E8,23.33452377915607,21.644860821913362,74.31016081263719,26.860752037126584,60.0291595809903,46.021733996015406,13.888444437333106,8.178562764256865,23.441416339462084,26.0,102.05989526852466,
4.898979485566356,8.178562764256865,8.178562764256865,8.178562764256865,8.178562764256865,8.178562764256865,8.178562764256865,8.178562764256865,8.178562764256865,8.178562764256865,8.178562764256865,8.178562764256865,55.187990411993496,31.523800532296228,19.601587237318874,79.41662294507366,26.0,8.178562764256865,23.441416339462084,36.13466875058198,8.178562764256865,53.165509764991704,14.68721504282843,8.178562764256865,
4.898979485566356,8.178562764256865,8.178562764256865,8.178562764256865,8.178562764256865,8.178562764256865,8.178562764256865,8.178562764256865,8.178562764256865,8.178562764256865,8.178562764256865,8.178562764256865,46.0,8.178562764256865,97.88542054645092,56.16839759944099,55.42763049438631,97.88542054645092,8.178562764256865,71.9444229944198,8.178562764256865,39.684869772860395,15.588457268119896,8.178562764256865,
4.898979485566356,8.178562764256865,8.178562764256865,8.178562764256865,8.178562764256865,8.178562764256865,8.178562764256865,8.178562764256865,8.178562764256865,8.178562764256865,8.178562764256865,8.178562764256865,74.0,8.178562764256865,78.2467890715012,41.0,60.0291595809903,66.36083182118801,97.88542054645092,8.178562764256865,44.409708648247424,38.762868830879896,8.178562764256865,8.178562764256865,
4.898979485566356,8.178562764256865,8.178562764256865,8.178562764256865,8.178562764256865,8.178562764256865,8.178562764256865,8.178562764256865,8.178562764256865,8.178562764256865,8.178562764256865,8.178562764256865,8.178562764256865,8.178562764256865,66.6569040470892,8.178562764256865,23.441416339462084,26.0,58.48213402399061,55.03231373979796,57.927157323275885,48.55413609808545,8.178562764256865,31.47220996371243,
4.898979485566356,8.178562764256865,8.178562764256865,8.178562764256865,8.178562764256865,8.178562764256865,8.178562764256865,8.178562764256865,8.178562764256865,8.178562764256865,8.178562764256865,8.178562764256865,8.178562764256865,8.178562764256865,8.178562764256865,56.88145567757562,8.178562764256865,44.327067226344774,8.178562764256865,31.541859312489635,78.2467890715012,49.92995093127971,72.51551558114994,33.51450763806955,
4.898979485566356,8.178562764256865,8.178562764256865,8.178562764256865,8.178562764256865,8.178562764256865,8.178562764256865,8.178562764256865,8.178562764256865,8.178562764256865,8.178562764256865,8.178562764256865,55.213766399331966,66.68749674580852,44.015451832282714,58.259419839198536,8.178562764256865,8.178562764256865,23.441416339462084,26.0,7.7781745930520225,42.02248075600593,60.91445993006446,83.82422084338154,
4.898979485566356,7.7781745930520225,8.178562764256865,8.178562764256865,8.178562764256865,8.178562764256865,8.178562764256865,8.178562764256865,8.178562764256865,8.178562764256865,8.178562764256865,8.178562764256865,75.0,37.912530909977505,46.69628689603214,39.43207943906698,8.178562764256865,8.178562764256865,29.895651857753496,32.3375058672478,102.05989526852466,25.773047937719745,12.398156544998361,8.178562764256865,
4.898979485566356,7.7781745930520225,8.178562764256865,8.178562764256865,8.178562764256865,8.178562764256865,8.178562764256865,8.178562764256865,8.178562764256865,8.178562764256865,8.178562764256865,8.178562764256865,26.0,36.34752890008971,41.0,75.0,75.91771861693421,35.62597193822521,104.0,60.303991812909274,94.1089793802908,35.2845575287547,40.90503908104993,55.1140232205521,
4.898979485566356,7.7781745930520225,8.178562764256865,8.178562764256865,8.178562764256865,8.178562764256865,8.178562764256865,8.178562764256865,8.178562764256865,8.178562764256865,8.178562764256865,8.178562764256865,41.0,29.24653825668946,97.88542054645092,46.0,26.0,8.178562764256865,26.0,45.72701608458615,41.63832369344376,31.47220996371243,74.0,44.64862819841165,
4.898979485566356,7.7781745930520225,8.178562764256865,8.178562764256865,8.178562764256865,8.178562764256865,8.178562764256865,8.178562764256865,8.178562764256865,8.178562764256865,8.178562764256865,8.178562764256865,24.84236013632475,32.58303731986406,26.0,44.64862819841165,39.43207943906698,23.054283766797006,46.850400211737785,20.970455407548975,41.0,41.0,60.54221667563883,8.178562764256865,
4.898979485566356,7.7781745930520225,8.178562764256865,8.178562764256865,8.178562764256865,8.178562764256865,8.178562764256865,8.178562764256865,8.178562764256865,8.178562764256865,8.178562764256865,8.178562764256865,8.178562764256865,8.178562764256865,75.0,8.178562764256865,54.12356233656465,78.2467890715012,8.178562764256865,8.178562764256865,21.644860821913362,27.504545078950134,41.0,17.518244457961217,
4.898979485566356,7.7781745930520225,8.178562764256865,8.178562764256865,8.178562764256865,8.178562764256865,8.178562764256865,8.178562764256865,8.178562764256865,8.178562764256865,8.178562764256865,8.178562764256865,55.68790584267698,41.0,12.215654801205796,78.2467890715012,26.48112535373072,97.88542054645092,83.82422084338154,46.0,97.88542054645092,17.363755354185336,92.39859306288164,56.16839759944099,
4.898979485566356,7.7781745930520225,8.178562764256865,8.178562764256865,8.178562764256865,8.178562764256865,8.178562764256865,8.178562764256865,8.178562764256865,8.178562764256865,8.178562764256865,8.178562764256865,49.480154752038864,71.24436819847587,33.2108416033078,56.88145567757562,78.2467890715012,21.103554203024665,23.441416339462084,23.005434140654682,55.42763049438631,27.56374430297887,41.0,97.88542054645092,
4.898979485566356,7.7781745930520225,8.178562764256865,8.178562764256865,8.178562764256865,8.178562764256865,8.178562764256865,8.178562764256865,8.178562764256865,8.178562764256865,8.178562764256865,8.178562764256865,8.178562764256865,39.642149285829596,8.178562764256865,31.541859312489635,26.0,49.71633821707192,33.38995191504308,45.84272631023983,8.178562764256865,9.99999999E8,8.178562764256865,31.47220996371243,
4.898979485566356,7.7781745930520225,8.178562764256865,8.178562764256865,8.178562764256865,8.178562764256865,8.178562764256865,8.178562764256865,8.178562764256865,8.178562764256865,8.178562764256865,8.178562764256865,21.644860821913362,41.0,27.748873851023216,41.0,38.762868830879896,27.82373087851448,49.480154752038864,9.99999999E8,24.510516765232946,49.82859509246562,8.178562764256865,8.178562764256865,
4.898979485566356,7.7781745930520225,8.178562764256865,8.178562764256865,8.178562764256865,8.178562764256865,8.178562764256865,8.178562764256865,8.178562764256865,8.178562764256865,8.178562764256865,8.178562764256865,8.178562764256865,35.99652761031264,55.27657731806484,41.0,41.0,52.230259428802384,55.7005884668695,8.178562764256865,8.178562764256865,64.81426454792872,55.7005884668695,67.17307661721489,
4.898979485566356,7.7781745930520225,8.178562764256865,8.178562764256865,8.178562764256865,8.178562764256865,8.178562764256865,8.178562764256865,8.178562764256865,8.178562764256865,8.178562764256865,8.178562764256865,7.7781745930520225,58.57439713731589,44.64862819841165,31.541859312489635,8.178562764256865,34.232682384088406,8.178562764256865,51.86092513208336,54.53031776503376,75.18084862516517,26.0,32.22049037491516,
4.898979485566356,7.7781745930520225,7.7781745930520225,8.178562764256865,8.178562764256865,8.178562764256865,8.178562764256865,8.178562764256865,8.178562764256865,8.178562764256865,8.178562764256865,8.178562764256865,26.012304780622575,51.86092513208336,85.30859016274712,42.1841202349889,8.178562764256865,8.0,29.257477676655586,18.748333259252675,97.88542054645092,17.745108872274887,8.178562764256865,17.931970208417017,
4.898979485566356,7.7781745930520225,7.7781745930520225,8.0,8.178562764256865,8.178562764256865,8.178562764256865,8.178562764256865,8.178562764256865,8.178562764256865,8.178562764256865,8.178562764256865,41.0,44.67537228595738,7.7781745930520225,29.63273131913592,31.568338568888926,8.178562764256865,28.081231375343133,46.0,4.898979485566356,45.00833256187125,56.16839759944099,12.398156544998361,
4.898979485566356,4.898979485566356,7.7781745930520225,7.7781745930520225,7.7781745930520225,8.0,8.178562764256865,8.178562764256865,8.178562764256865,8.178562764256865,8.178562764256865,8.178562764256865,7.7781745930520225,18.605375567292374,8.178562764256865,49.58790175032616,60.02406924633558,39.99374951164244,19.955506062794353,35.57286285117591,14.68721504282843,34.777866524558405,49.480154752038864,15.712698332523567,
4.898979485566356,4.898979485566356,7.7781745930520225,7.7781745930520225,7.7781745930520225,7.7781745930520225,8.0,8.178562764256865,8.178562764256865,8.178562764256865,8.178562764256865,8.178562764256865,9.99999999E8,31.568338568888926,26.0,20.409801566894277,4.59813626840888,50.284192347098504,37.361596444596536,20.970455407548975,23.441416339462084,54.945427471264615,37.29909143963459,7.7781745930520225,
4.59813626840888,4.898979485566356,4.898979485566356,7.7781745930520225,7.7781745930520225,7.7781745930520225,7.7781745930520225,7.7781745930520225,8.0,8.178562764256865,8.178562764256865,8.178562764256865,35.14239112981625,28.491402211895434,12.398156544998361,34.631777315061385,88.0,38.903727327853815,4.898979485566356,31.541859312489635,8.0,53.01781671182707,4.898979485566356,14.071247279470288,
4.59813626840888,4.898979485566356,4.898979485566356,4.898979485566356,4.898979485566356,7.7781745930520225,7.7781745930520225,7.7781745930520225,7.7781745930520225,7.7781745930520225,8.0,8.0,34.631777315061385,8.0,39.642149285829596,4.898979485566356,7.7781745930520225,82.13403679352427,42.487906776190115,47.168727870156616,25.829108717546898,36.09016486523718,39.642149285829596,36.64014192112252,
4.59813626840888,4.898979485566356,4.898979485566356,4.898979485566356,4.898979485566356,4.898979485566356,7.7781745930520225,7.7781745930520225,7.7781745930520225,7.7781745930520225,7.7781745930520225,7.7781745930520225,7.7781745930520225,58.9406481131655,49.70771713584464,24.75800229594364,52.62603918213872,52.64239947249956,19.64351721548464,14.68721504282843,8.768630958643937,59.0668171555645,16.729880121772805,12.398156544998361,
4.59813626840888,4.898979485566356,4.898979485566356,4.898979485566356,4.898979485566356,4.898979485566356,7.7781745930520225,7.7781745930520225,7.7781745930520225,7.7781745930520225,7.7781745930520225,7.7781745930520225,32.30656722269151,79.41662294507366,74.0,55.036351623268054,4.898979485566356,28.794840807735977,39.33474573735316,39.642149285829596,39.34321909667394,74.31016081263719,48.321837713398274,12.398156544998361,
4.59813626840888,4.898979485566356,4.898979485566356,4.898979485566356,4.898979485566356,4.898979485566356,4.898979485566356,7.7781745930520225,7.7781745930520225,7.7781745930520225,7.7781745930520225,7.7781745930520225,4.59813626840888,39.99374951164244,12.215654801205796,8.768630958643937,45.40660744869628,32.89376840679705,82.13403679352427,14.68721504282843,59.0668171555645,30.811686094727108,64.23783931609157,14.68721504282843,
4.59813626840888,4.59813626840888,4.898979485566356,4.898979485566356,4.898979485566356,4.898979485566356,4.898979485566356,4.898979485566356,7.7781745930520225,7.7781745930520225,7.7781745930520225,7.7781745930520225,17.931970208417017,75.0,39.642149285829596,13.888444437333106,35.57286285117591,17.814600753314682,39.684869772860395,59.0668171555645,41.71197536546176,54.07180411267965,4.59813626840888,31.5999296764337,
4.59813626840888,4.59813626840888,4.59813626840888,4.898979485566356,4.898979485566356,4.898979485566356,4.898979485566356,4.898979485566356,4.898979485566356,7.7781745930520225,7.7781745930520225,7.7781745930520225,92.37965143904798,8.768630958643937,63.15853069855251,50.41541714311492,53.01781671182707,7.7781745930520225,4.59813626840888,52.625394048552565,4.898979485566356,22.857935320159427,35.57286285117591,75.0,
4.59813626840888,4.59813626840888,4.59813626840888,4.59813626840888,4.898979485566356,4.898979485566356,4.898979485566356,4.898979485566356,4.898979485566356,4.898979485566356,4.898979485566356,7.7781745930520225,46.850400211737785,10.64706532336493,38.903727327853815,4.898979485566356,23.22474733746072,26.860752037126584,56.414143222737636,4.898979485566356,41.04701137546,4.59813626840888,34.781460578877365,47.428894146922715,
4.59813626840888,4.59813626840888,4.59813626840888,4.59813626840888,4.59813626840888,4.898979485566356,4.898979485566356,4.898979485566356,4.898979485566356,4.898979485566356,4.898979485566356,4.898979485566356,4.898979485566356,6.2048368229954285,27.952817389308006,8.576453553512405,56.414143222737636,4.59813626840888,20.970455407548975,44.671641514002545,75.71987849963838,19.963967541548445,28.32941149327948,58.9406481131655,
4.59813626840888,4.59813626840888,4.59813626840888,4.59813626840888,4.59813626840888,4.59813626840888,4.898979485566356,4.898979485566356,4.898979485566356,4.898979485566356,4.898979485566356,4.898979485566356,53.01781671182707,25.5321148534329,8.768630958643937,64.56392181396666,59.13121003328107,4.898979485566356,4.898979485566356,97.88542054645092,15.606266547626166,14.68721504282843,31.92003898633097,97.88542054645092,
4.59813626840888,4.59813626840888,4.59813626840888,4.59813626840888,4.59813626840888,4.59813626840888,4.898979485566356,4.898979485566356,4.898979485566356,4.898979485566356,4.898979485566356,4.898979485566356,53.01781671182707,50.41541714311492,36.88979727319117,59.0668171555645,42.444080859408416,30.164048509528808,15.606266547626166,53.01781671182707,4.59813626840888,20.947384070768457,33.12642449767255,74.31016081263719,
4.59813626840888,4.59813626840888,4.59813626840888,4.59813626840888,4.59813626840888,4.59813626840888,4.59813626840888,4.898979485566356,4.898979485566356,4.898979485566356,4.898979485566356,4.898979485566356,58.9406481131655,11.190273554396345,8.768630958643937,74.09790820259369,59.0668171555645,23.816427570528337,55.88828141927429,4.898979485566356,74.0,64.56392181396666,29.36929613653612,25.583197610932064,
4.59813626840888,4.59813626840888,4.59813626840888,4.59813626840888,4.59813626840888,4.59813626840888,4.59813626840888,4.898979485566356,4.898979485566356,4.898979485566356,4.898979485566356,4.898979485566356,74.31016081263719,4.59813626840888,17.931970208417017,12.078447287995626,12.078447287995626,13.888444437333106,59.0668171555645,55.65968020030299,38.903727327853815,34.12477106150311,59.83727934991697,32.56624018826859,
4.59813626840888,4.59813626840888,4.59813626840888,4.59813626840888,4.59813626840888,4.59813626840888,4.59813626840888,4.59813626840888,4.898979485566356,4.898979485566356,4.898979485566356,4.898979485566356,8.768630958643937,31.237157361066004,13.888444437333106,13.888444437333106,55.65968020030299,43.583253664681806,39.642149285829596,24.170689320377733,8.768630958643937,11.135528725660043,57.0,7.7781745930520225,
4.59813626840888,4.59813626840888,4.59813626840888,4.59813626840888,4.59813626840888,4.59813626840888,4.59813626840888,4.59813626840888,4.898979485566356,4.898979485566356,4.898979485566356,4.898979485566356,55.88828141927429,4.59813626840888,8.576453553512405,7.7781745930520225,4.898979485566356,74.31016081263719,26.676581490138503,4.59813626840888,13.888444437333106,97.88542054645092,26.977027263951822,14.071247279470288,
4.59813626840888,4.59813626840888,4.59813626840888,4.59813626840888,4.59813626840888,4.59813626840888,4.59813626840888,4.59813626840888,4.59813626840888,4.59813626840888,4.898979485566356,4.898979485566356,18.497567407634982,85.30859016274712,52.598056575842755,50.41541714311492,4.59813626840888,16.773789077009404,30.646531231824753,11.190273554396345,24.27447218787671,26.977027263951822,58.46271366340164,8.576453553512405,
4.59813626840888,4.59813626840888,4.59813626840888,4.59813626840888,4.59813626840888,4.59813626840888,4.59813626840888,4.59813626840888,4.59813626840888,4.59813626840888,4.59813626840888,4.898979485566356,43.3192284736877,54.66772356701896,17.931970208417017,47.428894146922715,4.59813626840888,66.57326790837296,27.952817389308006,4.59813626840888,43.79680353633128,36.88979727319117,4.59813626840888,4.59813626840888,
4.59813626840888,4.59813626840888,4.59813626840888,4.59813626840888,4.59813626840888,4.59813626840888,4.59813626840888,4.59813626840888,4.59813626840888,4.59813626840888,4.59813626840888,4.59813626840888,47.428894146922715,53.01781671182707,88.0,23.251666606933792,82.13403679352427,4.59813626840888,8.576453553512405,55.88828141927429,24.407258873422997,15.606266547626166,25.5321148534329,19.067132861433453,
4.59813626840888,4.59813626840888,4.59813626840888,4.59813626840888,4.59813626840888,4.59813626840888,4.59813626840888,4.59813626840888,4.59813626840888,4.59813626840888,4.59813626840888,4.59813626840888,4.59813626840888,32.264531609803356,51.97649041206568,55.88828141927429,17.931970208417017,75.0,18.76166303929372,74.31016081263719,4.59813626840888,4.59813626840888,4.59813626840888,4.59813626840888,
4.59813626840888,4.59813626840888,4.59813626840888,4.59813626840888,4.59813626840888,4.59813626840888,4.59813626840888,4.59813626840888,4.59813626840888,4.59813626840888,4.59813626840888,4.59813626840888,74.09790820259369,4.59813626840888,8.576453553512405,53.01781671182707,12.078447287995626,97.88542054645092,4.59813626840888,43.79680353633128,8.576453553512405,4.59813626840888,4.59813626840888,8.576453553512405,
4.59813626840888,4.59813626840888,4.59813626840888,4.59813626840888,4.59813626840888,4.59813626840888,4.59813626840888,4.59813626840888,4.59813626840888,4.59813626840888,4.59813626840888,4.59813626840888,8.576453553512405,4.59813626840888,74.31016081263719,25.829108717546898,8.576453553512405,34.12477106150311,4.59813626840888,17.931970208417017,52.9834879939024,75.0,31.237157361066004,4.59813626840888,
4.59813626840888,4.59813626840888,4.59813626840888,4.59813626840888,4.59813626840888,4.59813626840888,4.59813626840888,4.59813626840888,4.59813626840888,4.59813626840888,4.59813626840888,4.59813626840888,55.65968020030299,45.40660744869628,34.12477106150311,8.576453553512405,41.49096287144949,97.88542054645092,58.9406481131655,12.078447287995626,4.59813626840888,47.41044188783732,33.29950664585202,4.59813626840888,
4.59813626840888,4.59813626840888,4.59813626840888,4.59813626840888,4.59813626840888,4.59813626840888,4.59813626840888,4.59813626840888,4.59813626840888,4.59813626840888,4.59813626840888,4.59813626840888,38.00210520484359,4.59813626840888,59.0668171555645,4.59813626840888,75.0,19.41280873179208,44.327067226344774,4.59813626840888,74.0,4.59813626840888,19.963967541548445,64.56392181396666,
4.59813626840888,4.59813626840888,4.59813626840888,4.59813626840888,4.59813626840888,4.59813626840888,4.59813626840888,4.59813626840888,4.59813626840888,4.59813626840888,4.59813626840888,4.59813626840888,85.30859016274712,61.70704984035454,15.606266547626166,82.13403679352427,28.950993074504368,15.979987484350543,47.428894146922715,12.078447287995626,27.952817389308006,31.47220996371243,39.54603505901557,20.87486526902629,
4.59813626840888,4.59813626840888,4.59813626840888,4.59813626840888,4.59813626840888,4.59813626840888,4.59813626840888,4.59813626840888,4.59813626840888,4.59813626840888,4.59813626840888,4.59813626840888,11.190273554396345,15.606266547626166,43.583253664681806,97.88542054645092,4.59813626840888,45.40660744869628,75.0,58.91943652140608,46.416591861100706,8.576453553512405,4.59813626840888,4.59813626840888,
4.59813626840888,4.59813626840888,4.59813626840888,4.59813626840888,4.59813626840888,4.59813626840888,4.59813626840888,4.59813626840888,4.59813626840888,4.59813626840888,4.59813626840888,4.59813626840888,8.576453553512405,4.59813626840888,82.13403679352427,55.42763049438631,11.190273554396345,58.9406481131655,12.078447287995626,8.576453553512405,8.576453553512405,29.457766378325427,20.87486526902629,4.59813626840888,
4.59813626840888,4.59813626840888,4.59813626840888,4.59813626840888,4.59813626840888,4.59813626840888,4.59813626840888,4.59813626840888,4.59813626840888,4.59813626840888,4.59813626840888,4.59813626840888,97.88542054645092,52.62603918213872,64.56392181396666,8.576453553512405,49.70771713584464,11.190273554396345,4.59813626840888,4.59813626840888,53.01781671182707,61.48170459575759,4.59813626840888,61.635703938545234,
4.59813626840888,4.59813626840888,4.59813626840888,4.59813626840888,4.59813626840888,4.59813626840888,4.59813626840888,4.59813626840888,4.59813626840888,4.59813626840888,4.59813626840888,4.59813626840888,12.078447287995626,87.3053390247253,9.99999999E8,82.13403679352427,73.3441204187493,13.948476619330155,41.632319176332224,26.72612419124244,23.659247663440187,8.576453553512405,42.78517767371579,75.0,
4.59813626840888,4.59813626840888,4.59813626840888,4.59813626840888,4.59813626840888,4.59813626840888,4.59813626840888,4.59813626840888,4.59813626840888,4.59813626840888,4.59813626840888,4.59813626840888,82.13403679352427,47.428894146922715,44.41846462902562,61.48170459575759,18.905874715691738,4.59813626840888,44.671641514002545,36.908294761777086,34.14908490721237,42.87856607410547,20.797969986408663,17.931970208417017,
4.59813626840888,4.59813626840888,4.59813626840888,4.59813626840888,4.59813626840888,4.59813626840888,4.59813626840888,4.59813626840888,4.59813626840888,4.59813626840888,4.59813626840888,4.59813626840888,23.08137777516758,50.427065043376146,7.7781745930520225,15.606266547626166,59.0668171555645,4.59813626840888,42.87856607410547,4.59813626840888,97.88542054645092,4.59813626840888,42.444080859408416,16.773789077009404,
4.59813626840888,4.59813626840888,4.59813626840888,4.59813626840888,4.59813626840888,4.59813626840888,4.59813626840888,4.59813626840888,4.59813626840888,4.59813626840888,4.59813626840888,4.59813626840888,67.94745869314866,72.02468712570402,4.59813626840888,4.59813626840888,4.59813626840888,74.0,4.59813626840888,11.135528725660043,58.01053544160941,4.59813626840888,12.078447287995626,4.59813626840888,
4.59813626840888,4.59813626840888,4.59813626840888,4.59813626840888,4.59813626840888,4.59813626840888,4.59813626840888,4.59813626840888,4.59813626840888,4.59813626840888,4.59813626840888,4.59813626840888,4.59813626840888,35.57286285117591,4.59813626840888,97.88542054645092,37.09832495255971,11.135528725660043,42.84453665273619,47.54997371187496,25.406692031825003,53.83572897514915,66.57326790837296,11.190273554396345,
4.59813626840888,4.59813626840888,4.59813626840888,4.59813626840888,4.59813626840888,4.59813626840888,4.59813626840888,4.59813626840888,4.59813626840888,4.59813626840888,4.59813626840888,4.59813626840888,12.078447287995626,14.071247279470288,74.31016081263719,4.59813626840888,12.078447287995626,7.7781745930520225,9.213516640723501,8.576453553512405,4.59813626840888,8.576453553512405,33.29950664585202,12.078447287995626,
4.59813626840888,4.59813626840888,4.59813626840888,4.59813626840888,4.59813626840888,4.59813626840888,4.59813626840888,4.59813626840888,4.59813626840888,4.59813626840888,4.59813626840888,4.59813626840888,4.59813626840888,52.62603918213872,75.0,27.952817389308006,44.08446438372593,17.304004491116252,39.642149285829596,39.41516910474387,11.190273554396345,8.576453553512405,59.0668171555645,4.59813626840888,
4.59813626840888,4.59813626840888,4.59813626840888,4.59813626840888,4.59813626840888,4.59813626840888,4.59813626840888,4.59813626840888,4.59813626840888,4.59813626840888,4.59813626840888,4.59813626840888,31.454093533274808,11.190273554396345,4.59813626840888,33.29950664585202,55.42763049438631,4.59813626840888,8.576453553512405,49.10338946694879,85.30859016274712,58.970802568352035,13.888444437333106,9.0,
4.59813626840888,4.59813626840888,4.59813626840888,4.59813626840888,4.59813626840888,4.59813626840888,4.59813626840888,4.59813626840888,4.59813626840888,4.59813626840888,4.59813626840888,4.59813626840888,12.078447287995626,41.3486914631441,58.9406481131655,8.576453553512405,13.948476619330155,12.078447287995626,64.56392181396666,4.59813626840888,8.576453553512405,27.952817389308006,14.071247279470288,8.576453553512405,
4.59813626840888,4.59813626840888,4.59813626840888,4.59813626840888,4.59813626840888,4.59813626840888,4.59813626840888,4.59813626840888,4.59813626840888,4.59813626840888,4.59813626840888,4.59813626840888,4.59813626840888,4.59813626840888,11.190273554396345,9.16515138991168,59.0668171555645,22.34367919569201,50.41541714311492,4.898979485566356,85.30859016274712,23.659247663440187,4.59813626840888,36.64090003746572,
4.59813626840888,4.59813626840888,4.59813626840888,4.59813626840888,4.59813626840888,4.59813626840888,4.59813626840888,4.59813626840888,4.59813626840888,4.59813626840888,4.59813626840888,4.59813626840888,39.41516910474387,13.888444437333106,12.078447287995626,4.59813626840888,4.59813626840888,22.135943621178654,4.59813626840888,32.257643366426436,4.59813626840888,4.59813626840888,8.576453553512405,55.42763049438631,
4.59813626840888,4.59813626840888,4.59813626840888,4.59813626840888,4.59813626840888,4.59813626840888,4.59813626840888,4.59813626840888,4.59813626840888,4.59813626840888,4.59813626840888,4.59813626840888,41.47891030391228,7.7781745930520225,51.261584056679325,52.48809388804284,4.59813626840888,4.59813626840888,30.189875313233266,13.888444437333106,55.601758565314775,63.1605098142819,4.59813626840888,32.96209944769902,
4.59813626840888,4.59813626840888,4.59813626840888,4.59813626840888,4.59813626840888,4.59813626840888,4.59813626840888,4.59813626840888,4.59813626840888,4.59813626840888,4.59813626840888,4.59813626840888,12.078447287995626,43.79680353633128,13.948476619330155,14.68721504282843,20.87486526902629,58.970802568352035,20.87486526902629,4.59813626840888,47.161955006127556,53.01781671182707,7.7781745930520225,22.857935320159427,
4.59813626840888,4.59813626840888,4.59813626840888,4.59813626840888,4.59813626840888,4.59813626840888,4.59813626840888,4.59813626840888,4.59813626840888,4.59813626840888,4.59813626840888,4.59813626840888,44.41846462902562,9.0,4.59813626840888,11.190273554396345,62.017918557641245,55.634721372738284,8.576453553512405,29.891470355270247,23.342855200015464,88.0,12.078447287995626,44.41846462902562,
4.59813626840888,4.59813626840888,4.59813626840888,4.59813626840888,4.59813626840888,4.59813626840888,4.59813626840888,4.59813626840888,4.59813626840888,4.59813626840888,4.59813626840888,4.59813626840888,4.59813626840888,59.0668171555645,4.59813626840888,75.91771861693421,64.23783931609157,27.952817389308006,25.428233153766584,76.77082779285371,9.99999999E8,17.931970208417017,52.5,46.13627158273147,
4.59813626840888,4.59813626840888,4.59813626840888,4.59813626840888,4.59813626840888,4.59813626840888,4.59813626840888,4.59813626840888,4.59813626840888,4.59813626840888,4.59813626840888,4.59813626840888,12.267844146385297,4.59813626840888,52.598056575842755,11.135528725660043,55.88828141927429,26.977027263951822,17.968225924034428,28.32941149327948,16.714065932620944,34.12477106150311,11.190273554396345,45.40660744869628,
4.59813626840888,4.59813626840888,4.59813626840888,4.59813626840888,4.59813626840888,4.59813626840888,4.59813626840888,4.59813626840888,4.59813626840888,4.59813626840888,4.59813626840888,4.59813626840888,68.24140157476903,55.27332535561587,87.3053390247253,64.56392181396666,4.59813626840888,4.59813626840888,4.59813626840888,59.0668171555645,63.549193543270086,53.59370965221305,4.59813626840888,59.38200251104894,
4.59813626840888,4.59813626840888,4.59813626840888,4.59813626840888,4.59813626840888,4.59813626840888,4.59813626840888,4.59813626840888,4.59813626840888,4.59813626840888,4.59813626840888,4.59813626840888,59.0668171555645,59.0668171555645,11.190273554396345,66.57326790837296,26.165626306282068,97.88542054645092,26.977027263951822,31.056400306539068,50.427065043376146,58.01053544160941,28.809720581775867,21.644860821913362,
4.59813626840888,4.59813626840888,4.59813626840888,4.59813626840888,4.59813626840888,4.59813626840888,4.59813626840888,4.59813626840888,4.59813626840888,4.59813626840888,4.59813626840888,4.59813626840888,55.88828141927429,4.59813626840888,4.59813626840888,12.398156544998361,62.017918557641245,44.49219656923622,4.59813626840888,9.99999999E8,38.903727327853815,4.59813626840888,12.078447287995626,39.642149285829596,
4.59813626840888,4.59813626840888,4.59813626840888,4.59813626840888,4.59813626840888,4.59813626840888,4.59813626840888,4.59813626840888,4.59813626840888,4.59813626840888,4.59813626840888,4.59813626840888,74.31016081263719,11.190273554396345,32.96209944769902,39.642149285829596,4.59813626840888,45.40660744869628,30.00933188193299,64.42825467137845,11.190273554396345,7.7781745930520225,4.59813626840888,85.30859016274712,
4.59813626840888,4.59813626840888,4.59813626840888,4.59813626840888,4.59813626840888,4.59813626840888,4.59813626840888,4.59813626840888,4.59813626840888,4.59813626840888,4.59813626840888,4.59813626840888,46.021733996015406,4.59813626840888,4.59813626840888,4.59813626840888,28.32941149327948,17.931970208417017,31.237157361066004,57.88398358402396,55.65968020030299,13.888444437333106,63.59682032582726,4.59813626840888,
4.59813626840888,4.59813626840888,4.59813626840888,4.59813626840888,4.59813626840888,4.59813626840888,4.59813626840888,4.59813626840888,4.59813626840888,4.59813626840888,4.59813626840888,4.59813626840888,39.41516910474387,4.59813626840888,44.51324040584522,43.79680353633128,4.59813626840888,43.38842651624458,88.93818077743664,50.02249493977684,50.067454498905775,4.59813626840888,8.576453553512405,15.606266547626166,
4.59813626840888,4.59813626840888,4.59813626840888,4.59813626840888,4.59813626840888,4.59813626840888,4.59813626840888,4.59813626840888,4.59813626840888,4.59813626840888,4.59813626840888,4.59813626840888,4.59813626840888,53.01781671182707,43.3192284736877,59.0668171555645,97.88542054645092,45.99154511670838,67.2053238631848,4.59813626840888,26.977027263951822,28.116819798041803,32.56624018826859,44.327067226344774,
4.59813626840888,4.59813626840888,4.59813626840888,4.59813626840888,4.59813626840888,4.59813626840888,4.59813626840888,4.59813626840888,4.59813626840888,4.59813626840888,4.59813626840888,4.59813626840888,24.152846623120844,49.23703600223834,12.078447287995626,38.67815921162743,4.59813626840888,43.583253664681806,16.773789077009404,87.3053390247253,59.0668171555645,25.978623691198283,4.59813626840888,39.58715520396556,
4.59813626840888,4.59813626840888,4.59813626840888,4.59813626840888,4.59813626840888,4.59813626840888,4.59813626840888,4.59813626840888,4.59813626840888,4.59813626840888,4.59813626840888,4.59813626840888,32.257643366426436,79.43271086621402,74.31016081263719,12.398156544998361,55.036351623268054,59.70343373709757,38.903727327853815,55.65968020030299,4.59813626840888,7.7781745930520225,8.576453553512405,85.30859016274712,
4.59813626840888,4.59813626840888,4.59813626840888,4.59813626840888,4.59813626840888,4.59813626840888,4.59813626840888,4.59813626840888,4.59813626840888,4.59813626840888,4.59813626840888,4.59813626840888,36.52738698565776,36.88979727319117,36.88979727319117,11.190273554396345,52.598056575842755,36.44935603759764,12.078447287995626,22.34367919569201,42.444080859408416,53.01781671182707,21.257678351336697,28.32941149327948,
4.59813626840888,4.59813626840888,4.59813626840888,4.59813626840888,4.59813626840888,4.59813626840888,4.59813626840888,4.59813626840888,4.59813626840888,4.59813626840888,4.59813626840888,4.59813626840888,7.7781745930520225,22.558565754251507,39.78972508352153,12.398156544998361,8.576453553512405,18.497567407634982,11.135528725660043,4.59813626840888,52.598056575842755,82.13403679352427,43.89191269470949,38.903727327853815,
4.59813626840888,4.59813626840888,4.59813626840888,4.59813626840888,4.59813626840888,4.59813626840888,4.59813626840888,4.59813626840888,4.59813626840888,4.59813626840888,4.59813626840888,4.59813626840888,8.576453553512405,8.576453553512405,20.87486526902629,50.48309825948228,23.659247663440187,24.152846623120844,4.59813626840888,28.32941149327948,4.59813626840888,7.7781745930520225,55.42763049438631,12.078447287995626,
4.59813626840888,4.59813626840888,4.59813626840888,4.59813626840888,4.59813626840888,4.59813626840888,4.59813626840888,4.59813626840888,4.59813626840888,4.59813626840888,4.59813626840888,4.59813626840888,43.7664254880382,36.44935603759764,38.821937833431974,59.0668171555645,31.541859312489635,42.444080859408416,19.983993594874875,4.59813626840888,64.23783931609157,20.87486526902629,79.43271086621402,70.63678613552258,
4.59813626840888,4.59813626840888,4.59813626840888,4.59813626840888,4.59813626840888,4.59813626840888,4.59813626840888,4.59813626840888,4.59813626840888,4.59813626840888,4.59813626840888,4.59813626840888,4.59813626840888,28.94329431343788,36.0347054934545,44.15754622812378,74.31016081263719,4.59813626840888,4.59813626840888,74.0,13.888444437333106,52.598056575842755,16.20185174601965,8.576453553512405,
4.59813626840888,4.59813626840888,4.59813626840888,4.59813626840888,4.59813626840888,4.59813626840888,4.59813626840888,4.59813626840888,4.59813626840888,4.59813626840888,4.59813626840888,4.59813626840888,22.494443758403985,85.30859016274712,73.3441204187493,4.59813626840888,75.0,4.59813626840888,82.73149339882606,31.896081264004835,56.88145567757562,8.576453553512405,4.59813626840888,4.59813626840888,
4.59813626840888,4.59813626840888,4.59813626840888,4.59813626840888,4.59813626840888,4.59813626840888,4.59813626840888,4.59813626840888,4.59813626840888,4.59813626840888,4.59813626840888,4.59813626840888,12.078447287995626,21.535087647836498,12.078447287995626,28.310775333784132,32.96209944769902,39.642149285829596,38.903727327853815,13.912424503139471,74.31016081263719,34.12477106150311,8.576453553512405,48.27582785986746,
4.59813626840888,4.59813626840888,4.59813626840888,4.59813626840888,4.59813626840888,4.59813626840888,4.59813626840888,4.59813626840888,4.59813626840888,4.59813626840888,4.59813626840888,4.59813626840888,4.59813626840888,4.59813626840888,85.30859016274712,7.7781745930520225,8.576453553512405,14.68721504282843,55.42763049438631,4.59813626840888,4.59813626840888,85.30859016274712,11.190273554396345,15.606266547626166,
4.59813626840888,4.59813626840888,4.59813626840888,4.59813626840888,4.59813626840888,4.59813626840888,4.59813626840888,4.59813626840888,4.59813626840888,4.59813626840888,4.59813626840888,4.59813626840888,15.979987484350543,41.64399383131044,4.59813626840888,20.87486526902629,15.979987484350543,57.817721235698045,4.59813626840888,21.257678351336697,75.0,97.88542054645092,12.398156544998361,64.56392181396666,
4.59813626840888,4.59813626840888,4.59813626840888,4.59813626840888,4.59813626840888,4.59813626840888,4.59813626840888,4.59813626840888,4.59813626840888,4.59813626840888,4.59813626840888,4.59813626840888,59.055059055088584,85.30859016274712,7.7781745930520225,48.321837713398274,79.98472076312798,37.316960695581244,4.59813626840888,19.610201426808448,63.50028121422545,55.88828141927429,43.79680353633128,12.078447287995626,
4.59813626840888,4.59813626840888,4.59813626840888,4.59813626840888,4.59813626840888,4.59813626840888,4.59813626840888,4.59813626840888,4.59813626840888,4.59813626840888,4.59813626840888,4.59813626840888,87.3053390247253,7.7781745930520225,8.576453553512405,25.629843715654783,27.952817389308006,74.31016081263719,13.888444437333106,74.08703590297624,4.59813626840888,58.9406481131655,64.23783931609157,9.99999999E8,
4.59813626840888,4.59813626840888,4.59813626840888,4.59813626840888,4.59813626840888,4.59813626840888,4.59813626840888,4.59813626840888,4.59813626840888,4.59813626840888,4.59813626840888,4.59813626840888,11.190273554396345,26.036062359924486,87.3053390247253,32.96209944769902,37.0057910525984,85.30859016274712,28.32941149327948,31.269154129908916,4.59813626840888,54.69816165913521,87.3053390247253,8.576453553512405,
4.59813626840888,4.59813626840888,4.59813626840888,4.59813626840888,4.59813626840888,4.59813626840888,4.59813626840888,4.59813626840888,4.59813626840888,4.59813626840888,4.59813626840888,4.59813626840888,4.59813626840888,55.42763049438631,47.428894146922715,43.583253664681806,13.888444437333106,12.078447287995626,74.31016081263719,12.078447287995626,4.59813626840888,55.65968020030299,52.62603918213872,43.583253664681806,
4.59813626840888,4.59813626840888,4.59813626840888,4.59813626840888,4.59813626840888,4.59813626840888,4.59813626840888,4.59813626840888,4.59813626840888,4.59813626840888,4.59813626840888,4.59813626840888,27.70250117640231,8.576453553512405,22.936842970036196,73.25298628724975,9.0,4.59813626840888,39.99374951164244,46.561786907291264,13.309502512973847,32.20186330012597,4.59813626840888,25.1111813455964,
4.59813626840888,4.59813626840888,4.59813626840888,4.59813626840888,4.59813626840888,4.59813626840888,4.59813626840888,4.59813626840888,4.59813626840888,4.59813626840888,4.59813626840888,4.59813626840888,4.59813626840888,43.79680353633128,4.59813626840888,88.93818077743664,4.59813626840888,28.310775333784132,82.13403679352427,39.482364960285025,4.59813626840888,8.576453553512405,64.56392181396666,88.0,
4.59813626840888,4.59813626840888,4.59813626840888,4.59813626840888,4.59813626840888,4.59813626840888,4.59813626840888,4.59813626840888,4.59813626840888,4.59813626840888,4.59813626840888,4.59813626840888,64.56392181396666,20.87486526902629,64.12097940611949,11.190273554396345,85.30859016274712,36.88979727319117,12.078447287995626,74.31016081263719,12.078447287995626,58.9406481131655,64.56392181396666,80.18827844516927,
4.59813626840888,4.59813626840888,4.59813626840888,4.59813626840888,4.59813626840888,4.59813626840888,4.59813626840888,4.59813626840888,4.59813626840888,4.59813626840888,4.59813626840888,4.59813626840888,26.448062310876388,20.448960853794013,4.59813626840888,16.714065932620944,15.606266547626166,39.372071319655,23.42126289412156,50.41541714311492,40.07338946495388,56.88145567757562,25.495097567963924,58.9406481131655,
4.59813626840888,4.59813626840888,4.59813626840888,4.59813626840888,4.59813626840888,4.59813626840888,4.59813626840888,4.59813626840888,4.59813626840888,4.59813626840888,4.59813626840888,4.59813626840888,4.59813626840888,53.12720583655798,64.56392181396666,47.428894146922715,13.948476619330155,8.576453553512405,25.583197610932064,32.20186330012597,55.42763049438631,52.99580696201875,74.31016081263719,50.41541714311492,
4.59813626840888,4.59813626840888,4.59813626840888,4.59813626840888,4.59813626840888,4.59813626840888,4.59813626840888,4.59813626840888,4.59813626840888,4.59813626840888,4.59813626840888,4.59813626840888,4.59813626840888,23.42126289412156,4.59813626840888,4.59813626840888,62.017918557641245,7.7781745930520225,62.017918557641245,50.74023480997529,12.078447287995626,9.16515138991168,21.387662302491876,13.948476619330155,
4.59813626840888,4.59813626840888,4.59813626840888,4.59813626840888,4.59813626840888,4.59813626840888,4.59813626840888,4.59813626840888,4.59813626840888,4.59813626840888,4.59813626840888,4.59813626840888,8.576453553512405,74.31016081263719,4.59813626840888,4.898979485566356,20.87486526902629,52.99580696201875,8.576453553512405,56.50270396676211,15.606266547626166,44.41846462902562,53.13325566105335,41.0,
4.59813626840888,4.59813626840888,4.59813626840888,4.59813626840888,4.59813626840888,4.59813626840888,4.59813626840888,4.59813626840888,4.59813626840888,4.59813626840888,4.59813626840888,4.59813626840888,9.338622839755864,43.15204242480417,15.606266547626166,4.59813626840888,4.59813626840888,39.41516910474387,58.9406481131655,4.59813626840888,23.659247663440187,47.428894146922715,36.540692689414385,55.65968020030299,
4.59813626840888,4.59813626840888,4.59813626840888,4.59813626840888,4.59813626840888,4.59813626840888,4.59813626840888,4.59813626840888,4.59813626840888,4.59813626840888,4.59813626840888,4.59813626840888,18.861601204563733,44.41846462902562,43.583253664681806,11.190273554396345,36.88979727319117,32.20186330012597,4.59813626840888,4.59813626840888,15.606266547626166,4.59813626840888,12.078447287995626,102.05989526852466,
4.59813626840888,4.59813626840888,4.59813626840888,4.59813626840888,4.59813626840888,4.59813626840888,4.59813626840888,4.59813626840888,4.59813626840888,4.59813626840888,4.59813626840888,4.59813626840888,74.31016081263719,16.773789077009404,27.944389220179584,4.59813626840888,4.59813626840888,26.977027263951822,25.20912533191106,20.87486526902629,27.438820836342234,21.692292538031925,27.952817389308006,97.88542054645092,
4.59813626840888,4.59813626840888,4.59813626840888,4.59813626840888,4.59813626840888,4.59813626840888,4.59813626840888,4.59813626840888,4.59813626840888,4.59813626840888,4.59813626840888,4.59813626840888,9.99999999E8,43.79680353633128,30.392668288820673,12.078447287995626,14.68721504282843,74.31016081263719,9.99999999E8,21.778101714468004,11.190273554396345,74.31016081263719,85.30859016274712,55.036351623268054,
4.59813626840888,4.59813626840888,4.59813626840888,4.59813626840888,4.59813626840888,4.59813626840888,4.59813626840888,4.59813626840888,4.59813626840888,4.59813626840888,4.59813626840888,4.59813626840888,52.45712535013713,27.384099198054493,27.42334771686345,44.39094001657946,46.36270052531453,74.31016081263719,31.237157361066004,13.912424503139471,45.84272631023983,4.59813626840888,49.62106407565239,46.61072837877563,
4.59813626840888,4.59813626840888,4.59813626840888,4.59813626840888,4.59813626840888,4.59813626840888,4.59813626840888,4.59813626840888,4.59813626840888,4.59813626840888,4.59813626840888,4.59813626840888,4.59813626840888,4.59813626840888,4.59813626840888,31.237157361066004,25.517500997214775,31.47220996371243,30.73174254740528,35.07135583350036,88.93818077743664,4.59813626840888,74.31016081263719,4.59813626840888,
4.59813626840888,4.59813626840888,4.59813626840888,4.59813626840888,4.59813626840888,4.59813626840888,4.59813626840888,4.59813626840888,4.59813626840888,4.59813626840888,4.59813626840888,4.59813626840888,36.64090003746572,4.59813626840888,4.59813626840888,9.99999999E8,4.59813626840888,4.59813626840888,58.125381719176694,58.9406481131655,10.64706532336493,22.422087324778662,4.59813626840888,7.7781745930520225,
4.59813626840888,4.59813626840888,4.59813626840888,4.59813626840888,4.59813626840888,4.59813626840888,4.59813626840888,4.59813626840888,4.59813626840888,4.59813626840888,4.59813626840888,4.59813626840888,39.41516910474387,61.69278726074872,8.576453553512405,64.56392181396666,60.56814344191177,9.0,40.07893446256176,74.31016081263719,13.888444437333106,74.0,58.9406481131655,25.583197610932064,
4.59813626840888,4.59813626840888,4.59813626840888,4.59813626840888,4.59813626840888,4.59813626840888,4.59813626840888,4.59813626840888,4.59813626840888,4.59813626840888,4.59813626840888,4.59813626840888,64.42631449958937,52.92027546749502,47.39432689913659,97.88542054645092,55.7005884668695,28.32941149327948,44.41846462902562,38.05916446797013,64.56392181396666,58.9406481131655,28.84248409705532,4.59813626840888,
4.59813626840888,4.59813626840888,4.59813626840888,4.59813626840888,4.59813626840888,4.59813626840888,4.59813626840888,4.59813626840888,4.59813626840888,4.59813626840888,4.59813626840888,4.59813626840888,4.59813626840888,34.12477106150311,42.57094918234399,46.658200290206096,8.576453553512405,8.576453553512405,39.41516910474387,55.180224200859705,32.96209944769902,64.23783931609157,4.59813626840888,50.355280964241025,
4.59813626840888,4.59813626840888,4.59813626840888,4.59813626840888,4.59813626840888,4.59813626840888,4.59813626840888,4.59813626840888,4.59813626840888,4.59813626840888,4.59813626840888,4.59813626840888,33.8863647251474,102.05989526852466,53.96758286230726,64.23783931609157,34.12477106150311,15.22789837400056,15.606266547626166,23.659247663440187,4.59813626840888,4.59813626840888,8.576453553512405,4.59813626840888,
4.59813626840888,4.59813626840888,4.59813626840888,4.59813626840888,4.59813626840888,4.59813626840888,4.59813626840888,4.59813626840888,4.59813626840888,4.59813626840888,4.59813626840888,4.59813626840888,76.84113481723185,24.94313532818198,60.30162281635308,11.190273554396345,4.59813626840888,4.59813626840888,38.903727327853815,69.95255535003706,13.888444437333106,31.237157361066004,75.0,32.257643366426436,
4.59813626840888,4.59813626840888,4.59813626840888,4.59813626840888,4.59813626840888,4.59813626840888,4.59813626840888,4.59813626840888,4.59813626840888,4.59813626840888,4.59813626840888,4.59813626840888,52.62603918213872,15.606266547626166,102.05989526852466,87.3053390247253,56.88145567757562,87.3053390247253,12.078447287995626,20.87486526902629,4.59813626840888,12.078447287995626,18.728320800328042,74.31016081263719,
4.59813626840888,4.59813626840888,4.59813626840888,4.59813626840888,4.59813626840888,4.59813626840888,4.59813626840888,4.59813626840888,4.59813626840888,4.59813626840888,4.59813626840888,4.59813626840888,82.13403679352427,27.952817389308006,13.888444437333106,4.59813626840888,46.99531891582395,31.426968052735443,44.7857120072909,50.01555313655499,7.7781745930520225,75.91771861693421,43.64057744805859,34.12477106150311,
4.59813626840888,4.59813626840888,4.59813626840888,4.59813626840888,4.59813626840888,4.59813626840888,4.59813626840888,4.59813626840888,4.59813626840888,4.59813626840888,4.59813626840888,4.59813626840888,64.56392181396666,33.37289319193048,74.31016081263719,31.171370213509295,59.0668171555645,11.190273554396345,4.59813626840888,8.576453553512405,28.854038808380977,20.87486526902629,74.31016081263719,38.05916446797013,
4.59813626840888,4.59813626840888,4.59813626840888,4.59813626840888,4.59813626840888,4.59813626840888,4.59813626840888,4.59813626840888,4.59813626840888,4.59813626840888,4.59813626840888,4.59813626840888,82.13403679352427,43.57241737103366,87.10086107496296,43.42810150121693,20.797969986408663,4.59813626840888,13.888444437333106,21.432685319390103,7.7781745930520225,64.23783931609157,97.88542054645092,35.07135583350036,
4.59813626840888,4.59813626840888,4.59813626840888,4.59813626840888,4.59813626840888,4.59813626840888,4.59813626840888,4.59813626840888,4.59813626840888,4.59813626840888,4.59813626840888,4.59813626840888,12.398156544998361,74.31016081263719,34.12477106150311,39.47860179894926,4.59813626840888,4.898979485566356,55.88828141927429,45.194689953577516,59.0668171555645,55.66830336915254,26.67395733669828,46.0,
4.59813626840888,4.59813626840888,4.59813626840888,4.59813626840888,4.59813626840888,4.59813626840888,4.59813626840888,4.59813626840888,4.59813626840888,4.59813626840888,4.59813626840888,4.59813626840888,40.295905499194326,104.0,21.257678351336697,9.99999999E8,74.31016081263719,52.03844732503075,8.576453553512405,4.59813626840888,22.936842970036196,45.84272631023983,4.59813626840888,60.76314672562638,
4.59813626840888,4.59813626840888,4.59813626840888,4.59813626840888,4.59813626840888,4.59813626840888,4.59813626840888,4.59813626840888,4.59813626840888,4.59813626840888,4.59813626840888,4.59813626840888,4.59813626840888,87.3053390247253,87.3053390247253,88.0,64.56392181396666,4.59813626840888,37.39280976634709,14.68721504282843,9.0,85.04639256834407,50.427065043376146,58.9406481131655,
4.59813626840888,4.59813626840888,4.59813626840888,4.59813626840888,4.59813626840888,4.59813626840888,4.59813626840888,4.59813626840888,4.59813626840888,4.59813626840888,4.59813626840888,4.59813626840888,74.31016081263719,41.911334982317136,55.180224200859705,4.59813626840888,51.87377843273891,4.59813626840888,60.54221667563883,61.46023104414756,74.31016081263719,88.0,45.09279321576786,31.956567747838974,
4.59813626840888,4.59813626840888,4.59813626840888,4.59813626840888,4.59813626840888,4.59813626840888,4.59813626840888,4.59813626840888,4.59813626840888,4.59813626840888,4.59813626840888,4.59813626840888,32.257643366426436,4.59813626840888,4.59813626840888,8.576453553512405,4.59813626840888,74.31016081263719,29.995237717249143,4.59813626840888,66.76492758593808,91.24965753360392,55.65968020030299,60.56814344191177,
4.59813626840888,4.59813626840888,4.59813626840888,4.59813626840888,4.59813626840888,4.59813626840888,4.59813626840888,4.59813626840888,4.59813626840888,4.59813626840888,4.59813626840888,4.59813626840888,60.02406924633558,58.63067077524831,4.59813626840888,58.59370462961206,49.03966648427463,12.398156544998361,46.0,4.59813626840888,35.717782685939504,7.7781745930520225,32.56624018826859,35.07135583350036,
4.59813626840888,4.59813626840888,4.59813626840888,4.59813626840888,4.59813626840888,4.59813626840888,4.59813626840888,4.59813626840888,4.59813626840888,4.59813626840888,4.59813626840888,4.59813626840888,59.0668171555645,14.071247279470288,50.39557803730686,75.0,76.16101364871662,59.38200251104894,56.88145567757562,4.59813626840888,74.31016081263719,18.76166303929372,4.59813626840888,4.59813626840888,
4.59813626840888,4.59813626840888,4.59813626840888,4.59813626840888,4.59813626840888,4.59813626840888,4.59813626840888,4.59813626840888,4.59813626840888,4.59813626840888,4.59813626840888,4.59813626840888,31.631629739866394,28.491402211895434,43.583253664681806,38.903727327853815,58.11161673882426,58.08063360535937,75.0,75.0,4.59813626840888,75.0,48.27582785986746,34.12477106150311,
4.59813626840888,4.59813626840888,4.59813626840888,4.59813626840888,4.59813626840888,4.59813626840888,4.59813626840888,4.59813626840888,4.59813626840888,4.59813626840888,4.59813626840888,4.59813626840888,58.9406481131655,9.99999999E8,46.021733996015406,34.924408165555015,18.633899812498246,4.59813626840888,4.59813626840888,4.59813626840888,56.88145567757562,50.41384289612879,26.977027263951822,33.65635155509284,
4.59813626840888,4.59813626840888,4.59813626840888,4.59813626840888,4.59813626840888,4.59813626840888,4.59813626840888,4.59813626840888,4.59813626840888,4.59813626840888,4.59813626840888,4.59813626840888,56.88145567757562,44.52076779922039,68.26536457091545,62.017918557641245,4.59813626840888,4.59813626840888,38.86607040300613,17.814600753314682,34.924408165555015,48.61584103972696,53.03098824541849,25.995191863111916,
4.59813626840888,4.59813626840888,4.59813626840888,4.59813626840888,4.59813626840888,4.59813626840888,4.59813626840888,4.59813626840888,4.59813626840888,4.59813626840888,4.59813626840888,4.59813626840888,8.576453553512405,39.73942906261013,34.631777315061385,12.078447287995626,18.76166303929372,4.59813626840888,37.71272994626615,7.7781745930520225,75.0,12.078447287995626,52.62603918213872,4.59813626840888,
4.59813626840888,4.59813626840888,4.59813626840888,4.59813626840888,4.59813626840888,4.59813626840888,4.59813626840888,4.59813626840888,4.59813626840888,4.59813626840888,4.59813626840888,4.59813626840888,4.59813626840888,13.888444437333106,88.0,59.52612871672405,4.59813626840888,4.59813626840888,4.59813626840888,75.0,4.59813626840888,31.47220996371243,13.912424503139471,28.809720581775867,
4.59813626840888,4.59813626840888,4.59813626840888,4.59813626840888,4.59813626840888,4.59813626840888,4.59813626840888,4.59813626840888,4.59813626840888,4.59813626840888,4.59813626840888,4.59813626840888,71.47978735278946,29.91893810185878,16.773789077009404,4.59813626840888,44.574531841499905,69.23987290571813,97.88542054645092,32.65840517495349,75.0,11.190273554396345,32.257643366426436,22.477766792989023,
4.59813626840888,4.59813626840888,4.59813626840888,4.59813626840888,4.59813626840888,4.59813626840888,4.59813626840888,4.59813626840888,4.59813626840888,4.59813626840888,4.59813626840888,4.59813626840888,9.0,25.495097567963924,85.30859016274712,11.135528725660043,4.59813626840888,12.078447287995626,55.42763049438631,39.38908478246226,74.31016081263719,25.495097567963924,4.59813626840888,7.7781745930520225,
4.59813626840888,4.59813626840888,4.59813626840888,4.59813626840888,4.59813626840888,4.59813626840888,4.59813626840888,4.59813626840888,4.59813626840888,4.59813626840888,4.59813626840888,4.59813626840888,44.12436968388331,74.31016081263719,34.14908490721237,85.30859016274712,15.802350638885525,43.79680353633128,31.47220996371243,7.7781745930520225,44.15754622812378,56.88145567757562,21.159260046473406,44.41846462902562,
4.59813626840888,4.59813626840888,4.59813626840888,4.59813626840888,4.59813626840888,4.59813626840888,4.59813626840888,4.59813626840888,4.59813626840888,4.59813626840888,4.59813626840888,4.59813626840888,4.59813626840888,12.078447287995626,59.0668171555645,20.87486526902629,53.46176203605713,8.576453553512405,55.65968020030299,43.583253664681806,31.237157361066004,4.59813626840888,13.888444437333106,54.07180411267965,
4.59813626840888,4.59813626840888,4.59813626840888,4.59813626840888,4.59813626840888,4.59813626840888,4.59813626840888,4.59813626840888,4.59813626840888,4.59813626840888,4.59813626840888,4.59813626840888,64.56392181396666,4.59813626840888,87.3053390247253,4.59813626840888,75.0,8.576453553512405,75.91808450926271,9.99999999E8,23.51510153071851,87.3053390247253,59.0668171555645,75.0,
4.59813626840888,4.59813626840888,4.59813626840888,4.59813626840888,4.59813626840888,4.59813626840888,4.59813626840888,4.59813626840888,4.59813626840888,4.59813626840888,4.59813626840888,4.59813626840888,54.85398800451978,14.071247279470288,55.42763049438631,18.497567407634982,52.598056575842755,4.59813626840888,46.561786907291264,43.64057744805859,41.47589661478098,72.47911576600684,26.977027263951822,58.9406481131655,
4.59813626840888,4.59813626840888,4.59813626840888,4.59813626840888,4.59813626840888,4.59813626840888,4.59813626840888,4.59813626840888,4.59813626840888,4.59813626840888,4.59813626840888,4.59813626840888,56.414143222737636,50.01555313655499,52.33136180696455,18.76166303929372,15.606266547626166,42.444080859408416,54.8771354937555,97.88542054645092,13.888444437333106,23.777300099044044,74.09790820259369,97.88542054645092,
4.59813626840888,4.59813626840888,4.59813626840888,4.59813626840888,4.59813626840888,4.59813626840888,4.59813626840888,4.59813626840888,4.59813626840888,4.59813626840888,4.59813626840888,4.59813626840888,48.6672374395753,85.04639256834407,50.40974962388583,27.952817389308006,12.078447287995626,59.0668171555645,4.59813626840888,74.31016081263719,49.161864172230985,4.59813626840888,72.09176251294056,55.83457710057451,
4.59813626840888,4.59813626840888,4.59813626840888,4.59813626840888,4.59813626840888,4.59813626840888,4.59813626840888,4.59813626840888,4.59813626840888,4.59813626840888,4.59813626840888,4.59813626840888,12.078447287995626,82.13403679352427,4.59813626840888,76.83072302145801,4.59813626840888,9.0,72.03162885535461,74.31016081263719,4.59813626840888,11.190273554396345,4.59813626840888,15.606266547626166,
4.59813626840888,4.59813626840888,4.59813626840888,4.59813626840888,4.59813626840888,4.59813626840888,4.59813626840888,4.59813626840888,4.59813626840888,4.59813626840888,4.59813626840888,4.59813626840888,34.12477106150311,66.63118103196345,17.931970208417017,59.0668171555645,4.59813626840888,8.576453553512405,4.59813626840888,55.42763049438631,63.549193543270086,15.606266547626166,20.797969986408663,50.427065043376146,
4.59813626840888,4.59813626840888,4.59813626840888,4.59813626840888,4.59813626840888,4.59813626840888,4.59813626840888,4.59813626840888,4.59813626840888,4.59813626840888,4.59813626840888,4.59813626840888,58.73007936502574,13.888444437333106,55.42763049438631,20.797969986408663,47.428894146922715,4.59813626840888,85.30859016274712,54.53031776503376,48.01967189484835,26.5497436689865,8.576453553512405,57.19580404190503,
4.59813626840888,4.59813626840888,4.59813626840888,4.59813626840888,4.59813626840888,4.59813626840888,4.59813626840888,4.59813626840888,4.59813626840888,4.59813626840888,4.59813626840888,4.59813626840888,33.94112549695428,66.76492758593808,4.59813626840888,39.41516910474387,55.88828141927429,4.59813626840888,4.59813626840888,13.888444437333106,74.0,50.79370039680118,4.59813626840888,97.88542054645092,
4.59813626840888,4.59813626840888,4.59813626840888,4.59813626840888,4.59813626840888,4.59813626840888,4.59813626840888,4.59813626840888,4.59813626840888,4.59813626840888,4.59813626840888,4.59813626840888,43.79680353633128,44.696308572408974,35.717782685939504,34.073268911582105,56.88145567757562,44.671641514002545,8.576453553512405,22.936842970036196,4.59813626840888,8.576453553512405,12.398156544998361,74.31016081263719,
4.59813626840888,4.59813626840888,4.59813626840888,4.59813626840888,4.59813626840888,4.59813626840888,4.59813626840888,4.59813626840888,4.59813626840888,4.59813626840888,4.59813626840888,4.59813626840888,8.576453553512405,8.576453553512405,50.45507195232493,4.59813626840888,87.3053390247253,8.576453553512405,52.897636998262975,15.606266547626166,87.3053390247253,8.576453553512405,59.0668171555645,10.64706532336493,
4.59813626840888,4.59813626840888,4.59813626840888,4.59813626840888,4.59813626840888,4.59813626840888,4.59813626840888,4.59813626840888,4.59813626840888,4.59813626840888,4.59813626840888,4.59813626840888,4.59813626840888,17.53726191728787,4.59813626840888,4.59813626840888,42.514703338962626,87.3053390247253,33.8863647251474,97.88542054645092,4.59813626840888,42.514703338962626,64.56392181396666,12.078447287995626,
4.59813626840888,4.59813626840888,4.59813626840888,4.59813626840888,4.59813626840888,4.59813626840888,4.59813626840888,4.59813626840888,4.59813626840888,4.59813626840888,4.59813626840888,4.59813626840888,4.59813626840888,59.0668171555645,50.067454498905775,45.09279321576786,21.015573296668695,67.2053238631848,7.7781745930520225,12.078447287995626,31.5999296764337,59.0668171555645,4.59813626840888,9.0,
4.59813626840888,4.59813626840888,4.59813626840888,4.59813626840888,4.59813626840888,4.59813626840888,4.59813626840888,4.59813626840888,4.59813626840888,4.59813626840888,4.59813626840888,4.59813626840888,9.99999999E8,77.256427276671,91.8313671900838,4.59813626840888,15.979987484350543,25.862886321694432,4.59813626840888,97.88542054645092,55.601758565314775,17.814600753314682,27.952817389308006,64.56392181396666,
4.59813626840888,4.59813626840888,4.59813626840888,4.59813626840888,4.59813626840888,4.59813626840888,4.59813626840888,4.59813626840888,4.59813626840888,4.59813626840888,4.59813626840888,4.59813626840888,46.397903315761646,30.00933188193299,32.22049037491516,88.93818077743664,4.59813626840888,4.59813626840888,74.0,33.939306757944784,75.0,13.888444437333106,8.576453553512405,38.903727327853815,
4.59813626840888,4.59813626840888,4.59813626840888,4.59813626840888,4.59813626840888,4.59813626840888,4.59813626840888,4.59813626840888,4.59813626840888,4.59813626840888,4.59813626840888,4.59813626840888,4.59813626840888,55.88828141927429,4.59813626840888,50.427065043376146,4.59813626840888,27.952817389308006,48.321837713398274,77.256427276671,7.7781745930520225,75.0,92.37965143904798,28.813736393579326,
4.59813626840888,4.59813626840888,4.59813626840888,4.59813626840888,4.59813626840888,4.59813626840888,4.59813626840888,4.59813626840888,4.59813626840888,4.59813626840888,4.59813626840888,4.59813626840888,22.334726324716854,4.59813626840888,19.460786783226986,39.41516910474387,4.59813626840888,4.59813626840888,64.4864326816114,27.952817389308006,87.3053390247253,31.237157361066004,27.243755655603398,4.59813626840888,
4.59813626840888,4.59813626840888,4.59813626840888,4.59813626840888,4.59813626840888,4.59813626840888,4.59813626840888,4.59813626840888,4.59813626840888,4.59813626840888,4.59813626840888,4.59813626840888,75.0,37.891423831785474,4.59813626840888,4.59813626840888,64.56392181396666,15.606266547626166,18.708286933869708,4.59813626840888,56.88145567757562,27.944389220179584,43.79680353633128,17.931970208417017,
4.59813626840888,4.59813626840888,4.59813626840888,4.59813626840888,4.59813626840888,4.59813626840888,4.59813626840888,4.59813626840888,4.59813626840888,4.59813626840888,4.59813626840888,4.59813626840888,50.79527537084527,85.04639256834407,45.40660744869628,20.87486526902629,55.88828141927429,31.237157361066004,20.87486526902629,11.190273554396345,37.37943582000967,11.190273554396345,26.061892145855836,12.078447287995626,
4.59813626840888,4.59813626840888,4.59813626840888,4.59813626840888,4.59813626840888,4.59813626840888,4.59813626840888,4.59813626840888,4.59813626840888,4.59813626840888,4.59813626840888,4.59813626840888,69.12514531113634,9.99999999E8,66.57326790837296,39.87325598957121,85.30859016274712,8.576453553512405,44.41846462902562,12.078447287995626,85.30859016274712,74.0,43.583253664681806,45.40660744869628,
4.59813626840888,4.59813626840888,4.59813626840888,4.59813626840888,4.59813626840888,4.59813626840888,4.59813626840888,4.59813626840888,4.59813626840888,4.59813626840888,4.59813626840888,4.59813626840888,85.30859016274712,66.76492758593808,28.32941149327948,70.11533355835938,36.68105778191245,17.814600753314682,48.25728372068579,75.0,43.79680353633128,97.88542054645092,7.7781745930520225,4.59813626840888,
4.59813626840888,4.59813626840888,4.59813626840888,4.59813626840888,4.59813626840888,4.59813626840888,4.59813626840888,4.59813626840888,4.59813626840888,4.59813626840888,4.59813626840888,4.59813626840888,54.97272050753901,13.948476619330155,4.59813626840888,79.44110327084393,43.21044847190153,50.427065043376146,4.59813626840888,14.68721504282843,46.99531891582395,9.99999999E8,33.831515315921465,4.59813626840888,
4.59813626840888,4.59813626840888,4.59813626840888,4.59813626840888,4.59813626840888,4.59813626840888,4.59813626840888,4.59813626840888,4.59813626840888,4.59813626840888,4.59813626840888,4.59813626840888,52.62603918213872,61.08813305381005,8.576453553512405,43.79680353633128,50.635955604688654,12.078447287995626,4.59813626840888,64.56392181396666,57.59340239992772,97.88542054645092,4.59813626840888,4.59813626840888,
4.59813626840888,4.59813626840888,4.59813626840888,4.59813626840888,4.59813626840888,4.59813626840888,4.59813626840888,4.59813626840888,4.59813626840888,4.59813626840888,4.59813626840888,4.59813626840888,87.3053390247253,72.11102550927978,22.887551201471947,33.44398301638129,82.19489035213807,13.948476619330155,59.440913706152116,4.59813626840888,15.606266547626166,17.931970208417017,30.392668288820673,4.59813626840888,
4.59813626840888,4.59813626840888,4.59813626840888,4.59813626840888,4.59813626840888,4.59813626840888,4.59813626840888,4.59813626840888,4.59813626840888,4.59813626840888,4.59813626840888,4.59813626840888,74.31016081263719,80.31811750782012,25.583197610932064,39.41516910474387,7.7781745930520225,4.59813626840888,25.23443796687638,68.8730716608458,44.12436968388331,57.0,23.42126289412156,17.304004491116252,
4.59813626840888,4.59813626840888,4.59813626840888,4.59813626840888,4.59813626840888,4.59813626840888,4.59813626840888,4.59813626840888,4.59813626840888,4.59813626840888,4.59813626840888,4.59813626840888,60.54221667563883,20.183161298468583,75.0,35.630823110834186,24.525496936861444,4.59813626840888,97.88542054645092,87.3053390247253,26.942325231666416,11.135528725660043,97.88542054645092,97.88542054645092,
4.59813626840888,4.59813626840888,4.59813626840888,4.59813626840888,4.59813626840888,4.59813626840888,4.59813626840888,4.59813626840888,4.59813626840888,4.59813626840888,4.59813626840888,4.59813626840888,31.896081264004835,20.183161298468583,58.46271366340164,43.16665379665188,46.65986344968079,40.93287187579195,12.078447287995626,60.54221667563883,46.36270052531453,20.87486526902629,4.59813626840888,12.078447287995626,
4.59813626840888,4.59813626840888,4.59813626840888,4.59813626840888,4.59813626840888,4.59813626840888,4.59813626840888,4.59813626840888,4.59813626840888,4.59813626840888,4.59813626840888,4.59813626840888,64.56392181396666,52.146162104437,68.8730716608458,55.42763049438631,61.04228042922381,97.88542054645092,12.078447287995626,55.88828141927429,82.13403679352427,11.190273554396345,30.682708019804437,43.64057744805859,
4.59813626840888,4.59813626840888,4.59813626840888,4.59813626840888,4.59813626840888,4.59813626840888,4.59813626840888,4.59813626840888,4.59813626840888,4.59813626840888,4.59813626840888,4.59813626840888,13.888444437333106,47.428894146922715,68.24140157476903,77.256427276671,43.79680353633128,39.53760516549051,56.414143222737636,9.99999999E8,29.457766378325427,74.31016081263719,43.368849913931804,8.576453553512405,
4.59813626840888,4.59813626840888,4.59813626840888,4.59813626840888,4.59813626840888,4.59813626840888,4.59813626840888,4.59813626840888,4.59813626840888,4.59813626840888,4.59813626840888,4.59813626840888,42.514703338962626,97.88542054645092,76.83332610267499,44.12436968388331,15.606266547626166,28.63370197667233,15.606266547626166,87.3053390247253,66.76492758593808,55.92852581643825,4.59813626840888,4.59813626840888,
4.59813626840888,4.59813626840888,4.59813626840888,4.59813626840888,4.59813626840888,4.59813626840888,4.59813626840888,4.59813626840888,4.59813626840888,4.59813626840888,4.59813626840888,4.59813626840888,56.88145567757562,4.59813626840888,74.0,97.88542054645092,74.31016081263719,12.078447287995626,43.3192284736877,12.078447287995626,4.59813626840888,29.02659487222956,74.31016081263719,9.99999999E8,
4.59813626840888,4.59813626840888,4.59813626840888,4.59813626840888,4.59813626840888,4.59813626840888,4.59813626840888,4.59813626840888,4.59813626840888,4.59813626840888,4.59813626840888,4.59813626840888,27.82373087851448,14.071247279470288,64.56392181396666,42.444080859408416,53.51037282621006,75.0,10.64706532336493,85.30859016274712,88.93818077743664,105.0,47.168727870156616,50.36438651042449,
4.59813626840888,4.59813626840888,4.59813626840888,4.59813626840888,4.59813626840888,4.59813626840888,4.59813626840888,4.59813626840888,4.59813626840888,4.59813626840888,4.59813626840888,4.59813626840888,47.428894146922715,74.0,35.16469188768124,12.078447287995626,12.078447287995626,86.09006911369046,85.30859016274712,19.75427561209668,21.646144126738957,43.3192284736877,31.30317697756713,18.560711193270585,
4.59813626840888,4.59813626840888,4.59813626840888,4.59813626840888,4.59813626840888,4.59813626840888,4.59813626840888,4.59813626840888,4.59813626840888,4.59813626840888,4.59813626840888,4.59813626840888,4.59813626840888,110.0,62.89674077406555,77.256427276671,34.58644564308715,32.14895885647862,29.179309429207407,11.190273554396345,87.3053390247253,4.59813626840888,9.99999999E8,74.0,
4.59813626840888,4.59813626840888,4.59813626840888,4.59813626840888,4.59813626840888,4.59813626840888,4.59813626840888,4.59813626840888,4.59813626840888,4.59813626840888,4.59813626840888,4.59813626840888,30.061841023368572,7.7781745930520225,58.259419839198536,44.390990076816266,43.368849913931804,22.51310729330805,56.88145567757562,35.57286285117591,9.99999999E8,43.42810150121693,60.01666435249463,4.59813626840888,
4.59813626840888,4.59813626840888,4.59813626840888,4.59813626840888,4.59813626840888,4.59813626840888,4.59813626840888,4.59813626840888,4.59813626840888,4.59813626840888,4.59813626840888,4.59813626840888,49.0771986626318,13.948476619330155,85.30859016274712,15.979987484350543,4.59813626840888,43.583253664681806,52.60756177162705,4.59813626840888,9.0,23.464761693277733,58.9406481131655,4.59813626840888,
4.59813626840888,4.59813626840888,4.59813626840888,4.59813626840888,4.59813626840888,4.59813626840888,4.59813626840888,4.59813626840888,4.59813626840888,4.59813626840888,4.59813626840888,4.59813626840888,66.6526175672901,97.88542054645092,72.09638610144678,55.66471054447332,55.88828141927429,28.938358132910228,61.635703938545234,9.0,42.514703338962626,22.17746604100658,53.83572897514915,4.59813626840888,
4.59813626840888,4.59813626840888,4.59813626840888,4.59813626840888,4.59813626840888,4.59813626840888,4.59813626840888,4.59813626840888,4.59813626840888,4.59813626840888,4.59813626840888,4.59813626840888,17.814600753314682,88.93818077743664,14.071247279470288,59.0668171555645,87.3053390247253,45.78820808898291,66.76492758593808,4.59813626840888,22.17746604100658,87.3053390247253,13.888444437333106,22.397640969255097,
4.59813626840888,4.59813626840888,4.59813626840888,4.59813626840888,4.59813626840888,4.59813626840888,4.59813626840888,4.59813626840888,4.59813626840888,4.59813626840888,4.59813626840888,4.59813626840888,25.590796956892312,70.62970731608304,65.96319320001767,74.31016081263719,34.677081768799404,12.398156544998361,38.903727327853815,46.021733996015406,8.576453553512405,55.42763049438631,4.59813626840888,39.642149285829596,
4.59813626840888,4.59813626840888,4.59813626840888,4.59813626840888,4.59813626840888,4.59813626840888,4.59813626840888,4.59813626840888,4.59813626840888,4.59813626840888,4.59813626840888,4.59813626840888,53.59370965221305,88.93818077743664,8.576453553512405,43.79680353633128,79.41662294507366,14.68721504282843,47.428894146922715,49.23703600223834,11.190273554396345,54.28821121148872,39.41516910474387,59.0668171555645,
4.59813626840888,4.59813626840888,4.59813626840888,4.59813626840888,4.59813626840888,4.59813626840888,4.59813626840888,4.59813626840888,4.59813626840888,4.59813626840888,4.59813626840888,4.59813626840888,43.79680353633128,43.42810150121693,30.682708019804437,12.078447287995626,4.59813626840888,4.59813626840888,104.180399094818,44.696308572408974,34.12477106150311,8.576453553512405,58.73806261701181,20.87486526902629,
4.59813626840888,4.59813626840888,4.59813626840888,4.59813626840888,4.59813626840888,4.59813626840888,4.59813626840888,4.59813626840888,4.59813626840888,4.59813626840888,4.59813626840888,4.59813626840888,31.308944408906537,104.0,17.931970208417017,29.091596512641257,97.88542054645092,4.59813626840888,9.99999999E8,33.38995191504308,22.820285539378457,4.59813626840888,33.44906575675918,36.28065206533248,
4.59813626840888,4.59813626840888,4.59813626840888,4.59813626840888,4.59813626840888,4.59813626840888,4.59813626840888,4.59813626840888,4.59813626840888,4.59813626840888,4.59813626840888,4.59813626840888,39.41516910474387,31.028645789079036,11.190273554396345,39.99374951164244,102.05989526852466,85.60233641671236,62.41794613730894,48.61584103972696,31.47220996371243,21.257678351336697,49.57822102496216,43.16665379665188,
4.59813626840888,4.59813626840888,4.59813626840888,4.59813626840888,4.59813626840888,4.59813626840888,4.59813626840888,4.59813626840888,4.59813626840888,4.59813626840888,4.59813626840888,4.59813626840888,66.92802103752956,79.44110327084393,7.7781745930520225,25.995191863111916,64.56392181396666,53.0,4.59813626840888,74.31016081263719,8.576453553512405,11.190273554396345,60.97015663420916,56.88145567757562,
4.59813626840888,4.59813626840888,4.59813626840888,4.59813626840888,4.59813626840888,4.59813626840888,4.59813626840888,4.59813626840888,4.59813626840888,4.59813626840888,4.59813626840888,4.59813626840888,54.07180411267965,4.59813626840888,20.952326839756964,54.53031776503376,32.23740063962974,58.63067077524831,58.08063360535937,104.0,75.0,4.59813626840888,7.7781745930520225,74.31016081263719,
4.59813626840888,4.59813626840888,4.59813626840888,4.59813626840888,4.59813626840888,4.59813626840888,4.59813626840888,4.59813626840888,4.59813626840888,4.59813626840888,4.59813626840888,4.59813626840888,58.9406481131655,74.09790820259369,4.59813626840888,4.59813626840888,4.59813626840888,49.23703600223834,11.190273554396345,61.28425572689938,23.464761693277733,54.07180411267965,39.495428708761835,55.42763049438631,
4.59813626840888,4.59813626840888,4.59813626840888,4.59813626840888,4.59813626840888,4.59813626840888,4.59813626840888,4.59813626840888,4.59813626840888,4.59813626840888,4.59813626840888,4.59813626840888,7.7781745930520225,66.98673168786652,4.59813626840888,31.05192783422991,34.20670643941183,8.576453553512405,55.42763049438631,39.9984567603536,87.3053390247253,75.19946808322516,64.4709236788182,4.59813626840888,
4.59813626840888,4.59813626840888,4.59813626840888,4.59813626840888,4.59813626840888,4.59813626840888,4.59813626840888,4.59813626840888,4.59813626840888,4.59813626840888,4.59813626840888,4.59813626840888,97.88542054645092,4.59813626840888,13.888444437333106,54.07180411267965,43.9305006674052,58.9406481131655,11.190273554396345,54.473479786039,4.59813626840888,34.52187712161666,8.576453553512405,7.7781745930520225,
4.59813626840888,4.59813626840888,4.59813626840888,4.59813626840888,4.59813626840888,4.59813626840888,4.59813626840888,4.59813626840888,4.59813626840888,4.59813626840888,4.59813626840888,4.59813626840888,7.7781745930520225,34.12477106150311,14.071247279470288,66.14042300708059,25.5321148534329,53.13661637703327,4.59813626840888,25.995191863111916,47.98374724841735,42.514703338962626,59.0668171555645,85.30859016274712,
4.59813626840888,4.59813626840888,4.59813626840888,4.59813626840888,4.59813626840888,4.59813626840888,4.59813626840888,4.59813626840888,4.59813626840888,4.59813626840888,4.59813626840888,4.59813626840888,62.017918557641245,58.9406481131655,64.56392181396666,54.66772356701896,77.256427276671,20.87486526902629,34.12477106150311,32.20186330012597,27.952817389308006,63.90226913028989,26.977027263951822,54.01388710322559,
4.59813626840888,4.59813626840888,4.59813626840888,4.59813626840888,4.59813626840888,4.59813626840888,4.59813626840888,4.59813626840888,4.59813626840888,4.59813626840888,4.59813626840888,4.59813626840888,64.52410402322529,28.482275190019493,88.93818077743664,17.931970208417017,40.85780219248216,31.808175049820132,4.59813626840888,4.59813626840888,53.187300071435175,58.9406481131655,59.84981202978001,56.88145567757562,
4.59813626840888,4.59813626840888,4.59813626840888,4.59813626840888,4.59813626840888,4.59813626840888,4.59813626840888,4.59813626840888,4.59813626840888,4.59813626840888,4.59813626840888,4.59813626840888,75.0,61.7275118102594,49.70771713584464,12.398156544998361,45.09279321576786,70.72167670209436,50.635955604688654,7.7781745930520225,30.248305737677278,43.79680353633128,4.59813626840888,45.85237180343019,
4.59813626840888,4.59813626840888,4.59813626840888,4.59813626840888,4.59813626840888,4.59813626840888,4.59813626840888,4.59813626840888,4.59813626840888,4.59813626840888,4.59813626840888,4.59813626840888,9.213516640723501,4.59813626840888,55.42763049438631,74.0,26.977027263951822,7.7781745930520225,27.90801216240854,4.59813626840888,17.814600753314682,4.59813626840888,4.59813626840888,8.576453553512405,
4.59813626840888,4.59813626840888,4.59813626840888,4.59813626840888,4.59813626840888,4.59813626840888,4.59813626840888,4.59813626840888,4.59813626840888,4.59813626840888,4.59813626840888,4.59813626840888,27.332032489370416,21.778101714468004,25.829108717546898,21.089462584399,26.977027263951822,29.179309429207407,14.071247279470288,55.88828141927429,17.291616465790582,55.1140232205521,31.541859312489635,66.57326790837296,
