51.78648472333298,66.83748948008146,47.88179890800539,77.2647396941192,86.0246476307808,70.27935329810597,60.97640895444395,97.21234489508007,96.84351638941384,63.81483631047982,42.88283456116211,32.08484844907328,61.88570109484096,42.19794623754415,58.30255140214706,33.116368725314985,32.64486942844159,42.19794623754415,106.54928437113034,53.91326367416464,65.28712096015038,64.58069887099911,39.3643369105611,108.83129145608812,
32.08484844907328,32.64486942844159,33.116368725314985,39.3643369105611,42.19794623754415,42.19794623754415,42.88283456116211,47.88179890800539,51.78648472333298,53.91326367416464,58.30255140214706,60.97640895444395,48.0,97.21234489508007,47.90963716553626,42.19794623754415,43.430979726457934,108.83358856529541,90.79280441385944,42.89157842747222,100.40252320866576,63.36118685757078,57.61889880933165,107.0,
32.08484844907328,32.64486942844159,33.116368725314985,39.3643369105611,42.19794623754415,42.19794623754415,42.19794623754415,42.88283456116211,42.89157842747222,43.430979726457934,47.88179890800539,47.90963716553626,91.75374651751284,88.39683252243827,42.19794623754415,39.85125404525674,42.19794623754415,42.248520684161235,46.42915750545843,32.08484844907328,33.56244180628102,96.84351638941384,37.4080205303622,42.55976190409591,
32.08484844907328,32.08484844907328,32.64486942844159,33.116368725314985,33.56244180628102,37.4080205303622,39.3643369105611,39.85125404525674,42.19794623754415,42.19794623754415,42.19794623754415,42.19794623754415,48.04880331496301,34.995237771254914,108.83129145608812,38.82576464153668,91.75374651751284,32.64486942844159,106.54928437113034,79.30163932731782,67.91347436260348,55.37448269133838,35.09896722127305,98.70481244599982,
32.08484844907328,32.08484844907328,32.64486942844159,32.64486942844159,33.116368725314985,33.56244180628102,34.995237771254914,35.09896722127305,37.4080205303622,38.82576464153668,39.3643369105611,39.85125404525674,36.542213032783515,54.17600945067844,97.22263111025129,73.26834241335067,60.36003092554984,40.640958404053414,39.319206502675,49.73617898471896,32.13110896413795,42.0884485340099,56.231663678038196,32.64486942844159,
32.08484844907328,32.08484844907328,32.13110896413795,32.64486942844159,32.64486942844159,32.64486942844159,33.116368725314985,33.56244180628102,34.995237771254914,35.09896722127305,36.542213032783515,37.4080205303622,28.653097563788805,85.02940667792525,97.21028752143468,63.81483631047982,46.183736314854386,24.61255325596631,66.67270805959512,58.39895118921229,57.10808465824549,35.71498285033888,60.74262643866057,95.73003708345672,
24.61255325596631,28.653097563788805,32.08484844907328,32.08484844907328,32.13110896413795,32.64486942844159,32.64486942844159,32.64486942844159,33.116368725314985,33.56244180628102,34.995237771254914,35.09896722127305,118.08753815143521,76.27089877535205,32.6640092456514,79.3412881165916,29.424101987618545,67.43470916375335,28.586010564610095,33.116368725314985,28.26293311795066,81.49993865028367,74.58310800710842,33.116368725314985,
24.61255325596631,28.26293311795066,28.586010564610095,28.653097563788805,29.424101987618545,32.08484844907328,32.08484844907328,32.13110896413795,32.64486942844159,32.64486942844159,32.64486942844159,32.6640092456514,33.13136731256348,17.741476826916074,42.19794623754415,74.41935232182554,33.10924677823738,79.28833457703598,27.868739954771304,32.915611797443475,52.92447448959697,29.587793091070512,32.46166970443757,53.50414822750681,
17.741476826916074,24.61255325596631,27.868739954771304,28.26293311795066,28.586010564610095,28.653097563788805,29.424101987618545,29.587793091070512,32.08484844907328,32.08484844907328,32.13110896413795,32.46166970443757,23.753362335093154,38.39802290828664,97.98596838323333,73.10494739300024,104.81769888716313,42.19794623754415,44.55827644781606,44.04290837101676,100.7007447837403,64.65165685961867,19.213536894595954,42.44923438649983,
17.741476826916074,19.213536894595954,23.753362335093154,24.61255325596631,27.868739954771304,28.26293311795066,28.586010564610095,28.653097563788805,29.424101987618545,29.587793091070512,32.08484844907328,32.08484844907328,91.75647116143907,54.893836933970405,92.31381261761427,72.62947060250406,38.14413725084853,86.0246476307808,27.837699258379814,90.78729720249046,34.411080322762196,60.96000696341489,26.58738213681236,40.91989125107739,
17.741476826916074,19.213536894595954,23.753362335093154,24.61255325596631,26.58738213681236,27.837699258379814,27.868739954771304,28.26293311795066,28.586010564610095,28.653097563788805,29.424101987618545,29.587793091070512,28.26293311795066,56.904502888432226,64.32469717508717,54.23873154858989,86.9750922199377,76.42146295380638,35.50586805961328,35.61366778827102,39.250625093722185,17.045820602130014,32.559521633150446,96.84351638941384,
17.045820602130014,17.741476826916074,19.213536894595954,23.753362335093154,24.61255325596631,26.58738213681236,27.837699258379814,27.868739954771304,28.26293311795066,28.26293311795066,28.586010564610095,28.653097563788805,89.45576187889371,81.43856580269572,44.04290837101676,43.78985065523932,46.11550715323426,64.01301950905508,41.301062671289436,35.851917661402716,62.970892746834494,53.62213473308698,82.95932738396569,90.78913297673166,
17.045820602130014,17.741476826916074,19.213536894595954,23.753362335093154,24.61255325596631,26.58738213681236,27.837699258379814,27.868739954771304,28.26293311795066,28.26293311795066,28.586010564610095,28.653097563788805,27.868739954771304,30.632227038420393,27.810744326608734,63.120836496358315,17.045820602130014,81.49993865028367,55.02578245417213,46.274543037542074,104.81769888716313,49.712506809990316,22.684614080392276,53.434539391670626,
17.045820602130014,17.045820602130014,17.741476826916074,19.213536894595954,22.684614080392276,23.753362335093154,24.61255325596631,26.58738213681236,27.810744326608734,27.837699258379814,27.868739954771304,27.868739954771304,18.642841938812754,75.66593244871389,32.6632651290236,18.0522657170966,27.972084298457276,73.71456256869382,77.84754331383874,27.440473608098216,104.80776052691263,51.965451631495576,66.67270805959512,25.148310082389234,
17.045820602130014,17.045820602130014,17.741476826916074,18.0522657170966,18.642841938812754,19.213536894595954,22.684614080392276,23.753362335093154,24.61255325596631,25.148310082389234,26.58738213681236,27.440473608098216,64.2638311960935,16.4851448279959,96.84351638941384,124.0,41.77295287427901,67.29814261924322,60.95079983068311,71.36350607978842,26.691654958890137,64.2638311960935,31.778676774224902,24.61255325596631,
16.4851448279959,17.045820602130014,17.045820602130014,17.741476826916074,18.0522657170966,18.642841938812754,19.213536894595954,22.684614080392276,23.753362335093154,24.61255325596631,24.61255325596631,25.148310082389234,26.78318209203691,111.05254011803001,47.91311581046119,111.05254011803001,91.75647116143907,43.70736017346888,70.1052779753422,16.751464719478527,39.683245834986835,118.08753815143521,19.72206885699368,28.864511081949754,
16.4851448279959,16.751464719478527,17.045820602130014,17.045820602130014,17.741476826916074,18.0522657170966,18.642841938812754,19.213536894595954,19.72206885699368,22.684614080392276,23.753362335093154,24.61255325596631,73.06161783043132,104.81769888716313,44.18416005764962,20.79807683416907,53.27522876534647,54.62542906009984,73.21372822087399,48.0,55.6151058616272,73.2438848414437,44.244321669565686,20.390193721492693,
16.4851448279959,16.751464719478527,17.045820602130014,17.045820602130014,17.741476826916074,18.0522657170966,18.642841938812754,19.213536894595954,19.72206885699368,20.390193721492693,20.79807683416907,22.684614080392276,18.642841938812754,82.95932738396569,20.18714098521692,46.42556766840157,42.25443763677372,26.228991593273275,42.87991954283496,106.09429767899876,19.20648038785058,61.88570109484096,27.192600096349743,77.1621668954417,
16.4851448279959,16.751464719478527,17.045820602130014,17.045820602130014,17.741476826916074,18.0522657170966,18.642841938812754,18.642841938812754,19.20648038785058,19.213536894595954,19.72206885699368,20.18714098521692,43.74547595656797,49.996666555548146,56.715904978683184,26.73873594618863,19.20648038785058,103.1079531365064,82.95932738396569,33.45052316481762,64.64776356018307,18.021098745637016,44.62809279665295,69.31269724949391,
16.4851448279959,16.751464719478527,17.045820602130014,17.045820602130014,17.741476826916074,18.021098745637016,18.0522657170966,18.642841938812754,18.642841938812754,19.20648038785058,19.20648038785058,19.213536894595954,70.28114967756291,18.021098745637016,29.672167093085736,27.507574714370342,43.70736017346888,23.34389641855018,29.638446315554397,79.11156679019827,18.642841938812754,19.20648038785058,18.741664813991314,69.26037828369117,
16.4851448279959,16.751464719478527,17.045820602130014,17.045820602130014,17.741476826916074,18.021098745637016,18.021098745637016,18.0522657170966,18.642841938812754,18.642841938812754,18.642841938812754,18.741664813991314,33.116368725314985,18.642841938812754,124.0,18.642841938812754,18.642841938812754,18.642841938812754,18.073922282301282,16.773158407861253,27.410946718418902,46.17020142906028,103.0740025418631,27.36177382164151,
16.4851448279959,16.751464719478527,16.773158407861253,17.045820602130014,17.045820602130014,17.741476826916074,18.021098745637016,18.021098745637016,18.0522657170966,18.073922282301282,18.642841938812754,18.642841938812754,27.99206236695602,26.4328181916159,82.82656578658806,45.36023611499573,17.718916445426338,64.2638311960935,24.962193635798737,97.20617264351066,96.0,97.20617264351066,15.931614059178443,82.08988975507276,
15.931614059178443,16.4851448279959,16.751464719478527,16.773158407861253,17.045820602130014,17.045820602130014,17.718916445426338,17.741476826916074,18.021098745637016,18.021098745637016,18.0522657170966,18.073922282301282,124.0,19.72206885699368,28.153358063434172,20.79807683416907,98.02168127511382,44.87761134463375,64.28322746512758,55.24343159773727,70.47439251245802,19.994443672625096,124.0,44.97406660139448,
15.931614059178443,16.4851448279959,16.751464719478527,16.773158407861253,17.045820602130014,17.045820602130014,17.718916445426338,17.741476826916074,18.021098745637016,18.021098745637016,18.0522657170966,18.073922282301282,17.718916445426338,90.79280441385944,46.23130252689549,31.85808374651558,49.63992797113622,46.11550715323426,26.11291438198083,23.4331199610959,56.6421515598881,17.778732613247023,16.67210795530875,31.47518864121389,
15.931614059178443,16.4851448279959,16.67210795530875,16.751464719478527,16.773158407861253,17.045820602130014,17.045820602130014,17.718916445426338,17.718916445426338,17.741476826916074,17.778732613247023,18.021098745637016,29.403401163810965,49.63992797113622,62.884085134995054,42.19794623754415,106.09429767899876,124.0,35.26093211095437,18.616748731540998,24.201290861002498,18.073922282301282,30.007290780741936,17.045820602130014,
15.931614059178443,16.4851448279959,16.67210795530875,16.751464719478527,16.773158407861253,17.045820602130014,17.045820602130014,17.045820602130014,17.718916445426338,17.718916445426338,17.741476826916074,17.778732613247023,25.733678754158376,124.0,55.03616621674092,16.4851448279959,18.15929514050587,34.322004603461025,82.95932738396569,63.120836496358315,74.30118886442307,29.7011784277998,24.96317287525767,28.166173565703478,
15.931614059178443,16.4851448279959,16.4851448279959,16.67210795530875,16.751464719478527,16.773158407861253,17.045820602130014,17.045820602130014,17.045820602130014,17.718916445426338,17.718916445426338,17.741476826916074,19.994443672625096,26.995555189697434,64.77139286238435,77.81927781726068,76.27089877535205,20.18714098521692,48.297903681215814,46.76893555912228,45.254833995939045,17.348637024607157,47.536170438940495,31.879983270593687,
15.931614059178443,16.4851448279959,16.4851448279959,16.67210795530875,16.751464719478527,16.773158407861253,17.045820602130014,17.045820602130014,17.045820602130014,17.348637024607157,17.718916445426338,17.718916445426338,16.4851448279959,52.30253871042548,17.60160011279123,44.56455991031439,89.45203556469058,73.63875791094434,45.93473631142341,82.97740656347365,17.348637024607157,98.7108909897991,22.67068591816313,113.18421562508911,
15.931614059178443,16.4851448279959,16.4851448279959,16.4851448279959,16.67210795530875,16.751464719478527,16.773158407861253,17.045820602130014,17.045820602130014,17.045820602130014,17.348637024607157,17.348637024607157,60.11994813092661,51.329004146453755,26.85764943797825,33.379447269240394,16.4851448279959,57.18682832028136,30.53868972709756,124.0,78.24480813446985,60.36003092554984,64.97260961359025,70.1052779753422,
15.931614059178443,16.4851448279959,16.4851448279959,16.4851448279959,16.4851448279959,16.67210795530875,16.751464719478527,16.773158407861253,17.045820602130014,17.045820602130014,17.045820602130014,17.348637024607157,20.807690885823924,16.4851448279959,43.16886633220941,53.97731950002856,45.36023611499573,16.25064101299802,64.35578192102608,22.519127672072713,34.795026620927025,16.4851448279959,104.79623084825141,18.06543661249293,
15.931614059178443,16.25064101299802,16.4851448279959,16.4851448279959,16.4851448279959,16.4851448279959,16.4851448279959,16.4851448279959,16.67210795530875,16.751464719478527,16.773158407861253,17.045820602130014,16.006942938057293,23.935097428021656,16.4851448279959,66.81317235396027,99.19299370419263,42.19794623754415,15.616795366548835,63.36118685757078,27.427176303804956,32.69386622730461,118.08753815143521,103.05944886326532,
15.616795366548835,15.931614059178443,16.006942938057293,16.25064101299802,16.4851448279959,16.4851448279959,16.4851448279959,16.4851448279959,16.4851448279959,16.4851448279959,16.4851448279959,16.67210795530875,15.599321875492107,70.28114967756291,43.96566378251026,16.988571754209765,108.83129145608812,33.9471377772163,124.0,71.36350607978842,64.2638311960935,15.616795366548835,106.17909398747005,52.025634707004464,
15.599321875492107,15.616795366548835,15.616795366548835,15.931614059178443,16.006942938057293,16.25064101299802,16.4851448279959,16.4851448279959,16.4851448279959,16.4851448279959,16.4851448279959,16.4851448279959,18.175808097578496,48.054656382082264,43.95266470526989,82.9351553926319,34.47085725652903,20.18714098521692,67.43470916375335,104.81769888716313,38.067192057086515,118.08753815143521,124.0,104.79623084825141,
15.599321875492107,15.616795366548835,15.616795366548835,15.931614059178443,16.006942938057293,16.25064101299802,16.4851448279959,16.4851448279959,16.4851448279959,16.4851448279959,16.4851448279959,16.4851448279959,24.147693701699776,59.01728560345689,19.994443672625096,44.62809279665295,97.20617264351066,66.76406218917481,84.88079877098235,104.0,42.320207938997655,43.17221328586247,72.14041862922616,53.20949163448191,
15.599321875492107,15.616795366548835,15.616795366548835,15.931614059178443,16.006942938057293,16.25064101299802,16.4851448279959,16.4851448279959,16.4851448279959,16.4851448279959,16.4851448279959,16.4851448279959,15.616795366548835,15.262290129597195,33.116368725314985,67.86633922645305,124.0,55.48549359967883,15.616795366548835,16.16597794676235,42.87700432632858,63.80961265096872,23.76739129330118,67.82329983125268,
15.262290129597195,15.599321875492107,15.616795366548835,15.616795366548835,15.616795366548835,15.616795366548835,15.931614059178443,16.006942938057293,16.16597794676235,16.25064101299802,16.4851448279959,16.4851448279959,54.11321465224553,15.03861695768597,17.165857586111645,69.67962399439308,48.825582433802055,65.9520027494743,19.03286631067428,15.59349302732997,19.213536894595954,96.84351638941384,47.50767929331777,103.08855416582387,
15.03861695768597,15.262290129597195,15.59349302732997,15.599321875492107,15.616795366548835,15.616795366548835,15.616795366548835,15.616795366548835,15.931614059178443,16.006942938057293,16.16597794676235,16.25064101299802,16.45870252750468,30.675723300355934,59.73552823348374,82.30886950991369,103.0740025418631,64.49030934954492,39.05684959133289,25.903667693977237,16.16597794676235,96.84351638941384,103.05944886326532,16.4851448279959,
15.03861695768597,15.262290129597195,15.59349302732997,15.599321875492107,15.616795366548835,15.616795366548835,15.616795366548835,15.616795366548835,15.931614059178443,16.006942938057293,16.16597794676235,16.16597794676235,69.67962399439308,124.0,53.20949163448191,42.19794623754415,75.86995452746758,44.18416005764962,20.6145579627602,53.20949163448191,15.616795366548835,24.20743687382041,124.0,77.93484458186852,
15.03861695768597,15.262290129597195,15.59349302732997,15.599321875492107,15.616795366548835,15.616795366548835,15.616795366548835,15.616795366548835,15.616795366548835,15.931614059178443,16.006942938057293,16.16597794676235,15.616795366548835,43.96566378251026,42.64082550795657,15.616795366548835,17.741476826916074,104.81769888716313,17.29482902809713,43.697110888478655,32.80751946327752,27.006665843824557,16.19927981938292,54.170448585921825,
15.03861695768597,15.262290129597195,15.59349302732997,15.599321875492107,15.616795366548835,15.616795366548835,15.616795366548835,15.616795366548835,15.616795366548835,15.616795366548835,15.616795366548835,15.931614059178443,15.616795366548835,15.616795366548835,46.256531070397685,96.84351638941384,66.66813331720036,15.509996776273036,27.23151768733347,69.31269724949391,51.56549233741495,27.44286995033703,17.73649721149397,67.2951707034019,
15.03861695768597,15.262290129597195,15.509996776273036,15.59349302732997,15.599321875492107,15.616795366548835,15.616795366548835,15.616795366548835,15.616795366548835,15.616795366548835,15.616795366548835,15.616795366548835,75.73143336818603,37.301977159394646,15.616795366548835,42.19794623754415,82.9351553926319,17.069270634681494,27.797257058925798,31.737443282697633,44.79107053866875,82.08684425655551,78.11427526387223,32.11956828269438,
15.03861695768597,15.262290129597195,15.509996776273036,15.59349302732997,15.599321875492107,15.616795366548835,15.616795366548835,15.616795366548835,15.616795366548835,15.616795366548835,15.616795366548835,15.616795366548835,31.47075091676883,104.81769888716313,15.03861695768597,104.79623084825141,23.43786110832926,15.616795366548835,26.772373820787728,124.0,70.2384510079771,15.490642336585013,53.20949163448191,15.616795366548835,
15.03861695768597,15.03861695768597,15.262290129597195,15.490642336585013,15.509996776273036,15.59349302732997,15.599321875492107,15.616795366548835,15.616795366548835,15.616795366548835,15.616795366548835,15.616795366548835,82.08684425655551,67.82329983125268,17.29482902809713,15.616795366548835,15.509996776273036,45.53387017741115,15.490642336585013,54.11321465224553,25.640544065990486,42.19794623754415,53.20949163448191,35.95048678390878,
15.03861695768597,15.03861695768597,15.262290129597195,15.490642336585013,15.490642336585013,15.509996776273036,15.509996776273036,15.59349302732997,15.599321875492107,15.616795366548835,15.616795366548835,15.616795366548835,73.47278407682671,15.509996776273036,47.91311581046119,53.20949163448191,42.19794623754415,53.20949163448191,46.36809247747852,15.490642336585013,63.36118685757078,53.20949163448191,53.213406831987996,26.47010892812243,
15.03861695768597,15.03861695768597,15.262290129597195,15.490642336585013,15.490642336585013,15.490642336585013,15.509996776273036,15.509996776273036,15.509996776273036,15.59349302732997,15.599321875492107,15.616795366548835,43.54690957270485,53.20949163448191,27.08800472533922,73.21372822087399,71.36350607978842,24.28305307548181,27.60837232113154,44.62809279665295,67.56971708292603,14.971973817770321,69.11324041021373,15.509996776273036,
14.971973817770321,15.03861695768597,15.03861695768597,15.262290129597195,15.490642336585013,15.490642336585013,15.490642336585013,15.509996776273036,15.509996776273036,15.509996776273036,15.509996776273036,15.59349302732997,56.01190349678659,77.15136637372882,26.117474016060434,35.5102744545397,15.491933384829668,16.488914382719717,15.59349302732997,87.09908151065659,69.95891651533778,104.79623084825141,19.369757355217438,59.73552823348374,
14.971973817770321,15.03861695768597,15.03861695768597,15.262290129597195,15.490642336585013,15.490642336585013,15.490642336585013,15.491933384829668,15.509996776273036,15.509996776273036,15.509996776273036,15.509996776273036,60.36003092554984,15.03861695768597,42.19794623754415,16.054905792311583,40.29474738308539,15.509996776273036,59.169586782400295,19.472737352514155,41.993303037508255,55.87784295526567,63.36118685757078,73.32973476019124,
14.971973817770321,15.03861695768597,15.03861695768597,15.03861695768597,15.262290129597195,15.490642336585013,15.490642336585013,15.490642336585013,15.491933384829668,15.509996776273036,15.509996776273036,15.509996776273036,111.05254011803001,96.84351638941384,52.30253871042548,17.950549357115012,15.346682415330838,19.472737352514155,42.19794623754415,95.70287352007774,27.707174161216802,15.778466338652816,45.59605246071199,53.20949163448191,
14.971973817770321,15.03861695768597,15.03861695768597,15.03861695768597,15.262290129597195,15.346682415330838,15.490642336585013,15.490642336585013,15.490642336585013,15.491933384829668,15.509996776273036,15.509996776273036,41.76409941564645,59.7013400184619,28.67817114113102,15.210522673465235,15.03861695768597,59.01728560345689,32.91740505500936,15.967466924969656,31.70141308895764,15.262290129597195,28.831671927282486,41.72928627874353,
14.971973817770321,15.03861695768597,15.03861695768597,15.03861695768597,15.03861695768597,15.210522673465235,15.262290129597195,15.262290129597195,15.346682415330838,15.490642336585013,15.490642336585013,15.490642336585013,26.903118365308096,73.32973476019124,19.910215133610855,11.969348608944806,71.94053099609427,26.117474016060434,15.03861695768597,28.831671927282486,15.491933384829666,54.17333292312741,15.262290129597195,104.81769888716313,
11.969348608944806,14.971973817770321,15.03861695768597,15.03861695768597,15.03861695768597,15.03861695768597,15.03861695768597,15.210522673465235,15.262290129597195,15.262290129597195,15.262290129597195,15.346682415330838,44.18416005764962,59.169586782400295,65.0,118.08753815143521,48.91063279083598,27.23151768733347,81.08662035132554,53.528030040344284,15.03861695768597,15.03861695768597,69.33072911775845,43.944965581963984,
11.969348608944806,14.971973817770321,15.03861695768597,15.03861695768597,15.03861695768597,15.03861695768597,15.03861695768597,15.03861695768597,15.03861695768597,15.210522673465235,15.262290129597195,15.262290129597195,14.259499757471627,15.03861695768597,14.998666607402141,124.0,96.84351638941384,91.75374651751284,59.7013400184619,21.71543230055529,63.36118685757078,88.25106231655232,82.08684425655551,40.68092304754158,
11.969348608944806,14.259499757471627,14.971973817770321,14.998666607402141,15.03861695768597,15.03861695768597,15.03861695768597,15.03861695768597,15.03861695768597,15.03861695768597,15.03861695768597,15.03861695768597,16.05311431899876,45.176198256259774,17.346149108343585,50.52392172690741,70.36646928758043,96.84351638941384,42.19794623754415,24.214320831552005,26.61179249881526,118.08753815143521,14.7542366796795,28.831671927282486,
11.969348608944806,14.259499757471627,14.7542366796795,14.971973817770321,14.998666607402141,15.03861695768597,15.03861695768597,15.03861695768597,15.03861695768597,15.03861695768597,15.03861695768597,15.03861695768597,82.08684425655551,15.03861695768597,20.66494616494318,65.0,97.20617264351066,68.89303302947258,26.468094000135334,25.963868143625902,15.03861695768597,49.4756175776905,16.25064101299802,14.290634073484012,
11.969348608944806,14.259499757471627,14.290634073484012,14.7542366796795,14.971973817770321,14.998666607402141,15.03861695768597,15.03861695768597,15.03861695768597,15.03861695768597,15.03861695768597,15.03861695768597,44.56455991031439,19.725899500684655,34.47085725652903,104.81769888716313,59.7013400184619,76.72027111526653,57.33236433289665,47.10825299244284,15.03861695768597,38.43501008195523,124.0,81.49993865028367,
11.969348608944806,14.259499757471627,14.290634073484012,14.7542366796795,14.971973817770321,14.998666607402141,15.03861695768597,15.03861695768597,15.03861695768597,15.03861695768597,15.03861695768597,15.03861695768597,20.853989759489405,27.35771270491092,111.05254011803001,51.04246598013593,35.90177572210043,15.03861695768597,41.76409941564645,14.290634073484012,28.831671927282486,66.86882681788279,79.48584779695062,56.927092649730675,
11.969348608944806,14.259499757471627,14.290634073484012,14.290634073484012,14.7542366796795,14.971973817770321,14.998666607402141,15.03861695768597,15.03861695768597,15.03861695768597,15.03861695768597,15.03861695768597,43.80258744260054,44.56455991031439,65.0,14.337208778404378,40.3773864103824,26.04078433879425,14.259499757471627,14.259499757471627,21.2184406171194,44.56455991031439,34.47085725652903,96.84351638941384,
11.969348608944806,14.259499757471627,14.259499757471627,14.259499757471627,14.290634073484012,14.290634073484012,14.337208778404378,14.7542366796795,14.971973817770321,14.998666607402141,15.03861695768597,15.03861695768597,15.599321875492107,113.18421562508911,113.18421562508911,48.91063279083598,75.34752816118124,55.57202533649462,44.56455991031439,124.0,28.831671927282486,16.982834470919943,73.32973476019124,18.684515276322024,
11.969348608944806,14.259499757471627,14.259499757471627,14.259499757471627,14.290634073484012,14.290634073484012,14.337208778404378,14.7542366796795,14.971973817770321,14.998666607402141,15.03861695768597,15.03861695768597,14.7542366796795,59.7013400184619,62.61988502065458,22.787393578960472,24.214320831552005,43.430979726457934,59.7013400184619,36.67878587594378,124.0,33.03430498924487,111.05254011803001,15.354478174135387,
11.969348608944806,14.259499757471627,14.259499757471627,14.259499757471627,14.290634073484012,14.290634073484012,14.337208778404378,14.7542366796795,14.7542366796795,14.971973817770321,14.998666607402141,15.03861695768597,15.85433694608513,44.18416005764962,46.3609030685699,15.490642336585015,14.998666607402141,14.259499757471627,33.02019584032374,14.998666607402141,87.09908151065659,69.31269724949391,67.98038932908028,42.19794623754415,
11.969348608944806,14.259499757471627,14.259499757471627,14.259499757471627,14.259499757471627,14.290634073484012,14.290634073484012,14.337208778404378,14.7542366796795,14.7542366796795,14.971973817770321,14.998666607402141,75.52979544524135,18.45094848510504,35.32389811130388,42.19794623754415,50.32931551292944,15.816447135814034,45.90683500307988,59.66104256547986,44.56455991031439,42.61064029871725,113.18421562508911,41.76888794306116,
11.969348608944806,14.259499757471627,14.259499757471627,14.259499757471627,14.259499757471627,14.290634073484012,14.290634073484012,14.337208778404378,14.7542366796795,14.7542366796795,14.971973817770321,14.998666607402141,14.259499757471627,15.816447135814034,18.624953392931992,46.256531070397685,59.7013400184619,27.186598005471577,14.259499757471627,31.874754901018456,104.12492496996096,14.259499757471627,63.36118685757078,14.259499757471627,
11.969348608944806,14.259499757471627,14.259499757471627,14.259499757471627,14.259499757471627,14.259499757471627,14.259499757471627,14.259499757471627,14.259499757471627,14.290634073484012,14.290634073484012,14.337208778404378,80.5403625519528,14.259499757471627,11.969348608944806,124.0,28.832851633741214,27.641745887379823,39.50237334642059,43.83681861935999,96.84351638941384,124.0,14.29063407348401,24.440403706431145,
11.969348608944806,11.969348608944806,14.259499757471627,14.259499757471627,14.259499757471627,14.259499757471627,14.259499757471627,14.259499757471627,14.259499757471627,14.259499757471627,14.259499757471627,14.29063407348401,14.259499757471627,29.587793091070512,42.19794623754415,15.816447135814034,47.83730932300965,59.7013400184619,104.81769888716313,92.63908462414771,53.528030040344284,53.434539391670626,73.26834241335067,35.91569990964954,
11.969348608944806,11.969348608944806,14.259499757471627,14.259499757471627,14.259499757471627,14.259499757471627,14.259499757471627,14.259499757471627,14.259499757471627,14.259499757471627,14.259499757471627,14.259499757471627,67.07786520157003,18.624953392931992,69.31269724949391,124.0,62.87487574540406,75.57281257171788,40.3773864103824,113.18421562508911,91.75374651751284,62.87487574540406,14.259499757471627,14.7542366796795,
11.969348608944806,11.969348608944806,14.259499757471627,14.259499757471627,14.259499757471627,14.259499757471627,14.259499757471627,14.259499757471627,14.259499757471627,14.259499757471627,14.259499757471627,14.259499757471627,113.18421562508911,14.259499757471627,26.19160170741759,14.259499757471627,51.07876271015186,14.259499757471627,124.0,24.214320831552005,88.13200326782547,42.19794623754415,59.7013400184619,50.43147165543886,
11.969348608944806,11.969348608944806,14.259499757471627,14.259499757471627,14.259499757471627,14.259499757471627,14.259499757471627,14.259499757471627,14.259499757471627,14.259499757471627,14.259499757471627,14.259499757471627,14.259499757471627,23.967570682996733,124.0,22.41031508529548,46.53858614096479,14.259499757471627,14.337208778404378,14.259499757471627,22.762303244170873,27.628487713469468,82.08684425655551,33.16122233372387,
11.969348608944806,11.969348608944806,14.259499757471627,14.259499757471627,14.259499757471627,14.259499757471627,14.259499757471627,14.259499757471627,14.259499757471627,14.259499757471627,14.259499757471627,14.259499757471627,24.214320831552005,40.3773864103824,46.098927439921106,14.7542366796795,14.7542366796795,42.19794623754415,23.684119151870522,27.707174161216802,42.19794623754415,20.40152499746581,15.816447135814034,14.259499757471627,
11.969348608944806,11.969348608944806,14.259499757471627,14.259499757471627,14.259499757471627,14.259499757471627,14.259499757471627,14.259499757471627,14.259499757471627,14.259499757471627,14.259499757471627,14.259499757471627,59.7013400184619,28.832851633741214,14.259499757471627,45.60526285419261,24.214320831552005,46.256531070397685,41.66341320631329,28.831671927282486,82.90621207123144,26.04078433879425,14.259499757471627,27.707174161216802,
11.969348608944806,11.969348608944806,14.259499757471627,14.259499757471627,14.259499757471627,14.259499757471627,14.259499757471627,14.259499757471627,14.259499757471627,14.259499757471627,14.259499757471627,14.259499757471627,68.89303302947258,22.762303244170873,24.214320831552005,14.259499757471627,17.76759691123141,15.210522673465235,47.11952886012338,15.490642336585015,51.99679477301141,16.76186147180557,107.0,14.259499757471627,
11.969348608944806,11.969348608944806,14.259499757471627,14.259499757471627,14.259499757471627,14.259499757471627,14.259499757471627,14.259499757471627,14.259499757471627,14.259499757471627,14.259499757471627,14.259499757471627,73.32973476019124,59.7013400184619,17.107503227141788,82.90621207123144,37.97285214465724,111.05254011803001,27.19681353884434,46.53858614096479,33.96965557670551,61.98386886924694,111.05254011803001,15.210522673465235,
11.969348608944806,11.969348608944806,14.259499757471627,14.259499757471627,14.259499757471627,14.259499757471627,14.259499757471627,14.259499757471627,14.259499757471627,14.259499757471627,14.259499757471627,14.259499757471627,67.29814261924322,81.43856580269572,14.259499757471627,66.67270805959512,103.1079531365064,99.04670615421797,54.072543864700876,23.178984147767327,59.7013400184619,11.969348608944806,17.76759691123141,82.08684425655551,
11.969348608944806,11.969348608944806,11.969348608944806,14.259499757471627,14.259499757471627,14.259499757471627,14.259499757471627,14.259499757471627,14.259499757471627,14.259499757471627,14.259499757471627,14.259499757471627,14.259499757471627,113.18421562508911,42.62628297189423,17.76759691123141,16.292252760131117,103.08855416582387,107.0,35.26093211095437,48.63399331869067,82.11424967689834,60.74262643866057,24.214320831552005,
11.969348608944806,11.969348608944806,11.969348608944806,14.259499757471627,14.259499757471627,14.259499757471627,14.259499757471627,14.259499757471627,14.259499757471627,14.259499757471627,14.259499757471627,14.259499757471627,43.96566378251026,51.21197776562302,70.65880459409618,64.2638311960935,29.256409554147275,67.03014247336792,18.9917745353087,107.0,73.32973476019124,16.429774800647756,76.3900517083213,17.90716802475106,
11.969348608944806,11.969348608944806,11.969348608944806,14.259499757471627,14.259499757471627,14.259499757471627,14.259499757471627,14.259499757471627,14.259499757471627,14.259499757471627,14.259499757471627,14.259499757471627,14.259499757471627,41.66341320631329,14.259499757471627,14.7542366796795,42.19794623754415,14.259499757471627,53.27522876534647,77.2647396941192,14.337208778404378,17.76759691123141,17.76759691123141,82.95932738396569,
11.969348608944806,11.969348608944806,11.969348608944806,14.259499757471627,14.259499757471627,14.259499757471627,14.259499757471627,14.259499757471627,14.259499757471627,14.259499757471627,14.259499757471627,14.259499757471627,103.1079531365064,69.31269724949391,27.707174161216802,96.84351638941384,73.32973476019124,69.31269724949391,34.226305672683985,53.00314456080255,11.969348608944806,118.08753815143521,107.0,22.433575419946973,
11.969348608944806,11.969348608944806,11.969348608944806,11.969348608944806,14.259499757471627,14.259499757471627,14.259499757471627,14.259499757471627,14.259499757471627,14.259499757471627,14.259499757471627,14.259499757471627,14.259499757471627,88.25106231655232,11.969348608944806,15.992498241363043,16.76186147180557,17.76759691123141,32.10442146420054,41.66341320631329,15.865134078817077,16.188456248280108,34.85685011586675,47.31426846100445,
11.969348608944806,11.969348608944806,11.969348608944806,11.969348608944806,11.969348608944806,14.259499757471627,14.259499757471627,14.259499757471627,14.259499757471627,14.259499757471627,14.259499757471627,14.259499757471627,14.259499757471627,82.95932738396569,64.2638311960935,73.32973476019124,33.917667420760324,49.51891001405011,48.13564168056763,53.903246655465935,49.874241848874256,48.13564168056763,28.011902232205983,28.832851633741214,
11.969348608944806,11.969348608944806,11.969348608944806,11.969348608944806,11.969348608944806,14.259499757471627,14.259499757471627,14.259499757471627,14.259499757471627,14.259499757471627,14.259499757471627,14.259499757471627,65.62194754805742,26.117474016060434,14.259499757471627,11.969348608944806,44.18416005764962,11.969348608944806,16.339375955389798,31.874754901018456,26.17757257887845,11.969348608944806,24.280671745406124,48.63399331869067,
11.969348608944806,11.969348608944806,11.969348608944806,11.969348608944806,11.969348608944806,11.969348608944806,11.969348608944806,11.969348608944806,14.259499757471627,14.259499757471627,14.259499757471627,14.259499757471627,11.72821471529931,17.6184041066524,104.29765098025938,99.19299370419263,42.874701165139335,41.66341320631329,11.969348608944806,11.969348608944806,49.32207078648124,11.969348608944806,11.969348608944806,18.40289832245635,
11.72821471529931,11.969348608944806,11.969348608944806,11.969348608944806,11.969348608944806,11.969348608944806,11.969348608944806,11.969348608944806,11.969348608944806,11.969348608944806,11.969348608944806,11.969348608944806,27.135462651912412,42.485291572496,86.49084729996964,42.19794623754415,33.06433123473088,6.506407098647712,27.275217689323764,39.13225438603472,34.72751070837067,62.87487574540406,6.506407098647712,18.76592656918384,
6.506407098647712,6.506407098647712,11.72821471529931,11.969348608944806,11.969348608944806,11.969348608944806,11.969348608944806,11.969348608944806,11.969348608944806,11.969348608944806,11.969348608944806,11.969348608944806,63.120836496358315,67.07786520157003,118.08753815143521,44.8516071804196,11.72821471529931,81.79394843140904,6.506407098647712,45.60526285419261,111.05254011803001,82.08684425655551,59.169586782400295,11.969348608944806,
6.506407098647712,6.506407098647712,6.506407098647712,11.72821471529931,11.72821471529931,11.969348608944806,11.969348608944806,11.969348608944806,11.969348608944806,11.969348608944806,11.969348608944806,11.969348608944806,18.048822676285564,17.256238807393046,43.83681861935999,69.31269724949391,24.214320831552005,111.05254011803001,6.506407098647712,14.7542366796795,53.528030040344284,5.972157622389639,16.006942938057293,104.23371175712138,
5.972157622389639,6.506407098647712,6.506407098647712,6.506407098647712,6.506407098647712,11.72821471529931,11.72821471529931,11.969348608944806,11.969348608944806,11.969348608944806,11.969348608944806,11.969348608944806,27.869228147744252,11.969348608944806,82.08684425655551,6.506407098647712,59.66104256547986,91.75374651751284,42.19794623754415,111.05254011803001,6.506407098647712,53.76182040568691,46.53858614096479,92.78290072349897,
5.972157622389639,6.506407098647712,6.506407098647712,6.506407098647712,6.506407098647712,6.506407098647712,6.506407098647712,11.72821471529931,11.72821471529931,11.969348608944806,11.969348608944806,11.969348608944806,47.654354470499335,11.72821471529931,20.66494616494318,63.36118685757078,63.189309925721524,42.19794623754415,16.02927010191044,40.74616546375867,90.88820972308051,96.84351638941384,57.767118674900175,23.98306694315804,
5.972157622389639,6.506407098647712,6.506407098647712,6.506407098647712,6.506407098647712,6.506407098647712,6.506407098647712,11.72821471529931,11.72821471529931,11.72821471529931,11.969348608944806,11.969348608944806,61.73329733620261,16.184483309639514,33.5654584357193,11.72821471529931,5.972157622389639,44.46065676527957,51.652081274620485,11.72821471529931,18.45094848510504,28.485742047557757,124.0,68.68769904429759,
5.972157622389639,5.972157622389639,6.506407098647712,6.506407098647712,6.506407098647712,6.506407098647712,6.506407098647712,6.506407098647712,11.72821471529931,11.72821471529931,11.72821471529931,11.72821471529931,22.782449385437026,49.17731350191169,6.506407098647712,33.82661673889365,28.377196939134933,85.01323426384859,28.832851633741214,11.945454263066784,6.506407098647712,111.05254011803001,44.18416005764962,20.127372185934036,
5.972157622389639,5.972157622389639,6.506407098647712,6.506407098647712,6.506407098647712,6.506407098647712,6.506407098647712,6.506407098647712,6.506407098647712,6.506407098647712,11.72821471529931,11.72821471529931,28.629821282478634,111.05254011803001,63.36118685757078,6.506407098647712,6.506407098647712,113.18421562508911,24.63818175109519,6.506407098647712,6.506407098647712,68.68769904429759,82.08684425655551,104.81769888716313,
5.972157622389639,5.972157622389639,6.506407098647712,6.506407098647712,6.506407098647712,6.506407098647712,6.506407098647712,6.506407098647712,6.506407098647712,6.506407098647712,6.506407098647712,6.506407098647712,42.19794623754415,5.972157622389639,53.76182040568691,39.66526608171604,19.022006589576126,33.980693047670464,51.329004146453755,63.63961030678928,42.19794623754415,6.506407098647712,53.20949163448191,5.972157622389639,
5.972157622389639,5.972157622389639,5.972157622389639,5.972157622389639,6.506407098647712,6.506407098647712,6.506407098647712,6.506407098647712,6.506407098647712,6.506407098647712,6.506407098647712,6.506407098647712,5.972157622389639,43.26476626540354,43.96566378251026,46.35663382947472,16.184483309639514,46.0169051062276,44.18416005764962,85.73214099741124,55.48549359967883,6.506407098647712,86.9750922199377,103.08855416582387,
5.972157622389639,5.972157622389639,5.972157622389639,5.972157622389639,5.972157622389639,6.506407098647712,6.506407098647712,6.506407098647712,6.506407098647712,6.506407098647712,6.506407098647712,6.506407098647712,52.682444893911295,124.0,113.18421562508911,43.430979726457934,42.19794623754415,17.76388345929897,33.82661673889365,113.18421562508911,28.831671927282486,27.427176303804956,43.549512052375505,6.506407098647712,
5.972157622389639,5.972157622389639,5.972157622389639,5.972157622389639,5.972157622389639,6.506407098647712,6.506407098647712,6.506407098647712,6.506407098647712,6.506407098647712,6.506407098647712,6.506407098647712,16.246153390879947,20.11632835948615,104.96983693741106,73.2438848414437,16.184483309639514,6.506407098647712,14.7542366796795,14.7542366796795,5.972157622389639,59.7013400184619,5.972157622389639,16.429774800647756,
5.972157622389639,5.972157622389639,5.972157622389639,5.972157622389639,5.972157622389639,5.972157622389639,5.972157622389639,6.506407098647712,6.506407098647712,6.506407098647712,6.506407098647712,6.506407098647712,85.73214099741124,111.05254011803001,59.7013400184619,58.87621050360923,27.427176303804956,87.09908151065659,118.08753815143521,51.329004146453755,44.46065676527957,44.18416005764962,30.469790994775565,14.495601021675226,
5.972157622389639,5.972157622389639,5.972157622389639,5.972157622389639,5.972157622389639,5.972157622389639,5.972157622389639,6.506407098647712,6.506407098647712,6.506407098647712,6.506407098647712,6.506407098647712,42.19794623754415,86.9750922199377,42.19794623754415,5.972157622389639,85.73214099741124,60.83310502240262,85.73214099741124,16.64665465224503,59.7013400184619,11.945454263066784,12.84678948220138,55.12107884769068,
5.972157622389639,5.972157622389639,5.972157622389639,5.972157622389639,5.972157622389639,5.972157622389639,5.972157622389639,5.972157622389639,6.506407098647712,6.506407098647712,6.506407098647712,6.506407098647712,22.782449385437026,33.30540496676178,17.6184041066524,33.85025849236605,33.82661673889365,6.506407098647712,5.972157622389639,18.31210892642716,20.498475553074673,42.19794623754415,49.36935621752965,5.972157622389639,
5.972157622389639,5.972157622389639,5.972157622389639,5.972157622389639,5.972157622389639,5.972157622389639,5.972157622389639,5.972157622389639,5.972157622389639,5.972157622389639,6.506407098647712,6.506407098647712,61.57921727336261,54.23873154858989,38.49467495641443,16.184483309639514,48.71617088937152,55.152878438028964,113.18421562508911,42.19794623754415,22.782449385437026,40.74616546375867,46.256531070397685,34.85685011586675,
5.972157622389639,5.972157622389639,5.972157622389639,5.972157622389639,5.972157622389639,5.972157622389639,5.972157622389639,5.972157622389639,5.972157622389639,5.972157622389639,6.506407098647712,6.506407098647712,16.184483309639514,48.91063279083598,111.05254011803001,35.556293395122054,27.448816003609338,16.006942938057293,91.75374651751284,5.972157622389639,85.73214099741124,5.972157622389639,124.0,88.0,
5.972157622389639,5.972157622389639,5.972157622389639,5.972157622389639,5.972157622389639,5.972157622389639,5.972157622389639,5.972157622389639,5.972157622389639,5.972157622389639,5.972157622389639,5.972157622389639,5.972157622389639,44.56455991031439,39.01076774430363,42.19794623754415,5.972157622389639,88.0,44.16092730004659,20.498475553074673,28.629821282478634,77.0,78.25752359997088,42.19794623754415,
5.972157622389639,5.972157622389639,5.972157622389639,5.972157622389639,5.972157622389639,5.972157622389639,5.972157622389639,5.972157622389639,5.972157622389639,5.972157622389639,5.972157622389639,5.972157622389639,5.972157622389639,44.56455991031439,111.05254011803001,100.40252320866576,124.0,17.950549357115012,5.972157622389639,5.972157622389639,44.18416005764962,44.18416005764962,6.506407098647712,52.70989786874315,
5.972157622389639,5.972157622389639,5.972157622389639,5.972157622389639,5.972157622389639,5.972157622389639,5.972157622389639,5.972157622389639,5.972157622389639,5.972157622389639,5.972157622389639,5.972157622389639,46.95409992748237,42.19794623754415,43.26476626540354,28.747946786587114,28.377196939134933,79.23786973411136,33.30540496676178,5.972157622389639,111.05254011803001,73.11178655547499,28.832851633741214,28.10911683030244,
5.972157622389639,5.972157622389639,5.972157622389639,5.972157622389639,5.972157622389639,5.972157622389639,5.972157622389639,5.972157622389639,5.972157622389639,5.972157622389639,5.972157622389639,5.972157622389639,52.682444893911295,5.972157622389639,43.26476626540354,5.972157622389639,63.36118685757078,17.29277305697383,16.909686573085853,111.05254011803001,84.88816171881683,42.19794623754415,22.782449385437026,111.05254011803001,
5.972157622389639,5.972157622389639,5.972157622389639,5.972157622389639,5.972157622389639,5.972157622389639,5.972157622389639,5.972157622389639,5.972157622389639,5.972157622389639,5.972157622389639,5.972157622389639,29.244919321524023,6.506407098647712,48.91063279083598,46.256531070397685,77.29838290675944,12.531560158256434,104.81769888716313,42.19794623754415,5.972157622389639,113.18421562508911,5.972157622389639,18.28174560106945,
5.972157622389639,5.972157622389639,5.972157622389639,5.972157622389639,5.972157622389639,5.972157622389639,5.972157622389639,5.972157622389639,5.972157622389639,5.972157622389639,5.972157622389639,5.972157622389639,48.91063279083598,15.169787374238037,83.88831861469153,49.57657445501733,5.972157622389639,5.972157622389639,86.9750922199377,96.84351638941384,22.782449385437026,16.76186147180557,42.19794623754415,124.0,
5.972157622389639,5.972157622389639,5.972157622389639,5.972157622389639,5.972157622389639,5.972157622389639,5.972157622389639,5.972157622389639,5.972157622389639,5.972157622389639,5.972157622389639,5.972157622389639,20.11632835948615,104.12492496996096,44.56455991031439,44.46065676527957,5.972157622389639,43.36665385600631,53.91326367416464,57.767118674900175,51.329004146453755,38.49467495641443,42.5440947723653,96.84351638941384,
5.972157622389639,5.972157622389639,5.972157622389639,5.972157622389639,5.972157622389639,5.972157622389639,5.972157622389639,5.972157622389639,5.972157622389639,5.972157622389639,5.972157622389639,5.972157622389639,5.972157622389639,5.972157622389639,22.30844384233617,27.26261176043117,53.528030040344284,42.19794623754415,51.329004146453755,42.19794623754415,96.84351638941384,124.0,28.629821282478634,86.9750922199377,
5.972157622389639,5.972157622389639,5.972157622389639,5.972157622389639,5.972157622389639,5.972157622389639,5.972157622389639,5.972157622389639,5.972157622389639,5.972157622389639,5.972157622389639,5.972157622389639,104.81769888716313,44.18416005764962,5.972157622389639,33.82661673889365,19.090428084368472,40.74616546375867,42.19794623754415,5.972157622389639,48.91063279083598,5.972157622389639,39.32874266996086,96.84351638941384,
5.972157622389639,5.972157622389639,5.972157622389639,5.972157622389639,5.972157622389639,5.972157622389639,5.972157622389639,5.972157622389639,5.972157622389639,5.972157622389639,5.972157622389639,5.972157622389639,42.19794623754415,24.95996794869737,5.972157622389639,87.09908151065659,14.8,67.05997315836028,42.19794623754415,95.71750101209287,113.18421562508911,100.40252320866576,38.598445564556094,42.19794623754415,
5.972157622389639,5.972157622389639,5.972157622389639,5.972157622389639,5.972157622389639,5.972157622389639,5.972157622389639,5.972157622389639,5.972157622389639,5.972157622389639,5.972157622389639,5.972157622389639,11.849395059044411,5.972157622389639,35.69663849720307,58.559798496921076,5.972157622389639,38.49467495641443,52.682444893911295,19.1666376811375,96.84351638941384,5.972157622389639,5.972157622389639,111.05254011803001,
5.972157622389639,5.972157622389639,5.972157622389639,5.972157622389639,5.972157622389639,5.972157622389639,5.972157622389639,5.972157622389639,5.972157622389639,5.972157622389639,5.972157622389639,5.972157622389639,14.495601021675226,96.84351638941384,59.7606336423346,15.244938939376114,44.56455991031439,88.4943501021393,82.08684425655551,6.506407098647712,35.556293395122054,5.972157622389639,85.73214099741124,11.776836483157112,
5.972157622389639,5.972157622389639,5.972157622389639,5.972157622389639,5.972157622389639,5.972157622389639,5.972157622389639,5.972157622389639,5.972157622389639,5.972157622389639,5.972157622389639,5.972157622389639,24.055491403558285,5.972157622389639,20.66494616494318,105.0,24.06472753037339,41.0396150079408,14.8,49.24090440545001,19.090428084368472,53.434539391670626,6.506407098647712,111.05254011803001,
5.972157622389639,5.972157622389639,5.972157622389639,5.972157622389639,5.972157622389639,5.972157622389639,5.972157622389639,5.972157622389639,5.972157622389639,5.972157622389639,5.972157622389639,5.972157622389639,85.73214099741124,5.972157622389639,17.256238807393046,33.82661673889365,5.972157622389639,124.0,40.959329421594134,24.70703341156117,5.972157622389639,54.01703435028621,6.506407098647712,85.73214099741124,
5.972157622389639,5.972157622389639,5.972157622389639,5.972157622389639,5.972157622389639,5.972157622389639,5.972157622389639,5.972157622389639,5.972157622389639,5.972157622389639,5.972157622389639,5.972157622389639,5.972157622389639,5.972157622389639,19.79292802998081,42.89133556636663,5.972157622389639,5.972157622389639,62.03418412456152,44.18416005764962,5.972157622389639,29.244919321524023,16.184483309639514,5.972157622389639,
5.972157622389639,5.972157622389639,5.972157622389639,5.972157622389639,5.972157622389639,5.972157622389639,5.972157622389639,5.972157622389639,5.972157622389639,5.972157622389639,5.972157622389639,5.972157622389639,60.83310502240262,14.8,5.972157622389639,48.91063279083598,44.18416005764962,51.329004146453755,5.972157622389639,5.972157622389639,35.61951712193752,44.18416005764962,38.532453853861945,6.506407098647712,
5.972157622389639,5.972157622389639,5.972157622389639,5.972157622389639,5.972157622389639,5.972157622389639,5.972157622389639,5.972157622389639,5.972157622389639,5.972157622389639,5.972157622389639,5.972157622389639,5.972157622389639,47.90289657212808,15.505101201388726,57.767118674900175,82.08684425655551,16.184483309639514,46.452556442030186,44.18416005764962,27.26261176043117,85.73214099741124,5.972157622389639,16.184483309639514,
5.972157622389639,5.972157622389639,5.972157622389639,5.972157622389639,5.972157622389639,5.972157622389639,5.972157622389639,5.972157622389639,5.972157622389639,5.972157622389639,5.972157622389639,5.972157622389639,36.58209944768069,113.18421562508911,43.26476626540354,96.84351638941384,5.972157622389639,5.972157622389639,46.53791763473929,46.256531070397685,87.09908151065659,82.08684425655551,36.004629331980816,28.04806370413153,
5.972157622389639,5.972157622389639,5.972157622389639,5.972157622389639,5.972157622389639,5.972157622389639,5.972157622389639,5.972157622389639,5.972157622389639,5.972157622389639,5.972157622389639,5.972157622389639,48.94436658501326,5.972157622389639,6.506407098647712,104.79861640308043,14.495601021675226,19.022006589576126,11.945454263066784,42.19794623754415,42.19794623754415,71.36350607978842,83.88831861469153,5.972157622389639,
5.972157622389639,5.972157622389639,5.972157622389639,5.972157622389639,5.972157622389639,5.972157622389639,5.972157622389639,5.972157622389639,5.972157622389639,5.972157622389639,5.972157622389639,5.972157622389639,77.0,104.96983693741106,27.34349404642111,76.72027111526653,57.767118674900175,35.556293395122054,36.870550579019024,86.9750922199377,86.0246476307808,48.20618979647611,14.495601021675226,20.11632835948615,
5.972157622389639,5.972157622389639,5.972157622389639,5.972157622389639,5.972157622389639,5.972157622389639,5.972157622389639,5.972157622389639,5.972157622389639,5.972157622389639,5.972157622389639,5.972157622389639,23.424215622962073,81.49993865028367,16.184483309639514,42.19794623754415,6.506407098647712,118.08753815143521,5.972157622389639,22.918667197776774,22.843746074010664,62.94640577507186,91.75374651751284,103.1079531365064,
5.972157622389639,5.972157622389639,5.972157622389639,5.972157622389639,5.972157622389639,5.972157622389639,5.972157622389639,5.972157622389639,5.972157622389639,5.972157622389639,5.972157622389639,5.972157622389639,43.430979726457934,85.73214099741124,85.73214099741124,48.91063279083598,28.53835138896429,44.18416005764962,44.18416005764962,48.0,19.79292802998081,28.377196939134933,55.152878438028964,55.48549359967883,
5.972157622389639,5.972157622389639,5.972157622389639,5.972157622389639,5.972157622389639,5.972157622389639,5.972157622389639,5.972157622389639,5.972157622389639,5.972157622389639,5.972157622389639,5.972157622389639,86.49084729996964,48.91063279083598,39.65360214741286,28.45659462721739,44.18416005764962,61.85668920981788,118.08753815143521,87.09908151065659,5.972157622389639,12.531560158256434,44.56455991031439,16.08311744241976,
5.972157622389639,5.972157622389639,5.972157622389639,5.972157622389639,5.972157622389639,5.972157622389639,5.972157622389639,5.972157622389639,5.972157622389639,5.972157622389639,5.972157622389639,5.972157622389639,82.08684425655551,62.03418412456152,82.08684425655551,124.0,24.70703341156117,30.572763655760994,18.829763673503713,124.0,47.00997234630116,59.7013400184619,46.256531070397685,42.19794623754415,
5.972157622389639,5.972157622389639,5.972157622389639,5.972157622389639,5.972157622389639,5.972157622389639,5.972157622389639,5.972157622389639,5.972157622389639,5.972157622389639,5.972157622389639,5.972157622389639,5.972157622389639,23.925053046238084,28.629821282478634,20.66494616494318,44.18416005764962,15.505101201388726,43.96566378251026,87.09908151065659,5.972157622389639,85.11560765609717,103.0740025418631,54.072543864700876,
5.972157622389639,5.972157622389639,5.972157622389639,5.972157622389639,5.972157622389639,5.972157622389639,5.972157622389639,5.972157622389639,5.972157622389639,5.972157622389639,5.972157622389639,5.972157622389639,33.30540496676178,100.40252320866576,111.05254011803001,33.82661673889365,86.0246476307808,44.62435807194691,38.49467495641443,5.972157622389639,124.0,15.244938939376114,5.972157622389639,42.80934477424292,
5.972157622389639,5.972157622389639,5.972157622389639,5.972157622389639,5.972157622389639,5.972157622389639,5.972157622389639,5.972157622389639,5.972157622389639,5.972157622389639,5.972157622389639,5.972157622389639,14.8,124.0,55.475679539850276,12.531560158256434,44.56455991031439,52.33227175144097,5.972157622389639,18.45094848510504,47.23015456252499,25.689248723931186,16.184483309639514,5.972157622389639,
5.972157622389639,5.972157622389639,5.972157622389639,5.972157622389639,5.972157622389639,5.972157622389639,5.972157622389639,5.972157622389639,5.972157622389639,5.972157622389639,5.972157622389639,5.972157622389639,43.26476626540354,43.95591483497518,42.19794623754415,82.08684425655551,87.09908151065659,18.829763673503713,18.067773643823536,77.50251608818904,5.972157622389639,57.767118674900175,124.0,42.19794623754415,
5.972157622389639,5.972157622389639,5.972157622389639,5.972157622389639,5.972157622389639,5.972157622389639,5.972157622389639,5.972157622389639,5.972157622389639,5.972157622389639,5.972157622389639,5.972157622389639,5.972157622389639,42.19794623754415,5.972157622389639,113.18421562508911,57.767118674900175,86.9750922199377,51.329004146453755,104.81769888716313,47.998299289598556,113.18421562508911,48.13564168056763,22.782449385437026,
5.972157622389639,5.972157622389639,5.972157622389639,5.972157622389639,5.972157622389639,5.972157622389639,5.972157622389639,5.972157622389639,5.972157622389639,5.972157622389639,5.972157622389639,5.972157622389639,42.19794623754415,22.0,42.19794623754415,16.184483309639514,5.972157622389639,5.972157622389639,11.969348608944806,6.506407098647712,53.528030040344284,104.23371175712138,29.200813344836817,42.19794623754415,
5.972157622389639,5.972157622389639,5.972157622389639,5.972157622389639,5.972157622389639,5.972157622389639,5.972157622389639,5.972157622389639,5.972157622389639,5.972157622389639,5.972157622389639,5.972157622389639,42.19794623754415,16.184483309639514,15.505101201388726,5.972157622389639,30.56809060548771,53.27913913218443,44.62435807194691,48.13564168056763,77.0,91.75374651751284,32.10442146420054,64.2638311960935,
5.972157622389639,5.972157622389639,5.972157622389639,5.972157622389639,5.972157622389639,5.972157622389639,5.972157622389639,5.972157622389639,5.972157622389639,5.972157622389639,5.972157622389639,5.972157622389639,44.56455991031439,22.782449385437026,7.118052168020874,22.782449385437026,85.73214099741124,63.36118685757078,18.184242262647807,96.84351638941384,5.972157622389639,22.782449385437026,48.0,17.950549357115012,
5.972157622389639,5.972157622389639,5.972157622389639,5.972157622389639,5.972157622389639,5.972157622389639,5.972157622389639,5.972157622389639,5.972157622389639,5.972157622389639,5.972157622389639,5.972157622389639,42.19794623754415,55.48549359967883,28.629821282478634,5.972157622389639,85.73214099741124,16.184483309639514,113.18421562508911,49.874241848874256,5.972157622389639,86.9750922199377,5.972157622389639,19.1666376811375,
5.972157622389639,5.972157622389639,5.972157622389639,5.972157622389639,5.972157622389639,5.972157622389639,5.972157622389639,5.972157622389639,5.972157622389639,5.972157622389639,5.972157622389639,5.972157622389639,91.06408000230753,5.972157622389639,5.972157622389639,124.0,5.972157622389639,12.84678948220138,42.19794623754415,73.47335117805184,83.44009827415114,27.678917048533382,40.897921707588026,5.972157622389639,
5.972157622389639,5.972157622389639,5.972157622389639,5.972157622389639,5.972157622389639,5.972157622389639,5.972157622389639,5.972157622389639,5.972157622389639,5.972157622389639,5.972157622389639,5.972157622389639,5.972157622389639,12.264100589334145,44.504381806738984,52.73834784417629,38.49467495641443,33.82661673889365,34.80421430420939,48.0,16.184483309639514,5.972157622389639,33.39820354450221,50.32931551292944,
5.972157622389639,5.972157622389639,5.972157622389639,5.972157622389639,5.972157622389639,5.972157622389639,5.972157622389639,5.972157622389639,5.972157622389639,5.972157622389639,5.972157622389639,5.972157622389639,46.007472219195,96.84351638941384,48.91063279083598,40.74616546375867,16.02927010191044,62.03418412456152,14.085743262792564,57.767118674900175,85.73214099741124,67.51177675043074,85.73214099741124,55.48549359967883,
5.972157622389639,5.972157622389639,5.972157622389639,5.972157622389639,5.972157622389639,5.972157622389639,5.972157622389639,5.972157622389639,5.972157622389639,5.972157622389639,5.972157622389639,5.972157622389639,5.972157622389639,16.184483309639514,18.755265927200284,28.999648132981452,36.12132334231402,22.782449385437026,17.426229350830752,16.091535041754096,48.91063279083598,88.0,42.19794623754415,49.08426739926398,
5.972157622389639,5.972157622389639,5.972157622389639,5.972157622389639,5.972157622389639,5.972157622389639,5.972157622389639,5.972157622389639,5.972157622389639,5.972157622389639,5.972157622389639,5.972157622389639,42.19794623754415,46.21514903145937,5.972157622389639,5.972157622389639,33.82661673889365,95.73003708345672,42.19794623754415,7.118052168020874,61.573127255321374,14.7542366796795,97.23497313209893,15.505101201388726,
5.972157622389639,5.972157622389639,5.972157622389639,5.972157622389639,5.972157622389639,5.972157622389639,5.972157622389639,5.972157622389639,5.972157622389639,5.972157622389639,5.972157622389639,5.972157622389639,5.972157622389639,36.12132334231402,47.023265518251705,28.832851633741214,42.19794623754415,95.73003708345672,31.013545427764303,38.43175770115127,28.49890348767826,86.9750922199377,15.505101201388726,42.19794623754415,
5.972157622389639,5.972157622389639,5.972157622389639,5.972157622389639,5.972157622389639,5.972157622389639,5.972157622389639,5.972157622389639,5.972157622389639,5.972157622389639,5.972157622389639,5.972157622389639,83.88831861469153,48.0,57.767118674900175,19.371370627810517,51.8694274115302,5.972157622389639,59.7013400184619,25.813433195399124,22.782449385437026,25.813433195399124,42.19794623754415,5.972157622389639,
5.972157622389639,5.972157622389639,5.972157622389639,5.972157622389639,5.972157622389639,5.972157622389639,5.972157622389639,5.972157622389639,5.972157622389639,5.972157622389639,5.972157622389639,5.972157622389639,91.75374651751284,14.8,42.19794623754415,16.08311744241976,42.19794623754415,5.972157622389639,5.972157622389639,29.672167093085736,38.49467495641443,39.49987341751869,7.118052168020874,24.283482040267618,
5.972157622389639,5.972157622389639,5.972157622389639,5.972157622389639,5.972157622389639,5.972157622389639,5.972157622389639,5.972157622389639,5.972157622389639,5.972157622389639,5.972157622389639,5.972157622389639,5.972157622389639,14.8,96.84351638941384,20.46948949045872,46.22649552895924,42.17745250723424,5.972157622389639,70.65880459409618,14.8,82.95932738396569,51.069780193178744,5.972157622389639,
5.972157622389639,5.972157622389639,5.972157622389639,5.972157622389639,5.972157622389639,5.972157622389639,5.972157622389639,5.972157622389639,5.972157622389639,5.972157622389639,5.972157622389639,5.972157622389639,46.452556442030186,85.11560765609717,20.66494616494318,38.356062102358734,39.32874266996086,14.8,28.377196939134933,5.972157622389639,78.85328147895939,5.972157622389639,58.4700778176325,34.05418476487141,
5.972157622389639,5.972157622389639,5.972157622389639,5.972157622389639,5.972157622389639,5.972157622389639,5.972157622389639,5.972157622389639,5.972157622389639,5.972157622389639,5.972157622389639,5.972157622389639,96.84351638941384,42.19794623754415,82.08684425655551,5.972157622389639,124.0,42.19794623754415,5.972157622389639,5.972157622389639,43.430979726457934,95.73003708345672,113.18421562508911,111.05254011803001,
5.972157622389639,5.972157622389639,5.972157622389639,5.972157622389639,5.972157622389639,5.972157622389639,5.972157622389639,5.972157622389639,5.972157622389639,5.972157622389639,5.972157622389639,5.972157622389639,44.18416005764962,5.972157622389639,27.427176303804956,82.08684425655551,44.56455991031439,5.972157622389639,42.19794623754415,31.51719107619417,19.090428084368472,6.506407098647712,16.768646337734005,44.18416005764962,
5.972157622389639,5.972157622389639,5.972157622389639,5.972157622389639,5.972157622389639,5.972157622389639,5.972157622389639,5.972157622389639,5.972157622389639,5.972157622389639,5.972157622389639,5.972157622389639,104.81769888716313,124.0,42.80934477424292,39.58114029012639,82.29671925417198,82.61507126426751,52.33227175144097,44.62435807194691,55.87784295526567,14.8,5.972157622389639,20.66494616494318,
5.972157622389639,5.972157622389639,5.972157622389639,5.972157622389639,5.972157622389639,5.972157622389639,5.972157622389639,5.972157622389639,5.972157622389639,5.972157622389639,5.972157622389639,5.972157622389639,49.458289992473375,48.91063279083598,5.972157622389639,77.0,85.04508608183465,33.85025849236605,48.05481563925148,36.12132334231402,111.05254011803001,42.19794623754415,16.184483309639514,42.19794623754415,
5.972157622389639,5.972157622389639,5.972157622389639,5.972157622389639,5.972157622389639,5.972157622389639,5.972157622389639,5.972157622389639,5.972157622389639,5.972157622389639,5.972157622389639,5.972157622389639,43.96566378251026,5.972157622389639,104.79861640308043,14.8,28.629821282478634,44.18416005764962,82.24506064196196,40.04797123450825,77.47670617675999,14.495601021675226,113.18421562508911,79.48584779695062,
5.972157622389639,5.972157622389639,5.972157622389639,5.972157622389639,5.972157622389639,5.972157622389639,5.972157622389639,5.972157622389639,5.972157622389639,5.972157622389639,5.972157622389639,5.972157622389639,14.495601021675226,96.84351638941384,66.67270805959512,42.19794623754415,48.91063279083598,33.82661673889365,24.63818175109519,42.19794623754415,54.46501170476327,113.18421562508911,42.19794623754415,113.18421562508911,
5.972157622389639,5.972157622389639,5.972157622389639,5.972157622389639,5.972157622389639,5.972157622389639,5.972157622389639,5.972157622389639,5.972157622389639,5.972157622389639,5.972157622389639,5.972157622389639,16.184483309639514,5.972157622389639,63.36118685757078,96.84351638941384,5.972157622389639,6.506407098647712,5.972157622389639,49.99439968636487,44.56455991031439,5.972157622389639,42.19794623754415,50.61459013657897,
5.972157622389639,5.972157622389639,5.972157622389639,5.972157622389639,5.972157622389639,5.972157622389639,5.972157622389639,5.972157622389639,5.972157622389639,5.972157622389639,5.972157622389639,5.972157622389639,27.632509034750274,47.023265518251705,85.73214099741124,12.264100589334145,124.0,85.73214099741124,5.972157622389639,28.53835138896429,12.531560158256434,35.88644221281733,5.972157622389639,17.43380337161114,
5.972157622389639,5.972157622389639,5.972157622389639,5.972157622389639,5.972157622389639,5.972157622389639,5.972157622389639,5.972157622389639,5.972157622389639,5.972157622389639,5.972157622389639,5.972157622389639,5.972157622389639,42.19794623754415,5.972157622389639,5.972157622389639,111.05254011803001,16.184483309639514,5.972157622389639,44.18416005764962,14.980259118763804,124.0,5.972157622389639,22.30844384233617,
5.972157622389639,5.972157622389639,5.972157622389639,5.972157622389639,5.972157622389639,5.972157622389639,5.972157622389639,5.972157622389639,5.972157622389639,5.972157622389639,5.972157622389639,5.972157622389639,44.46065676527957,21.72556098240043,77.0,22.782449385437026,69.58627738282887,16.184483309639514,43.26476626540354,96.84351638941384,111.05254011803001,20.66494616494318,5.972157622389639,42.19794623754415,
5.972157622389639,5.972157622389639,5.972157622389639,5.972157622389639,5.972157622389639,5.972157622389639,5.972157622389639,5.972157622389639,5.972157622389639,5.972157622389639,5.972157622389639,5.972157622389639,42.41004091306603,107.0,22.782449385437026,28.89106916593812,14.7542366796795,38.43501008195523,43.430979726457934,14.8,28.53835138896429,53.27913913218443,57.767118674900175,19.047135963964557,
5.972157622389639,5.972157622389639,5.972157622389639,5.972157622389639,5.972157622389639,5.972157622389639,5.972157622389639,5.972157622389639,5.972157622389639,5.972157622389639,5.972157622389639,5.972157622389639,5.972157622389639,62.03418412456152,5.972157622389639,12.264100589334145,16.184483309639514,77.0,5.972157622389639,38.927282634847934,21.90129372130027,81.80617336118344,118.08753815143521,35.556293395122054,
5.972157622389639,5.972157622389639,5.972157622389639,5.972157622389639,5.972157622389639,5.972157622389639,5.972157622389639,5.972157622389639,5.972157622389639,5.972157622389639,5.972157622389639,5.972157622389639,111.05254011803001,57.767118674900175,111.05254011803001,52.33227175144097,25.963868143625902,5.972157622389639,14.495601021675226,42.19794623754415,42.46174749112429,59.186484943777494,57.767118674900175,12.531560158256434,
5.972157622389639,5.972157622389639,5.972157622389639,5.972157622389639,5.972157622389639,5.972157622389639,5.972157622389639,5.972157622389639,5.972157622389639,5.972157622389639,5.972157622389639,5.972157622389639,124.0,43.26476626540354,19.981241202688086,36.29967860280125,5.972157622389639,104.0,11.849395059044411,88.25106231655232,62.51133230596407,77.2647396941192,43.45040275992847,15.556349186104045,
5.972157622389639,5.972157622389639,5.972157622389639,5.972157622389639,5.972157622389639,5.972157622389639,5.972157622389639,5.972157622389639,5.972157622389639,5.972157622389639,5.972157622389639,5.972157622389639,57.90198614900874,68.89303302947258,77.74213786615339,44.56455991031439,14.7542366796795,22.782449385437026,14.495601021675226,16.909686573085853,27.814864131731195,35.90177572210043,22.907640646736187,60.67897082185887,
5.972157622389639,5.972157622389639,5.972157622389639,5.972157622389639,5.972157622389639,5.972157622389639,5.972157622389639,5.972157622389639,5.972157622389639,5.972157622389639,5.972157622389639,5.972157622389639,22.782449385437026,61.821032019855515,16.184483309639514,39.94058086708304,6.506407098647712,41.39670880637735,86.49084729996964,51.329004146453755,34.47085725652903,59.7013400184619,12.531560158256434,113.18421562508911,
5.972157622389639,5.972157622389639,5.972157622389639,5.972157622389639,5.972157622389639,5.972157622389639,5.972157622389639,5.972157622389639,5.972157622389639,5.972157622389639,5.972157622389639,5.972157622389639,49.36935621752965,55.87784295526567,38.49467495641443,22.782449385437026,6.506407098647712,18.005207580030838,23.04299441992587,88.39683252243827,39.32874266996086,45.42882100360715,42.19794623754415,5.972157622389639,
5.972157622389639,5.972157622389639,5.972157622389639,5.972157622389639,5.972157622389639,5.972157622389639,5.972157622389639,5.972157622389639,5.972157622389639,5.972157622389639,5.972157622389639,5.972157622389639,52.33227175144097,5.972157622389639,16.184483309639514,41.432676315520176,41.94838097789552,43.26476626540354,5.972157622389639,104.0,53.20949163448191,48.13564168056763,5.972157622389639,42.68967279407639,
5.972157622389639,5.972157622389639,5.972157622389639,5.972157622389639,5.972157622389639,5.972157622389639,5.972157622389639,5.972157622389639,5.972157622389639,5.972157622389639,5.972157622389639,5.972157622389639,45.435758640803016,65.9520027494743,91.75374651751284,60.83310502240262,43.96566378251026,42.19794623754415,7.118052168020874,42.19794623754415,20.11632835948615,124.0,77.0,12.531560158256434,
5.972157622389639,5.972157622389639,5.972157622389639,5.972157622389639,5.972157622389639,5.972157622389639,5.972157622389639,5.972157622389639,5.972157622389639,5.972157622389639,5.972157622389639,5.972157622389639,113.18421562508911,52.735566745793115,44.18416005764962,63.120836496358315,48.91063279083598,5.972157622389639,5.972157622389639,25.963868143625902,64.2638311960935,16.35351644142629,69.58627738282887,44.46065676527957,
5.972157622389639,5.972157622389639,5.972157622389639,5.972157622389639,5.972157622389639,5.972157622389639,5.972157622389639,5.972157622389639,5.972157622389639,5.972157622389639,5.972157622389639,5.972157622389639,113.18421562508911,85.11560765609717,27.814864131731195,44.56455991031439,65.0,16.091535041754096,36.12132334231402,44.56455991031439,11.849395059044411,33.85025849236605,28.551488577655633,27.26261176043117,
5.972157622389639,5.972157622389639,5.972157622389639,5.972157622389639,5.972157622389639,5.972157622389639,5.972157622389639,5.972157622389639,5.972157622389639,5.972157622389639,5.972157622389639,5.972157622389639,5.972157622389639,18.28174560106945,19.090428084368472,42.19794623754415,65.62194754805742,36.12132334231402,6.506407098647712,20.66494616494318,33.822145112337274,35.56740080466943,49.54775062338082,44.18416005764962,
5.972157622389639,5.972157622389639,5.972157622389639,5.972157622389639,5.972157622389639,5.972157622389639,5.972157622389639,5.972157622389639,5.972157622389639,5.972157622389639,5.972157622389639,5.972157622389639,82.08684425655551,11.776836483157112,87.09908151065659,68.68769904429759,5.972157622389639,22.782449385437026,5.972157622389639,46.518141622382124,39.32874266996086,82.61507126426751,124.0,20.66494616494318,
5.972157622389639,5.972157622389639,5.972157622389639,5.972157622389639,5.972157622389639,5.972157622389639,5.972157622389639,5.972157622389639,5.972157622389639,5.972157622389639,5.972157622389639,5.972157622389639,50.543446657306625,29.076407962470192,57.767118674900175,5.972157622389639,62.03418412456152,124.0,20.66494616494318,46.256531070397685,5.972157622389639,18.877499834459012,5.972157622389639,5.972157622389639,
5.972157622389639,5.972157622389639,5.972157622389639,5.972157622389639,5.972157622389639,5.972157622389639,5.972157622389639,5.972157622389639,5.972157622389639,5.972157622389639,5.972157622389639,5.972157622389639,18.40289832245635,42.80934477424292,14.085743262792564,42.90268056893415,22.782449385437026,51.78648472333298,79.01544152885562,42.19794623754415,39.32874266996086,28.011902232205983,5.972157622389639,113.18421562508911,
5.972157622389639,5.972157622389639,5.972157622389639,5.972157622389639,5.972157622389639,5.972157622389639,5.972157622389639,5.972157622389639,5.972157622389639,5.972157622389639,5.972157622389639,5.972157622389639,29.71598896217321,39.32874266996086,118.08753815143521,7.118052168020874,104.8057727417722,14.259499757471625,15.465687828221544,52.80782770259222,16.184483309639514,17.371752294393843,59.7606336423346,42.19794623754415,
5.972157622389639,5.972157622389639,5.972157622389639,5.972157622389639,5.972157622389639,5.972157622389639,5.972157622389639,5.972157622389639,5.972157622389639,5.972157622389639,5.972157622389639,5.972157622389639,16.091535041754096,42.19794623754415,124.0,22.677080940897135,42.19794623754415,91.06408000230753,42.19794623754415,65.7437449496148,5.972157622389639,14.495601021675226,63.36118685757078,60.83310502240262,
5.972157622389639,5.972157622389639,5.972157622389639,5.972157622389639,5.972157622389639,5.972157622389639,5.972157622389639,5.972157622389639,5.972157622389639,5.972157622389639,5.972157622389639,5.972157622389639,23.607908279501032,36.12132334231402,36.58209944768069,12.397076268217438,19.369757355217438,51.329004146453755,27.35758578529911,43.430979726457934,86.9750922199377,48.0,42.19794623754415,5.972157622389639,
5.972157622389639,5.972157622389639,5.972157622389639,5.972157622389639,5.972157622389639,5.972157622389639,5.972157622389639,5.972157622389639,5.972157622389639,5.972157622389639,5.972157622389639,5.972157622389639,7.118052168020874,5.972157622389639,18.153665072253467,44.18416005764962,36.12132334231402,5.972157622389639,42.19794623754415,24.28305307548181,48.91063279083598,18.28174560106945,41.83787952639696,42.19794623754415,
5.972157622389639,5.972157622389639,5.972157622389639,5.972157622389639,5.972157622389639,5.972157622389639,5.972157622389639,5.972157622389639,5.972157622389639,5.972157622389639,5.972157622389639,5.972157622389639,22.782449385437026,47.968527096803115,104.0,118.08753815143521,57.767118674900175,27.797257058925798,52.33227175144097,22.782449385437026,12.531560158256434,55.57202533649462,42.19794623754415,47.69375092767417,
5.972157622389639,5.972157622389639,5.972157622389639,5.972157622389639,5.972157622389639,5.972157622389639,5.972157622389639,5.972157622389639,5.972157622389639,5.972157622389639,5.972157622389639,5.972157622389639,28.831671927282486,52.33227175144097,5.972157622389639,60.83310502240262,60.83310502240262,15.06784656146989,45.38227650094432,69.58627738282887,113.18421562508911,42.19794623754415,60.732507769727405,5.972157622389639,
5.972157622389639,5.972157622389639,5.972157622389639,5.972157622389639,5.972157622389639,5.972157622389639,5.972157622389639,5.972157622389639,5.972157622389639,5.972157622389639,5.972157622389639,5.972157622389639,14.980259118763804,68.68769904429759,57.767118674900175,5.972157622389639,13.474086997201825,33.85025849236605,42.19794623754415,47.11952886012338,5.972157622389639,13.423393758658799,5.972157622389639,40.54429676292339,
5.972157622389639,5.972157622389639,5.972157622389639,5.972157622389639,5.972157622389639,5.972157622389639,5.972157622389639,5.972157622389639,5.972157622389639,5.972157622389639,5.972157622389639,5.972157622389639,13.684491445517768,28.831671927282486,28.485742047557757,16.006942938057293,33.82661673889365,5.972157622389639,40.29331235339387,29.017236257093817,5.972157622389639,75.92320681671272,52.735566745793115,40.985851217218844,
5.972157622389639,5.972157622389639,5.972157622389639,5.972157622389639,5.972157622389639,5.972157622389639,5.972157622389639,5.972157622389639,5.972157622389639,5.972157622389639,5.972157622389639,5.972157622389639,36.21233675604673,34.85685011586675,22.782449385437026,29.017236257093817,42.19794623754415,5.972157622389639,77.90164739379179,22.782449385437026,33.18132004607411,43.159587579123134,11.945454263066784,27.427176303804956,
5.972157622389639,5.972157622389639,5.972157622389639,5.972157622389639,5.972157622389639,5.972157622389639,5.972157622389639,5.972157622389639,5.972157622389639,5.972157622389639,5.972157622389639,5.972157622389639,41.56725555883955,28.25479310370779,22.382135733660448,43.6710430376926,5.972157622389639,5.972157622389639,45.176198256259774,69.94953538087297,22.782449385437026,46.256531070397685,81.43856580269572,43.430979726457934,
5.972157622389639,5.972157622389639,5.972157622389639,5.972157622389639,5.972157622389639,5.972157622389639,5.972157622389639,5.972157622389639,5.972157622389639,5.972157622389639,5.972157622389639,5.972157622389639,18.28174560106945,5.972157622389639,54.59523788756672,73.2438848414437,39.32874266996086,104.8057727417722,100.7007447837403,22.782449385437026,98.13638468987942,42.19794623754415,55.57202533649462,52.682444893911295,
5.972157622389639,5.972157622389639,5.972157622389639,5.972157622389639,5.972157622389639,5.972157622389639,5.972157622389639,5.972157622389639,5.972157622389639,5.972157622389639,5.972157622389639,5.972157622389639,36.12132334231402,46.256531070397685,46.29997300215196,50.464508980734834,17.956738134874172,85.73214099741124,40.74616546375867,11.945454263066784,29.264953442641936,27.273370431501082,97.22263111025129,118.08753815143521,
5.972157622389639,5.972157622389639,5.972157622389639,5.972157622389639,5.972157622389639,5.972157622389639,5.972157622389639,5.972157622389639,5.972157622389639,5.972157622389639,5.972157622389639,5.972157622389639,51.50910113756597,113.18421562508911,50.61459013657897,28.831671927282486,42.19794623754415,42.19794623754415,124.0,96.84351638941384,33.78516686358083,35.556293395122054,5.972157622389639,14.8,
5.972157622389639,5.972157622389639,5.972157622389639,5.972157622389639,5.972157622389639,5.972157622389639,5.972157622389639,5.972157622389639,5.972157622389639,5.972157622389639,5.972157622389639,5.972157622389639,85.73214099741124,111.05254011803001,64.2638311960935,68.68769904429759,42.19794623754415,55.48549359967883,59.7013400184619,32.31775827621712,82.08684425655551,5.972157622389639,22.782449385437026,5.972157622389639,
5.972157622389639,5.972157622389639,5.972157622389639,5.972157622389639,5.972157622389639,5.972157622389639,5.972157622389639,5.972157622389639,5.972157622389639,5.972157622389639,5.972157622389639,5.972157622389639,22.782449385437026,19.47195482722237,104.81769888716313,5.972157622389639,24.26245384677046,44.127829157148085,96.84351638941384,67.92152334373348,23.925053046238084,41.38764912386303,14.8,42.19794623754415,
5.972157622389639,5.972157622389639,5.972157622389639,5.972157622389639,5.972157622389639,5.972157622389639,5.972157622389639,5.972157622389639,5.972157622389639,5.972157622389639,5.972157622389639,5.972157622389639,73.2438848414437,5.972157622389639,5.972157622389639,23.553131426627754,6.506407098647712,5.972157622389639,55.48549359967883,14.7542366796795,5.972157622389639,14.085743262792564,38.720149793098685,11.849395059044411,
5.972157622389639,5.972157622389639,5.972157622389639,5.972157622389639,5.972157622389639,5.972157622389639,5.972157622389639,5.972157622389639,5.972157622389639,5.972157622389639,5.972157622389639,5.972157622389639,28.832851633741214,124.0,111.05254011803001,66.67270805959512,12.264100589334145,14.980259118763804,111.05254011803001,53.86608910581458,76.37189710008956,29.017236257093817,104.79861640308043,68.68769904429759,
5.972157622389639,5.972157622389639,5.972157622389639,5.972157622389639,5.972157622389639,5.972157622389639,5.972157622389639,5.972157622389639,5.972157622389639,5.972157622389639,5.972157622389639,5.972157622389639,63.36118685757078,5.972157622389639,36.12132334231402,48.91063279083598,65.62194754805742,83.88831861469153,68.68769904429759,46.256531070397685,11.72821471529931,18.45094848510504,34.71581051912803,96.84351638941384,
5.972157622389639,5.972157622389639,5.972157622389639,5.972157622389639,5.972157622389639,5.972157622389639,5.972157622389639,5.972157622389639,5.972157622389639,5.972157622389639,5.972157622389639,5.972157622389639,63.36118685757078,46.03983782189797,51.329004146453755,42.19794623754415,14.8,5.972157622389639,82.08684425655551,113.18421562508911,14.495601021675226,5.972157622389639,14.8,77.84754331383874,
5.972157622389639,5.972157622389639,5.972157622389639,5.972157622389639,5.972157622389639,5.972157622389639,5.972157622389639,5.972157622389639,5.972157622389639,5.972157622389639,5.972157622389639,5.972157622389639,67.03014247336792,58.559798496921076,57.77404261430907,22.782449385437026,49.930351490851734,35.556293395122054,6.506407098647712,42.19794623754415,78.11529939774923,51.329004146453755,107.0,100.40252320866576,
5.972157622389639,5.972157622389639,5.972157622389639,5.972157622389639,5.972157622389639,5.972157622389639,5.972157622389639,5.972157622389639,5.972157622389639,5.972157622389639,5.972157622389639,5.972157622389639,5.972157622389639,57.7408001330082,107.0,59.7606336423346,58.30683922148413,39.32874266996086,5.972157622389639,61.573127255321374,5.972157622389639,111.05254011803001,45.486037328357526,43.26476626540354,
5.972157622389639,5.972157622389639,5.972157622389639,5.972157622389639,5.972157622389639,5.972157622389639,5.972157622389639,5.972157622389639,5.972157622389639,5.972157622389639,5.972157622389639,5.972157622389639,30.56809060548771,12.531560158256434,52.96638084672201,46.256531070397685,42.19794623754415,81.20806610183499,107.0,46.256531070397685,58.4700778176325,90.79280441385944,19.981241202688086,28.832851633741214,
5.972157622389639,5.972157622389639,5.972157622389639,5.972157622389639,5.972157622389639,5.972157622389639,5.972157622389639,5.972157622389639,5.972157622389639,5.972157622389639,5.972157622389639,5.972157622389639,11.72821471529931,39.99438736133063,14.085743262792564,59.7013400184619,42.19794623754415,43.159587579123134,5.972157622389639,33.82661673889365,51.329004146453755,22.677080940897135,25.73174010788217,50.4909232766973,
5.972157622389639,5.972157622389639,5.972157622389639,5.972157622389639,5.972157622389639,5.972157622389639,5.972157622389639,5.972157622389639,5.972157622389639,5.972157622389639,5.972157622389639,5.972157622389639,44.18416005764962,82.08684425655551,29.017236257093817,61.573127255321374,42.19794623754415,113.18421562508911,16.34493881277591,63.36118685757078,57.77404261430907,22.856249982560705,35.556293395122054,19.090428084368472,
5.972157622389639,5.972157622389639,5.972157622389639,5.972157622389639,5.972157622389639,5.972157622389639,5.972157622389639,5.972157622389639,5.972157622389639,5.972157622389639,5.972157622389639,5.972157622389639,35.56740080466943,45.34763679912445,5.972157622389639,5.972157622389639,20.66494616494318,46.166365823327844,43.527462595469544,5.972157622389639,5.972157622389639,85.11560765609717,5.972157622389639,11.945454263066784,
5.972157622389639,5.972157622389639,5.972157622389639,5.972157622389639,5.972157622389639,5.972157622389639,5.972157622389639,5.972157622389639,5.972157622389639,5.972157622389639,5.972157622389639,5.972157622389639,31.429870103038567,11.945454263066784,5.972157622389639,95.70496329867119,66.67270805959512,28.832851633741214,42.19794623754415,5.972157622389639,104.29765098025938,42.19794623754415,16.184483309639514,42.19794623754415,
5.972157622389639,5.972157622389639,5.972157622389639,5.972157622389639,5.972157622389639,5.972157622389639,5.972157622389639,5.972157622389639,5.972157622389639,5.972157622389639,5.972157622389639,5.972157622389639,44.46065676527957,27.427176303804956,14.085743262792564,49.291649056068984,15.169787374238037,63.36118685757078,12.264100589334145,28.377196939134933,54.893836933970405,42.19794623754415,5.972157622389639,5.972157622389639,
5.972157622389639,5.972157622389639,5.972157622389639,5.972157622389639,5.972157622389639,5.972157622389639,5.972157622389639,5.972157622389639,5.972157622389639,5.972157622389639,5.972157622389639,5.972157622389639,5.972157622389639,87.09908151065659,5.972157622389639,47.67271232057182,42.19794623754415,44.18416005764962,47.60974165021272,5.972157622389639,86.49084729996964,7.118052168020874,45.486037328357526,61.85668920981788,
5.972157622389639,5.972157622389639,5.972157622389639,5.972157622389639,5.972157622389639,5.972157622389639,5.972157622389639,5.972157622389639,5.972157622389639,5.972157622389639,5.972157622389639,5.972157622389639,57.649284470841444,49.792904447655324,58.109809843089316,63.36118685757078,42.19794623754415,111.05254011803001,20.66494616494318,39.64139250833654,20.66494616494318,44.56455991031439,7.118052168020874,86.49084729996964,
5.972157622389639,5.972157622389639,5.972157622389639,5.972157622389639,5.972157622389639,5.972157622389639,5.972157622389639,5.972157622389639,5.972157622389639,5.972157622389639,5.972157622389639,5.972157622389639,5.972157622389639,42.19794623754415,61.85668920981788,43.96566378251026,104.81769888716313,113.18421562508911,42.19794623754415,103.0740025418631,32.43203254028149,31.712576369636068,91.75374651751284,22.782449385437026,
5.972157622389639,5.972157622389639,5.972157622389639,5.972157622389639,5.972157622389639,5.972157622389639,5.972157622389639,5.972157622389639,5.972157622389639,5.972157622389639,5.972157622389639,5.972157622389639,5.972157622389639,6.506407098647712,35.56740080466943,29.520162601178196,12.531560158256434,29.71598896217321,16.184483309639514,43.430979726457934,104.23371175712138,5.972157622389639,42.19794623754415,42.19794623754415,
5.972157622389639,5.972157622389639,5.972157622389639,5.972157622389639,5.972157622389639,5.972157622389639,5.972157622389639,5.972157622389639,5.972157622389639,5.972157622389639,5.972157622389639,5.972157622389639,46.812792055163726,44.46065676527957,42.19794623754415,43.6710430376926,5.972157622389639,5.972157622389639,44.881324995295465,63.36118685757078,46.452556442030186,53.434539391670626,16.909686573085853,11.945454263066784,
5.972157622389639,5.972157622389639,5.972157622389639,5.972157622389639,5.972157622389639,5.972157622389639,5.972157622389639,5.972157622389639,5.972157622389639,5.972157622389639,5.972157622389639,5.972157622389639,44.0948976640155,5.972157622389639,46.166365823327844,11.945454263066784,5.972157622389639,103.0740025418631,31.90088817990287,88.0,6.506407098647712,14.7542366796795,43.3331282046427,69.4640194633164,
5.972157622389639,5.972157622389639,5.972157622389639,5.972157622389639,5.972157622389639,5.972157622389639,5.972157622389639,5.972157622389639,5.972157622389639,5.972157622389639,5.972157622389639,5.972157622389639,11.945454263066784,36.12132334231402,42.19794623754415,31.69239914025611,60.83310502240262,5.972157622389639,113.18421562508911,27.707174161216802,28.832851633741214,29.71598896217321,12.531560158256434,5.972157622389639,
5.972157622389639,5.972157622389639,5.972157622389639,5.972157622389639,5.972157622389639,5.972157622389639,5.972157622389639,5.972157622389639,5.972157622389639,5.972157622389639,5.972157622389639,5.972157622389639,104.29765098025938,65.62194754805742,45.840302500456225,5.972157622389639,14.8,20.66494616494318,63.87683461161801,5.972157622389639,32.86842456421258,54.91205089352731,28.93059957617081,81.20806610183499,
