101.26282634807306,64.70304764846861,114.03723076258912,117.36166324656446,52.363720109188854,67.00715770478158,51.62820037905801,195.8665042828916,212.8426648959273,178.11389614513516,67.36386271585084,168.68598044888023,90.05683969027561,84.14264302361794,80.91284748968417,157.73368906694176,135.49507986147196,159.6814328593027,139.1662674644973,141.9492280124599,103.88339617089922,52.294777957774066,124.97644222456931,44.67986123523662,
44.67986123523662,51.62820037905801,52.294777957774066,52.363720109188854,64.70304764846861,67.00715770478158,67.36386271585084,80.91284748968417,84.14264302361794,90.05683969027561,101.26282634807306,103.88339617089922,195.8665042828916,65.70662067097958,45.27129333253027,80.1651073999433,141.67201558529476,53.669173324071764,54.64695782932477,70.30113797087498,63.689513788901436,69.93557302975361,125.21475302455379,81.35084009199579,
44.67986123523662,45.27129333253027,51.62820037905801,52.294777957774066,52.363720109188854,53.669173324071764,54.64695782932477,63.689513788901436,64.70304764846861,65.70662067097958,67.00715770478158,67.36386271585084,58.529773406361315,126.9613622327675,195.8665042828916,113.04506844617327,48.77311069155434,9.99999999E8,9.99999999E8,65.17417793411556,51.0459351956647,92.84697087142908,72.97934211131256,53.996785946591146,
44.67986123523662,45.27129333253027,48.77311069155434,51.0459351956647,51.62820037905801,52.294777957774066,52.363720109188854,53.669173324071764,53.996785946591146,54.64695782932477,58.529773406361315,63.689513788901436,78.60181230709114,67.48271383596445,59.310491272623935,61.19731294028449,54.64695782932477,121.65097615720146,83.82670616615368,102.10465219567617,53.577333007951204,62.63851317945959,75.17001138914972,85.89813734883894,
44.67986123523662,45.27129333253027,48.77311069155434,51.0459351956647,51.62820037905801,52.294777957774066,52.363720109188854,53.577333007951204,53.669173324071764,53.996785946591146,54.64695782932477,54.64695782932477,52.67337444098299,99.8747215265204,127.96188845886569,54.918940266541924,181.48605318315785,52.373856391651486,66.76795027311734,53.8534896465163,109.66312051004202,72.40500241696012,47.128626523765035,39.31582855543044,
39.31582855543044,44.67986123523662,45.27129333253027,47.128626523765035,48.77311069155434,51.0459351956647,51.62820037905801,52.294777957774066,52.363720109188854,52.373856391651486,52.67337444098299,53.577333007951204,170.98738988592112,142.07800674277493,51.0459351956647,168.6919085196442,43.93418962210956,69.07955106252501,92.04120454086492,110.1970405913972,51.17148457230192,55.03620967145176,54.60668457249533,143.04460842688198,
39.31582855543044,43.93418962210956,44.67986123523662,45.27129333253027,47.128626523765035,48.77311069155434,51.0459351956647,51.0459351956647,51.17148457230192,51.62820037905801,52.294777957774066,52.363720109188854,64.0130726444822,90.5084403676131,46.790312387644235,71.00165050898465,134.10354208595686,85.0759464635373,74.69147425597257,83.12213904851102,109.31255360204517,58.60974356552268,94.70069810842062,72.69571284929165,
39.31582855543044,43.93418962210956,44.67986123523662,45.27129333253027,46.790312387644235,47.128626523765035,48.77311069155434,51.0459351956647,51.0459351956647,51.17148457230192,51.62820037905801,52.294777957774066,33.50730958937718,195.16830343748614,121.4699962953815,51.0459351956647,101.39154253663953,53.31875842515465,52.41645137740631,79.8868992179986,61.0695044600822,51.0459351956647,45.827593951100454,53.08670593573723,
33.50730958937718,39.31582855543044,43.93418962210956,44.67986123523662,45.27129333253027,45.827593951100454,46.790312387644235,47.128626523765035,48.77311069155434,51.0459351956647,51.0459351956647,51.0459351956647,72.81426142361582,66.02037564267565,52.38782659168063,70.9407029379702,114.9271508391294,56.370057063420944,100.21022901879827,48.64919117162065,55.32616356661647,40.0378010160908,59.06550918260165,35.510920999096626,
33.50730958937718,35.510920999096626,39.31582855543044,40.0378010160908,43.93418962210956,44.67986123523662,45.27129333253027,45.827593951100454,46.790312387644235,47.128626523765035,48.64919117162065,48.77311069155434,110.68947556113905,67.0043530924173,36.996483561527405,46.11588182191703,47.128626523765035,82.82351341859388,40.002343681339475,33.94662477085658,96.75513193394733,54.36993654585225,32.194477399081975,38.19826485609692,
32.194477399081975,33.50730958937718,33.94662477085658,35.510920999096626,36.996483561527405,38.19826485609692,39.31582855543044,40.002343681339475,40.0378010160908,43.93418962210956,44.67986123523662,45.27129333253027,39.68839083846735,72.35319187845136,37.94754970911323,87.13217849294037,90.89325240815917,9.99999999E8,45.24501200255241,145.02744567839565,47.265209192385896,192.4102063301217,97.37652437831204,82.38881396565111,
32.194477399081975,33.50730958937718,33.94662477085658,35.510920999096626,36.996483561527405,37.94754970911323,38.19826485609692,39.31582855543044,39.68839083846735,40.002343681339475,40.0378010160908,43.93418962210956,50.780803459575154,186.1670956425974,63.35788997608918,78.3341201201622,89.57990846166344,27.653028767207402,78.81060278357926,90.74960055008508,43.45367904127592,48.483889076681955,74.26543049539717,39.31582855543044,
27.653028767207402,32.194477399081975,33.50730958937718,33.94662477085658,35.510920999096626,36.996483561527405,37.94754970911323,38.19826485609692,39.31582855543044,39.31582855543044,39.68839083846735,40.002343681339475,124.54912434457337,33.50730958937718,51.28135896968583,47.136850266656815,110.67068265805538,116.84854870015859,106.53725874078044,42.5077247881684,93.87507982550481,33.15155366199421,219.5,43.49968071402619,
27.653028767207402,32.194477399081975,33.15155366199421,33.50730958937718,33.50730958937718,33.94662477085658,35.510920999096626,36.996483561527405,37.94754970911323,38.19826485609692,39.31582855543044,39.31582855543044,33.747335495728024,72.13774439685973,36.96244340167763,51.0459351956647,58.111004886242405,159.37749998039246,94.47868660297,161.26143370316413,110.68947556113905,109.54101686126526,56.40686460883994,42.439793763336745,
27.653028767207402,32.194477399081975,33.15155366199421,33.50730958937718,33.50730958937718,33.747335495728024,33.94662477085658,35.510920999096626,36.96244340167763,36.996483561527405,37.94754970911323,38.19826485609692,33.747335495728024,33.50730958937718,46.82905081250313,38.94039248218573,33.672538421538704,69.21047608563316,159.01650857693988,157.73368906694176,99.29241851722618,42.44160694412972,208.60648759486523,82.2288473306864,
27.653028767207402,32.194477399081975,33.15155366199421,33.50730958937718,33.50730958937718,33.50730958937718,33.672538421538704,33.747335495728024,33.747335495728024,33.94662477085658,35.510920999096626,36.96244340167763,46.82905081250313,43.632000633593925,31.876428072584712,50.20478894820028,33.747335495728024,78.3341201201622,61.860057118197574,38.746474113115724,50.71673786828171,33.50730958937718,86.09039177257561,116.0269365276874,
27.653028767207402,31.876428072584712,32.194477399081975,33.15155366199421,33.50730958937718,33.50730958937718,33.50730958937718,33.50730958937718,33.672538421538704,33.747335495728024,33.747335495728024,33.747335495728024,106.15194004350556,52.299992889085054,53.626278798531025,107.7044330469233,81.97713095735908,69.48014104764037,44.8555552115157,80.19497724296703,35.25251474602015,36.43447645267001,33.871668704514725,29.78321675037806,
27.653028767207402,29.78321675037806,31.876428072584712,32.194477399081975,33.15155366199421,33.50730958937718,33.50730958937718,33.50730958937718,33.50730958937718,33.672538421538704,33.747335495728024,33.747335495728024,30.03509058862095,212.8426648959273,94.9176485170171,51.74604228887446,49.26987754534542,37.92598272015184,54.978995989377616,52.25757520844864,145.57556421995824,29.377295828651107,91.62377784541884,47.20052965804515,
27.653028767207402,29.377295828651107,29.78321675037806,30.03509058862095,31.876428072584712,32.194477399081975,33.15155366199421,33.50730958937718,33.50730958937718,33.50730958937718,33.50730958937718,33.672538421538704,192.42969495376747,46.250795611260095,27.653028767207402,91.1278771836588,33.50730958937718,122.55984932540781,72.94218246989237,28.93855559629748,86.63528997693582,29.729446681699276,33.45610892632011,81.45891943523162,
27.653028767207402,27.653028767207402,28.93855559629748,29.377295828651107,29.729446681699276,29.78321675037806,30.03509058862095,31.876428072584712,32.194477399081975,33.15155366199421,33.45610892632011,33.50730958937718,78.3341201201622,58.898084646276914,52.136790253708405,47.25118576515321,49.54816680093557,97.92846560117236,32.194477399081975,33.8740915986341,53.49688464449744,109.84496650582886,37.155914515337585,68.20231341791535,
27.653028767207402,27.653028767207402,28.93855559629748,29.377295828651107,29.729446681699276,29.78321675037806,30.03509058862095,31.876428072584712,32.194477399081975,32.194477399081975,33.15155366199421,33.45610892632011,35.75640968180856,32.194477399081975,27.062523261685268,159.6814328593027,54.516052681756044,36.71935762632288,46.82905081250313,9.99999999E8,9.99999999E8,52.74362520722291,9.99999999E8,35.75640968180856,
27.062523261685268,27.653028767207402,27.653028767207402,28.93855559629748,29.377295828651107,29.729446681699276,29.78321675037806,30.03509058862095,31.876428072584712,32.194477399081975,32.194477399081975,32.194477399081975,29.313647688890622,110.0783101932438,38.13135192987524,96.56854754525409,192.42969495376747,73.90693049369592,29.785455063391822,32.194477399081975,76.50183404497501,116.57598030329177,65.84831053261732,49.611389821290025,
27.062523261685268,27.653028767207402,27.653028767207402,28.93855559629748,29.313647688890622,29.377295828651107,29.729446681699276,29.78321675037806,29.785455063391822,30.03509058862095,31.876428072584712,32.194477399081975,73.15524588161809,80.47156932350553,33.50730958937718,94.99752950600819,29.78321675037806,102.48785293877513,117.3941555406488,34.968963415675674,46.82905081250313,78.3341201201622,124.54912434457337,81.92044921751832,
27.062523261685268,27.653028767207402,27.653028767207402,28.93855559629748,29.313647688890622,29.377295828651107,29.729446681699276,29.78321675037806,29.78321675037806,29.785455063391822,30.03509058862095,31.876428072584712,89.58925368033825,192.41410421276294,71.52733743122276,97.43694978637966,168.6919085196442,46.2712168653914,30.542239642286614,48.38409690521601,89.83587465483932,134.24132886335713,110.68586178911922,91.18433710530188,
27.062523261685268,27.653028767207402,27.653028767207402,28.93855559629748,29.313647688890622,29.377295828651107,29.729446681699276,29.78321675037806,29.78321675037806,29.785455063391822,30.03509058862095,30.542239642286614,182.0604295282201,76.55783461420737,36.996483561527405,27.653028767207402,31.33189269737786,195.86778065827977,29.442976902631447,37.88386859865291,29.252464283657655,114.83430091513017,46.82905081250313,81.4368416852807,
27.062523261685268,27.653028767207402,27.653028767207402,27.653028767207402,28.93855559629748,29.252464283657655,29.313647688890622,29.377295828651107,29.442976902631447,29.729446681699276,29.78321675037806,29.78321675037806,90.51900352964564,38.4251219906977,106.82583957077051,122.88476987270093,9.99999999E8,62.08248041919717,195.86778065827977,27.653028767207402,41.17168247735971,181.4998278236098,37.2757880533732,34.49426280798978,
27.062523261685268,27.653028767207402,27.653028767207402,27.653028767207402,27.653028767207402,28.93855559629748,29.252464283657655,29.313647688890622,29.377295828651107,29.442976902631447,29.729446681699276,29.78321675037806,102.48785293877513,72.80474306145788,33.21175745625837,30.237228708993815,49.99689990389404,65.1939414363022,196.60281449324845,29.28293018125065,211.5,9.99999999E8,26.11835307493447,35.83699206127656,
26.11835307493447,27.062523261685268,27.653028767207402,27.653028767207402,27.653028767207402,27.653028767207402,28.93855559629748,29.252464283657655,29.28293018125065,29.313647688890622,29.377295828651107,29.442976902631447,86.19873677857595,87.13217849294037,102.48785293877513,26.166533969939543,50.04378248383365,9.99999999E8,102.48785293877513,195.86778065827977,47.11358615091829,84.6739243769164,181.10041413536302,192.42969495376747,
26.11835307493447,26.166533969939543,27.062523261685268,27.653028767207402,27.653028767207402,27.653028767207402,27.653028767207402,28.93855559629748,29.252464283657655,29.28293018125065,29.313647688890622,29.377295828651107,32.02327278714654,74.71117720930383,51.316014394468844,28.93855559629748,90.45308176065645,89.8234379212909,76.95280615416179,79.33305978594296,31.130549482961445,87.94138673002604,196.60281449324845,53.60140960003861,
26.11835307493447,26.166533969939543,27.062523261685268,27.653028767207402,27.653028767207402,27.653028767207402,27.653028767207402,28.93855559629748,28.93855559629748,29.252464283657655,29.28293018125065,29.313647688890622,65.09992319503918,28.501827426792595,102.51300730476433,29.35710891334499,94.9176485170171,45.24501200255241,30.194163343268844,51.64932615786952,106.01962082558114,28.93855559629748,92.54020747761483,37.33653075642701,
26.11835307493447,26.166533969939543,27.062523261685268,27.653028767207402,27.653028767207402,27.653028767207402,27.653028767207402,28.501827426792595,28.93855559629748,28.93855559629748,28.93855559629748,29.252464283657655,29.442976902631447,51.64932615786952,50.36681771296071,212.5,50.07327963428533,49.75410610572926,26.32660251532658,76.24014690437053,79.42291860665912,102.48785293877513,88.86075835260466,9.99999999E8,
26.11835307493447,26.166533969939543,26.32660251532658,27.062523261685268,27.653028767207402,27.653028767207402,27.653028767207402,27.653028767207402,28.501827426792595,28.93855559629748,28.93855559629748,28.93855559629748,44.849981419542786,50.29801188913932,31.073675890266564,31.18477192477123,29.886005643667627,33.497611855175585,204.38688803345482,97.75356770982836,113.76613896498378,37.93003427364653,31.877695964420013,27.189886738057634,
26.11835307493447,26.166533969939543,26.32660251532658,27.062523261685268,27.189886738057634,27.653028767207402,27.653028767207402,27.653028767207402,27.653028767207402,28.501827426792595,28.93855559629748,28.93855559629748,9.99999999E8,29.247970647247453,31.130549482961445,55.749970148849705,211.5,128.89991272301157,9.99999999E8,33.9368040137351,25.63250885504737,43.77855620587634,46.23873736742098,72.94218246989237,
25.63250885504737,26.11835307493447,26.166533969939543,26.32660251532658,27.062523261685268,27.189886738057634,27.653028767207402,27.653028767207402,27.653028767207402,27.653028767207402,28.501827426792595,28.93855559629748,26.166533969939543,224.5,71.52733743122276,90.36088755650866,47.95091178307668,63.625641232306826,154.6121491560953,58.32595191393507,192.42969495376747,27.653028767207402,42.9649202838781,32.970289655991806,
25.63250885504737,26.11835307493447,26.166533969939543,26.166533969939543,26.32660251532658,27.062523261685268,27.189886738057634,27.653028767207402,27.653028767207402,27.653028767207402,27.653028767207402,27.653028767207402,78.62304581567247,67.37128468420356,87.94138673002604,53.7689691254754,35.13149900334773,82.46211251235322,34.325107687398145,91.31086172733097,61.95393449975554,18.055927805726846,50.65789397736766,56.08907536231989,
18.055927805726846,25.63250885504737,26.11835307493447,26.166533969939543,26.166533969939543,26.32660251532658,27.062523261685268,27.189886738057634,27.653028767207402,27.653028767207402,27.653028767207402,27.653028767207402,30.801685045673924,67.59301980626856,159.6814328593027,182.0604295282201,29.915307450111737,26.166533969939543,25.63019053122054,31.130549482961445,128.89991272301157,44.49219656923623,83.41612553937038,140.48932343776164,
18.055927805726846,25.63019053122054,25.63250885504737,26.11835307493447,26.166533969939543,26.166533969939543,26.166533969939543,26.32660251532658,27.062523261685268,27.189886738057634,27.653028767207402,27.653028767207402,77.7687879229193,74.35882176984786,32.194477399081975,51.244359445699,25.85899263312475,95.56803859031533,9.99999999E8,181.10041413536302,9.99999999E8,172.72104677774507,105.45704101670974,182.64223909052365,
18.055927805726846,25.63019053122054,25.63250885504737,25.85899263312475,26.11835307493447,26.166533969939543,26.166533969939543,26.166533969939543,26.32660251532658,27.062523261685268,27.189886738057634,27.653028767207402,99.8747215265204,46.18824706206836,81.56304685484045,74.04446862077769,82.07456594463355,43.45367904127592,28.64681483167021,73.06161783043132,83.23264665615143,57.044025395595405,31.62103730113862,51.39537308941341,
18.055927805726846,25.63019053122054,25.63250885504737,25.85899263312475,26.11835307493447,26.166533969939543,26.166533969939543,26.166533969939543,26.32660251532658,27.062523261685268,27.189886738057634,27.653028767207402,224.5,58.84442766028629,181.4998278236098,37.598575671985024,26.166533969939543,71.1286809676543,28.722504217437418,28.64681483167021,68.34390162178984,212.8426648959273,76.22121403774514,55.55388712772491,
18.055927805726846,25.63019053122054,25.63250885504737,25.85899263312475,26.11835307493447,26.166533969939543,26.166533969939543,26.166533969939543,26.166533969939543,26.32660251532658,27.062523261685268,27.189886738057634,113.77416226894398,60.60466665063599,56.94322270687617,117.66619452218778,23.61299077485386,66.65016802648876,212.8395326687847,47.13268504976138,56.714058001521984,53.199832915360005,172.6480813678507,50.4191431898639,
18.055927805726846,23.61299077485386,25.63019053122054,25.63250885504737,25.85899263312475,26.11835307493447,26.166533969939543,26.166533969939543,26.166533969939543,26.166533969939543,26.32660251532658,27.062523261685268,149.72057306863343,149.72057306863343,54.7926489138826,9.99999999E8,30.87103550795362,71.52733743122276,36.306851970392586,74.5183492503692,49.43571583379773,54.63780061640793,25.67789256669376,58.974570791146924,
18.055927805726846,23.61299077485386,25.63019053122054,25.63250885504737,25.67789256669376,25.85899263312475,26.11835307493447,26.166533969939543,26.166533969939543,26.166533969939543,26.166533969939543,26.32660251532658,25.85899263312475,26.11835307493447,75.13959797386109,78.88589465170564,30.194163343268844,53.132956920456735,26.848247659146473,31.80363303744032,128.89991272301157,9.99999999E8,70.23698722895224,30.87103550795362,
18.055927805726846,23.61299077485386,25.63019053122054,25.63250885504737,25.67789256669376,25.85899263312475,25.85899263312475,26.11835307493447,26.11835307493447,26.166533969939543,26.166533969939543,26.166533969939543,25.05758673657989,78.47027037887236,151.91835800850401,9.99999999E8,22.268931843350437,29.924422707550523,89.35649575343324,42.9649202838781,73.44545169716093,78.35549331944335,97.75356770982836,100.21022901879827,
18.055927805726846,22.268931843350437,23.61299077485386,25.05758673657989,25.63019053122054,25.63250885504737,25.67789256669376,25.85899263312475,25.85899263312475,26.11835307493447,26.11835307493447,26.166533969939543,115.54183946374866,81.58406206896952,50.723663116931924,45.46266783490237,33.86629031699089,74.5183492503692,49.71474183333909,25.98153190248797,26.36173697749426,151.91835800850401,22.97258792383582,88.05813065810561,
18.055927805726846,22.268931843350437,22.97258792383582,23.61299077485386,25.05758673657989,25.63019053122054,25.63250885504737,25.67789256669376,25.85899263312475,25.85899263312475,25.98153190248797,26.11835307493447,102.48785293877513,32.25068474725253,9.99999999E8,44.46897795092664,24.24041322123232,195.86778065827977,195.86778065827977,50.723663116931924,36.90782437370157,26.978772519643414,52.177485566094504,39.85220630162699,
18.055927805726846,22.268931843350437,22.97258792383582,23.61299077485386,24.24041322123232,25.05758673657989,25.63019053122054,25.63250885504737,25.67789256669376,25.85899263312475,25.85899263312475,25.98153190248797,146.91806106352843,68.96296107331818,149.71389381082838,27.285649463897073,9.99999999E8,22.268931843350437,207.5,50.863616053290286,9.99999999E8,51.766150861349544,58.39223315272318,73.22264373508754,
18.055927805726846,22.268931843350437,22.268931843350437,22.97258792383582,23.61299077485386,24.24041322123232,25.05758673657989,25.63019053122054,25.63250885504737,25.67789256669376,25.85899263312475,25.85899263312475,18.055927805726846,172.70367685721112,22.56745444218289,9.99999999E8,52.65611708687479,9.99999999E8,26.166533969939543,30.659759185834016,70.3170276320039,71.31308123728462,22.97258792383582,89.38811092645375,
18.055927805726846,18.055927805726846,22.268931843350437,22.268931843350437,22.56745444218289,22.97258792383582,22.97258792383582,23.61299077485386,24.24041322123232,25.05758673657989,25.63019053122054,25.63250885504737,34.92494064833813,22.56745444218289,21.88812463414808,49.06357482899101,168.65989446219868,54.447078663597736,85.1996735615812,89.48594512547767,75.44886090753722,59.691624203065544,125.05068360224088,56.41512799477341,
18.055927805726846,18.055927805726846,21.88812463414808,22.268931843350437,22.268931843350437,22.56745444218289,22.56745444218289,22.97258792383582,22.97258792383582,23.61299077485386,24.24041322123232,25.05758673657989,64.71669027383895,200.89964327162622,109.6411761155452,48.35516748210291,186.21274795244284,77.36252322668904,44.30199393556307,72.35597940116658,92.7236402940898,47.107218130558294,24.965761678714053,22.268931843350437,
18.055927805726846,18.055927805726846,21.88812463414808,22.268931843350437,22.268931843350437,22.268931843350437,22.56745444218289,22.56745444218289,22.97258792383582,22.97258792383582,23.61299077485386,24.24041322123232,21.88812463414808,9.99999999E8,18.055927805726846,207.5,102.48785293877513,129.5459763944832,195.86778065827977,51.985869351631486,148.86020287504647,76.24014690437053,21.28003392267033,62.18910173816631,
18.055927805726846,18.055927805726846,18.055927805726846,21.28003392267033,21.88812463414808,21.88812463414808,22.268931843350437,22.268931843350437,22.268931843350437,22.56745444218289,22.56745444218289,22.97258792383582,48.35516748210291,27.446127975151658,22.268931843350437,19.315989180379272,55.82324224729338,9.99999999E8,88.37553040859217,172.6480813678507,68.58085252702341,44.66350190442822,157.73368906694176,37.93077644410793,
18.055927805726846,18.055927805726846,18.055927805726846,19.315989180379272,21.28003392267033,21.88812463414808,21.88812463414808,22.268931843350437,22.268931843350437,22.268931843350437,22.268931843350437,22.56745444218289,84.58540063155107,59.40143611264713,25.149685220031415,54.24039853590065,65.0886365830849,54.3323108288245,48.67087595951676,108.06571309674237,51.752198020953664,81.59806920484813,23.794292747357268,22.268931843350437,
18.055927805726846,18.055927805726846,18.055927805726846,19.315989180379272,21.28003392267033,21.88812463414808,21.88812463414808,22.268931843350437,22.268931843350437,22.268931843350437,22.268931843350437,22.268931843350437,23.05840410783019,38.24482535803591,18.055927805726846,31.195646608893025,64.298012216553,92.40121414245594,22.268931843350437,22.268931843350437,22.675702855699974,75.21126494747978,192.41410421276294,94.24568955660519,
18.055927805726846,18.055927805726846,18.055927805726846,18.055927805726846,19.315989180379272,21.28003392267033,21.88812463414808,21.88812463414808,22.268931843350437,22.268931843350437,22.268931843350437,22.268931843350437,22.97258792383582,21.88812463414808,211.5,26.74263201980947,43.471574365069614,125.82057195280353,18.055927805726846,56.902694722365005,96.41867039116437,42.998707990925595,141.90475679130702,46.430967152793635,
18.055927805726846,18.055927805726846,18.055927805726846,18.055927805726846,18.055927805726846,19.315989180379272,21.28003392267033,21.88812463414808,21.88812463414808,21.88812463414808,22.268931843350437,22.268931843350437,23.381349405027933,24.20026637378158,77.68597757067302,9.99999999E8,94.19494413183756,64.25356573809091,46.37061973922712,105.67951551743602,75.35602571954614,18.055927805726846,21.32697455688453,34.67307633052225,
18.055927805726846,18.055927805726846,18.055927805726846,18.055927805726846,18.055927805726846,18.055927805726846,19.315989180379272,21.28003392267033,21.32697455688453,21.88812463414808,21.88812463414808,21.88812463414808,70.46531061451442,78.47027037887236,50.06194509912133,93.32157664048903,23.973731372449457,102.48785293877513,31.94007462963947,49.06357482899101,97.3768452970212,77.07483773738934,18.055927805726846,24.971450365033533,
18.055927805726846,18.055927805726846,18.055927805726846,18.055927805726846,18.055927805726846,18.055927805726846,18.055927805726846,19.315989180379272,21.28003392267033,21.32697455688453,21.88812463414808,21.88812463414808,59.520873439491794,159.6814328593027,70.64623132198915,21.88812463414808,22.56745444218289,22.966368490308888,55.6536911025076,29.348104274208172,50.88330876732675,59.40143611264713,224.5,65.05131412498717,
18.055927805726846,18.055927805726846,18.055927805726846,18.055927805726846,18.055927805726846,18.055927805726846,18.055927805726846,19.315989180379272,21.28003392267033,21.32697455688453,21.88812463414808,21.88812463414808,20.474068965401088,78.76282964275302,18.055927805726846,181.4998278236098,59.40143611264713,18.055927805726846,59.40143611264713,60.36758151490901,18.055927805726846,27.01105215972733,33.54598833442433,27.01960716956546,
18.055927805726846,18.055927805726846,18.055927805726846,18.055927805726846,18.055927805726846,18.055927805726846,18.055927805726846,18.055927805726846,18.055927805726846,18.055927805726846,19.315989180379272,20.474068965401088,21.88812463414808,18.055927805726846,59.9748645267332,181.4998278236098,66.5472058935978,53.2868651733239,110.5109346022676,211.5,18.055927805726846,77.49637088277102,57.314192541347616,21.88812463414808,
18.055927805726846,18.055927805726846,18.055927805726846,18.055927805726846,18.055927805726846,18.055927805726846,18.055927805726846,18.055927805726846,18.055927805726846,18.055927805726846,18.055927805726846,18.055927805726846,36.24607258418183,68.44384559622581,59.40143611264713,29.17950971113546,77.30287429973093,18.055927805726846,121.2656587826908,53.73531776215714,152.28817255453558,49.06357482899101,102.48785293877513,110.5109346022676,
18.055927805726846,18.055927805726846,18.055927805726846,18.055927805726846,18.055927805726846,18.055927805726846,18.055927805726846,18.055927805726846,18.055927805726846,18.055927805726846,18.055927805726846,18.055927805726846,49.91226677881901,102.48785293877513,123.03928911801574,33.115957885386116,141.63389424851664,18.055927805726846,76.55512719602783,20.482207726056615,212.5,9.99999999E8,9.99999999E8,141.90475679130702,
18.055927805726846,18.055927805726846,18.055927805726846,18.055927805726846,18.055927805726846,18.055927805726846,18.055927805726846,18.055927805726846,18.055927805726846,18.055927805726846,18.055927805726846,18.055927805726846,50.22682923498158,102.48785293877513,56.93435547482147,105.45704101670974,97.15237173292958,212.5,102.48785293877513,212.5,18.055927805726846,98.35491853486535,62.05575450082503,69.55062904100868,
18.055927805726846,18.055927805726846,18.055927805726846,18.055927805726846,18.055927805726846,18.055927805726846,18.055927805726846,18.055927805726846,18.055927805726846,18.055927805726846,18.055927805726846,18.055927805726846,9.99999999E8,52.08826643304613,94.19494413183756,19.315989180379272,49.06357482899101,43.7890896799648,37.765518333527474,22.56745444218289,48.11550728004774,52.67088590694315,143.3462939876717,78.3451286531171,
18.055927805726846,18.055927805726846,18.055927805726846,18.055927805726846,18.055927805726846,18.055927805726846,18.055927805726846,18.055927805726846,18.055927805726846,18.055927805726846,18.055927805726846,18.055927805726846,78.34911188605352,60.78742560029263,18.055927805726846,24.859938232538305,44.96926033414381,51.27118464595878,207.5,224.5,66.99320861102265,26.520825150561713,224.5,21.88812463414808,
18.055927805726846,18.055927805726846,18.055927805726846,18.055927805726846,18.055927805726846,18.055927805726846,18.055927805726846,18.055927805726846,18.055927805726846,18.055927805726846,18.055927805726846,18.055927805726846,70.09981722515401,102.48785293877513,200.89964327162622,90.91525357899704,70.40852221144824,212.5,59.40143611264713,148.46534674351946,23.189217233843134,49.67126307031059,57.044025395595405,18.055927805726846,
18.055927805726846,18.055927805726846,18.055927805726846,18.055927805726846,18.055927805726846,18.055927805726846,18.055927805726846,18.055927805726846,18.055927805726846,18.055927805726846,18.055927805726846,18.055927805726846,70.46531061451442,57.442784310892826,129.68958229211026,102.48785293877513,110.5109346022676,9.99999999E8,94.9176485170171,102.48785293877513,35.09544129940526,18.055927805726846,109.08934125293818,22.140754678905576,
18.055927805726846,18.055927805726846,18.055927805726846,18.055927805726846,18.055927805726846,18.055927805726846,18.055927805726846,18.055927805726846,18.055927805726846,18.055927805726846,18.055927805726846,18.055927805726846,49.67126307031059,23.139880760986063,102.48785293877513,50.11542233240737,102.48785293877513,84.41658604800362,84.72652083812561,9.99999999E8,182.0604295282201,28.255161770314935,78.34911188605352,18.055927805726846,
18.055927805726846,18.055927805726846,18.055927805726846,18.055927805726846,18.055927805726846,18.055927805726846,18.055927805726846,18.055927805726846,18.055927805726846,18.055927805726846,18.055927805726846,18.055927805726846,105.43807424265677,45.48424261797279,75.3996156543011,141.63389424851664,45.48424261797279,27.446127975151658,153.8138078977307,207.5,31.935716682110012,65.97868974146122,75.03305394073648,33.58325044935052,
18.055927805726846,18.055927805726846,18.055927805726846,18.055927805726846,18.055927805726846,18.055927805726846,18.055927805726846,18.055927805726846,18.055927805726846,18.055927805726846,18.055927805726846,18.055927805726846,109.6411761155452,36.06785272233432,65.04890467947942,58.03412085724629,18.055927805726846,23.61299077485386,224.5,23.189217233843134,182.0604295282201,24.893523254051445,96.89871000173325,32.358770063152896,
18.055927805726846,18.055927805726846,18.055927805726846,18.055927805726846,18.055927805726846,18.055927805726846,18.055927805726846,18.055927805726846,18.055927805726846,18.055927805726846,18.055927805726846,18.055927805726846,43.483656727175834,59.40143611264713,128.04559137036992,18.055927805726846,34.22233725722045,51.96377945261488,102.48785293877513,30.798733471866576,181.4998278236098,49.84666488342023,59.36947342700624,44.30199393556307,
18.055927805726846,18.055927805726846,18.055927805726846,18.055927805726846,18.055927805726846,18.055927805726846,18.055927805726846,18.055927805726846,18.055927805726846,18.055927805726846,18.055927805726846,18.055927805726846,121.11878467025666,44.60594130830555,89.00327709322468,123.17054995005908,21.486109293261624,102.48785293877513,28.525251970841552,94.19494413183756,49.59838707054898,57.044025395595405,181.4998278236098,212.5,
18.055927805726846,18.055927805726846,18.055927805726846,18.055927805726846,18.055927805726846,18.055927805726846,18.055927805726846,18.055927805726846,18.055927805726846,18.055927805726846,18.055927805726846,18.055927805726846,18.055927805726846,73.86801997481724,123.17054995005908,102.48785293877513,33.95370622872659,50.630919407018474,182.0604295282201,90.91525357899704,18.055927805726846,186.18858047689176,86.11878102042809,110.5109346022676,
18.055927805726846,18.055927805726846,18.055927805726846,18.055927805726846,18.055927805726846,18.055927805726846,18.055927805726846,18.055927805726846,18.055927805726846,18.055927805726846,18.055927805726846,18.055927805726846,21.88812463414808,67.10409823550273,106.65345751545047,18.055927805726846,22.140754678905576,9.99999999E8,51.68065402062942,59.40143611264713,18.055927805726846,182.0604295282201,9.99999999E8,77.68597757067302,
18.055927805726846,18.055927805726846,18.055927805726846,18.055927805726846,18.055927805726846,18.055927805726846,18.055927805726846,18.055927805726846,18.055927805726846,18.055927805726846,18.055927805726846,18.055927805726846,18.055927805726846,41.56654637779975,18.055927805726846,18.055927805726846,83.75961717550861,141.63389424851664,207.5,49.06357482899101,9.99999999E8,74.96814138167107,50.04378248383365,25.236679654819888,
18.055927805726846,18.055927805726846,18.055927805726846,18.055927805726846,18.055927805726846,18.055927805726846,18.055927805726846,18.055927805726846,18.055927805726846,18.055927805726846,18.055927805726846,18.055927805726846,50.18189137749017,48.87663674839658,91.18250928769179,18.055927805726846,182.0604295282201,64.78875931311953,18.055927805726846,27.01960716956546,23.189217233843134,18.055927805726846,88.37553040859217,121.2656587826908,
18.055927805726846,18.055927805726846,18.055927805726846,18.055927805726846,18.055927805726846,18.055927805726846,18.055927805726846,18.055927805726846,18.055927805726846,18.055927805726846,18.055927805726846,18.055927805726846,23.189217233843134,19.196893239771157,149.71389381082838,57.044025395595405,82.39774120145553,18.055927805726846,77.15264488172066,44.57702447574435,18.055927805726846,18.055927805726846,168.65989446219868,50.68021680103588,
18.055927805726846,18.055927805726846,18.055927805726846,18.055927805726846,18.055927805726846,18.055927805726846,18.055927805726846,18.055927805726846,18.055927805726846,18.055927805726846,18.055927805726846,18.055927805726846,33.610861339751466,18.055927805726846,27.189874148262387,131.06767097572154,23.189217233843134,76.27899039053939,94.6163305143462,9.99999999E8,131.92482707966684,195.16830343748614,96.89871000173325,170.98738988592112,
18.055927805726846,18.055927805726846,18.055927805726846,18.055927805726846,18.055927805726846,18.055927805726846,18.055927805726846,18.055927805726846,18.055927805726846,18.055927805726846,18.055927805726846,18.055927805726846,109.66312051004202,65.97868974146122,22.56745444218289,103.09663751387174,27.305633725224084,21.88812463414808,9.99999999E8,46.68333035820531,117.30808795645763,21.88812463414808,21.88812463414808,45.64111207136732,
18.055927805726846,18.055927805726846,18.055927805726846,18.055927805726846,18.055927805726846,18.055927805726846,18.055927805726846,18.055927805726846,18.055927805726846,18.055927805726846,18.055927805726846,18.055927805726846,48.87663674839658,26.814921219350992,18.055927805726846,77.37732225917358,73.31363371767142,96.6371760848427,137.08064064927743,112.63609545789485,32.358770063152896,93.5244156706184,35.91983261375253,59.40143611264713,
18.055927805726846,18.055927805726846,18.055927805726846,18.055927805726846,18.055927805726846,18.055927805726846,18.055927805726846,18.055927805726846,18.055927805726846,18.055927805726846,18.055927805726846,18.055927805726846,172.72104677774507,94.19494413183756,49.06357482899101,23.798599398564058,75.95338482692307,18.055927805726846,73.92891433667886,106.53725874078044,207.5,102.48785293877513,18.055927805726846,18.055927805726846,
18.055927805726846,18.055927805726846,18.055927805726846,18.055927805726846,18.055927805726846,18.055927805726846,18.055927805726846,18.055927805726846,18.055927805726846,18.055927805726846,18.055927805726846,18.055927805726846,43.04340106218373,18.055927805726846,77.68597757067302,94.24568955660519,23.189217233843134,65.97868974146122,18.055927805726846,18.055927805726846,18.055927805726846,182.0604295282201,94.6163305143462,207.5,
18.055927805726846,18.055927805726846,18.055927805726846,18.055927805726846,18.055927805726846,18.055927805726846,18.055927805726846,18.055927805726846,18.055927805726846,18.055927805726846,18.055927805726846,18.055927805726846,18.055927805726846,90.35992843438217,42.998707990925595,82.20435241248212,62.40617447212173,131.92482707966684,24.859938232538305,18.055927805726846,200.9527307602462,18.055927805726846,218.5,182.0604295282201,
18.055927805726846,18.055927805726846,18.055927805726846,18.055927805726846,18.055927805726846,18.055927805726846,18.055927805726846,18.055927805726846,18.055927805726846,18.055927805726846,18.055927805726846,18.055927805726846,76.19437862029805,106.61701318269988,44.181444068749045,18.055927805726846,22.55415704476672,88.05813065810561,141.63389424851664,20.244855313552296,129.81839748868654,182.0604295282201,70.689178804114,25.529938851822145,
18.055927805726846,18.055927805726846,18.055927805726846,18.055927805726846,18.055927805726846,18.055927805726846,18.055927805726846,18.055927805726846,18.055927805726846,18.055927805726846,18.055927805726846,18.055927805726846,24.039183699559693,59.40143611264713,67.16480559869962,57.936948487126934,22.140754678905576,224.5,141.63389424851664,94.24568955660519,65.04890467947942,61.694686764744986,30.38640046687553,59.40143611264713,
18.055927805726846,18.055927805726846,18.055927805726846,18.055927805726846,18.055927805726846,18.055927805726846,18.055927805726846,18.055927805726846,18.055927805726846,18.055927805726846,18.055927805726846,18.055927805726846,18.055927805726846,133.02098831888648,18.055927805726846,182.0604295282201,159.6814328593027,58.904819648121986,21.88812463414808,54.049863599291726,9.99999999E8,105.77649392311444,18.055927805726846,65.97868974146122,
18.055927805726846,18.055927805726846,18.055927805726846,18.055927805726846,18.055927805726846,18.055927805726846,18.055927805726846,18.055927805726846,18.055927805726846,18.055927805726846,18.055927805726846,18.055927805726846,112.62187842510886,58.60974356552268,32.358770063152896,207.5,83.24411891138817,43.471574365069614,48.880364155763,141.63389424851664,9.99999999E8,153.75040650352767,9.99999999E8,58.633051351126205,
18.055927805726846,18.055927805726846,18.055927805726846,18.055927805726846,18.055927805726846,18.055927805726846,18.055927805726846,18.055927805726846,18.055927805726846,18.055927805726846,18.055927805726846,18.055927805726846,16.946607330082326,98.42845117139657,34.935512018575025,18.055927805726846,62.152911235114324,77.36252322668904,59.36947342700624,18.055927805726846,51.552788479382954,18.055927805726846,207.5,181.4998278236098,
16.946607330082326,18.055927805726846,18.055927805726846,18.055927805726846,18.055927805726846,18.055927805726846,18.055927805726846,18.055927805726846,18.055927805726846,18.055927805726846,18.055927805726846,18.055927805726846,149.71389381082838,22.140754678905576,59.40143611264713,30.14780257332199,43.471574365069614,67.16480559869962,79.3488808866211,125.47573470595817,218.5,181.4998278236098,59.40143611264713,181.4998278236098,
16.946607330082326,18.055927805726846,18.055927805726846,18.055927805726846,18.055927805726846,18.055927805726846,18.055927805726846,18.055927805726846,18.055927805726846,18.055927805726846,18.055927805726846,18.055927805726846,131.73063425035195,51.96377945261488,64.21644243719781,50.041857479514086,17.210098779495716,122.88476987270093,58.633051351126205,50.68021680103588,9.99999999E8,45.93491622856866,94.6163305143462,21.88812463414808,
16.946607330082326,17.210098779495716,18.055927805726846,18.055927805726846,18.055927805726846,18.055927805726846,18.055927805726846,18.055927805726846,18.055927805726846,18.055927805726846,18.055927805726846,18.055927805726846,21.88812463414808,182.0604295282201,30.38640046687553,88.8852256189595,18.055927805726846,102.48785293877513,224.5,73.92891433667886,18.055927805726846,50.04378248383365,17.210098779495716,71.90889297499224,
16.946607330082326,17.210098779495716,17.210098779495716,18.055927805726846,18.055927805726846,18.055927805726846,18.055927805726846,18.055927805726846,18.055927805726846,18.055927805726846,18.055927805726846,18.055927805726846,84.48800046291913,23.189217233843134,161.26143370316413,49.47726750741192,76.55512719602783,75.39838636646455,182.0604295282201,102.48785293877513,17.210098779495716,16.946607330082326,38.302768056843185,207.5,
16.946607330082326,16.946607330082326,17.210098779495716,17.210098779495716,17.210098779495716,18.055927805726846,18.055927805726846,18.055927805726846,18.055927805726846,18.055927805726846,18.055927805726846,18.055927805726846,52.82976788705398,90.91525357899704,18.055927805726846,79.5530483388286,18.055927805726846,94.24568955660519,9.99999999E8,17.210098779495716,65.97868974146122,83.24411891138817,102.48785293877513,88.37553040859217,
16.946607330082326,16.946607330082326,17.210098779495716,17.210098779495716,17.210098779495716,17.210098779495716,18.055927805726846,18.055927805726846,18.055927805726846,18.055927805726846,18.055927805726846,18.055927805726846,102.48785293877513,151.91835800850401,23.03303786592931,21.284286065859323,17.210098779495716,97.3768452970212,43.49968071402619,18.055927805726846,167.61171647590749,130.63138979586796,110.5109346022676,224.5,
16.946607330082326,16.946607330082326,17.210098779495716,17.210098779495716,17.210098779495716,17.210098779495716,17.210098779495716,18.055927805726846,18.055927805726846,18.055927805726846,18.055927805726846,18.055927805726846,60.534654904810054,18.910252064319362,56.370057063420944,35.67756842735907,84.93919393699629,182.0604295282201,75.1147270661501,88.00417248630885,116.39453380636051,18.910252064319362,174.0421404909359,78.34911188605352,
16.946607330082326,16.946607330082326,17.210098779495716,17.210098779495716,17.210098779495716,17.210098779495716,17.210098779495716,18.055927805726846,18.055927805726846,18.055927805726846,18.055927805726846,18.055927805726846,77.15264488172066,67.52547667362296,182.0604295282201,148.45668646141218,138.31760553161698,88.68812397008594,21.88812463414808,25.580721907978543,43.47970072344105,9.99999999E8,63.240712797232455,114.39125840727516,
16.946607330082326,16.946607330082326,17.210098779495716,17.210098779495716,17.210098779495716,17.210098779495716,17.210098779495716,18.055927805726846,18.055927805726846,18.055927805726846,18.055927805726846,18.055927805726846,98.42845117139657,20.532825883825883,50.37415563119203,129.68958229211026,106.44560426183256,21.023161830070503,92.30052954941289,77.66970666439609,116.84759304324585,69.55733047078664,102.48785293877513,62.40617447212173,
16.946607330082326,16.946607330082326,17.210098779495716,17.210098779495716,17.210098779495716,17.210098779495716,17.210098779495716,18.055927805726846,18.055927805726846,18.055927805726846,18.055927805726846,18.055927805726846,50.499724971748336,57.936948487126934,18.055927805726846,144.70300618853776,181.10041413536302,39.86590021559779,34.26454686111627,59.40143611264713,95.83449274660977,131.73063425035195,17.210098779495716,79.08920306095091,
16.946607330082326,16.946607330082326,17.210098779495716,17.210098779495716,17.210098779495716,17.210098779495716,17.210098779495716,17.210098779495716,18.055927805726846,18.055927805726846,18.055927805726846,18.055927805726846,78.34911188605352,32.454429589811,131.73063425035195,182.0604295282201,93.49821745181384,56.69431098407656,77.15264488172066,95.49127359781801,20.536304339349066,69.63251754747921,212.8426648959273,80.40052797064945,
16.946607330082326,16.946607330082326,17.210098779495716,17.210098779495716,17.210098779495716,17.210098779495716,17.210098779495716,17.210098779495716,18.055927805726846,18.055927805726846,18.055927805726846,18.055927805726846,119.89859661141891,9.99999999E8,22.56745444218289,64.68565818633988,102.48785293877513,43.776479589949396,212.5,91.98130244783447,151.91835800850401,61.46975363741828,102.48785293877513,17.210098779495716,
16.946607330082326,16.946607330082326,17.210098779495716,17.210098779495716,17.210098779495716,17.210098779495716,17.210098779495716,17.210098779495716,17.210098779495716,18.055927805726846,18.055927805726846,18.055927805726846,102.48785293877513,27.36049960756401,93.66483887145874,42.32152066161034,69.47830146887588,9.99999999E8,51.5385508354884,181.4998278236098,17.210098779495716,83.98615046177409,224.5,102.48785293877513,
16.946607330082326,16.946607330082326,17.210098779495716,17.210098779495716,17.210098779495716,17.210098779495716,17.210098779495716,17.210098779495716,17.210098779495716,17.210098779495716,18.055927805726846,18.055927805726846,49.06357482899101,30.03814241926421,57.79908628170518,102.48785293877513,17.210098779495716,102.48785293877513,62.22928872323707,102.48785293877513,21.510172012329424,200.8183258569795,87.68915414748874,140.8889190106873,
16.946607330082326,16.946607330082326,17.210098779495716,17.210098779495716,17.210098779495716,17.210098779495716,17.210098779495716,17.210098779495716,17.210098779495716,17.210098779495716,17.210098779495716,18.055927805726846,20.536304339349066,50.68021680103588,181.4998278236098,96.89871000173325,75.44700126578923,29.608951349211946,94.24568955660519,50.442486501405185,207.5,22.10343827260986,100.87608425687428,52.03162499864866,
16.946607330082326,16.946607330082326,17.210098779495716,17.210098779495716,17.210098779495716,17.210098779495716,17.210098779495716,17.210098779495716,17.210098779495716,17.210098779495716,17.210098779495716,18.055927805726846,16.946607330082326,72.5183884726258,98.07221828836136,21.265935201631738,36.79796190008354,23.03303786592931,212.5,57.79908628170518,17.210098779495716,182.0604295282201,212.5,212.5,
16.946607330082326,16.946607330082326,16.946607330082326,17.210098779495716,17.210098779495716,17.210098779495716,17.210098779495716,17.210098779495716,17.210098779495716,17.210098779495716,17.210098779495716,17.210098779495716,81.41857512263402,17.210098779495716,102.48785293877513,30.3966969204463,82.1112050818888,48.09907310264236,17.210098779495716,47.791212581394085,200.89964327162622,74.93970365349378,183.24761253560712,90.89325240815917,
16.946607330082326,16.946607330082326,16.946607330082326,17.210098779495716,17.210098779495716,17.210098779495716,17.210098779495716,17.210098779495716,17.210098779495716,17.210098779495716,17.210098779495716,17.210098779495716,16.946607330082326,127.10199316559385,44.7838992623029,204.3640542430754,32.92552201560364,120.67057534917964,17.210098779495716,86.20663160878827,17.210098779495716,50.68021680103588,32.92552201560364,212.5,
16.946607330082326,16.946607330082326,16.946607330082326,16.946607330082326,17.210098779495716,17.210098779495716,17.210098779495716,17.210098779495716,17.210098779495716,17.210098779495716,17.210098779495716,17.210098779495716,57.91575239086513,35.57013318783049,19.120607551437654,52.64345480050994,17.210098779495716,110.5109346022676,16.946607330082326,182.0604295282201,18.893973867895287,94.24568955660519,151.9463309856477,17.210098779495716,
16.946607330082326,16.946607330082326,16.946607330082326,16.946607330082326,16.946607330082326,17.210098779495716,17.210098779495716,17.210098779495716,17.210098779495716,17.210098779495716,17.210098779495716,17.210098779495716,151.9463309856477,54.67098560174918,71.18911433639275,84.77166021141736,30.03814241926421,102.48785293877513,25.789676966114346,17.210098779495716,29.788490506681715,51.249994960693165,88.38367196144182,161.26143370316413,
16.946607330082326,16.946607330082326,16.946607330082326,16.946607330082326,16.946607330082326,17.210098779495716,17.210098779495716,17.210098779495716,17.210098779495716,17.210098779495716,17.210098779495716,17.210098779495716,9.99999999E8,89.00327709322468,62.08248041919717,151.9463309856477,9.99999999E8,21.88021484476084,96.89871000173325,25.625914617823888,41.49901646240473,195.8665042828916,16.946607330082326,25.168851272558413,
16.946607330082326,16.946607330082326,16.946607330082326,16.946607330082326,16.946607330082326,16.946607330082326,17.210098779495716,17.210098779495716,17.210098779495716,17.210098779495716,17.210098779495716,17.210098779495716,200.89964327162622,18.398932307587078,161.28313613022286,211.5,50.11542233240737,49.06357482899101,57.91575239086513,153.75040650352767,59.26660621500862,137.94984595859466,57.044025395595405,21.535196908371955,
16.946607330082326,16.946607330082326,16.946607330082326,16.946607330082326,16.946607330082326,16.946607330082326,17.210098779495716,17.210098779495716,17.210098779495716,17.210098779495716,17.210098779495716,17.210098779495716,24.122713890517936,77.68597757067302,18.055927805726846,9.99999999E8,16.946607330082326,62.40617447212173,96.41867039116437,47.66550115125194,57.46109795137731,105.45704101670974,182.0604295282201,33.115957885386116,
16.946607330082326,16.946607330082326,16.946607330082326,16.946607330082326,16.946607330082326,16.946607330082326,16.946607330082326,17.210098779495716,17.210098779495716,17.210098779495716,17.210098779495716,17.210098779495716,21.658482027833806,58.60974356552268,49.22510651193262,18.398932307587078,57.79908628170518,31.891848488289288,141.63389424851664,182.0604295282201,86.20663160878827,9.99999999E8,74.62546482267297,94.9176485170171,
16.946607330082326,16.946607330082326,16.946607330082326,16.946607330082326,16.946607330082326,16.946607330082326,16.946607330082326,17.210098779495716,17.210098779495716,17.210098779495716,17.210098779495716,17.210098779495716,42.32152066161034,50.11542233240737,102.48785293877513,182.0604295282201,9.99999999E8,102.48785293877513,131.73063425035195,9.99999999E8,23.313533265752177,17.210098779495716,16.946607330082326,47.791212581394085,
16.946607330082326,16.946607330082326,16.946607330082326,16.946607330082326,16.946607330082326,16.946607330082326,16.946607330082326,16.946607330082326,17.210098779495716,17.210098779495716,17.210098779495716,17.210098779495716,18.398932307587078,96.41867039116437,22.06141161288056,18.055927805726846,51.5385508354884,47.791212581394085,50.318827241898234,102.48785293877513,54.175496075255275,102.48785293877513,36.79796190008354,94.24568955660519,
16.946607330082326,16.946607330082326,16.946607330082326,16.946607330082326,16.946607330082326,16.946607330082326,16.946607330082326,16.946607330082326,17.210098779495716,17.210098779495716,17.210098779495716,17.210098779495716,50.32339857804165,102.48785293877513,94.24568955660519,17.771739102963494,86.20663160878827,22.723849439153863,50.65487801452755,9.99999999E8,78.27317548177025,24.24041322123232,16.946607330082326,49.72486283008808,
16.946607330082326,16.946607330082326,16.946607330082326,16.946607330082326,16.946607330082326,16.946607330082326,16.946607330082326,16.946607330082326,16.946607330082326,17.210098779495716,17.210098779495716,17.210098779495716,51.92286947964259,21.064345863725904,21.256403993709796,91.200785815328,18.902114718422443,63.9337221920743,183.24761253560712,16.946607330082326,57.79908628170518,102.68865565387443,109.7797036493237,52.82976788705398,
16.946607330082326,16.946607330082326,16.946607330082326,16.946607330082326,16.946607330082326,16.946607330082326,16.946607330082326,16.946607330082326,16.946607330082326,16.946607330082326,17.210098779495716,17.210098779495716,16.946607330082326,37.4022141033751,224.5,21.284736315021615,73.95258193599463,96.41867039116437,16.946607330082326,16.946607330082326,9.99999999E8,9.99999999E8,21.8712811965022,19.120607551437654,
16.946607330082326,16.946607330082326,16.946607330082326,16.946607330082326,16.946607330082326,16.946607330082326,16.946607330082326,16.946607330082326,16.946607330082326,16.946607330082326,16.946607330082326,16.946607330082326,57.79908628170518,16.946607330082326,118.78174119289685,24.24041322123232,80.86769029305421,54.77428431501613,69.86622932433093,97.15237173292958,18.055927805726846,63.08918209930434,181.4998278236098,47.66550115125194,
16.946607330082326,16.946607330082326,16.946607330082326,16.946607330082326,16.946607330082326,16.946607330082326,16.946607330082326,16.946607330082326,16.946607330082326,16.946607330082326,16.946607330082326,16.946607330082326,16.946607330082326,80.19497724296703,24.24041322123232,66.3022199854575,54.516052681756044,84.93919393699629,18.910252064319362,30.193590256244516,25.491959516678982,81.83739976318896,18.902114718422443,18.902114718422443,
16.946607330082326,16.946607330082326,16.946607330082326,16.946607330082326,16.946607330082326,16.946607330082326,16.946607330082326,16.946607330082326,16.946607330082326,16.946607330082326,16.946607330082326,16.946607330082326,16.946607330082326,110.5109346022676,17.771739102963494,75.92090868133758,21.256403993709796,31.208722739003594,16.946607330082326,110.5109346022676,50.318827241898234,90.91525357899704,57.0146180086008,64.99858711180276,
16.946607330082326,16.946607330082326,16.946607330082326,16.946607330082326,16.946607330082326,16.946607330082326,16.946607330082326,16.946607330082326,16.946607330082326,16.946607330082326,16.946607330082326,16.946607330082326,50.318827241898234,18.055927805726846,16.946607330082326,31.751968442917047,84.40185702570624,181.4998278236098,21.658482027833806,22.916969694966216,117.30808795645763,21.658482027833806,20.3441061013067,50.68021680103588,
16.946607330082326,16.946607330082326,16.946607330082326,16.946607330082326,16.946607330082326,16.946607330082326,16.946607330082326,16.946607330082326,16.946607330082326,16.946607330082326,16.946607330082326,16.946607330082326,16.946607330082326,50.68021680103588,96.89871000173325,82.54534738554318,17.32591988899868,16.946607330082326,16.946607330082326,204.3542675518832,52.92342476530491,102.48785293877513,102.48785293877513,160.26278420144834,
16.946607330082326,16.946607330082326,16.946607330082326,16.946607330082326,16.946607330082326,16.946607330082326,16.946607330082326,16.946607330082326,16.946607330082326,16.946607330082326,16.946607330082326,16.946607330082326,9.99999999E8,80.86769029305421,16.946607330082326,93.19098668862777,57.79908628170518,21.277096694568083,50.68021680103588,36.957849681241264,16.946607330082326,19.196893239771157,102.48785293877513,224.5,
16.946607330082326,16.946607330082326,16.946607330082326,16.946607330082326,16.946607330082326,16.946607330082326,16.946607330082326,16.946607330082326,16.946607330082326,16.946607330082326,16.946607330082326,16.946607330082326,104.85685480692237,38.58354571575816,21.284736315021615,102.48785293877513,21.284736315021615,62.08248041919717,16.946607330082326,102.48785293877513,62.08248041919717,44.46897795092664,16.946607330082326,31.27325580948712,
16.946607330082326,16.946607330082326,16.946607330082326,16.946607330082326,16.946607330082326,16.946607330082326,16.946607330082326,16.946607330082326,16.946607330082326,16.946607330082326,16.946607330082326,16.946607330082326,16.946607330082326,167.61171647590749,56.29644749005038,16.946607330082326,16.946607330082326,47.66550115125194,75.27892578050425,47.66550115125194,18.910252064319362,94.9176485170171,224.5,57.92398035356341,
16.946607330082326,16.946607330082326,16.946607330082326,16.946607330082326,16.946607330082326,16.946607330082326,16.946607330082326,16.946607330082326,16.946607330082326,16.946607330082326,16.946607330082326,16.946607330082326,22.836830632408986,24.893523254051445,32.18524506664505,50.318827241898234,57.79908628170518,18.129740759315894,96.89871000173325,27.010286106510527,102.48785293877513,82.979415118048,73.92891433667886,16.946607330082326,
16.946607330082326,16.946607330082326,16.946607330082326,16.946607330082326,16.946607330082326,16.946607330082326,16.946607330082326,16.946607330082326,16.946607330082326,16.946607330082326,16.946607330082326,16.946607330082326,31.115885767682048,102.48785293877513,47.66550115125194,73.92891433667886,21.658482027833806,77.68597757067302,21.630765127475264,62.08248041919717,17.008505407540873,18.902114718422443,66.84970196688408,102.48785293877513,
16.946607330082326,16.946607330082326,16.946607330082326,16.946607330082326,16.946607330082326,16.946607330082326,16.946607330082326,16.946607330082326,16.946607330082326,16.946607330082326,16.946607330082326,16.946607330082326,22.55415704476672,86.60560381548586,24.398550288866495,207.5,117.30808795645763,224.5,69.63251754747921,47.66550115125194,60.0210847306586,16.946607330082326,30.3966969204463,80.86769029305421,
16.946607330082326,16.946607330082326,16.946607330082326,16.946607330082326,16.946607330082326,16.946607330082326,16.946607330082326,16.946607330082326,16.946607330082326,16.946607330082326,16.946607330082326,16.946607330082326,43.471574365069614,54.14044236982184,57.79908628170518,88.03967500507939,37.13071504832623,102.48785293877513,18.398932307587078,212.5,53.249266426872026,16.946607330082326,16.946607330082326,57.0146180086008,
16.946607330082326,16.946607330082326,16.946607330082326,16.946607330082326,16.946607330082326,16.946607330082326,16.946607330082326,16.946607330082326,16.946607330082326,16.946607330082326,16.946607330082326,16.946607330082326,62.40617447212173,102.48785293877513,106.53725874078044,110.71999217244674,89.00327709322468,106.53725874078044,20.253086184579377,123.17054995005908,16.946607330082326,141.41767923424567,57.14309523759921,47.66550115125194,
16.946607330082326,16.946607330082326,16.946607330082326,16.946607330082326,16.946607330082326,16.946607330082326,16.946607330082326,16.946607330082326,16.946607330082326,16.946607330082326,16.946607330082326,16.946607330082326,21.256403993709796,102.48785293877513,16.946607330082326,195.16830343748614,64.85556952150822,48.92069475181235,21.535196908371955,52.70184413281949,51.5385508354884,21.658482027833806,45.843185242041095,110.68947556113905,
16.946607330082326,16.946607330082326,16.946607330082326,16.946607330082326,16.946607330082326,16.946607330082326,16.946607330082326,16.946607330082326,16.946607330082326,16.946607330082326,16.946607330082326,16.946607330082326,62.08248041919717,60.55650254101536,24.29176815301842,9.99999999E8,16.946607330082326,16.946607330082326,131.73063425035195,105.45704101670974,123.17054995005908,61.694686764744986,117.30808795645763,81.92044921751832,
16.946607330082326,16.946607330082326,16.946607330082326,16.946607330082326,16.946607330082326,16.946607330082326,16.946607330082326,16.946607330082326,16.946607330082326,16.946607330082326,16.946607330082326,16.946607330082326,32.852549368351916,16.946607330082326,42.17951056035514,23.61299077485386,78.34911188605352,134.1525872529735,22.23669463376457,21.284736315021615,47.52357309799001,21.88021484476084,57.79908628170518,182.0604295282201,
16.946607330082326,16.946607330082326,16.946607330082326,16.946607330082326,16.946607330082326,16.946607330082326,16.946607330082326,16.946607330082326,16.946607330082326,16.946607330082326,16.946607330082326,16.946607330082326,16.946607330082326,16.553444624174748,83.98615046177409,16.946607330082326,207.5,16.946607330082326,16.946607330082326,71.90889297499224,16.946607330082326,16.946607330082326,47.66550115125194,102.48785293877513,
16.553444624174748,16.946607330082326,16.946607330082326,16.946607330082326,16.946607330082326,16.946607330082326,16.946607330082326,16.946607330082326,16.946607330082326,16.946607330082326,16.946607330082326,16.946607330082326,224.5,160.26278420144834,121.2656587826908,52.76994093863159,181.4998278236098,9.99999999E8,196.71298889498883,74.62258781525135,9.99999999E8,21.284736315021615,121.65097615720146,62.86233744769403,
16.553444624174748,16.946607330082326,16.946607330082326,16.946607330082326,16.946607330082326,16.946607330082326,16.946607330082326,16.946607330082326,16.946607330082326,16.946607330082326,16.946607330082326,16.946607330082326,18.055927805726846,22.791226382097122,16.946607330082326,16.946607330082326,73.92891433667886,69.26875197374355,16.946607330082326,212.5,16.946607330082326,16.553444624174748,71.46269423039315,26.045601036131483,
16.553444624174748,16.553444624174748,16.946607330082326,16.946607330082326,16.946607330082326,16.946607330082326,16.946607330082326,16.946607330082326,16.946607330082326,16.946607330082326,16.946607330082326,16.946607330082326,123.17054995005908,76.98214078602906,70.67944066935826,102.48785293877513,42.62968449331991,65.57843099865153,16.946607330082326,22.335681164030447,131.45554381615102,16.946607330082326,182.0604295282201,137.00558606219275,
16.553444624174748,16.553444624174748,16.946607330082326,16.946607330082326,16.946607330082326,16.946607330082326,16.946607330082326,16.946607330082326,16.946607330082326,16.946607330082326,16.946607330082326,16.946607330082326,151.91835800850401,16.946607330082326,47.66550115125194,109.66312051004202,95.21232984809289,77.15264488172066,55.25164071457872,50.68021680103588,64.95901376551029,23.67619022290272,16.553444624174748,94.24568955660519,
16.553444624174748,16.553444624174748,16.553444624174748,16.946607330082326,16.946607330082326,16.946607330082326,16.946607330082326,16.946607330082326,16.946607330082326,16.946607330082326,16.946607330082326,16.946607330082326,32.958069952592794,21.256403993709796,16.946607330082326,71.6653100646796,50.68021680103588,33.850180365011376,25.663982543634962,69.423018917039,64.21241605016898,16.946607330082326,196.71298889498883,107.89201777703484,
16.553444624174748,16.553444624174748,16.553444624174748,16.946607330082326,16.946607330082326,16.946607330082326,16.946607330082326,16.946607330082326,16.946607330082326,16.946607330082326,16.946607330082326,16.946607330082326,49.859646759679315,71.90889297499224,181.4998278236098,75.3362831280888,75.95338482692307,84.77166021141736,102.48785293877513,9.99999999E8,65.97868974146122,59.04165196424187,126.87469211785304,130.63138979586796,
16.553444624174748,16.553444624174748,16.553444624174748,16.946607330082326,16.946607330082326,16.946607330082326,16.946607330082326,16.946607330082326,16.946607330082326,16.946607330082326,16.946607330082326,16.946607330082326,44.03736204858719,20.465926968174852,16.946607330082326,16.946607330082326,43.002180177288686,22.836830632408986,58.60974356552268,104.71241569174117,129.4780290242325,140.543531957184,24.07675227267997,168.67649510231115,
16.553444624174748,16.553444624174748,16.553444624174748,16.946607330082326,16.946607330082326,16.946607330082326,16.946607330082326,16.946607330082326,16.946607330082326,16.946607330082326,16.946607330082326,16.946607330082326,21.88812463414808,18.055927805726846,21.256403993709796,33.781183628566644,57.79908628170518,16.553444624174748,151.91835800850401,111.13255348656597,80.86769029305421,18.398932307587078,131.92482707966684,21.284736315021615,
16.553444624174748,16.553444624174748,16.553444624174748,16.553444624174748,16.946607330082326,16.946607330082326,16.946607330082326,16.946607330082326,16.946607330082326,16.946607330082326,16.946607330082326,16.946607330082326,33.74797208477438,26.785141160394296,102.48785293877513,69.85620945914543,224.5,21.256403993709796,34.236944480297,18.672829357465293,16.946607330082326,83.97569092699784,78.61287664880354,97.67644291230101,
16.553444624174748,16.553444624174748,16.553444624174748,16.553444624174748,16.946607330082326,16.946607330082326,16.946607330082326,16.946607330082326,16.946607330082326,16.946607330082326,16.946607330082326,16.946607330082326,48.32943590608109,73.48015605136759,125.90377277905536,16.553444624174748,82.07456594463355,46.21237208078951,42.096199353385806,86.2502818030823,92.50167566049817,129.81839748868654,35.45213909860259,21.341040274550814,
16.553444624174748,16.553444624174748,16.553444624174748,16.553444624174748,16.553444624174748,16.946607330082326,16.946607330082326,16.946607330082326,16.946607330082326,16.946607330082326,16.946607330082326,16.946607330082326,17.32591988899868,102.48785293877513,23.454352829840918,17.008505407540873,50.11542233240737,196.71298889498883,224.5,168.30236926436893,90.89325240815917,82.43128451423445,16.553444624174748,16.553444624174748,
16.553444624174748,16.553444624174748,16.553444624174748,16.553444624174748,16.553444624174748,16.553444624174748,16.553444624174748,16.946607330082326,16.946607330082326,16.946607330082326,16.946607330082326,16.946607330082326,88.21865229215928,58.70959313886116,31.751968442917047,16.553444624174748,200.89964327162622,16.553444624174748,69.54075543641058,16.946607330082326,49.45905728082004,212.5,170.98738988592112,112.86533273478324,
16.553444624174748,16.553444624174748,16.553444624174748,16.553444624174748,16.553444624174748,16.553444624174748,16.553444624174748,16.553444624174748,16.553444624174748,16.946607330082326,16.946607330082326,16.946607330082326,19.50694320833824,65.9303900074208,195.16830343748614,50.11542233240737,42.20467243090509,93.97318766541869,17.32591988899868,181.4998278236098,98.07221828836136,49.59509521502862,20.539961051569694,58.91363447055879,
16.553444624174748,16.553444624174748,16.553444624174748,16.553444624174748,16.553444624174748,16.553444624174748,16.553444624174748,16.553444624174748,16.553444624174748,16.946607330082326,16.946607330082326,16.946607330082326,22.791226382097122,181.4998278236098,125.01566568501191,106.6735674851085,102.48785293877513,50.503069213662656,204.4455917842202,182.0604295282201,78.61287664880354,33.53402171295441,22.55415704476672,212.5,
16.553444624174748,16.553444624174748,16.553444624174748,16.553444624174748,16.553444624174748,16.553444624174748,16.553444624174748,16.553444624174748,16.553444624174748,16.946607330082326,16.946607330082326,16.946607330082326,88.44056973470943,69.28864745877688,182.0604295282201,98.07221828836136,140.8889190106873,37.399030736103306,16.946607330082326,121.65097615720146,77.51286924091498,54.2269305788185,16.553444624174748,21.640009242142206,
16.553444624174748,16.553444624174748,16.553444624174748,16.553444624174748,16.553444624174748,16.553444624174748,16.553444624174748,16.553444624174748,16.553444624174748,16.553444624174748,16.946607330082326,16.946607330082326,20.539961051569694,134.0916104758236,70.54065760254862,106.65345751545047,112.62187842510886,105.88761731194069,65.97868974146122,92.46395694179076,16.553444624174748,171.75473064809597,16.553444624174748,79.82846192513878,
16.553444624174748,16.553444624174748,16.553444624174748,16.553444624174748,16.553444624174748,16.553444624174748,16.553444624174748,16.553444624174748,16.553444624174748,16.553444624174748,16.553444624174748,16.553444624174748,88.54193057183561,131.92482707966684,18.055927805726846,181.4998278236098,69.26875197374355,56.19946766019458,31.462517381798932,34.67307633052225,102.48785293877513,70.16482053576655,212.8395326687847,20.539961051569694,
16.553444624174748,16.553444624174748,16.553444624174748,16.553444624174748,16.553444624174748,16.553444624174748,16.553444624174748,16.553444624174748,16.553444624174748,16.553444624174748,16.553444624174748,16.553444624174748,62.994047337823915,100.91077432563878,43.688289811649376,17.008505407540873,79.5530483388286,123.98745456250357,55.88590497612077,51.27118464595878,54.44798741306545,47.84697830932831,46.76787759777003,157.71572527810915,
16.553444624174748,16.553444624174748,16.553444624174748,16.553444624174748,16.553444624174748,16.553444624174748,16.553444624174748,16.553444624174748,16.553444624174748,16.553444624174748,16.553444624174748,16.553444624174748,182.0604295282201,63.581312768244516,16.553444624174748,16.553444624174748,200.8332641770282,29.321967494998997,68.84591491148912,58.70959313886116,20.539961051569694,58.82800672298867,224.5,26.382933339521465,
16.553444624174748,16.553444624174748,16.553444624174748,16.553444624174748,16.553444624174748,16.553444624174748,16.553444624174748,16.553444624174748,16.553444624174748,16.553444624174748,16.553444624174748,16.553444624174748,80.64854307425522,9.99999999E8,21.24829404917016,84.52169346781137,75.3362831280888,16.553444624174748,42.20467243090509,58.91363447055879,48.5281812455402,58.70959313886116,96.89871000173325,16.553444624174748,
16.553444624174748,16.553444624174748,16.553444624174748,16.553444624174748,16.553444624174748,16.553444624174748,16.553444624174748,16.553444624174748,16.553444624174748,16.553444624174748,16.553444624174748,16.553444624174748,143.64316899873796,50.87457343528516,19.031224343168255,19.031224343168255,94.9176485170171,195.86778065827977,22.983472322519066,69.26875197374355,123.8421934919149,51.69849490072221,16.553444624174748,181.4998278236098,
16.553444624174748,16.553444624174748,16.553444624174748,16.553444624174748,16.553444624174748,16.553444624174748,16.553444624174748,16.553444624174748,16.553444624174748,16.553444624174748,16.553444624174748,16.553444624174748,121.65097615720146,131.09991418761493,62.994047337823915,151.91835800850401,53.14093698527971,102.48785293877513,105.4715359609368,16.553444624174748,26.145700088850074,90.91525357899704,16.553444624174748,102.48785293877513,
16.553444624174748,16.553444624174748,16.553444624174748,16.553444624174748,16.553444624174748,16.553444624174748,16.553444624174748,16.553444624174748,16.553444624174748,16.553444624174748,16.553444624174748,16.553444624174748,207.5,58.4870445055997,102.48785293877513,22.06541758184568,20.877120650766635,83.90957231764808,90.91525357899704,16.553444624174748,22.02653779755091,16.553444624174748,159.6814328593027,102.48785293877513,
16.553444624174748,16.553444624174748,16.553444624174748,16.553444624174748,16.553444624174748,16.553444624174748,16.553444624174748,16.553444624174748,16.553444624174748,16.553444624174748,16.553444624174748,16.553444624174748,207.5,170.97861708412546,20.830394270003318,102.48785293877513,54.535859762178504,16.553444624174748,212.5,68.68122822948867,86.36614563074534,195.16830343748614,29.321967494998997,16.553444624174748,
16.553444624174748,16.553444624174748,16.553444624174748,16.553444624174748,16.553444624174748,16.553444624174748,16.553444624174748,16.553444624174748,16.553444624174748,16.553444624174748,16.553444624174748,16.553444624174748,58.70959313886116,122.88476987270093,20.539961051569694,88.12443853249033,110.25236203063105,77.88426788301646,78.61287664880354,48.32943590608109,16.553444624174748,170.98154140140392,91.200785815328,22.02653779755091,
16.553444624174748,16.553444624174748,16.553444624174748,16.553444624174748,16.553444624174748,16.553444624174748,16.553444624174748,16.553444624174748,16.553444624174748,16.553444624174748,16.553444624174748,16.553444624174748,16.553444624174748,131.09991418761493,19.421315609401955,22.02653779755091,182.0604295282201,212.8395326687847,33.08912207962006,121.65755217001532,31.462517381798932,69.26875197374355,80.64854307425522,22.02329471727792,
16.553444624174748,16.553444624174748,16.553444624174748,16.553444624174748,16.553444624174748,16.553444624174748,16.553444624174748,16.553444624174748,16.553444624174748,16.553444624174748,16.553444624174748,16.553444624174748,224.5,64.19868436642737,125.91965692456439,102.48785293877513,61.85252116931047,90.89325240815917,60.8915246793655,55.926380179661194,21.24829404917016,54.0051849362633,26.2231365889358,31.462517381798932,
16.553444624174748,16.553444624174748,16.553444624174748,16.553444624174748,16.553444624174748,16.553444624174748,16.553444624174748,16.553444624174748,16.553444624174748,16.553444624174748,16.553444624174748,16.553444624174748,48.32943590608109,22.02653779755091,23.52982984558077,76.19437862029805,181.4998278236098,151.91835800850401,49.864716985058685,69.63251754747921,16.553444624174748,65.97868974146122,78.76282964275302,181.4998278236098,
16.553444624174748,16.553444624174748,16.553444624174748,16.553444624174748,16.553444624174748,16.553444624174748,16.553444624174748,16.553444624174748,16.553444624174748,16.553444624174748,16.553444624174748,16.553444624174748,48.63525218503592,30.466739606039603,52.01281893277208,58.70959313886116,16.553444624174748,16.553444624174748,159.66640222664253,45.36617682811722,16.553444624174748,77.51286924091498,107.89201777703484,46.48370010014263,
16.553444624174748,16.553444624174748,16.553444624174748,16.553444624174748,16.553444624174748,16.553444624174748,16.553444624174748,16.553444624174748,16.553444624174748,16.553444624174748,16.553444624174748,16.553444624174748,182.0604295282201,60.929832138653104,91.6092244263644,16.553444624174748,121.2656587826908,25.341418665891617,20.539961051569694,196.71298889498883,91.200785815328,181.49156316479286,17.771739102963494,17.008505407540873,
16.553444624174748,16.553444624174748,16.553444624174748,16.553444624174748,16.553444624174748,16.553444624174748,16.553444624174748,16.553444624174748,16.553444624174748,16.553444624174748,16.553444624174748,16.553444624174748,62.671843757783286,131.09991418761493,21.24829404917016,71.6653100646796,137.00558606219275,100.93904100990855,52.94432963799171,168.67649510231115,9.99999999E8,40.42551449545475,102.48785293877513,145.2685788462185,
16.553444624174748,16.553444624174748,16.553444624174748,16.553444624174748,16.553444624174748,16.553444624174748,16.553444624174748,16.553444624174748,16.553444624174748,16.553444624174748,16.553444624174748,16.553444624174748,68.09229031248692,43.17846876962239,140.8889190106873,94.19494413183756,170.9961622376362,49.870853620289346,224.5,54.17647090758127,151.91835800850401,45.35334188165974,73.92891433667886,157.73368906694176,
16.553444624174748,16.553444624174748,16.553444624174748,16.553444624174748,16.553444624174748,16.553444624174748,16.553444624174748,16.553444624174748,16.553444624174748,16.553444624174748,16.553444624174748,16.553444624174748,182.0604295282201,53.06349380694792,58.70959313886116,16.553444624174748,109.66312051004202,51.65483735549094,16.553444624174748,18.055927805726846,25.747341995528604,61.85252116931047,69.26875197374355,51.65483735549094,
16.553444624174748,16.553444624174748,16.553444624174748,16.553444624174748,16.553444624174748,16.553444624174748,16.553444624174748,16.553444624174748,16.553444624174748,16.553444624174748,16.553444624174748,16.553444624174748,91.200785815328,102.48785293877513,102.48785293877513,111.52989135952149,55.09184250967752,48.32943590608109,109.66312051004202,18.055927805726846,16.553444624174748,106.53725874078044,43.725164379336526,16.553444624174748,
16.553444624174748,16.553444624174748,16.553444624174748,16.553444624174748,16.553444624174748,16.553444624174748,16.553444624174748,16.553444624174748,16.553444624174748,16.553444624174748,16.553444624174748,16.553444624174748,16.553444624174748,181.4998278236098,58.70959313886116,35.169431170959946,131.73063425035195,97.67644291230101,145.33954497428886,28.038694109158133,181.4998278236098,16.553444624174748,9.99999999E8,58.70959313886116,
16.553444624174748,16.553444624174748,16.553444624174748,16.553444624174748,16.553444624174748,16.553444624174748,16.553444624174748,16.553444624174748,16.553444624174748,16.553444624174748,16.553444624174748,16.553444624174748,47.34437664601784,31.462517381798932,110.5109346022676,16.553444624174748,16.553444624174748,118.79015969690556,102.48785293877513,102.48785293877513,58.70959313886116,212.5,29.321967494998997,75.93125545883959,
16.553444624174748,16.553444624174748,16.553444624174748,16.553444624174748,16.553444624174748,16.553444624174748,16.553444624174748,16.553444624174748,16.553444624174748,16.553444624174748,16.553444624174748,16.553444624174748,18.055927805726846,102.48785293877513,224.5,78.61287664880354,201.5,62.6218013155163,71.98090024443984,80.70786826573973,25.120128051690607,71.85111922115989,69.26875197374355,111.52989135952149,
16.553444624174748,16.553444624174748,16.553444624174748,16.553444624174748,16.553444624174748,16.553444624174748,16.553444624174748,16.553444624174748,16.553444624174748,16.553444624174748,16.553444624174748,16.553444624174748,20.539961051569694,54.5,65.97868974146122,76.75882142572713,18.129740759315894,82.707677999083,148.44898800873088,19.274875702150023,16.553444624174748,51.94693807145904,69.26875197374355,50.499724971748336,
16.553444624174748,16.553444624174748,16.553444624174748,16.553444624174748,16.553444624174748,16.553444624174748,16.553444624174748,16.553444624174748,16.553444624174748,16.553444624174748,16.553444624174748,16.553444624174748,97.3768452970212,64.45786473759904,163.2564444873974,23.79110188548693,151.91835800850401,96.89871000173325,58.70959313886116,42.20467243090509,16.553444624174748,48.83077353927997,16.553444624174748,70.46531061451442,
16.553444624174748,16.553444624174748,16.553444624174748,16.553444624174748,16.553444624174748,16.553444624174748,16.553444624174748,16.553444624174748,16.553444624174748,16.553444624174748,16.553444624174748,16.553444624174748,23.52982984558077,36.47314080251384,71.8610918990633,110.68947556113905,77.90529105908018,102.48785293877513,16.553444624174748,50.318827241898234,16.553444624174748,16.553444624174748,19.343926695477318,16.553444624174748,
16.553444624174748,16.553444624174748,16.553444624174748,16.553444624174748,16.553444624174748,16.553444624174748,16.553444624174748,16.553444624174748,16.553444624174748,16.553444624174748,16.553444624174748,16.553444624174748,51.05448070443965,51.65483735549094,69.36973403437554,43.1072427209164,44.21663839677448,20.539961051569694,58.40852297015869,67.95280224783473,145.33954497428886,32.062696844239724,16.553444624174748,224.5,
16.553444624174748,16.553444624174748,16.553444624174748,16.553444624174748,16.553444624174748,16.553444624174748,16.553444624174748,16.553444624174748,16.553444624174748,16.553444624174748,16.553444624174748,16.553444624174748,47.79183164095757,21.24829404917016,172.72104677774507,49.89723815002189,16.553444624174748,101.70637885599899,212.5,16.553444624174748,16.553444624174748,27.632509034750274,16.553444624174748,50.318827241898234,
16.553444624174748,16.553444624174748,16.553444624174748,16.553444624174748,16.553444624174748,16.553444624174748,16.553444624174748,16.553444624174748,16.553444624174748,16.553444624174748,16.553444624174748,16.553444624174748,49.22510651193262,99.18007612418938,128.89991272301157,91.200785815328,50.33775918731385,49.89723815002189,48.32943590608109,22.791226382097122,27.013696450474292,32.61400725743089,19.031224343168255,212.5,
16.553444624174748,16.553444624174748,16.553444624174748,16.553444624174748,16.553444624174748,16.553444624174748,16.553444624174748,16.553444624174748,16.553444624174748,16.553444624174748,16.553444624174748,16.553444624174748,50.301076997490206,47.784237289438174,115.98862013145944,16.553444624174748,125.004999900004,49.92478718031755,105.77649392311444,26.997826821083663,49.59509521502862,16.553444624174748,94.19494413183756,112.12790315825346,
16.553444624174748,16.553444624174748,16.553444624174748,16.553444624174748,16.553444624174748,16.553444624174748,16.553444624174748,16.553444624174748,16.553444624174748,16.553444624174748,16.553444624174748,16.553444624174748,16.553444624174748,19.031224343168255,24.916945371908383,45.99228196121606,145.33954497428886,102.48785293877513,69.52055406868195,94.24568955660519,20.539961051569694,212.5,58.70959313886116,24.07675227267997,
16.553444624174748,16.553444624174748,16.553444624174748,16.553444624174748,16.553444624174748,16.553444624174748,16.553444624174748,16.553444624174748,16.553444624174748,16.553444624174748,16.553444624174748,16.553444624174748,20.830394270003318,9.99999999E8,151.91835800850401,182.0604295282201,207.5,9.99999999E8,105.45704101670974,9.99999999E8,16.553444624174748,88.05813065810561,212.5,66.7456693351711,
16.553444624174748,16.553444624174748,16.553444624174748,16.553444624174748,16.553444624174748,16.553444624174748,16.553444624174748,16.553444624174748,16.553444624174748,16.553444624174748,16.553444624174748,16.553444624174748,74.49671133681004,182.0604295282201,33.115957885386116,53.72833865847706,118.78174119289685,117.30808795645763,16.553444624174748,133.71528625320957,43.49968071402619,55.140638371350036,64.45786473759904,50.212880153734794,
16.553444624174748,16.553444624174748,16.553444624174748,16.553444624174748,16.553444624174748,16.553444624174748,16.553444624174748,16.553444624174748,16.553444624174748,16.553444624174748,16.553444624174748,16.553444624174748,51.94891721681983,47.5519452809241,212.5,98.35491853486535,157.73368906694176,212.5,51.05448070443965,98.07221828836136,207.5,44.908065812279204,20.539961051569694,49.59509521502862,
16.553444624174748,16.553444624174748,16.553444624174748,16.553444624174748,16.553444624174748,16.553444624174748,16.553444624174748,16.553444624174748,16.553444624174748,16.553444624174748,16.553444624174748,16.553444624174748,102.48785293877513,115.98862013145944,50.36104024938325,131.73063425035195,69.63251754747921,22.791226382097122,25.49185577285031,58.70959313886116,42.20467243090509,16.553444624174748,207.5,102.48785293877513,
16.553444624174748,16.553444624174748,16.553444624174748,16.553444624174748,16.553444624174748,16.553444624174748,16.553444624174748,16.553444624174748,16.553444624174748,16.553444624174748,16.553444624174748,16.553444624174748,48.7502136747454,51.05448070443965,207.5,9.99999999E8,75.93125545883959,102.48785293877513,188.94096300167416,57.061012816751415,43.471574365069614,16.553444624174748,16.553444624174748,224.5,
16.553444624174748,16.553444624174748,16.553444624174748,16.553444624174748,16.553444624174748,16.553444624174748,16.553444624174748,16.553444624174748,16.553444624174748,16.553444624174748,16.553444624174748,16.553444624174748,96.89871000173325,102.48785293877513,49.89723815002189,61.85252116931047,151.91835800850401,95.21232984809289,57.36820644844243,76.75882142572713,34.64387892698273,50.306498602595,65.99536161808678,136.73910681781322,
16.553444624174748,16.553444624174748,16.553444624174748,16.553444624174748,16.553444624174748,16.553444624174748,16.553444624174748,16.553444624174748,16.553444624174748,16.553444624174748,16.553444624174748,16.553444624174748,123.71741995369932,58.70959313886116,58.0689245638319,69.63251754747921,34.91895378348746,162.8022112871935,102.48785293877513,69.44753415348886,204.38688803345482,75.21126494747978,22.097765146950852,70.30113797087498,
16.553444624174748,16.553444624174748,16.553444624174748,16.553444624174748,16.553444624174748,16.553444624174748,16.553444624174748,16.553444624174748,16.553444624174748,16.553444624174748,16.553444624174748,16.553444624174748,9.99999999E8,49.22510651193262,17.32591988899868,182.0604295282201,36.90227334159479,64.19955866930343,78.76282964275302,16.553444624174748,86.20663160878827,23.878826334379127,224.5,21.24829404917016,
16.553444624174748,16.553444624174748,16.553444624174748,16.553444624174748,16.553444624174748,16.553444624174748,16.553444624174748,16.553444624174748,16.553444624174748,16.553444624174748,16.553444624174748,16.553444624174748,19.421315609401955,69.63251754747921,102.48785293877513,50.91060793194283,224.5,46.35640912178883,121.2656587826908,90.88958502857555,212.5,16.553444624174748,62.671843757783286,16.553444624174748,
16.553444624174748,16.553444624174748,16.553444624174748,16.553444624174748,16.553444624174748,16.553444624174748,16.553444624174748,16.553444624174748,16.553444624174748,16.553444624174748,16.553444624174748,16.553444624174748,43.62975539188314,102.48785293877513,9.99999999E8,22.791226382097122,51.27118464595878,16.553444624174748,91.66370260359332,91.200785815328,102.48785293877513,96.13835516240817,16.553444624174748,212.5,
16.553444624174748,16.553444624174748,16.553444624174748,16.553444624174748,16.553444624174748,16.553444624174748,16.553444624174748,16.553444624174748,16.553444624174748,16.553444624174748,16.553444624174748,16.553444624174748,142.07800674277493,62.671843757783286,55.376263978756256,102.48785293877513,35.07878038548851,131.73063425035195,21.24829404917016,21.24829404917016,84.93919393699629,17.008505407540873,137.00558606219275,16.553444624174748,
16.553444624174748,16.553444624174748,16.553444624174748,16.553444624174748,16.553444624174748,16.553444624174748,16.553444624174748,16.553444624174748,16.553444624174748,16.553444624174748,16.553444624174748,16.553444624174748,102.48785293877513,31.462517381798932,22.56745444218289,31.462517381798932,29.321967494998997,110.68586178911922,94.49694952424525,23.320263950989098,19.274875702150023,24.920289591682785,102.48785293877513,151.91835800850401,
16.553444624174748,16.553444624174748,16.553444624174748,16.553444624174748,16.553444624174748,16.553444624174748,16.553444624174748,16.553444624174748,16.553444624174748,16.553444624174748,16.553444624174748,16.553444624174748,83.98615046177409,102.48785293877513,39.45328862681886,23.79110188548693,181.4998278236098,22.097765146950852,54.358222253221385,212.5,49.59509521502862,77.68597757067302,70.3170276320039,23.6750219992858,
16.553444624174748,16.553444624174748,16.553444624174748,16.553444624174748,16.553444624174748,16.553444624174748,16.553444624174748,16.553444624174748,16.553444624174748,16.553444624174748,16.553444624174748,16.553444624174748,51.23172845024848,102.48785293877513,181.10041413536302,181.4998278236098,58.70959313886116,50.553832693476366,16.553444624174748,23.951052013679554,52.18323485565072,200.92452977838883,212.5,18.055927805726846,
16.553444624174748,16.553444624174748,16.553444624174748,16.553444624174748,16.553444624174748,16.553444624174748,16.553444624174748,16.553444624174748,16.553444624174748,16.553444624174748,16.553444624174748,16.553444624174748,102.48785293877513,51.65483735549094,96.89871000173325,51.5385508354884,151.91835800850401,52.01281893277208,16.553444624174748,201.5,145.33954497428886,89.5861231965518,70.37108781310688,16.553444624174748,
16.553444624174748,16.553444624174748,16.553444624174748,16.553444624174748,16.553444624174748,16.553444624174748,16.553444624174748,16.553444624174748,16.553444624174748,16.553444624174748,16.553444624174748,16.553444624174748,23.01418893991234,22.335681164030447,81.6062701839346,55.88590497612077,212.5,32.58493175959983,102.48785293877513,64.45786473759904,102.48785293877513,9.99999999E8,32.577434770072784,102.48785293877513,
16.553444624174748,16.553444624174748,16.553444624174748,16.553444624174748,16.553444624174748,16.553444624174748,16.553444624174748,16.553444624174748,16.553444624174748,16.553444624174748,16.553444624174748,16.553444624174748,105.45704101670974,125.01033290625753,212.5,16.553444624174748,54.17647090758127,58.70959313886116,102.48785293877513,23.452431194347845,137.00558606219275,207.5,71.90889297499224,102.48785293877513,
16.553444624174748,16.553444624174748,16.553444624174748,16.553444624174748,16.553444624174748,16.553444624174748,16.553444624174748,16.553444624174748,16.553444624174748,16.553444624174748,16.553444624174748,16.553444624174748,94.19494413183756,58.70959313886116,102.48785293877513,49.59509521502862,16.553444624174748,151.91835800850401,54.02531235448806,18.055927805726846,91.98130244783447,102.48785293877513,212.5,65.97868974146122,
16.553444624174748,16.553444624174748,16.553444624174748,16.553444624174748,16.553444624174748,16.553444624174748,16.553444624174748,16.553444624174748,16.553444624174748,16.553444624174748,16.553444624174748,16.553444624174748,91.78835460349165,16.553444624174748,24.253293018108327,182.0604295282201,23.951052013679554,102.48785293877513,207.5,224.5,69.63251754747921,83.49051842375077,102.48785293877513,58.21034654118153,
16.553444624174748,16.553444624174748,16.553444624174748,16.553444624174748,16.553444624174748,16.553444624174748,16.553444624174748,16.553444624174748,16.553444624174748,16.553444624174748,16.553444624174748,16.553444624174748,212.5,122.88476987270093,94.9176485170171,24.07675227267997,212.5,16.553444624174748,93.33895221181776,224.5,97.67644291230101,47.784237289438174,69.26875197374355,60.929832138653104,
16.553444624174748,16.553444624174748,16.553444624174748,16.553444624174748,16.553444624174748,16.553444624174748,16.553444624174748,16.553444624174748,16.553444624174748,16.553444624174748,16.553444624174748,16.553444624174748,90.89325240815917,102.48785293877513,26.997826821083663,16.553444624174748,68.34552736727628,18.055927805726846,69.26875197374355,16.553444624174748,9.99999999E8,131.73063425035195,16.553444624174748,58.70959313886116,
16.553444624174748,16.553444624174748,16.553444624174748,16.553444624174748,16.553444624174748,16.553444624174748,16.553444624174748,16.553444624174748,16.553444624174748,16.553444624174748,16.553444624174748,16.553444624174748,109.6411761155452,137.00558606219275,142.34099901293374,24.07675227267997,31.8384987083248,96.41867039116437,135.58092601837473,16.553444624174748,224.5,47.5519452809241,22.791226382097122,54.55945724620068,
