64.28920625436534,50.34792528244748,102.7110293763798,74.63075773432828,38.122787657456406,42.33267716026894,93.5708287876088,76.36262174650632,139.0,31.8049611783375,63.580657436047325,45.96254513792241,50.171065391011346,99.23149141723552,53.09790725727371,64.09180914906366,60.642852468824024,76.5368466092567,54.092136061293324,31.14416773126984,47.61134318626182,64.96342750794672,35.26980555196568,84.52870542494027,
31.14416773126984,31.8049611783375,35.26980555196568,38.122787657456406,42.33267716026894,45.96254513792241,47.61134318626182,50.171065391011346,50.34792528244748,53.09790725727371,54.092136061293324,60.642852468824024,45.73481681812834,55.74011123060305,47.99833330439714,27.060023982975025,87.51548434420047,70.31217866867591,43.58006679919412,73.5088807937895,35.503520952153465,22.3205647880323,46.605316816384324,56.99614022019386,
22.3205647880323,27.060023982975025,31.14416773126984,31.8049611783375,35.26980555196568,35.503520952153465,38.122787657456406,42.33267716026894,43.58006679919412,45.73481681812834,45.96254513792241,46.605316816384324,30.98451226015991,64.9240772169242,49.132058614243604,47.74672763656165,21.982712967727338,81.8080408979188,27.80759288795458,37.0399673821869,38.04213560819967,9.99999999E8,55.62171797242586,31.14416773126984,
21.982712967727338,22.3205647880323,27.060023982975025,27.80759288795458,30.98451226015991,31.14416773126984,31.14416773126984,31.8049611783375,35.26980555196568,35.503520952153465,37.0399673821869,38.04213560819967,65.06474842495979,44.535828273424976,41.13692883019158,25.995191863111916,26.855911825890402,30.24988521557653,31.14416773126984,58.25137099006531,24.79541288222481,54.300092080953235,90.14743479434121,78.7588725160537,
21.982712967727338,22.3205647880323,24.79541288222481,25.995191863111916,26.855911825890402,27.060023982975025,27.80759288795458,30.24988521557653,30.98451226015991,31.14416773126984,31.14416773126984,31.14416773126984,42.573465914816005,59.337677743572,50.799168847093895,54.20332093147061,52.38320341483518,51.93611460246136,28.853076092507017,42.2245613387151,121.2435565298214,22.689112978494006,71.39483330201298,77.41512798424044,
21.982712967727338,22.3205647880323,22.689112978494006,24.79541288222481,25.995191863111916,26.855911825890402,27.060023982975025,27.80759288795458,28.853076092507017,30.24988521557653,30.98451226015991,31.14416773126984,35.8111714413254,26.767749189915367,81.72000978952461,51.91683758369108,81.91391144908714,31.524632735938454,125.43612805815644,19.191940457191837,57.67277312849261,62.549733299211354,60.070292158437184,46.800967709144615,
19.191940457191837,21.982712967727338,22.3205647880323,22.689112978494006,24.79541288222481,25.995191863111916,26.767749189915367,26.855911825890402,27.060023982975025,27.80759288795458,28.853076092507017,30.24988521557653,25.802131694881336,27.80759288795458,80.18416302487668,34.55105657145786,87.89197915623473,56.8,51.47581956608364,49.554752238183525,57.38992338194157,19.392151906262377,48.69661179178691,43.5,
19.191940457191837,19.392151906262377,21.982712967727338,22.3205647880323,22.689112978494006,24.79541288222481,25.802131694881336,25.995191863111916,26.767749189915367,26.855911825890402,27.060023982975025,27.80759288795458,20.0,37.354491359023456,28.430336327040507,61.54941574468759,51.34744394806815,39.265792608016994,122.69836546950772,25.995191863111916,34.091380468121585,59.50235803936596,37.60531877274809,72.4027623782408,
19.191940457191837,19.392151906262377,20.0,21.982712967727338,22.3205647880323,22.689112978494006,24.79541288222481,25.802131694881336,25.995191863111916,25.995191863111916,26.767749189915367,26.855911825890402,60.28399455908674,25.723962024194915,19.46929003425317,47.19253969081486,29.063574419274232,19.30528981590365,30.029152502193597,52.50811404741487,23.738763423752484,73.96864200456838,49.1175183844308,34.033026806034265,
19.191940457191837,19.30528981590365,19.392151906262377,19.46929003425317,20.0,21.982712967727338,22.3205647880323,22.689112978494006,23.738763423752484,24.79541288222481,25.723962024194915,25.802131694881336,29.87566828634224,33.58943286213687,50.45019546267608,38.51285499674103,23.25537572261519,60.642852468824024,24.010201913319417,23.134478201002356,56.95401653966118,35.397740040855716,128.93495345414377,62.41992401133029,
19.191940457191837,19.30528981590365,19.392151906262377,19.46929003425317,20.0,21.982712967727338,22.3205647880323,22.689112978494006,23.134478201002356,23.25537572261519,23.738763423752484,24.010201913319417,23.25537572261519,53.72112418475128,70.33587848651025,25.22772026605823,57.20916787446649,16.811682041402772,51.571118340730024,54.98636194548608,22.090186313405027,27.74813838212339,50.47576120412453,35.91997909185338,
16.811682041402772,19.191940457191837,19.30528981590365,19.392151906262377,19.46929003425317,20.0,21.982712967727338,22.090186313405027,22.3205647880323,22.689112978494006,23.134478201002356,23.25537572261519,56.07039226622985,47.80418045967829,70.59008428950911,29.697928246744087,70.02970798168445,25.465906555514863,127.0,33.902183184735435,65.86012113225694,44.58138625031752,105.61136302500786,45.65632486304608,
16.811682041402772,19.191940457191837,19.30528981590365,19.392151906262377,19.46929003425317,20.0,21.982712967727338,22.090186313405027,22.3205647880323,22.689112978494006,23.134478201002356,23.25537572261519,43.8727287335836,25.14835978746924,47.130029380655884,38.23465560050056,41.65599863431703,28.971676249250027,131.75819603433487,51.09305236526782,36.818518516978976,19.392151906262377,51.09305236526782,42.07730979993849,
16.811682041402772,19.191940457191837,19.30528981590365,19.392151906262377,19.392151906262377,19.46929003425317,20.0,21.982712967727338,22.090186313405027,22.3205647880323,22.689112978494006,23.134478201002356,21.926593675354173,59.50235803936596,50.852971312972706,60.642852468824024,28.939592256975562,42.94473192371795,41.334155328181254,19.99081421706541,42.92803660232567,20.0,66.19835513230085,63.64353855655733,
16.811682041402772,19.191940457191837,19.30528981590365,19.392151906262377,19.392151906262377,19.46929003425317,19.99081421706541,20.0,20.0,21.926593675354173,21.982712967727338,22.090186313405027,24.530796970339143,85.2558502391478,47.38025842995043,46.411205543489174,69.07604505181229,19.403927352322647,100.21726398181104,29.920728600754362,20.0,22.775986523752987,17.8947540419594,54.91593575639042,
16.811682041402772,17.8947540419594,19.191940457191837,19.30528981590365,19.392151906262377,19.392151906262377,19.403927352322647,19.46929003425317,19.99081421706541,20.0,20.0,20.0,34.02939905434711,52.38320341483518,19.68838878784205,63.55973568226979,44.11394337394923,20.75786330258702,38.252450901870326,60.29461004103103,78.08760125261728,19.99081421706541,16.552230404418214,18.780078754485867,
16.552230404418214,16.811682041402772,17.8947540419594,18.780078754485867,19.191940457191837,19.30528981590365,19.392151906262377,19.392151906262377,19.403927352322647,19.46929003425317,19.68838878784205,19.99081421706541,65.03154650487967,18.881535866931348,39.41266325296171,100.49557204175713,61.36432389355872,19.775124665992767,45.32935031522071,43.86388035730537,35.350720917511076,65.00384604006135,103.0121352074599,65.65228268858762,
16.552230404418214,16.811682041402772,17.8947540419594,18.780078754485867,18.881535866931348,19.191940457191837,19.30528981590365,19.392151906262377,19.392151906262377,19.403927352322647,19.46929003425317,19.68838878784205,47.53478258660236,131.75819603433487,85.2558502391478,18.86943442595871,35.75262228144951,23.358938332038978,88.5672625748363,27.7459907013608,40.14772720839873,71.41584013524046,27.328373533746934,61.434924920601965,
16.552230404418214,16.811682041402772,17.8947540419594,18.780078754485867,18.86943442595871,18.881535866931348,19.191940457191837,19.30528981590365,19.392151906262377,19.392151906262377,19.403927352322647,19.46929003425317,39.85774705123208,27.21102717649593,22.5894670957205,38.58612300930075,19.158288023724875,44.159257240130295,28.36316512313936,19.68838878784205,16.421395258083955,35.46864377669415,19.180429841087737,26.10709188924688,
16.421395258083955,16.552230404418214,16.811682041402772,17.8947540419594,18.780078754485867,18.86943442595871,18.881535866931348,19.158288023724875,19.180429841087737,19.191940457191837,19.30528981590365,19.392151906262377,23.72424919781446,71.40650452787118,68.37053906650802,19.158288023724875,19.191940457191837,23.753736548172796,43.35384130103762,64.11341990757394,18.881535866931348,49.60062723617739,77.55156283376361,103.2935407252339,
16.421395258083955,16.552230404418214,16.811682041402772,17.8947540419594,18.780078754485867,18.86943442595871,18.881535866931348,18.881535866931348,19.158288023724875,19.158288023724875,19.180429841087737,19.191940457191837,65.00384604006135,19.180429841087737,69.03622237637282,70.08922884438093,18.996737431934232,59.71063556854842,19.158288023724875,36.00333317902663,16.811682041402772,50.666577157099596,95.63936892770093,71.28503037493604,
16.421395258083955,16.552230404418214,16.811682041402772,16.811682041402772,17.8947540419594,18.780078754485867,18.86943442595871,18.881535866931348,18.881535866931348,18.996737431934232,19.158288023724875,19.158288023724875,59.87278179607158,18.780078754485867,64.11123146532127,41.120719597873205,19.435077108728493,72.27378501227122,23.36321895629966,56.382621436041795,68.01878825409605,47.52700628622228,26.44834196881552,23.854559312634557,
16.421395258083955,16.552230404418214,16.811682041402772,16.811682041402772,17.8947540419594,18.780078754485867,18.780078754485867,18.86943442595871,18.881535866931348,18.881535866931348,18.996737431934232,19.158288023724875,54.67006792140113,18.780078754485867,20.573040611440984,19.537712819627128,28.132214409877257,26.157981573508305,40.97831404806964,20.323711630454458,70.08962516346878,21.723003680174823,65.65228268858762,17.8947540419594,
16.421395258083955,16.552230404418214,16.811682041402772,16.811682041402772,17.8947540419594,17.8947540419594,18.780078754485867,18.780078754485867,18.780078754485867,18.86943442595871,18.881535866931348,18.881535866931348,62.40159600261415,30.799999999999997,57.55210593852481,19.921747741045493,20.369079711268835,17.055465073954707,23.5596657709669,18.881535866931348,47.93977703559146,19.435077108728493,25.11652842253483,48.10155922628704,
16.421395258083955,16.552230404418214,16.811682041402772,16.811682041402772,17.055465073954707,17.8947540419594,17.8947540419594,18.780078754485867,18.780078754485867,18.780078754485867,18.86943442595871,18.881535866931348,30.386806753776515,26.498089748707898,67.82493805542488,34.43486605172148,70.3578156441928,20.323711630454458,22.50308620809352,20.311463648776165,55.99305512491904,47.36139821432985,35.668613654023616,22.5048691576394,
16.421395258083955,16.552230404418214,16.811682041402772,16.811682041402772,17.055465073954707,17.8947540419594,17.8947540419594,18.780078754485867,18.780078754485867,18.780078754485867,18.86943442595871,18.881535866931348,24.924329925240162,30.07541541267382,48.16892045665113,26.82237871628838,44.39876124398067,36.69544325329176,45.524379576249785,17.055465073954707,54.00205757396863,25.695231035333848,19.088972965795957,69.39900735761442,
16.421395258083955,16.552230404418214,16.811682041402772,16.811682041402772,17.055465073954707,17.055465073954707,17.8947540419594,17.8947540419594,18.780078754485867,18.780078754485867,18.780078754485867,18.86943442595871,115.1067137727229,46.71455875848556,39.75864685826217,131.75819603433487,51.06123774449656,32.052426190404965,43.61473257924647,25.027762362802008,33.105274257638605,19.834855371373543,25.570295266187287,50.54519093376354,
16.421395258083955,16.552230404418214,16.811682041402772,16.811682041402772,17.055465073954707,17.055465073954707,17.8947540419594,17.8947540419594,18.780078754485867,18.780078754485867,18.780078754485867,18.86943442595871,56.382621436041795,38.91907263638271,53.48831648126533,19.12246425158783,139.0,41.18551825071826,24.782024944111782,16.811682041402772,26.436973734656423,16.45870252750468,41.46613075752306,49.48624949305503,
16.421395258083955,16.45870252750468,16.552230404418214,16.811682041402772,16.811682041402772,16.811682041402772,17.055465073954707,17.055465073954707,17.8947540419594,17.8947540419594,18.780078754485867,18.780078754485867,41.257995858042136,18.318175552045446,23.033791601808755,93.88801840490616,63.265556286536345,22.5894670957205,16.45870252750468,22.5894670957205,64.80547816350096,51.908276178298095,139.0,17.055465073954707,
16.421395258083955,16.45870252750468,16.45870252750468,16.552230404418214,16.811682041402772,16.811682041402772,16.811682041402772,17.055465073954707,17.055465073954707,17.055465073954707,17.8947540419594,17.8947540419594,17.351018737805266,17.015548445139487,139.0,23.575316658648628,45.727453460694704,38.07832958092397,29.71952220342716,16.61110739502002,63.265556286536345,50.4951482817904,16.9133740638059,82.52854051781117,
16.421395258083955,16.45870252750468,16.45870252750468,16.552230404418214,16.61110739502002,16.811682041402772,16.811682041402772,16.811682041402772,16.9133740638059,17.015548445139487,17.055465073954707,17.055465073954707,42.9505529650085,55.960303390488825,16.291761341343843,23.896816759553342,56.95807424959364,26.743638911378948,48.49971363031148,27.572631357924475,139.0,115.1067137727229,46.49193478443331,32.131604379489055,
16.291761341343843,16.421395258083955,16.45870252750468,16.45870252750468,16.552230404418214,16.61110739502002,16.811682041402772,16.811682041402772,16.811682041402772,16.9133740638059,17.015548445139487,17.055465073954707,16.41327376106167,71.23357510487749,91.58329542007101,38.38845489711399,20.02642881892999,19.097702014174956,51.09305236526782,93.5708287876088,39.381640141656284,21.47184202624451,34.737463321674646,29.601351320505625,
16.291761341343843,16.41327376106167,16.421395258083955,16.45870252750468,16.45870252750468,16.552230404418214,16.61110739502002,16.811682041402772,16.811682041402772,16.811682041402772,16.9133740638059,17.015548445139487,71.20505600025885,50.40934477670115,15.723856696799535,93.5708287876088,27.196849800174547,16.976323381567504,47.566065763786874,53.946475531050424,64.37002407953565,85.69422384268383,139.0,45.9906055892846,
15.723856696799535,16.291761341343843,16.41327376106167,16.421395258083955,16.45870252750468,16.45870252750468,16.552230404418214,16.61110739502002,16.811682041402772,16.811682041402772,16.811682041402772,16.9133740638059,23.896816759553342,15.613619822672197,42.61748467472007,16.291761341343843,77.50365363342952,63.265556286536345,43.61473257924647,64.46316777819719,16.182981458584475,43.61473257924647,16.41614436822384,27.472713735632308,
15.613619822672197,15.723856696799535,16.182981458584475,16.291761341343843,16.291761341343843,16.41327376106167,16.41614436822384,16.421395258083955,16.45870252750468,16.45870252750468,16.552230404418214,16.61110739502002,91.58329542007101,71.28503037493604,21.850400453996258,55.94348460176355,139.0,16.45870252750468,63.847944367849465,65.00384604006135,26.90260210462921,22.882379810350233,47.13338048088165,57.176061781276324,
15.613619822672197,15.723856696799535,16.182981458584475,16.291761341343843,16.291761341343843,16.41327376106167,16.41614436822384,16.421395258083955,16.45870252750468,16.45870252750468,16.45870252750468,16.552230404418214,45.15958098899989,109.19020102554991,46.67504686660743,18.641748654549772,35.43548319675851,36.69544325329176,122.63314759431435,51.7779876009101,16.291761341343843,16.095274189639312,16.45870252750468,65.65228268858762,
15.613619822672197,15.723856696799535,16.095274189639312,16.182981458584475,16.291761341343843,16.291761341343843,16.291761341343843,16.41327376106167,16.41614436822384,16.421395258083955,16.45870252750468,16.45870252750468,15.862008251956118,57.91584323791879,35.4259791678367,42.94764254298482,40.97831404806964,139.0,22.782943181248555,16.239526539349054,16.41327376106167,65.65228268858762,51.541784559283116,24.48679860220858,
15.613619822672197,15.723856696799535,15.862008251956118,16.095274189639312,16.182981458584475,16.239526539349054,16.291761341343843,16.291761341343843,16.291761341343843,16.41327376106167,16.41327376106167,16.41614436822384,15.862008251956118,16.291761341343843,18.55370582929459,25.607616054603756,30.62743867841384,50.83797792989017,24.54147558050736,20.86996778999804,64.46316777819719,42.94764254298482,24.43472028805641,70.95225311589634,
15.613619822672197,15.723856696799535,15.862008251956118,15.862008251956118,16.095274189639312,16.182981458584475,16.239526539349054,16.291761341343843,16.291761341343843,16.291761341343843,16.291761341343843,16.41327376106167,39.42391276825759,65.65228268858762,41.015241069631664,22.729716232280595,16.291761341343843,18.580635080642427,27.87249599619401,37.69205961505276,27.317393726342196,17.21425509606491,57.407956498971075,79.57235700920263,
15.613619822672197,15.723856696799535,15.862008251956118,15.862008251956118,16.095274189639312,16.182981458584475,16.239526539349054,16.291761341343843,16.291761341343843,16.291761341343843,16.291761341343843,16.291761341343843,16.792150885486553,70.09913614937696,16.64944688668825,38.2926961509946,17.143187827498387,26.217513701557554,67.82493805542488,26.217513701557554,16.45870252750468,40.52109553890997,16.649991658322904,17.795824173796824,
15.613619822672197,15.723856696799535,15.862008251956118,15.862008251956118,16.095274189639312,16.182981458584475,16.239526539349054,16.291761341343843,16.291761341343843,16.291761341343843,16.291761341343843,16.291761341343843,16.76923076923077,34.98606424503941,47.82664273291657,26.062233212063774,39.68311983702894,71.66279059285618,26.474772524932366,37.78039206640606,71.28503037493604,15.58448051934524,58.07083796728115,34.42221504913489,
15.58448051934524,15.613619822672197,15.723856696799535,15.862008251956118,15.862008251956118,16.095274189639312,16.182981458584475,16.239526539349054,16.291761341343843,16.291761341343843,16.291761341343843,16.291761341343843,46.61654256609264,60.642852468824024,20.66097851162552,78.31832480333067,69.33613776379529,40.52109553890997,22.08564036210138,39.76128770550572,16.33673433979046,34.499955269249945,65.01616753405514,27.54838616410975,
15.58448051934524,15.613619822672197,15.723856696799535,15.862008251956118,15.862008251956118,16.095274189639312,16.182981458584475,16.239526539349054,16.291761341343843,16.291761341343843,16.291761341343843,16.291761341343843,29.8496231131986,49.068049374188035,47.817988247102164,66.64082832618455,16.363847658912057,32.391974314635405,85.2558502391478,54.88679258255122,25.443837935517685,18.958902921846505,27.54838616410975,25.26520489749483,
15.58448051934524,15.613619822672197,15.723856696799535,15.862008251956118,15.862008251956118,16.095274189639312,16.182981458584475,16.239526539349054,16.291761341343843,16.291761341343843,16.291761341343843,16.291761341343843,32.04434427477024,80.13089291902342,22.88926314556541,27.069355367278327,38.41549166677422,20.15313276715505,55.407212379558224,60.67742578587197,16.322924671224982,15.298874323150562,51.49524249870079,55.46133052563263,
15.298874323150562,15.58448051934524,15.613619822672197,15.723856696799535,15.862008251956118,15.862008251956118,16.095274189639312,16.182981458584475,16.239526539349054,16.291761341343843,16.291761341343843,16.291761341343843,139.0,15.298874323150562,21.749840357013095,28.376927247325423,31.35445806924952,70.22740838795697,27.2564410781546,52.42852277148384,65.00384604006135,72.27378501227122,65.65228268858762,42.94764254298482,
15.298874323150562,15.298874323150562,15.58448051934524,15.613619822672197,15.723856696799535,15.862008251956118,15.862008251956118,16.095274189639312,16.182981458584475,16.239526539349054,16.291761341343843,16.291761341343843,33.105274257638605,109.19020102554991,30.07541541267382,22.098203060710546,22.70330372434814,58.55121602459836,18.79467130389589,15.054567413247051,27.42712003802526,71.51612094874523,139.0,27.74813838212339,
15.054567413247051,15.298874323150562,15.298874323150562,15.58448051934524,15.613619822672197,15.723856696799535,15.862008251956118,15.862008251956118,16.095274189639312,16.182981458584475,16.239526539349054,16.291761341343843,71.23357510487749,93.5708287876088,86.68044762228676,26.026673915466816,16.76968163747369,45.15958098899989,139.0,46.47848964843845,76.64528687401463,139.0,50.627421447957786,17.913012953097848,
15.054567413247051,15.298874323150562,15.298874323150562,15.58448051934524,15.613619822672197,15.723856696799535,15.862008251956118,15.862008251956118,16.095274189639312,16.182981458584475,16.239526539349054,16.291761341343843,23.329100145103048,36.09850468947885,16.834158395621948,21.98684805976759,86.78571310993532,39.250987248730446,16.095274189639312,44.04795366668265,35.53210678027547,24.763884994079586,46.67504686660743,49.66107351056985,
15.054567413247051,15.298874323150562,15.298874323150562,15.58448051934524,15.613619822672197,15.723856696799535,15.862008251956118,15.862008251956118,16.095274189639312,16.095274189639312,16.182981458584475,16.239526539349054,71.28503037493604,46.57490979295851,15.723856696799535,15.58448051934524,15.054567413247051,29.341328876636002,39.68311983702894,56.16520820085062,131.75819603433487,139.0,35.67211796347394,15.054567413247051,
15.054567413247051,15.054567413247051,15.054567413247051,15.298874323150562,15.298874323150562,15.58448051934524,15.58448051934524,15.613619822672197,15.723856696799535,15.723856696799535,15.862008251956118,15.862008251956118,47.058799519801795,60.67742578587197,25.38208029299411,97.39866528859623,139.0,26.91447359486878,15.054567413247051,55.92560656253766,15.054567413247051,51.31276644267,46.834816109385976,71.28503037493604,
15.054567413247051,15.054567413247051,15.054567413247051,15.054567413247051,15.054567413247051,15.298874323150562,15.298874323150562,15.58448051934524,15.58448051934524,15.613619822672197,15.723856696799535,15.723856696799535,16.43336713992466,71.28503037493604,44.82186966202994,16.280526882000952,16.579773487261185,15.42904908137749,139.0,22.455442849791382,72.27378501227122,139.0,64.93701815244223,139.0,
15.054567413247051,15.054567413247051,15.054567413247051,15.054567413247051,15.054567413247051,15.298874323150562,15.298874323150562,15.42904908137749,15.58448051934524,15.58448051934524,15.613619822672197,15.723856696799535,31.35445806924952,139.0,48.646068700358505,22.65078036712355,131.75819603433487,40.202611855450385,24.984795376388416,40.021869021823555,101.76197718204968,15.298874323150562,56.99614022019386,57.12753762902402,
15.054567413247051,15.054567413247051,15.054567413247051,15.054567413247051,15.054567413247051,15.298874323150562,15.298874323150562,15.298874323150562,15.42904908137749,15.58448051934524,15.58448051934524,15.613619822672197,22.33637348019847,15.654323723485133,70.00971361175533,23.482759633399137,22.08585800839402,22.726909087999953,16.744816776808545,50.753215552208005,103.2935407252339,15.054567413247051,39.68311983702894,66.19835513230085,
15.054567413247051,15.054567413247051,15.054567413247051,15.054567413247051,15.054567413247051,15.054567413247051,15.298874323150562,15.298874323150562,15.298874323150562,15.42904908137749,15.58448051934524,15.58448051934524,33.09955055455557,50.590117612039606,46.57490979295851,58.50972359447651,139.0,81.79828849065241,44.97573041686608,54.88679258255122,117.65014048251516,15.298874323150562,15.58448051934524,22.33637348019847,
15.054567413247051,15.054567413247051,15.054567413247051,15.054567413247051,15.054567413247051,15.054567413247051,15.298874323150562,15.298874323150562,15.298874323150562,15.298874323150562,15.42904908137749,15.58448051934524,139.0,40.7390901885125,41.37930537817481,39.07060783625224,26.997036874442347,65.7892257305269,45.76631463812173,55.39947690020482,24.111367126136958,39.25687252974091,15.054567413247051,48.03230205618222,
15.054567413247051,15.054567413247051,15.054567413247051,15.054567413247051,15.054567413247051,15.054567413247051,15.054567413247051,15.298874323150562,15.298874323150562,15.298874323150562,15.298874323150562,15.42904908137749,74.86093774459414,15.298874323150562,35.210083782916506,139.0,44.62496784426899,16.43336713992466,48.54705270694208,33.563828927059234,15.054567413247051,23.963449534243747,139.0,93.5708287876088,
15.054567413247051,15.054567413247051,15.054567413247051,15.054567413247051,15.054567413247051,15.054567413247051,15.054567413247051,15.054567413247051,15.298874323150562,15.298874323150562,15.298874323150562,15.298874323150562,27.445400343226915,65.65228268858762,22.14848878717362,23.22936300859591,18.7053171287976,17.569614623681744,38.997645140836546,17.424216073761364,15.054567413247051,15.298874323150562,45.539021389746644,15.200000000000001,
15.054567413247051,15.054567413247051,15.054567413247051,15.054567413247051,15.054567413247051,15.054567413247051,15.054567413247051,15.054567413247051,15.054567413247051,15.200000000000001,15.298874323150562,15.298874323150562,65.65228268858762,93.5708287876088,26.746177758538845,30.457732505683264,65.12722591632132,15.054567413247051,29.481109247603555,139.0,62.422196470845996,60.758172747010384,65.12722591632132,24.856387509048854,
15.054567413247051,15.054567413247051,15.054567413247051,15.054567413247051,15.054567413247051,15.054567413247051,15.054567413247051,15.054567413247051,15.054567413247051,15.054567413247051,15.200000000000001,15.298874323150562,26.238695390633833,15.89313424017841,27.087820141163075,50.57062146248592,24.243555844801314,43.95704974429269,65.12722591632132,46.281745861624536,65.7892257305269,61.03900392372077,63.265556286536345,65.65228268858762,
15.054567413247051,15.054567413247051,15.054567413247051,15.054567413247051,15.054567413247051,15.054567413247051,15.054567413247051,15.054567413247051,15.054567413247051,15.054567413247051,15.200000000000001,15.298874323150562,36.15386619459012,139.0,38.84187634531436,15.054567413247051,48.367217773012754,21.06751053162191,14.894294209528695,31.941304193477244,42.50257799007572,15.054567413247051,15.054567413247051,46.94294409173758,
14.894294209528695,15.054567413247051,15.054567413247051,15.054567413247051,15.054567413247051,15.054567413247051,15.054567413247051,15.054567413247051,15.054567413247051,15.054567413247051,15.054567413247051,15.054567413247051,28.258283957892736,26.69627985365548,34.29609631171195,71.20505600025885,33.209770985191824,16.50244159245524,15.054567413247051,21.401869077255842,16.50244159245524,39.68311983702894,15.654323723485133,40.563379483248696,
14.894294209528695,15.054567413247051,15.054567413247051,15.054567413247051,15.054567413247051,15.054567413247051,15.054567413247051,15.054567413247051,15.054567413247051,15.054567413247051,15.054567413247051,15.054567413247051,40.07085561087703,39.68311983702894,41.85719402155411,38.59998942582069,41.21456053386958,19.45650419668332,29.341328876636002,40.81715325693353,15.054567413247051,15.679285698015713,49.68430951764247,43.54595273960601,
14.894294209528695,15.054567413247051,15.054567413247051,15.054567413247051,15.054567413247051,15.054567413247051,15.054567413247051,15.054567413247051,15.054567413247051,15.054567413247051,15.054567413247051,15.054567413247051,15.054567413247051,68.16564791414775,25.01499550269798,45.487383314676684,17.32763439077149,15.054567413247051,86.29310517069136,47.477994902902125,16.43336713992466,24.877973797054164,73.65161233808801,38.997645140836546,
14.894294209528695,15.054567413247051,15.054567413247051,15.054567413247051,15.054567413247051,15.054567413247051,15.054567413247051,15.054567413247051,15.054567413247051,15.054567413247051,15.054567413247051,15.054567413247051,50.05357130115692,20.79062288629179,30.44667469527666,35.210083782916506,15.054567413247051,17.245912199802763,45.54942370656296,14.894294209528695,55.00327262990812,19.516374891072598,15.054567413247051,40.49288171256468,
14.894294209528695,14.894294209528695,15.054567413247051,15.054567413247051,15.054567413247051,15.054567413247051,15.054567413247051,15.054567413247051,15.054567413247051,15.054567413247051,15.054567413247051,15.054567413247051,38.86193510364609,15.654323723485133,65.7892257305269,28.258283957892736,42.16930163045151,15.58448051934524,15.054567413247051,27.087820141163075,18.958902921846505,16.81190054693401,35.210083782916506,43.21758901188265,
14.894294209528695,14.894294209528695,15.054567413247051,15.054567413247051,15.054567413247051,15.054567413247051,15.054567413247051,15.054567413247051,15.054567413247051,15.054567413247051,15.054567413247051,15.054567413247051,58.728187440104094,19.93941440748901,24.472710929664363,14.894294209528695,47.817988247102164,71.20505600025885,46.834816109385976,15.054567413247051,15.054567413247051,73.65161233808801,35.210083782916506,60.43913375362761,
14.894294209528695,14.894294209528695,14.894294209528695,15.054567413247051,15.054567413247051,15.054567413247051,15.054567413247051,15.054567413247051,15.054567413247051,15.054567413247051,15.054567413247051,15.054567413247051,23.03562458454296,139.0,40.16699833323422,24.06241883103193,32.084073231153816,57.351741230953245,53.10808917483729,22.33637348019847,40.70520335592139,73.65161233808801,17.143187827498387,46.060346889223005,
14.894294209528695,14.894294209528695,14.894294209528695,15.054567413247051,15.054567413247051,15.054567413247051,15.054567413247051,15.054567413247051,15.054567413247051,15.054567413247051,15.054567413247051,15.054567413247051,57.55210593852481,24.658156690191273,131.75819603433487,33.17288048994238,69.39900735761442,70.3127932092652,22.21666597204856,15.054567413247051,59.46894614465229,71.28503037493604,32.084073231153816,15.054567413247051,
14.894294209528695,14.894294209528695,14.894294209528695,15.054567413247051,15.054567413247051,15.054567413247051,15.054567413247051,15.054567413247051,15.054567413247051,15.054567413247051,15.054567413247051,15.054567413247051,19.68141317820847,32.084073231153816,27.701227855301973,23.2,16.50244159245524,43.95704974429269,16.291761341343843,15.054567413247051,15.844241856270688,27.556451598334608,64.68041091053423,17.569614623681744,
14.894294209528695,14.894294209528695,14.894294209528695,15.054567413247051,15.054567413247051,15.054567413247051,15.054567413247051,15.054567413247051,15.054567413247051,15.054567413247051,15.054567413247051,15.054567413247051,71.31731907468199,44.19841626121914,25.01499550269798,15.054567413247051,15.054567413247051,71.28503037493604,39.733487136167646,48.03230205618222,43.95704974429269,40.52109553890997,36.05098430539387,44.77722635447622,
14.894294209528695,14.894294209528695,14.894294209528695,15.054567413247051,15.054567413247051,15.054567413247051,15.054567413247051,15.054567413247051,15.054567413247051,15.054567413247051,15.054567413247051,15.054567413247051,52.690131903421914,22.21666597204856,32.86715685908959,39.99062390110962,15.054567413247051,76.2506393415819,50.06246098625196,22.33637348019847,37.9831834134821,32.32645975048923,58.728187440104094,44.367781102958034,
14.894294209528695,14.894294209528695,14.894294209528695,15.054567413247051,15.054567413247051,15.054567413247051,15.054567413247051,15.054567413247051,15.054567413247051,15.054567413247051,15.054567413247051,15.054567413247051,26.981932683890985,58.728187440104094,32.084073231153816,52.841715657047395,131.75819603433487,25.38208029299411,45.76631463812173,107.77986825005864,28.258283957892736,22.883181596972044,22.33637348019847,58.12247605033892,
14.894294209528695,14.894294209528695,14.894294209528695,15.054567413247051,15.054567413247051,15.054567413247051,15.054567413247051,15.054567413247051,15.054567413247051,15.054567413247051,15.054567413247051,15.054567413247051,16.316862443496913,24.642443060703215,23.481014132514765,34.41288877121836,25.01499550269798,23.2,15.054567413247051,15.514322894539518,25.30296425322535,78.00320506235626,59.46894614465229,15.054567413247051,
14.894294209528695,14.894294209528695,14.894294209528695,15.054567413247051,15.054567413247051,15.054567413247051,15.054567413247051,15.054567413247051,15.054567413247051,15.054567413247051,15.054567413247051,15.054567413247051,25.607616054603756,59.46894614465229,66.70587282531993,16.311209506212457,15.054567413247051,27.76040345528141,17.34201724512398,16.50244159245524,27.30104281479941,65.65228268858762,50.850270402427554,73.65161233808801,
14.894294209528695,14.894294209528695,14.894294209528695,15.054567413247051,15.054567413247051,15.054567413247051,15.054567413247051,15.054567413247051,15.054567413247051,15.054567413247051,15.054567413247051,15.054567413247051,15.170654578184111,69.28318699367112,41.99404719719213,22.33637348019847,18.68308998104086,45.539021389746644,15.054567413247051,27.063628729348174,51.641929562022455,39.31505397920439,16.2190582722817,139.0,
14.894294209528695,14.894294209528695,14.894294209528695,15.054567413247051,15.054567413247051,15.054567413247051,15.054567413247051,15.054567413247051,15.054567413247051,15.054567413247051,15.054567413247051,15.054567413247051,18.55370582929459,71.68604389202189,16.50244159245524,24.013329631685814,27.572631357924475,27.74813838212339,86.29310517069136,15.706502311973631,22.597344976788758,26.7348087705897,15.054567413247051,74.83688929932885,
14.894294209528695,14.894294209528695,14.894294209528695,15.054567413247051,15.054567413247051,15.054567413247051,15.054567413247051,15.054567413247051,15.054567413247051,15.054567413247051,15.054567413247051,15.054567413247051,15.054567413247051,16.705024730292063,40.52109553890997,65.65228268858762,50.02221728614418,52.690131903421914,49.6411613276642,15.054567413247051,16.50244159245524,17.211824818427793,14.894294209528695,18.850942275954218,
14.894294209528695,14.894294209528695,14.894294209528695,14.894294209528695,15.054567413247051,15.054567413247051,15.054567413247051,15.054567413247051,15.054567413247051,15.054567413247051,15.054567413247051,15.054567413247051,22.15982516266023,14.894294209528695,43.95704974429269,26.837473800639284,15.054567413247051,59.46894614465229,139.0,16.182981458584475,76.64528687401463,15.054567413247051,26.22598843010121,45.46977017755863,
14.894294209528695,14.894294209528695,14.894294209528695,14.894294209528695,14.894294209528695,15.054567413247051,15.054567413247051,15.054567413247051,15.054567413247051,15.054567413247051,15.054567413247051,15.054567413247051,49.06222621137698,22.335532970087176,22.33637348019847,27.472713735632308,20.567936211491904,19.724491262274817,39.657912199206855,16.716458955173493,47.805729312521116,42.90140571408935,15.054567413247051,54.91593575639042,
14.894294209528695,14.894294209528695,14.894294209528695,14.894294209528695,14.894294209528695,15.054567413247051,15.054567413247051,15.054567413247051,15.054567413247051,15.054567413247051,15.054567413247051,15.054567413247051,19.967328686532735,47.76356377712364,46.060346889223005,14.894294209528695,139.0,33.457252653229624,23.481014132514765,27.48781997382805,23.30050600838775,28.01338965566288,37.332961307670196,15.054567413247051,
14.894294209528695,14.894294209528695,14.894294209528695,14.894294209528695,14.894294209528695,14.894294209528695,15.054567413247051,15.054567413247051,15.054567413247051,15.054567413247051,15.054567413247051,15.054567413247051,62.49767342608419,18.850942275954218,26.686115497212754,65.12722591632132,46.834816109385976,23.7873916182502,23.195689254686958,26.7348087705897,46.834816109385976,46.060346889223005,59.46894614465229,17.361494394299868,
14.894294209528695,14.894294209528695,14.894294209528695,14.894294209528695,14.894294209528695,14.894294209528695,15.054567413247051,15.054567413247051,15.054567413247051,15.054567413247051,15.054567413247051,15.054567413247051,31.35445806924952,17.32763439077149,36.04969135670346,32.82148686455262,32.084073231153816,23.30050600838775,29.341328876636002,46.834816109385976,26.7348087705897,139.0,25.01499550269798,71.28503037493604,
14.894294209528695,14.894294209528695,14.894294209528695,14.894294209528695,14.894294209528695,14.894294209528695,15.054567413247051,15.054567413247051,15.054567413247051,15.054567413247051,15.054567413247051,15.054567413247051,65.29080248311311,24.640125861471077,22.88133640230735,14.894294209528695,115.1067137727229,22.21666597204856,19.219492420167835,71.20505600025885,41.536128851880264,15.054567413247051,40.88610362198573,46.060346889223005,
14.894294209528695,14.894294209528695,14.894294209528695,14.894294209528695,14.894294209528695,14.894294209528695,14.894294209528695,15.054567413247051,15.054567413247051,15.054567413247051,15.054567413247051,15.054567413247051,68.35609377045733,23.033791601808755,76.2506393415819,48.54705270694208,42.78873722205239,22.21666597204856,33.04912855067715,33.04912855067715,46.060346889223005,23.30050600838775,40.07085561087703,19.595074435907623,
14.894294209528695,14.894294209528695,14.894294209528695,14.894294209528695,14.894294209528695,14.894294209528695,14.894294209528695,15.054567413247051,15.054567413247051,15.054567413247051,15.054567413247051,15.054567413247051,15.054567413247051,26.222890763605754,62.47023781165635,16.316862443496913,50.21509290597355,14.894294209528695,15.054567413247051,24.806410959495086,65.65228268858762,36.05098430539387,22.49088704342272,53.40908735641246,
14.894294209528695,14.894294209528695,14.894294209528695,14.894294209528695,14.894294209528695,14.894294209528695,14.894294209528695,14.894294209528695,15.054567413247051,15.054567413247051,15.054567413247051,15.054567413247051,59.46894614465229,47.3342435478259,25.38208029299411,14.974645237867907,9.99999999E8,59.46894614465229,14.894294209528695,71.20505600025885,59.46894614465229,65.12722591632132,51.608020259471694,61.544780444811074,
14.894294209528695,14.894294209528695,14.894294209528695,14.894294209528695,14.894294209528695,14.894294209528695,14.894294209528695,14.894294209528695,14.894294209528695,14.974645237867907,15.054567413247051,15.054567413247051,25.49019419306177,23.393161393877484,57.11606514772515,14.894294209528695,69.28318699367112,43.95704974429269,22.21666597204856,26.7348087705897,42.15345276779725,63.265556286536345,63.265556286536345,19.786732749481615,
14.894294209528695,14.894294209528695,14.894294209528695,14.894294209528695,14.894294209528695,14.894294209528695,14.894294209528695,14.894294209528695,14.894294209528695,14.894294209528695,14.974645237867907,15.054567413247051,14.894294209528695,46.834816109385976,14.894294209528695,27.264592875951,32.63816784073518,14.894294209528695,14.894294209528695,70.33886234191989,20.094836877561423,46.834816109385976,13.865313324272442,18.5321342537766,
13.865313324272442,14.894294209528695,14.894294209528695,14.894294209528695,14.894294209528695,14.894294209528695,14.894294209528695,14.894294209528695,14.894294209528695,14.894294209528695,14.894294209528695,14.894294209528695,17.906423428479513,14.894294209528695,46.84815898197068,73.65161233808801,22.21666597204856,19.419984615574126,31.35445806924952,14.894294209528695,18.850942275954218,71.42750792859071,57.31928122368598,20.175232340669588,
13.865313324272442,14.894294209528695,14.894294209528695,14.894294209528695,14.894294209528695,14.894294209528695,14.894294209528695,14.894294209528695,14.894294209528695,14.894294209528695,14.894294209528695,14.894294209528695,32.198602454143874,22.21666597204856,14.894294209528695,18.850942275954218,20.1576431785166,76.2506393415819,16.369695847778,27.74813838212339,56.40885731579278,17.4515201502779,46.73590587502486,23.481014132514765,
13.865313324272442,14.894294209528695,14.894294209528695,14.894294209528695,14.894294209528695,14.894294209528695,14.894294209528695,14.894294209528695,14.894294209528695,14.894294209528695,14.894294209528695,14.894294209528695,59.46894614465229,139.0,57.49001687959682,48.805319214953094,56.32840215103646,22.21666597204856,25.421250952697036,44.704928276923766,70.90105782003538,48.805319214953094,28.119783466844513,14.894294209528695,
13.865313324272442,14.894294209528695,14.894294209528695,14.894294209528695,14.894294209528695,14.894294209528695,14.894294209528695,14.894294209528695,14.894294209528695,14.894294209528695,14.894294209528695,14.894294209528695,59.46894614465229,18.850942275954218,24.856387509048854,22.21666597204856,46.834816109385976,18.4457284475074,139.0,46.060346889223005,73.65161233808801,14.894294209528695,14.894294209528695,59.46894614465229,
13.865313324272442,14.894294209528695,14.894294209528695,14.894294209528695,14.894294209528695,14.894294209528695,14.894294209528695,14.894294209528695,14.894294209528695,14.894294209528695,14.894294209528695,14.894294209528695,28.53506614676055,43.82059901415297,40.70520335592139,18.850942275954218,25.49019419306177,15.71800100380311,71.28503037493604,13.865313324272442,69.39900735761442,50.44358785371591,14.894294209528695,14.894294209528695,
13.865313324272442,13.865313324272442,14.894294209528695,14.894294209528695,14.894294209528695,14.894294209528695,14.894294209528695,14.894294209528695,14.894294209528695,14.894294209528695,14.894294209528695,14.894294209528695,23.481014132514765,22.21666597204856,18.850942275954218,26.445378134777314,14.894294209528695,33.13943605769751,59.46894614465229,27.886197302608327,17.173048076765916,47.36412144229005,18.271288952889996,14.894294209528695,
13.865313324272442,13.865313324272442,14.894294209528695,14.894294209528695,14.894294209528695,14.894294209528695,14.894294209528695,14.894294209528695,14.894294209528695,14.894294209528695,14.894294209528695,14.894294209528695,46.834816109385976,14.894294209528695,22.21666597204856,27.244265451650556,22.21666597204856,13.865313324272442,57.49001687959682,65.65228268858762,22.21666597204856,47.95581299488103,13.865313324272442,59.25275427259807,
13.865313324272442,13.865313324272442,13.865313324272442,13.865313324272442,14.894294209528695,14.894294209528695,14.894294209528695,14.894294209528695,14.894294209528695,14.894294209528695,14.894294209528695,14.894294209528695,14.894294209528695,46.834816109385976,14.894294209528695,18.850942275954218,14.894294209528695,15.584480519345238,22.21666597204856,40.10292879527858,22.964277142800686,21.233841693340644,18.5321342537766,13.865313324272442,
13.865313324272442,13.865313324272442,13.865313324272442,13.865313324272442,13.865313324272442,14.894294209528695,14.894294209528695,14.894294209528695,14.894294209528695,14.894294209528695,14.894294209528695,14.894294209528695,15.736581585592216,17.57991053554795,15.56697075581491,33.13943605769751,49.283022700830884,65.12722591632132,24.59047291177401,40.10292879527858,46.73590587502486,38.910470202222236,14.150618361046982,68.08997648669872,
13.865313324272442,13.865313324272442,13.865313324272442,13.865313324272442,13.865313324272442,14.150618361046982,14.894294209528695,14.894294209528695,14.894294209528695,14.894294209528695,14.894294209528695,14.894294209528695,47.817988247102164,16.716458955173493,48.805319214953094,21.783020910791965,17.988336413175627,139.0,13.865313324272442,27.701227855301973,65.65228268858762,24.642443060703215,59.46894614465229,61.03900392372077,
13.865313324272442,13.865313324272442,13.865313324272442,13.865313324272442,13.865313324272442,13.865313324272442,14.150618361046982,14.894294209528695,14.894294209528695,14.894294209528695,14.894294209528695,14.894294209528695,14.894294209528695,139.0,42.29292326175493,45.667883195475085,29.512709126747414,59.46225693664847,45.53416299878587,13.865313324272442,17.015134231013526,65.50954128979991,23.04886114323222,58.23538443249087,
13.865313324272442,13.865313324272442,13.865313324272442,13.865313324272442,13.865313324272442,13.865313324272442,13.865313324272442,14.150618361046982,14.894294209528695,14.894294209528695,14.894294209528695,14.894294209528695,28.119783466844513,26.47293573691086,13.865313324272442,17.897781385199583,15.886751993056633,13.865313324272442,24.43130960241159,22.74615912856588,26.47293573691086,57.03702501202375,65.12722591632132,18.5321342537766,
13.865313324272442,13.865313324272442,13.865313324272442,13.865313324272442,13.865313324272442,13.865313324272442,13.865313324272442,13.865313324272442,13.865313324272442,14.150618361046982,14.894294209528695,14.894294209528695,39.31386837890136,43.706406853000395,21.592822881689184,23.04886114323222,52.178156349185045,21.592822881689184,76.64528687401463,28.170556382747932,14.65059725744995,21.669800343186836,59.25275427259807,44.35846558874366,
13.865313324272442,13.865313324272442,13.865313324272442,13.865313324272442,13.865313324272442,13.865313324272442,13.865313324272442,13.865313324272442,13.865313324272442,14.150618361046982,14.65059725744995,14.894294209528695,139.0,13.865313324272442,15.580436450882884,13.865313324272442,13.865313324272442,139.0,26.394911593424432,70.43357785097169,13.865313324272442,40.06969237358306,40.06969237358306,60.43637609549033,
13.865313324272442,13.865313324272442,13.865313324272442,13.865313324272442,13.865313324272442,13.865313324272442,13.865313324272442,13.865313324272442,13.865313324272442,13.865313324272442,13.865313324272442,13.865313324272442,139.0,15.044287238430298,21.592822881689184,13.865313324272442,139.0,65.00384604006135,43.272746761037695,29.541349969571318,19.724491262274817,13.865313324272442,13.865313324272442,16.716458955173493,
13.865313324272442,13.865313324272442,13.865313324272442,13.865313324272442,13.865313324272442,13.865313324272442,13.865313324272442,13.865313324272442,13.865313324272442,13.865313324272442,13.865313324272442,13.865313324272442,13.865313324272442,34.99365021765456,43.54595273960601,58.728187440104094,139.0,13.865313324272442,139.0,22.70149829177268,61.03900392372077,65.12722591632132,52.178156349185045,61.446236662630525,
13.865313324272442,13.865313324272442,13.865313324272442,13.865313324272442,13.865313324272442,13.865313324272442,13.865313324272442,13.865313324272442,13.865313324272442,13.865313324272442,13.865313324272442,13.865313324272442,46.984631056927064,65.12722591632132,139.0,13.865313324272442,63.33640343435993,40.07085561087703,13.865313324272442,31.989967563149513,50.02815533807549,61.544780444811074,28.649892260366567,13.865313324272442,
13.865313324272442,13.865313324272442,13.865313324272442,13.865313324272442,13.865313324272442,13.865313324272442,13.865313324272442,13.865313324272442,13.865313324272442,13.865313324272442,13.865313324272442,13.865313324272442,13.865313324272442,113.7651088866881,128.93495345414377,30.72108598287082,20.026371502485308,13.865313324272442,72.27378501227122,26.2888196923393,46.984631056927064,65.12722591632132,93.5708287876088,32.32361871032716,
13.865313324272442,13.865313324272442,13.865313324272442,13.865313324272442,13.865313324272442,13.865313324272442,13.865313324272442,13.865313324272442,13.865313324272442,13.865313324272442,13.865313324272442,13.865313324272442,17.124543789543708,61.544780444811074,45.7301869665979,23.04886114323222,21.592822881689184,28.722116913625985,42.617448463982996,43.001186504750386,50.830601019464645,56.07039226622985,68.44384559622581,44.982082600764954,
13.865313324272442,13.865313324272442,13.865313324272442,13.865313324272442,13.865313324272442,13.865313324272442,13.865313324272442,13.865313324272442,13.865313324272442,13.865313324272442,13.865313324272442,13.865313324272442,52.03097368128164,47.38406905279453,93.5708287876088,13.865313324272442,61.544780444811074,18.4457284475074,61.544780444811074,139.0,74.38118041547875,27.74813838212339,19.69912575612318,60.270685706697876,
13.865313324272442,13.865313324272442,13.865313324272442,13.865313324272442,13.865313324272442,13.865313324272442,13.865313324272442,13.865313324272442,13.865313324272442,13.865313324272442,13.865313324272442,13.865313324272442,17.030111313729712,13.865313324272442,93.5708287876088,54.638701989542554,49.69265539292502,13.865313324272442,52.44282601080914,23.481014132514765,39.42111986433192,13.865313324272442,28.268392964870262,42.068396689201265,
13.865313324272442,13.865313324272442,13.865313324272442,13.865313324272442,13.865313324272442,13.865313324272442,13.865313324272442,13.865313324272442,13.865313324272442,13.865313324272442,13.865313324272442,13.865313324272442,21.592822881689184,21.991816659839632,13.865313324272442,51.31276644267,13.865313324272442,28.324018076537094,50.44358785371591,13.865313324272442,16.699581822843683,43.694647523721045,27.536246983915287,21.592822881689184,
13.865313324272442,13.865313324272442,13.865313324272442,13.865313324272442,13.865313324272442,13.865313324272442,13.865313324272442,13.865313324272442,13.865313324272442,13.865313324272442,13.865313324272442,13.865313324272442,21.592822881689184,13.865313324272442,80.19077253649574,30.72108598287082,23.613137167974532,30.72108598287082,61.544780444811074,49.36147845795905,70.61790770681958,46.994812444505136,17.67738091229488,21.592822881689184,
13.865313324272442,13.865313324272442,13.865313324272442,13.865313324272442,13.865313324272442,13.865313324272442,13.865313324272442,13.865313324272442,13.865313324272442,13.865313324272442,13.865313324272442,13.865313324272442,21.592822881689184,21.592822881689184,46.84815898197068,18.4457284475074,18.945014654175214,13.865313324272442,77.48046348739933,13.865313324272442,89.5333581533845,67.60295851514192,15.580436450882884,23.04886114323222,
13.865313324272442,13.865313324272442,13.865313324272442,13.865313324272442,13.865313324272442,13.865313324272442,13.865313324272442,13.865313324272442,13.865313324272442,13.865313324272442,13.865313324272442,13.865313324272442,25.3256343474757,29.117047740727468,83.30966330504523,13.865313324272442,64.46316777819719,13.865313324272442,61.544780444811074,15.520181476318221,18.741664813991314,18.4457284475074,48.54705270694208,56.07039226622985,
13.865313324272442,13.865313324272442,13.865313324272442,13.865313324272442,13.865313324272442,13.865313324272442,13.865313324272442,13.865313324272442,13.865313324272442,13.865313324272442,13.865313324272442,13.865313324272442,27.74813838212339,13.865313324272442,67.70283206327306,27.74813838212339,14.65059725744995,28.119783466844513,16.899119708244577,48.49971363031148,68.44384559622581,54.137912595951775,45.53416299878587,27.74813838212339,
13.865313324272442,13.865313324272442,13.865313324272442,13.865313324272442,13.865313324272442,13.865313324272442,13.865313324272442,13.865313324272442,13.865313324272442,13.865313324272442,13.865313324272442,13.865313324272442,18.607525359380812,13.865313324272442,15.81265316131357,66.64082832618455,66.64082832618455,61.544780444811074,76.2506393415819,47.36412144229005,13.865313324272442,13.865313324272442,27.632509034750274,41.35516896350443,
13.865313324272442,13.865313324272442,13.865313324272442,13.865313324272442,13.865313324272442,13.865313324272442,13.865313324272442,13.865313324272442,13.865313324272442,13.865313324272442,13.865313324272442,13.865313324272442,23.79542439676633,65.12722591632132,36.45731480058749,58.728187440104094,39.81097311353886,47.2784306000104,15.137232325267911,52.40190057310392,34.99365021765456,59.46225693664847,33.04912855067715,13.865313324272442,
13.865313324272442,13.865313324272442,13.865313324272442,13.865313324272442,13.865313324272442,13.865313324272442,13.865313324272442,13.865313324272442,13.865313324272442,13.865313324272442,13.865313324272442,13.865313324272442,50.44358785371591,25.516701213446982,38.857288748558986,50.830601019464645,15.580436450882884,31.83713721089137,22.486440358580545,17.073804289009765,28.0,80.19077253649574,27.74813838212339,45.47553948396901,
13.865313324272442,13.865313324272442,13.865313324272442,13.865313324272442,13.865313324272442,13.865313324272442,13.865313324272442,13.865313324272442,13.865313324272442,13.865313324272442,13.865313324272442,13.865313324272442,30.017328328817005,28.409541369341508,48.03230205618222,59.46225693664847,40.06969237358306,46.61654256609264,13.865313324272442,40.02811511925087,60.19767437368324,33.04912855067715,18.4457284475074,13.865313324272442,
13.865313324272442,13.865313324272442,13.865313324272442,13.865313324272442,13.865313324272442,13.865313324272442,13.865313324272442,13.865313324272442,13.865313324272442,13.865313324272442,13.865313324272442,13.865313324272442,41.12612338515944,18.20324214779768,96.85843048261496,61.544780444811074,32.32361871032716,80.19077253649574,51.38248728895868,45.89144464230805,26.47293573691086,74.48154133743473,73.37233811185249,28.119783466844513,
13.865313324272442,13.865313324272442,13.865313324272442,13.865313324272442,13.865313324272442,13.865313324272442,13.865313324272442,13.865313324272442,13.865313324272442,13.865313324272442,13.865313324272442,13.865313324272442,69.33613776379529,93.5708287876088,27.74813838212339,66.64082832618455,62.89483285612579,75.36282608524945,33.13943605769751,72.27378501227122,13.865313324272442,68.44384559622581,23.04886114323222,139.0,
13.865313324272442,13.865313324272442,13.865313324272442,13.865313324272442,13.865313324272442,13.865313324272442,13.865313324272442,13.865313324272442,13.865313324272442,13.865313324272442,13.865313324272442,13.865313324272442,40.53519508792731,18.4457284475074,27.74813838212339,52.58152077042478,17.124543789543708,28.334013597275842,44.04795366668265,24.150569351466643,13.865313324272442,49.283022700830884,41.674332628129754,13.865313324272442,
13.865313324272442,13.865313324272442,13.865313324272442,13.865313324272442,13.865313324272442,13.865313324272442,13.865313324272442,13.865313324272442,13.865313324272442,13.865313324272442,13.865313324272442,13.865313324272442,66.64082832618455,13.865313324272442,39.588508433635134,21.592822881689184,27.685178991700038,27.74813838212339,76.64528687401463,93.5708287876088,50.23333310762924,71.28503037493604,61.81067868904207,33.949374073758705,
13.865313324272442,13.865313324272442,13.865313324272442,13.865313324272442,13.865313324272442,13.865313324272442,13.865313324272442,13.865313324272442,13.865313324272442,13.865313324272442,13.865313324272442,13.865313324272442,48.626695914441434,18.4457284475074,13.865313324272442,61.544780444811074,13.865313324272442,72.27378501227122,37.866079807658984,13.865313324272442,80.19077253649574,61.544780444811074,17.52732439911226,13.865313324272442,
13.865313324272442,13.865313324272442,13.865313324272442,13.865313324272442,13.865313324272442,13.865313324272442,13.865313324272442,13.865313324272442,13.865313324272442,13.865313324272442,13.865313324272442,13.865313324272442,23.44674817538671,15.736581585592216,30.852696622643684,39.588508433635134,39.26778811791503,21.592822881689184,27.74813838212339,97.38326344911634,21.592822881689184,83.30966330504523,56.07039226622985,76.64528687401463,
13.865313324272442,13.865313324272442,13.865313324272442,13.865313324272442,13.865313324272442,13.865313324272442,13.865313324272442,13.865313324272442,13.865313324272442,13.865313324272442,13.865313324272442,13.865313324272442,65.65228268858762,61.544780444811074,21.592822881689184,16.899119708244577,23.04886114323222,47.2784306000104,13.865313324272442,26.64113360951444,15.137232325267911,27.74813838212339,33.13943605769751,40.07085561087703,
13.865313324272442,13.865313324272442,13.865313324272442,13.865313324272442,13.865313324272442,13.865313324272442,13.865313324272442,13.865313324272442,13.865313324272442,13.865313324272442,13.865313324272442,13.865313324272442,13.865313324272442,13.865313324272442,139.0,55.05052225002048,61.544780444811074,13.865313324272442,27.74813838212339,20.958053344716916,55.04506502560851,30.083217912982647,27.74813838212339,61.544780444811074,
13.865313324272442,13.865313324272442,13.865313324272442,13.865313324272442,13.865313324272442,13.865313324272442,13.865313324272442,13.865313324272442,13.865313324272442,13.865313324272442,13.865313324272442,13.865313324272442,45.19752566823335,13.865313324272442,128.93495345414377,50.44358785371591,13.865313324272442,42.57046978786097,24.31915885887721,13.865313324272442,61.544780444811074,50.36824396383102,24.295061226512683,22.665441143340278,
13.865313324272442,13.865313324272442,13.865313324272442,13.865313324272442,13.865313324272442,13.865313324272442,13.865313324272442,13.865313324272442,13.865313324272442,13.865313324272442,13.865313324272442,13.865313324272442,85.51932854948964,31.423558041698588,61.544780444811074,33.13943605769751,69.33613776379529,18.4457284475074,70.11248105722689,21.592822881689184,21.592822881689184,59.41286804126603,41.25724178856362,24.642443060703215,
13.865313324272442,13.865313324272442,13.865313324272442,13.865313324272442,13.865313324272442,13.865313324272442,13.865313324272442,13.865313324272442,13.865313324272442,13.865313324272442,13.865313324272442,13.865313324272442,93.5708287876088,13.865313324272442,13.865313324272442,25.22399651125888,13.865313324272442,26.767517628648346,18.4457284475074,65.09522067788112,13.865313324272442,16.53027525481654,13.865313324272442,13.865313324272442,
13.865313324272442,13.865313324272442,13.865313324272442,13.865313324272442,13.865313324272442,13.865313324272442,13.865313324272442,13.865313324272442,13.865313324272442,13.865313324272442,13.865313324272442,13.865313324272442,52.380912554097414,60.270685706697876,18.4457284475074,47.256066303376706,24.67063031217484,13.865313324272442,47.80951788085716,68.44384559622581,13.865313324272442,70.11248105722689,16.806037801171176,61.544780444811074,
13.865313324272442,13.865313324272442,13.865313324272442,13.865313324272442,13.865313324272442,13.865313324272442,13.865313324272442,13.865313324272442,13.865313324272442,13.865313324272442,13.865313324272442,13.865313324272442,72.27378501227122,82.73753682579631,66.64082832618455,82.73753682579631,61.544780444811074,54.91593575639042,39.26778811791503,21.592822881689184,20.766559657295186,69.33613776379529,13.865313324272442,21.592822881689184,
13.865313324272442,13.865313324272442,13.865313324272442,13.865313324272442,13.865313324272442,13.865313324272442,13.865313324272442,13.865313324272442,13.865313324272442,13.865313324272442,13.865313324272442,13.865313324272442,27.74813838212339,27.17478860639893,14.26036551745284,21.592822881689184,61.544780444811074,15.736581585592216,63.33640343435993,13.865313324272442,27.74813838212339,13.865313324272442,46.33066600260456,29.48822740612863,
13.865313324272442,13.865313324272442,13.865313324272442,13.865313324272442,13.865313324272442,13.865313324272442,13.865313324272442,13.865313324272442,13.865313324272442,13.865313324272442,13.865313324272442,13.865313324272442,61.544780444811074,46.33066600260456,20.97146797760716,24.92869832141261,68.44384559622581,69.28924880528002,17.124543789543708,13.865313324272442,13.865313324272442,61.544780444811074,61.544780444811074,83.30966330504523,
13.865313324272442,13.865313324272442,13.865313324272442,13.865313324272442,13.865313324272442,13.865313324272442,13.865313324272442,13.865313324272442,13.865313324272442,13.865313324272442,13.865313324272442,13.865313324272442,54.45385406215267,26.77926229172284,76.2506393415819,13.865313324272442,13.865313324272442,61.544780444811074,21.592822881689184,119.28211191214808,27.536246983915287,60.67742578587197,98.39461367371692,68.44384559622581,
13.865313324272442,13.865313324272442,13.865313324272442,13.865313324272442,13.865313324272442,13.865313324272442,13.865313324272442,13.865313324272442,13.865313324272442,13.865313324272442,13.865313324272442,13.865313324272442,34.42221504913489,61.544780444811074,45.7301869665979,74.73620274003757,13.865313324272442,19.724491262274817,13.865313324272442,26.221280585729513,56.99614022019386,21.592822881689184,61.60994338551969,65.06150935845248,
13.865313324272442,13.865313324272442,13.865313324272442,13.865313324272442,13.865313324272442,13.865313324272442,13.865313324272442,13.865313324272442,13.865313324272442,13.865313324272442,13.865313324272442,13.865313324272442,65.65228268858762,115.1067137727229,97.36529155710468,13.865313324272442,82.73753682579631,54.638701989542554,13.865313324272442,13.865313324272442,102.24263081296155,13.865313324272442,128.93495345414377,20.61649824776264,
13.865313324272442,13.865313324272442,13.865313324272442,13.865313324272442,13.865313324272442,13.865313324272442,13.865313324272442,13.865313324272442,13.865313324272442,13.865313324272442,13.865313324272442,13.865313324272442,53.328124745662,20.85281755542881,102.24263081296155,21.592822881689184,14.26036551745284,26.47293573691086,15.186836405255704,73.55378984117677,23.04886114323222,13.865313324272442,93.5708287876088,16.509256662719725,
13.865313324272442,13.865313324272442,13.865313324272442,13.865313324272442,13.865313324272442,13.865313324272442,13.865313324272442,13.865313324272442,13.865313324272442,13.865313324272442,13.865313324272442,13.865313324272442,18.4457284475074,70.30903213670345,20.982135258357285,18.4457284475074,13.865313324272442,61.544780444811074,72.49110290235623,26.47293573691086,64.05341520949527,13.865313324272442,47.36412144229005,26.612870907874328,
13.865313324272442,13.865313324272442,13.865313324272442,13.865313324272442,13.865313324272442,13.865313324272442,13.865313324272442,13.865313324272442,13.865313324272442,13.865313324272442,13.865313324272442,13.865313324272442,72.4027623782408,76.64528687401463,21.783020910791965,78.9461842016446,40.02811511925087,139.0,95.29616991254159,15.137232325267911,13.865313324272442,28.13898486327825,28.644905519915717,13.865313324272442,
13.865313324272442,13.865313324272442,13.865313324272442,13.865313324272442,13.865313324272442,13.865313324272442,13.865313324272442,13.865313324272442,13.865313324272442,13.865313324272442,13.865313324272442,13.865313324272442,27.74813838212339,15.580436450882884,13.865313324272442,54.638701989542554,76.64528687401463,102.24263081296155,28.892040426387332,46.18861066434063,31.423558041698588,68.44384559622581,65.65228268858762,60.15443088880116,
13.865313324272442,13.865313324272442,13.865313324272442,13.865313324272442,13.865313324272442,13.865313324272442,13.865313324272442,13.865313324272442,13.865313324272442,13.865313324272442,13.865313324272442,13.865313324272442,15.736581585592216,23.58789708492236,50.44358785371591,21.592822881689184,54.04216460834591,65.12722591632132,44.04795366668265,13.865313324272442,18.4457284475074,78.9461842016446,13.865313324272442,39.834030677299026,
13.865313324272442,13.865313324272442,13.865313324272442,13.865313324272442,13.865313324272442,13.865313324272442,13.865313324272442,13.865313324272442,13.865313324272442,13.865313324272442,13.865313324272442,13.865313324272442,82.73753682579631,61.544780444811074,14.63693957082559,21.592822881689184,15.21147227880618,27.74813838212339,20.766559657295186,72.27378501227122,61.544780444811074,19.981241202688086,61.03900392372077,139.0,
13.865313324272442,13.865313324272442,13.865313324272442,13.865313324272442,13.865313324272442,13.865313324272442,13.865313324272442,13.865313324272442,13.865313324272442,13.865313324272442,13.865313324272442,13.865313324272442,39.860255894813314,24.642443060703215,16.53027525481654,39.588508433635134,44.966200458494036,42.80057112806894,59.718044994450246,53.789961888813416,61.544780444811074,13.865313324272442,119.28211191214808,43.413065025128475,
13.865313324272442,13.865313324272442,13.865313324272442,13.865313324272442,13.865313324272442,13.865313324272442,13.865313324272442,13.865313324272442,13.865313324272442,13.865313324272442,13.865313324272442,13.865313324272442,30.04396778057119,47.36412144229005,13.865313324272442,27.74813838212339,98.01785551622724,76.75212628252645,13.865313324272442,65.12722591632132,58.29665513560791,23.04886114323222,45.19752566823335,14.63693957082559,
13.865313324272442,13.865313324272442,13.865313324272442,13.865313324272442,13.865313324272442,13.865313324272442,13.865313324272442,13.865313324272442,13.865313324272442,13.865313324272442,13.865313324272442,13.865313324272442,85.51932854948964,102.24263081296155,21.592822881689184,66.64082832618455,13.865313324272442,93.5708287876088,49.36147845795905,54.638701989542554,98.39461367371692,40.85203653294275,40.630530392796985,46.16877251514875,
13.865313324272442,13.865313324272442,13.865313324272442,13.865313324272442,13.865313324272442,13.865313324272442,13.865313324272442,13.865313324272442,13.865313324272442,13.865313324272442,13.865313324272442,13.865313324272442,70.30903213670345,13.865313324272442,77.01010034765281,52.80861672113747,13.865313324272442,76.64528687401463,24.630062931304092,41.79077811913137,13.865313324272442,85.76421165031485,102.24263081296155,23.04886114323222,
13.865313324272442,13.865313324272442,13.865313324272442,13.865313324272442,13.865313324272442,13.865313324272442,13.865313324272442,13.865313324272442,13.865313324272442,13.865313324272442,13.865313324272442,13.865313324272442,65.65228268858762,54.638701989542554,22.620200471873698,15.825296205758677,85.51932854948964,13.865313324272442,102.24263081296155,23.00086954878011,21.592822881689184,13.865313324272442,21.592822881689184,23.04886114323222,
13.865313324272442,13.865313324272442,13.865313324272442,13.865313324272442,13.865313324272442,13.865313324272442,13.865313324272442,13.865313324272442,13.865313324272442,13.865313324272442,13.865313324272442,13.865313324272442,61.544780444811074,21.592822881689184,26.47293573691086,26.47293573691086,131.75819603433487,52.73755777432247,60.43637609549033,65.65228268858762,23.79542439676633,34.61574786134195,57.873655491942095,58.20126935988631,
13.865313324272442,13.865313324272442,13.865313324272442,13.865313324272442,13.865313324272442,13.865313324272442,13.865313324272442,13.865313324272442,13.865313324272442,13.865313324272442,13.865313324272442,13.865313324272442,13.865313324272442,77.15712684011908,61.544780444811074,139.0,60.67742578587197,59.30733512812728,72.27378501227122,23.04886114323222,13.865313324272442,13.865313324272442,16.990919869880244,102.24263081296155,
13.865313324272442,13.865313324272442,13.865313324272442,13.865313324272442,13.865313324272442,13.865313324272442,13.865313324272442,13.865313324272442,13.865313324272442,13.865313324272442,13.865313324272442,13.865313324272442,47.838269199459965,13.865313324272442,21.592822881689184,47.58413601191052,102.24263081296155,23.04886114323222,43.001186504750386,72.27378501227122,13.865313324272442,13.865313324272442,26.47293573691086,49.36147845795905,
13.865313324272442,13.865313324272442,13.865313324272442,13.865313324272442,13.865313324272442,13.865313324272442,13.865313324272442,13.865313324272442,13.865313324272442,13.865313324272442,13.865313324272442,13.865313324272442,48.03230205618222,35.11466929931136,61.544780444811074,33.508451568680584,97.12105847858126,91.62401431939118,15.538339679644025,27.87715556632591,76.1723192650862,13.865313324272442,21.592822881689184,13.865313324272442,
13.865313324272442,13.865313324272442,13.865313324272442,13.865313324272442,13.865313324272442,13.865313324272442,13.865313324272442,13.865313324272442,13.865313324272442,13.865313324272442,13.865313324272442,13.865313324272442,33.04912855067715,13.865313324272442,50.77893263943227,115.1067137727229,23.981285220278053,26.47293573691086,70.08922884438093,16.899119708244577,139.0,39.588508433635134,48.076894191514086,28.206032101548423,
13.865313324272442,13.865313324272442,13.865313324272442,13.865313324272442,13.865313324272442,13.865313324272442,13.865313324272442,13.865313324272442,13.865313324272442,13.865313324272442,13.865313324272442,13.865313324272442,46.17004948435462,18.741664813991314,68.44384559622581,14.522864051106227,40.36530719183688,93.5708287876088,20.766559657295186,76.2506393415819,85.76421165031485,21.592822881689184,13.865313324272442,102.24263081296155,
13.865313324272442,13.865313324272442,13.865313324272442,13.865313324272442,13.865313324272442,13.865313324272442,13.865313324272442,13.865313324272442,13.865313324272442,13.865313324272442,13.865313324272442,13.865313324272442,61.544780444811074,15.580436450882884,139.0,66.64082832618455,61.544780444811074,68.44384559622581,21.592822881689184,36.69544325329176,72.27378501227122,13.865313324272442,102.24263081296155,18.4457284475074,
13.865313324272442,13.865313324272442,13.865313324272442,13.865313324272442,13.865313324272442,13.865313324272442,13.865313324272442,13.865313324272442,13.865313324272442,13.865313324272442,13.865313324272442,13.865313324272442,22.073740054644116,61.544780444811074,139.0,50.923690186613754,55.05052225002048,26.315394733881533,49.215444730287665,15.538339679644025,54.638701989542554,54.638701989542554,37.87519785090103,52.58152077042478,
13.865313324272442,13.865313324272442,13.865313324272442,13.865313324272442,13.865313324272442,13.865313324272442,13.865313324272442,13.865313324272442,13.865313324272442,13.865313324272442,13.865313324272442,13.865313324272442,13.865313324272442,28.35921187126299,25.135681194982613,15.703239028185598,97.12105847858126,61.544780444811074,29.48822740612863,18.4457284475074,139.0,15.062404624025051,20.568370164883493,21.592822881689184,
13.865313324272442,13.865313324272442,13.865313324272442,13.865313324272442,13.865313324272442,13.865313324272442,13.865313324272442,13.865313324272442,13.865313324272442,13.865313324272442,13.865313324272442,13.865313324272442,15.736581585592216,13.865313324272442,62.30995596407446,47.2784306000104,71.28503037493604,13.865313324272442,23.499891445689354,61.81067868904207,44.9839477542329,39.588508433635134,83.30966330504523,21.592822881689184,
13.865313324272442,13.865313324272442,13.865313324272442,13.865313324272442,13.865313324272442,13.865313324272442,13.865313324272442,13.865313324272442,13.865313324272442,13.865313324272442,13.865313324272442,13.865313324272442,59.99251654011796,119.28211191214808,27.74813838212339,21.592822881689184,139.0,13.865313324272442,13.865313324272442,28.89636655359978,17.6136310850432,17.089632984811452,79.60251252316097,36.145962599506156,
13.865313324272442,13.865313324272442,13.865313324272442,13.865313324272442,13.865313324272442,13.865313324272442,13.865313324272442,13.865313324272442,13.865313324272442,13.865313324272442,13.865313324272442,13.865313324272442,43.54595273960601,48.03230205618222,21.592822881689184,13.865313324272442,68.44384559622581,43.82711861998929,65.19884116216245,72.27378501227122,65.12722591632132,21.592822881689184,44.04795366668265,58.20126935988631,
13.865313324272442,13.865313324272442,13.865313324272442,13.865313324272442,13.865313324272442,13.865313324272442,13.865313324272442,13.865313324272442,13.865313324272442,13.865313324272442,13.865313324272442,13.865313324272442,38.87618840230299,13.865313324272442,93.5708287876088,50.36824396383102,13.865313324272442,31.423558041698588,23.79542439676633,21.592822881689184,22.073740054644116,76.2506393415819,16.240381768911714,21.592822881689184,
13.865313324272442,13.865313324272442,13.865313324272442,13.865313324272442,13.865313324272442,13.865313324272442,13.865313324272442,13.865313324272442,13.865313324272442,13.865313324272442,13.865313324272442,13.865313324272442,98.39461367371692,13.865313324272442,52.50811404741487,57.617358495508974,47.36412144229005,19.83053201505194,46.61654256609264,139.0,16.899119708244577,13.865313324272442,35.82596823534571,68.44384559622581,
13.865313324272442,13.865313324272442,13.865313324272442,13.865313324272442,13.865313324272442,13.865313324272442,13.865313324272442,13.865313324272442,13.865313324272442,13.865313324272442,13.865313324272442,13.865313324272442,57.31928122368598,65.00384604006135,44.982082600764954,13.865313324272442,16.681847129998495,13.865313324272442,41.17341375208036,58.75848874843532,39.588508433635134,55.489657061621195,64.05341520949527,21.592822881689184,
13.865313324272442,13.865313324272442,13.865313324272442,13.865313324272442,13.865313324272442,13.865313324272442,13.865313324272442,13.865313324272442,13.865313324272442,13.865313324272442,13.865313324272442,13.865313324272442,131.75819603433487,55.05052225002048,15.538339679644025,50.753215552208005,139.0,68.44384559622581,60.15443088880116,26.221280585729513,27.10424321024293,23.495531490051462,50.44358785371591,45.37865381676964,
13.865313324272442,13.865313324272442,13.865313324272442,13.865313324272442,13.865313324272442,13.865313324272442,13.865313324272442,13.865313324272442,13.865313324272442,13.865313324272442,13.865313324272442,13.865313324272442,77.12471862005218,65.83481011001871,50.44358785371591,46.70712531890135,33.534393621408384,17.820781321636275,13.865313324272442,13.865313324272442,139.0,26.762752062506273,18.607525359380812,24.311314238436392,
13.865313324272442,13.865313324272442,13.865313324272442,13.865313324272442,13.865313324272442,13.865313324272442,13.865313324272442,13.865313324272442,13.865313324272442,13.865313324272442,13.865313324272442,13.865313324272442,54.45385406215267,27.74813838212339,34.99365021765456,14.795728445970937,78.00320506235626,21.592822881689184,40.98475326264634,41.17341375208036,27.74813838212339,37.07087805811996,61.03900392372077,20.19092542177686,
13.865313324272442,13.865313324272442,13.865313324272442,13.865313324272442,13.865313324272442,13.865313324272442,13.865313324272442,13.865313324272442,13.865313324272442,13.865313324272442,13.865313324272442,13.865313324272442,103.2935407252339,46.61783159073599,65.00384604006135,66.64082832618455,50.44358785371591,74.73620274003757,65.65228268858762,21.592822881689184,27.74813838212339,13.865313324272442,21.592822881689184,24.770053604212396,
13.865313324272442,13.865313324272442,13.865313324272442,13.865313324272442,13.865313324272442,13.865313324272442,13.865313324272442,13.865313324272442,13.865313324272442,13.865313324272442,13.865313324272442,13.865313324272442,59.46225693664847,32.235105720570026,83.30966330504523,26.315394733881533,34.055249228276104,139.0,23.04886114323222,74.48154133743473,13.865313324272442,30.535043620222467,43.78641341786285,74.95480119526849,
13.865313324272442,13.865313324272442,13.865313324272442,13.865313324272442,13.865313324272442,13.865313324272442,13.865313324272442,13.865313324272442,13.865313324272442,13.865313324272442,13.865313324272442,13.865313324272442,56.07039226622985,21.592822881689184,51.11571506425996,23.04886114323222,72.27378501227122,22.720915474513784,68.44384559622581,21.592822881689184,33.04912855067715,74.73620274003757,61.544780444811074,26.47293573691086,
13.865313324272442,13.865313324272442,13.865313324272442,13.865313324272442,13.865313324272442,13.865313324272442,13.865313324272442,13.865313324272442,13.865313324272442,13.865313324272442,13.865313324272442,13.865313324272442,14.522864051106227,25.865034312755125,13.865313324272442,48.96896143143603,22.954060400915758,38.51046033943967,139.0,40.13618791373832,23.04886114323222,71.28503037493604,13.865313324272442,21.592822881689184,
13.865313324272442,13.865313324272442,13.865313324272442,13.865313324272442,13.865313324272442,13.865313324272442,13.865313324272442,13.865313324272442,13.865313324272442,13.865313324272442,13.865313324272442,13.865313324272442,22.852722235660394,102.24263081296155,43.632584946755124,68.44384559622581,139.0,65.65228268858762,61.0,60.67742578587197,18.4457284475074,86.78571310993532,61.544780444811074,57.94729406011025,
13.865313324272442,13.865313324272442,13.865313324272442,13.865313324272442,13.865313324272442,13.865313324272442,13.865313324272442,13.865313324272442,13.865313324272442,13.865313324272442,13.865313324272442,13.865313324272442,56.07039226622985,54.638701989542554,65.00384604006135,16.016004392301312,13.865313324272442,23.90083680543424,40.24516703143068,81.8772794424002,68.01143694670445,32.218007387174026,61.544780444811074,65.35203813875195,
13.865313324272442,13.865313324272442,13.865313324272442,13.865313324272442,13.865313324272442,13.865313324272442,13.865313324272442,13.865313324272442,13.865313324272442,13.865313324272442,13.865313324272442,13.865313324272442,77.15712684011908,60.15443088880116,66.64082832618455,33.508451568680584,22.050850323740352,13.865313324272442,56.382621436041795,22.082572313931184,68.01837986897365,55.10217781540037,68.44384559622581,42.961301998283936,
13.865313324272442,13.865313324272442,13.865313324272442,13.865313324272442,13.865313324272442,13.865313324272442,13.865313324272442,13.865313324272442,13.865313324272442,13.865313324272442,13.865313324272442,13.865313324272442,13.865313324272442,69.33613776379529,60.15443088880116,131.75819603433487,40.819687818260526,61.544780444811074,40.07085561087703,77.15712684011908,61.544780444811074,69.33613776379529,18.254375426790755,21.592822881689184,
13.865313324272442,13.865313324272442,13.865313324272442,13.865313324272442,13.865313324272442,13.865313324272442,13.865313324272442,13.865313324272442,13.865313324272442,13.865313324272442,13.865313324272442,13.865313324272442,13.865313324272442,69.22831790531964,13.865313324272442,71.71443369364356,101.70427719619268,50.44358785371591,98.39461367371692,93.5708287876088,27.74813838212339,16.468366664357337,105.41584321154008,68.01837986897365,
13.865313324272442,13.865313324272442,13.865313324272442,13.865313324272442,13.865313324272442,13.865313324272442,13.865313324272442,13.865313324272442,13.865313324272442,13.865313324272442,13.865313324272442,13.865313324272442,23.04886114323222,23.14462074408987,68.44384559622581,30.574766172950728,21.592822881689184,61.544780444811074,13.865313324272442,16.475436261295176,13.865313324272442,71.20505600025885,20.661887141471702,68.44384559622581,
13.865313324272442,13.865313324272442,13.865313324272442,13.865313324272442,13.865313324272442,13.865313324272442,13.865313324272442,13.865313324272442,13.865313324272442,13.865313324272442,13.865313324272442,13.865313324272442,19.50481658007799,23.04886114323222,73.24100557719825,45.19752566823335,18.21098569545317,47.302807057885644,70.30903213670345,66.64082832618455,77.12471862005218,42.192972324550055,73.35775350976881,15.736581585592216,
13.865313324272442,13.865313324272442,13.865313324272442,13.865313324272442,13.865313324272442,13.865313324272442,13.865313324272442,13.865313324272442,13.865313324272442,13.865313324272442,13.865313324272442,13.865313324272442,13.865313324272442,65.65228268858762,13.865313324272442,13.865313324272442,77.15712684011908,58.728187440104094,69.33613776379529,93.5708287876088,16.996353522383888,21.592822881689184,24.642443060703215,68.01837986897365,
13.865313324272442,13.865313324272442,13.865313324272442,13.865313324272442,13.865313324272442,13.865313324272442,13.865313324272442,13.865313324272442,13.865313324272442,13.865313324272442,13.865313324272442,13.865313324272442,13.865313324272442,60.543831688748895,61.544780444811074,102.24263081296155,83.30966330504523,40.07085561087703,78.46973939041725,61.544780444811074,63.33640343435993,76.2506393415819,23.000869548780106,13.865313324272442,
13.865313324272442,13.865313324272442,13.865313324272442,13.865313324272442,13.865313324272442,13.865313324272442,13.865313324272442,13.865313324272442,13.865313324272442,13.865313324272442,13.865313324272442,13.865313324272442,42.138740719055136,21.592822881689184,32.235105720570026,128.93495345414377,93.5708287876088,23.935097428021653,43.54595273960601,139.0,13.865313324272442,42.624128454792036,61.544780444811074,34.42221504913489,
13.865313324272442,13.865313324272442,13.865313324272442,13.865313324272442,13.865313324272442,13.865313324272442,13.865313324272442,13.865313324272442,13.865313324272442,13.865313324272442,13.865313324272442,13.865313324272442,52.58152077042478,13.865313324272442,47.98842453018111,86.39155051276717,16.996353522383888,50.44358785371591,45.78164679949236,13.865313324272442,93.5708287876088,103.2935407252339,15.580436450882884,27.74813838212339,
13.865313324272442,13.865313324272442,13.865313324272442,13.865313324272442,13.865313324272442,13.865313324272442,13.865313324272442,13.865313324272442,13.865313324272442,13.865313324272442,13.865313324272442,13.865313324272442,76.64528687401463,19.638570960936928,46.61783159073599,40.02811511925087,26.47293573691086,83.30966330504523,119.28211191214808,52.58152077042478,102.24263081296155,25.135681194982613,74.73620274003757,29.180472922829747,
13.865313324272442,13.865313324272442,13.865313324272442,13.865313324272442,13.865313324272442,13.865313324272442,13.865313324272442,13.865313324272442,13.865313324272442,13.865313324272442,13.865313324272442,13.865313324272442,127.0,22.499931412789838,76.64528687401463,23.499891445689354,22.74615912856588,26.47293573691086,33.949374073758705,22.729716232280598,16.680527569594435,21.34432587161235,18.741664813991314,41.17341375208036,
13.865313324272442,13.865313324272442,13.865313324272442,13.865313324272442,13.865313324272442,13.865313324272442,13.865313324272442,13.865313324272442,13.865313324272442,13.865313324272442,13.865313324272442,13.865313324272442,76.64528687401463,65.12722591632132,61.03900392372077,139.0,13.865313324272442,38.538580957557606,67.08866438444642,27.74813838212339,13.865313324272442,26.221280585729513,39.26778811791503,15.580436450882884,
13.865313324272442,13.865313324272442,13.865313324272442,13.865313324272442,13.865313324272442,13.865313324272442,13.865313324272442,13.865313324272442,13.865313324272442,13.865313324272442,13.865313324272442,13.865313324272442,68.44384559622581,33.949374073758705,65.12722591632132,22.677080940897135,46.61654256609264,139.0,26.47293573691086,18.607525359380812,38.881904134646014,65.12722591632132,13.865313324272442,34.99365021765456,
13.865313324272442,13.865313324272442,13.865313324272442,13.865313324272442,13.865313324272442,13.865313324272442,13.865313324272442,13.865313324272442,13.865313324272442,13.865313324272442,13.865313324272442,13.865313324272442,68.01837986897365,66.64082832618455,21.783020910791965,66.64082832618455,44.04795366668265,15.580436450882884,61.544780444811074,18.607525359380812,30.465533974158053,54.45385406215267,80.13089291902342,49.69293465978882,
13.865313324272442,13.865313324272442,13.865313324272442,13.865313324272442,13.865313324272442,13.865313324272442,13.865313324272442,13.865313324272442,13.865313324272442,13.865313324272442,13.865313324272442,13.865313324272442,52.58152077042478,139.0,34.42221504913489,83.30966330504523,26.221280585729513,33.04912855067715,45.19752566823335,51.46416228794558,45.24992326574218,65.65228268858762,98.01785551622724,36.820510588529324,
13.865313324272442,13.865313324272442,13.865313324272442,13.865313324272442,13.865313324272442,13.865313324272442,13.865313324272442,13.865313324272442,13.865313324272442,13.865313324272442,13.865313324272442,13.865313324272442,57.03702501202375,93.5708287876088,13.865313324272442,47.67132844336893,61.03900392372077,78.00320506235626,68.44384559622581,26.604557300128157,56.07039226622985,115.1067137727229,65.35203813875195,13.865313324272442,
13.865313324272442,13.865313324272442,13.865313324272442,13.865313324272442,13.865313324272442,13.865313324272442,13.865313324272442,13.865313324272442,13.865313324272442,13.865313324272442,13.865313324272442,13.865313324272442,139.0,19.50481658007799,26.47293573691086,13.865313324272442,49.96554368317786,72.98553890250375,27.74813838212339,58.728187440104094,22.03588543520728,13.865313324272442,139.0,65.65228268858762,
13.865313324272442,13.865313324272442,13.865313324272442,13.865313324272442,13.865313324272442,13.865313324272442,13.865313324272442,13.865313324272442,13.865313324272442,13.865313324272442,13.865313324272442,13.865313324272442,44.9839477542329,13.865313324272442,27.74813838212339,81.24364967334309,13.865313324272442,93.5708287876088,65.7892257305269,71.28503037493604,13.865313324272442,45.24992326574218,97.0,18.4457284475074,
13.865313324272442,13.865313324272442,13.865313324272442,13.865313324272442,13.865313324272442,13.865313324272442,13.865313324272442,13.865313324272442,13.865313324272442,13.865313324272442,13.865313324272442,13.865313324272442,13.865313324272442,47.31014690317501,18.4457284475074,13.865313324272442,44.813445504214286,83.30966330504523,40.07085561087703,50.2681697388008,13.865313324272442,13.865313324272442,115.1067137727229,21.592822881689184,
13.865313324272442,13.865313324272442,13.865313324272442,13.865313324272442,13.865313324272442,13.865313324272442,13.865313324272442,13.865313324272442,13.865313324272442,13.865313324272442,13.865313324272442,13.865313324272442,65.65228268858762,25.14040572464971,74.38118041547875,52.66838884637985,131.75819603433487,20.766559657295186,21.783020910791965,67.82493805542488,56.382621436041795,13.865313324272442,13.865313324272442,139.0,
13.865313324272442,13.865313324272442,13.865313324272442,13.865313324272442,13.865313324272442,13.865313324272442,13.865313324272442,13.865313324272442,13.865313324272442,13.865313324272442,13.865313324272442,13.865313324272442,13.865313324272442,45.667883195475085,23.79542439676633,23.79542439676633,60.70831903454419,14.65059725744995,28.488247522681704,43.38458507606385,45.00430818379548,61.544780444811074,72.71148464995058,46.682140291788485,
13.865313324272442,13.865313324272442,13.865313324272442,13.865313324272442,13.865313324272442,13.865313324272442,13.865313324272442,13.865313324272442,13.865313324272442,13.865313324272442,13.865313324272442,13.865313324272442,77.15712684011908,23.90083680543424,13.865313324272442,77.15712684011908,21.592822881689184,45.54294676456499,28.04353757998445,23.79542439676633,80.19077253649574,65.20906549109733,97.38326344911634,27.166609861335747,
13.865313324272442,13.865313324272442,13.865313324272442,13.865313324272442,13.865313324272442,13.865313324272442,13.865313324272442,13.865313324272442,13.865313324272442,13.865313324272442,13.865313324272442,13.865313324272442,22.852722235660394,56.07039226622985,17.879414682470877,42.118879377305376,13.865313324272442,69.33613776379529,22.826300620118012,61.544780444811074,50.44358785371591,13.865313324272442,83.30966330504523,27.632509034750274,
13.865313324272442,13.865313324272442,13.865313324272442,13.865313324272442,13.865313324272442,13.865313324272442,13.865313324272442,13.865313324272442,13.865313324272442,13.865313324272442,13.865313324272442,13.865313324272442,102.24263081296155,72.27378501227122,56.99614022019386,103.2935407252339,85.76421165031485,13.865313324272442,76.64528687401463,34.42221504913489,33.28663395418648,23.156856436053666,13.865313324272442,139.0,
13.865313324272442,13.865313324272442,13.865313324272442,13.865313324272442,13.865313324272442,13.865313324272442,13.865313324272442,13.865313324272442,13.865313324272442,13.865313324272442,13.865313324272442,13.865313324272442,39.26778811791503,13.865313324272442,23.013111605889456,18.4457284475074,13.865313324272442,103.52052936495254,23.04886114323222,61.544780444811074,46.87020723797381,13.865313324272442,13.865313324272442,13.865313324272442,
13.865313324272442,13.865313324272442,13.865313324272442,13.865313324272442,13.865313324272442,13.865313324272442,13.865313324272442,13.865313324272442,13.865313324272442,13.865313324272442,13.865313324272442,13.865313324272442,24.340090386027736,21.669800343186836,56.99614022019386,17.879414682470877,21.592822881689184,33.486713783230506,26.11134751666031,102.24263081296155,81.05245215291146,13.865313324272442,21.592822881689184,40.37523993736755,
13.865313324272442,13.865313324272442,13.865313324272442,13.865313324272442,13.865313324272442,13.865313324272442,13.865313324272442,13.865313324272442,13.865313324272442,13.865313324272442,13.865313324272442,13.865313324272442,44.982082600764954,54.45385406215267,13.865313324272442,131.75819603433487,50.062410029474044,23.90083680543424,102.24263081296155,68.44384559622581,18.644122553371183,61.544780444811074,139.0,33.25166867072621,
13.865313324272442,13.865313324272442,13.865313324272442,13.865313324272442,13.865313324272442,13.865313324272442,13.865313324272442,13.865313324272442,13.865313324272442,13.865313324272442,13.865313324272442,13.865313324272442,46.984631056927064,13.865313324272442,82.73753682579631,28.644905519915717,65.65228268858762,47.578986958530336,21.592822881689184,44.982082600764954,21.592822881689184,42.04164601915581,16.899119708244577,24.642443060703215,
13.865313324272442,13.865313324272442,13.865313324272442,13.865313324272442,13.865313324272442,13.865313324272442,13.865313324272442,13.865313324272442,13.865313324272442,13.865313324272442,13.865313324272442,13.865313324272442,97.05926024857185,17.77083197646645,91.34637376491746,27.77386820560004,23.82750511488771,66.64082832618455,13.865313324272442,50.18521251878441,141.0,43.846322536787504,41.92718555888158,13.865313324272442,
