<<<<<<< HEAD
84.34743502868577,69.03976966878125,76.8296817642765,69.1728912861743,84.99647051495727,89.53325684700995,56.88011022119692,49.19286025430926,93.28585101718267,35.3949148890063,57.7408001330082,9.99999999E8,35.62181326444393,80.95609235189708,66.94540686260709,116.02241162809882,78.58519359943847,74.81711034248784,93.20348109855601,101.97158467746127,108.54287427351257,65.33710660872579,114.58446666106188,54.17506345173949,
35.3949148890063,35.62181326444393,49.19286025430926,54.17506345173949,56.88011022119692,57.7408001330082,65.33710660872579,66.94540686260709,69.03976966878125,69.1728912861743,74.81711034248784,76.8296817642765,62.73597428219157,55.0989009771419,94.52454119903936,51.915797210483056,76.44892085569292,44.474445824101586,125.02499750049988,38.25816906230616,54.24208773298326,119.51661902104755,45.76680019402711,56.52484277943344,
35.3949148890063,35.62181326444393,38.25816906230616,44.474445824101586,45.76680019402711,49.19286025430926,51.915797210483056,54.17506345173949,54.24208773298326,55.0989009771419,56.52484277943344,56.88011022119692,60.5511147709107,49.19286025430926,86.05764560657548,59.876003561269314,92.62409093870893,49.19286025430926,35.62181326444393,35.99218665210548,62.058037352143195,38.99889203870943,42.03807797699605,92.93307030091901,
35.3949148890063,35.62181326444393,35.62181326444393,35.99218665210548,38.25816906230616,38.99889203870943,42.03807797699605,44.474445824101586,45.76680019402711,49.19286025430926,49.19286025430926,49.19286025430926,76.66974631495789,54.12228951386131,90.39866352633173,112.64657118616616,34.13850465383626,35.53431440171598,80.00347214687345,70.9581653123148,59.32303281375812,34.00363088818967,107.90839736657303,97.06312379065491,
34.00363088818967,34.13850465383626,35.3949148890063,35.53431440171598,35.62181326444393,35.62181326444393,35.99218665210548,38.25816906230616,38.99889203870943,42.03807797699605,44.474445824101586,45.76680019402711,51.18593556827891,57.799221448043745,77.84857095669771,93.20348109855601,33.25964644479332,35.62181326444393,97.34931375664077,50.02468526440191,116.02068781040732,24.417662095749915,53.301031884945715,81.55174737551611,
24.417662095749915,33.25964644479332,34.00363088818967,34.13850465383626,35.3949148890063,35.53431440171598,35.62181326444393,35.62181326444393,35.62181326444393,35.99218665210548,38.25816906230616,38.99889203870943,51.327281205206724,71.0400686797577,35.62181326444393,50.596686565011595,74.3989247234125,33.25964644479332,64.96874248436706,65.75868065611303,125.01499910010799,63.7589209444451,60.44780806613255,71.36768833845966,
24.417662095749915,33.25964644479332,33.25964644479332,34.00363088818967,34.13850465383626,35.3949148890063,35.53431440171598,35.62181326444393,35.62181326444393,35.62181326444393,35.62181326444393,35.99218665210548,42.72261956179914,59.74401173988495,80.78846149175068,97.06312379065491,59.36536796466646,56.10347582815168,91.43084818593778,35.62181326444393,95.67595773698265,45.5697267931244,62.164600055015235,86.31801665932785,
24.417662095749915,33.25964644479332,33.25964644479332,34.00363088818967,34.13850465383626,35.3949148890063,35.53431440171598,35.62181326444393,35.62181326444393,35.62181326444393,35.62181326444393,35.62181326444393,47.54931650402558,32.755724690502575,95.32182331449603,81.58239699837215,89.4502483997418,59.56415775354243,84.32081593533118,24.417662095749915,87.8108763195084,54.662601474865795,74.41060072328405,35.611795798583366,
24.417662095749915,24.417662095749915,32.755724690502575,33.25964644479332,33.25964644479332,34.00363088818967,34.13850465383626,35.3949148890063,35.53431440171598,35.611795798583366,35.62181326444393,35.62181326444393,45.823574718696925,49.982037589844744,55.54799948615233,94.52454119903936,57.525839604670026,33.25964644479332,24.462982238476158,87.64448388549934,52.73305898773636,115.2226106282964,35.53431440171598,33.25964644479332,
24.417662095749915,24.417662095749915,24.462982238476158,32.755724690502575,33.25964644479332,33.25964644479332,33.25964644479332,33.25964644479332,34.00363088818967,34.13850465383626,35.3949148890063,35.53431440171598,59.31481192400636,94.2443632266673,35.52349035985821,86.31801665932785,94.65845034766957,36.289303937205986,89.0723800562716,47.59811179987689,66.82767016737903,35.3949148890063,33.58449593706803,52.545801207040284,
24.417662095749915,24.417662095749915,24.462982238476158,32.755724690502575,33.25964644479332,33.25964644479332,33.25964644479332,33.25964644479332,33.58449593706803,34.00363088818967,34.13850465383626,35.3949148890063,33.25964644479332,34.257557515292596,48.51739378820754,33.25964644479332,44.66943053914341,134.82169294623506,34.44960827359408,4.0,34.68105405266803,94.52454119903936,78.03332621386839,50.51651578787811,
4.0,24.417662095749915,24.417662095749915,24.462982238476158,32.755724690502575,33.25964644479332,33.25964644479332,33.25964644479332,33.25964644479332,33.25964644479332,33.25964644479332,33.58449593706803,9.99999999E8,62.94150183353766,108.3662770422607,60.72352870819935,9.99999999E8,49.082948184365776,108.3662770422607,107.54161985017709,49.509819452531055,86.31801665932785,95.15907733894859,43.95949840478165,
4.0,24.417662095749915,24.417662095749915,24.462982238476158,32.755724690502575,33.25964644479332,33.25964644479332,33.25964644479332,33.25964644479332,33.25964644479332,33.25964644479332,33.58449593706803,76.18890995413965,67.94265288927606,65.12781781283037,46.50537603331468,106.0978322115961,44.02854070593545,78.09993597948721,33.25964644479332,94.65845034766957,49.60721755004862,119.51661902104755,49.100803342602134,
4.0,24.417662095749915,24.417662095749915,24.462982238476158,32.755724690502575,33.25964644479332,33.25964644479332,33.25964644479332,33.25964644479332,33.25964644479332,33.25964644479332,33.25964644479332,34.68105405266803,33.25964644479332,71.34579330431629,36.931265444700635,33.25964644479332,33.25964644479332,84.9801897683291,54.63413666279435,33.25964644479332,97.06312379065491,74.21739837950548,24.071508054129055,
4.0,24.071508054129055,24.417662095749915,24.417662095749915,24.462982238476158,32.755724690502575,33.25964644479332,33.25964644479332,33.25964644479332,33.25964644479332,33.25964644479332,33.25964644479332,53.16389752454197,87.8108763195084,42.65486490425213,80.46954044093647,48.58240422210494,62.982342844674186,70.5804505511264,57.4929343484919,68.77232476120918,78.4219357067906,63.7589209444451,46.58755198548213,
4.0,24.071508054129055,24.417662095749915,24.417662095749915,24.462982238476158,32.755724690502575,33.25964644479332,33.25964644479332,33.25964644479332,33.25964644479332,33.25964644479332,33.25964644479332,24.417662095749915,33.25964644479332,70.5804505511264,86.54221834200666,32.755724690502575,97.06312379065491,70.86889303495575,34.514087301016986,87.73397289533855,91.7345203411574,33.089478391883326,98.54339145777357,
4.0,24.071508054129055,24.417662095749915,24.417662095749915,24.417662095749915,24.462982238476158,32.755724690502575,32.755724690502575,33.089478391883326,33.25964644479332,33.25964644479332,33.25964644479332,24.417662095749915,89.00312104390248,35.35014360736353,35.89150317275664,77.55481932156118,43.805405833605896,34.514087301016986,24.417662095749915,71.0868970962688,97.05439482865037,49.418661269126396,99.69754259759867,
4.0,24.071508054129055,24.417662095749915,24.417662095749915,24.417662095749915,24.417662095749915,24.417662095749915,24.462982238476158,32.755724690502575,32.755724690502575,33.089478391883326,33.25964644479332,55.71579668280801,89.00312104390248,37.31607958934549,24.417662095749915,24.417662095749915,84.0,92.0611210012131,25.61731667408292,75.91277889789043,77.32358954420054,86.31801665932785,35.281376251559145,
4.0,24.071508054129055,24.417662095749915,24.417662095749915,24.417662095749915,24.417662095749915,24.417662095749915,24.417662095749915,24.417662095749915,24.462982238476158,25.61731667408292,32.755724690502575,89.00312104390248,24.417662095749915,24.417662095749915,97.06312379065491,84.0,50.246306909311166,87.64448388549934,46.0,24.417662095749915,24.417662095749915,63.342104655767656,100.90864955768438,
4.0,24.071508054129055,24.417662095749915,24.417662095749915,24.417662095749915,24.417662095749915,24.417662095749915,24.417662095749915,24.417662095749915,24.417662095749915,24.417662095749915,24.417662095749915,51.43381669679978,92.0,45.741119356657634,76.65670225100999,24.417662095749915,100.0,52.73305898773636,24.417662095749915,46.87483333303704,24.743623695413874,46.87483333303704,94.65845034766957,
4.0,24.071508054129055,24.417662095749915,24.417662095749915,24.417662095749915,24.417662095749915,24.417662095749915,24.417662095749915,24.417662095749915,24.417662095749915,24.417662095749915,24.417662095749915,58.607166797244176,49.26811279900531,84.0,112.00178570005033,52.92578661568375,76.08679254640715,94.65845034766957,37.60614606978788,24.417662095749915,61.31557713990793,65.3810943622084,45.741119356657634,
4.0,24.071508054129055,24.417662095749915,24.417662095749915,24.417662095749915,24.417662095749915,24.417662095749915,24.417662095749915,24.417662095749915,24.417662095749915,24.417662095749915,24.417662095749915,119.51661902104755,55.71579668280801,51.62976518502892,74.21739837950548,97.06312379065491,24.417662095749915,24.417662095749915,24.417662095749915,24.417662095749915,108.3662770422607,56.22331566609885,97.06312379065491,
4.0,24.071508054129055,24.417662095749915,24.417662095749915,24.417662095749915,24.417662095749915,24.417662095749915,24.417662095749915,24.417662095749915,24.417662095749915,24.417662095749915,24.417662095749915,24.417662095749915,94.65845034766957,71.05553383719588,24.417662095749915,106.0,107.90839736657303,34.28119017770533,107.90839736657303,52.642663306485545,24.417662095749915,91.05248791524346,52.642663306485545,
4.0,24.071508054129055,24.417662095749915,24.417662095749915,24.417662095749915,24.417662095749915,24.417662095749915,24.417662095749915,24.417662095749915,24.417662095749915,24.417662095749915,24.417662095749915,107.90839736657303,107.54161985017709,76.58492018667904,36.016662810427064,24.417662095749915,24.417662095749915,4.0,98.38812033077075,24.417662095749915,90.96091956927926,24.417662095749915,76.08679254640715,
4.0,4.0,24.071508054129055,24.417662095749915,24.417662095749915,24.417662095749915,24.417662095749915,24.417662095749915,24.417662095749915,24.417662095749915,24.417662095749915,24.417662095749915,36.6972410407104,57.7408001330082,43.709408560334175,53.914520402244904,134.82169294623506,92.03396112305501,87.97954307678575,68.815695884006,84.0,87.64448388549934,80.00347214687345,58.03662636645931,
4.0,4.0,24.071508054129055,24.417662095749915,24.417662095749915,24.417662095749915,24.417662095749915,24.417662095749915,24.417662095749915,24.417662095749915,24.417662095749915,24.417662095749915,103.0,78.08985011740018,46.87483333303704,54.44241298253547,97.06312379065491,100.0,84.0,100.0,4.0,61.92647970689832,103.3211014265721,4.0,
4.0,4.0,4.0,4.0,24.071508054129055,24.417662095749915,24.417662095749915,24.417662095749915,24.417662095749915,24.417662095749915,24.417662095749915,24.417662095749915,84.0,46.87483333303704,64.44808418840358,24.417662095749915,92.0,103.0,84.0,84.0,103.0,33.25964644479332,84.0,4.0,
4.0,4.0,4.0,4.0,4.0,24.071508054129055,24.417662095749915,24.417662095749915,24.417662095749915,24.417662095749915,24.417662095749915,24.417662095749915,24.417662095749915,113.11449460121761,37.11131902802701,62.005544106958695,24.417662095749915,46.87483333303704,79.02671840727174,4.0,4.0,24.417662095749915,100.74538526930762,4.0,
4.0,4.0,4.0,4.0,4.0,4.0,4.0,4.0,24.071508054129055,24.417662095749915,24.417662095749915,24.417662095749915,75.2787412812468,92.03396112305501,68.39265717571993,62.88790733431101,134.82169294623506,101.97018371733445,69.13282099535293,85.04908546701434,69.33685888472307,80.24299034806717,53.45148477348217,104.5126254999313,
4.0,4.0,4.0,4.0,4.0,4.0,4.0,4.0,24.071508054129055,24.417662095749915,24.417662095749915,24.417662095749915,24.417662095749915,107.90839736657303,57.7408001330082,61.98386886924694,91.3558366438012,24.417662095749915,108.31089511217235,76.65670225100999,74.0825365536455,83.32586633213002,4.0,34.62212237897456,
4.0,4.0,4.0,4.0,4.0,4.0,4.0,4.0,4.0,24.071508054129055,24.417662095749915,24.417662095749915,97.06312379065491,24.417662095749915,28.273662656260154,78.59064700025294,114.51812083683525,92.0,100.0,100.0,129.4767246350564,98.52354484532563,4.0,64.44808418840358,
4.0,4.0,4.0,4.0,4.0,4.0,4.0,4.0,4.0,4.0,24.071508054129055,24.417662095749915,84.35251590068616,4.0,97.06312379065491,4.0,64.44808418840358,102.2467603398758,4.0,94.72181492255214,55.71579668280801,76.08679254640715,4.0,64.44808418840358,
4.0,4.0,4.0,4.0,4.0,4.0,4.0,4.0,4.0,4.0,4.0,4.0,4.0,54.63232887242398,105.24376466090521,114.51812083683525,134.82169294623506,4.0,4.0,55.80322571321482,75.72846228466547,9.99999999E8,113.11449460121761,76.08679254640715,
4.0,4.0,4.0,4.0,4.0,4.0,4.0,4.0,4.0,4.0,4.0,4.0,134.82169294623506,4.0,4.0,84.0,65.55065895083656,47.93282336307299,100.45023643575958,4.0,4.0,100.0,77.55481932156118,92.03396112305501,
4.0,4.0,4.0,4.0,4.0,4.0,4.0,4.0,4.0,4.0,4.0,4.0,81.1730326185353,97.34931375664077,4.0,61.581247145539365,4.0,4.0,75.91574276788708,41.08771105817407,55.71579668280801,111.48791663474368,76.43461257833391,97.05439482865037,
4.0,4.0,4.0,4.0,4.0,4.0,4.0,4.0,4.0,4.0,4.0,4.0,4.0,47.93282336307299,66.9869390254548,4.0,4.0,4.0,4.0,119.51661902104755,76.08679254640715,74.0825365536455,97.1823029157058,64.44808418840358,
4.0,4.0,4.0,4.0,4.0,4.0,4.0,4.0,4.0,4.0,4.0,4.0,81.00083828250875,49.67527204818535,107.90839736657303,85.49983755670078,4.0,4.0,73.19304763583918,4.0,4.0,113.11449460121761,57.6576100788092,9.99999999E8,
4.0,4.0,4.0,4.0,4.0,4.0,4.0,4.0,4.0,4.0,4.0,4.0,64.44808418840358,97.05439482865037,4.0,4.0,4.0,100.0,89.39912796908398,47.93282336307299,4.0,78.81553710334587,103.0,60.56238493599639,
4.0,4.0,4.0,4.0,4.0,4.0,4.0,4.0,4.0,4.0,4.0,4.0,97.06312379065491,87.89340134503841,84.0,87.11040249144887,38.365204142411244,112.64657118616616,40.591734243425584,4.0,4.0,123.26495852431054,81.1730326185353,96.80289251876722,
4.0,4.0,4.0,4.0,4.0,4.0,4.0,4.0,4.0,4.0,4.0,4.0,60.53832578531462,64.44808418840358,77.55481932156118,55.80322571321482,76.44115383744544,4.0,4.0,64.44808418840358,4.0,78.81553710334587,51.915797210483056,84.0,
4.0,4.0,4.0,4.0,4.0,4.0,4.0,4.0,4.0,4.0,4.0,4.0,55.71579668280801,103.0,9.99999999E8,4.0,97.06312379065491,4.0,35.6202189774291,9.99999999E8,89.39912796908398,67.13559041223962,4.0,45.21061822182926,
4.0,4.0,4.0,4.0,4.0,4.0,4.0,4.0,4.0,4.0,4.0,4.0,104.5126254999313,83.32586633213002,4.0,92.0611210012131,33.788054887211615,74.0825365536455,81.1730326185353,98.52354484532563,108.3662770422607,97.05439482865037,56.22331566609885,74.21739837950548,
4.0,4.0,4.0,4.0,4.0,4.0,4.0,4.0,4.0,4.0,4.0,4.0,106.0,4.0,97.06312379065491,74.68303392039958,4.0,99.92797406132078,70.05245847774017,4.0,4.0,100.0,54.55170839569453,94.78162034675054,
4.0,4.0,4.0,4.0,4.0,4.0,4.0,4.0,4.0,4.0,4.0,4.0,4.0,58.26281451797155,103.06672595944823,107.90839736657303,67.3831566188344,4.0,74.45953412573989,4.0,4.0,72.26494462892933,60.75880720571483,4.0,
4.0,4.0,4.0,4.0,4.0,4.0,4.0,4.0,4.0,4.0,4.0,4.0,4.0,98.61845669041875,125.02499750049988,119.51661902104755,96.5007771989428,55.80322571321482,4.0,4.0,4.0,52.642663306485545,58.05170109479997,4.0,
4.0,4.0,4.0,4.0,4.0,4.0,4.0,4.0,4.0,4.0,4.0,4.0,55.71579668280801,4.0,74.21739837950548,107.90839736657303,100.0,67.942530862487,38.51233568611491,64.44808418840358,116.02585918664856,69.8748151762734,4.0,45.56314299957807,
4.0,4.0,4.0,4.0,4.0,4.0,4.0,4.0,4.0,4.0,4.0,4.0,64.44808418840358,64.44808418840358,4.0,83.32586633213002,45.21061822182926,92.03396112305501,47.82049769711729,4.0,76.08679254640715,94.95472605405168,4.0,55.71579668280801,
4.0,4.0,4.0,4.0,4.0,4.0,4.0,4.0,4.0,4.0,4.0,4.0,29.363620727393652,4.0,4.0,74.81711034248784,4.0,134.82169294623506,4.0,4.0,28.064212085857676,4.0,4.0,67.13559041223962,
4.0,4.0,4.0,4.0,4.0,4.0,4.0,4.0,4.0,4.0,4.0,4.0,134.82169294623506,119.51661902104755,106.36141217565701,78.23841767316105,57.45626355953041,87.97954307678575,92.0611210012131,32.49050096660906,61.581247145539365,84.0,4.0,57.412735714493024,
4.0,4.0,4.0,4.0,4.0,4.0,4.0,4.0,4.0,4.0,4.0,4.0,4.0,47.93282336307299,86.49147651765509,84.0,53.88135113376427,4.0,4.0,4.0,4.0,42.60516400625633,4.0,64.20903363234802,
4.0,4.0,4.0,4.0,4.0,4.0,4.0,4.0,4.0,4.0,4.0,4.0,4.0,4.0,39.36439451529206,4.0,4.0,125.02499750049988,89.00312104390248,74.21739837950548,107.90839736657303,9.99999999E8,4.0,85.5154307063286,
4.0,4.0,4.0,4.0,4.0,4.0,4.0,4.0,4.0,4.0,4.0,4.0,47.93282336307299,134.82169294623506,113.11449460121761,47.93282336307299,4.0,37.58310519260439,9.99999999E8,70.37577708274347,92.0,75.60158728492412,68.39265717571993,57.6576100788092,
4.0,4.0,4.0,4.0,4.0,4.0,4.0,4.0,4.0,4.0,4.0,4.0,4.0,125.02499750049988,90.29285686032976,39.63023537093308,9.99999999E8,59.255567014603976,87.11040249144887,4.0,9.99999999E8,4.0,119.51661902104755,4.0,
4.0,4.0,4.0,4.0,4.0,4.0,4.0,4.0,4.0,4.0,4.0,4.0,44.41593756979674,106.26735152435107,36.12563112929373,25.056048282910766,64.44808418840358,84.0,4.0,57.45626355953041,35.55937479487609,24.417662095749915,46.87483333303704,106.0,
4.0,4.0,4.0,4.0,4.0,4.0,4.0,4.0,4.0,4.0,4.0,4.0,57.45626355953041,48.24106134819175,125.02499750049988,4.0,134.82169294623506,4.0,55.80322571321482,91.3558366438012,44.82806660514767,4.0,116.02585918664856,51.90589775952461,
4.0,4.0,4.0,4.0,4.0,4.0,4.0,4.0,4.0,4.0,4.0,4.0,48.46441993875507,4.0,76.65670225100999,125.02499750049988,134.82169294623506,125.02499750049988,123.26495852431054,55.71579668280801,9.99999999E8,84.35251590068616,134.82169294623506,4.0,
4.0,4.0,4.0,4.0,4.0,4.0,4.0,4.0,4.0,4.0,4.0,4.0,57.6576100788092,4.0,97.06312379065491,89.00312104390248,4.0,4.0,4.0,74.0825365536455,4.0,71.13992471804345,98.32395435497904,97.06312379065491,
4.0,4.0,4.0,4.0,4.0,4.0,4.0,4.0,4.0,4.0,4.0,4.0,94.95472605405168,73.64271858099754,52.45188271168157,94.95472605405168,4.0,37.275159288727394,4.0,4.0,134.82169294623506,134.82169294623506,84.50325437520144,4.0,
4.0,4.0,4.0,4.0,4.0,4.0,4.0,4.0,4.0,4.0,4.0,4.0,129.4767246350564,4.0,68.39265717571993,125.02499750049988,4.0,125.02499750049988,4.0,64.44808418840358,4.0,37.36308338453881,76.01461847712072,125.01499910010799,
4.0,4.0,4.0,4.0,4.0,4.0,4.0,4.0,4.0,4.0,4.0,4.0,70.08100269527763,4.0,57.886095048811164,81.09203639906288,97.05439482865037,77.55481932156118,52.149784275680375,74.0825365536455,104.83677789783508,4.0,54.35888969514452,4.0,
4.0,4.0,4.0,4.0,4.0,4.0,4.0,4.0,4.0,4.0,4.0,4.0,125.01499910010799,119.51661902104755,4.0,78.69702803932448,4.0,84.0,74.21739837950548,91.05980940507666,134.82169294623506,4.0,4.0,132.7311401124678,
4.0,4.0,4.0,4.0,4.0,4.0,4.0,4.0,4.0,4.0,4.0,4.0,84.0,64.04531574702246,77.55481932156118,68.39265717571993,84.0,92.03396112305501,119.51661902104755,4.0,116.03275399644706,44.82806660514767,86.31801665932785,89.00312104390248,
4.0,4.0,4.0,4.0,4.0,4.0,4.0,4.0,4.0,4.0,4.0,4.0,123.26495852431054,4.0,103.0,134.82169294623506,71.97376065082484,4.0,4.0,4.0,4.0,134.82169294623506,4.0,125.02499750049988,
4.0,4.0,4.0,4.0,4.0,4.0,4.0,4.0,4.0,4.0,4.0,4.0,58.03662636645931,4.0,61.581247145539365,4.0,51.915797210483056,64.44808418840358,61.581247145539365,103.0,84.0,35.6221490087277,4.0,4.0,
4.0,4.0,4.0,4.0,4.0,4.0,4.0,4.0,4.0,4.0,4.0,4.0,52.642663306485545,84.0,68.39265717571993,74.21739837950548,57.647395623932766,4.0,68.39265717571993,4.0,75.57512818381456,100.0,78.09993597948721,108.39844197322314,
4.0,4.0,4.0,4.0,4.0,4.0,4.0,4.0,4.0,4.0,4.0,4.0,47.93282336307299,4.0,58.779768836648174,78.81553710334587,4.0,89.00312104390248,4.0,4.0,68.39265717571993,4.0,68.13581874402308,4.0,
4.0,4.0,4.0,4.0,4.0,4.0,4.0,4.0,4.0,4.0,4.0,4.0,4.0,4.0,92.0611210012131,4.0,4.0,4.0,106.0,75.91574276788708,39.36439451529206,71.81086268803627,72.63072505642651,107.54161985017709,
4.0,4.0,4.0,4.0,4.0,4.0,4.0,4.0,4.0,4.0,4.0,4.0,68.39265717571993,116.02585918664856,4.0,4.0,4.0,56.37375275782161,60.620861828984985,107.54161985017709,103.0,4.0,113.11449460121761,9.99999999E8,
4.0,4.0,4.0,4.0,4.0,4.0,4.0,4.0,4.0,4.0,4.0,4.0,97.06312379065491,55.71579668280801,72.26494462892933,101.97018371733445,52.642663306485545,76.08679254640715,109.09425079056896,107.2825967040114,125.02499750049988,100.84090880634155,45.6657204551878,78.23841767316105,
4.0,4.0,4.0,4.0,4.0,4.0,4.0,4.0,4.0,4.0,4.0,4.0,4.0,24.417662095749915,4.0,93.03882104918475,38.52536932506492,52.642663306485545,34.2235299172952,47.93282336307299,80.00347214687345,4.0,116.02585918664856,47.93282336307299,
4.0,4.0,4.0,4.0,4.0,4.0,4.0,4.0,4.0,4.0,4.0,4.0,108.46312737515916,4.0,30.879694874715902,92.0611210012131,9.99999999E8,97.06312379065491,4.0,34.2235299172952,107.54161985017709,37.11131902802701,67.24721183811266,107.90839736657303,
4.0,4.0,4.0,4.0,4.0,4.0,4.0,4.0,4.0,4.0,4.0,4.0,4.0,92.0611210012131,47.93282336307299,62.88790733431101,46.87483333303704,52.642663306485545,134.82169294623506,4.0,73.15660523075746,98.54339145777357,114.51812083683525,4.0,
4.0,4.0,4.0,4.0,4.0,4.0,4.0,4.0,4.0,4.0,4.0,4.0,68.39265717571993,48.49627706215075,84.0,4.0,4.0,103.0,4.0,4.0,36.38070306571267,82.98154915401375,52.642663306485545,4.0,
4.0,4.0,4.0,4.0,4.0,4.0,4.0,4.0,4.0,4.0,4.0,4.0,9.99999999E8,68.43427503817075,148.0,91.85435331121886,9.99999999E8,97.06312379065491,30.879694874715902,4.0,4.0,68.39265717571993,4.0,4.0,
4.0,4.0,4.0,4.0,4.0,4.0,4.0,4.0,4.0,4.0,4.0,4.0,4.0,134.82169294623506,61.581247145539365,4.0,134.82169294623506,77.55481932156118,4.0,47.93282336307299,134.82169294623506,72.86440984611227,88.06588442751257,9.99999999E8,
4.0,4.0,4.0,4.0,4.0,4.0,4.0,4.0,4.0,4.0,4.0,4.0,4.0,4.0,4.0,107.90839736657303,68.39265717571993,100.84586698962377,87.11040249144887,51.88984058132724,4.0,101.97018371733445,87.5960114645056,4.0,
4.0,4.0,4.0,4.0,4.0,4.0,4.0,4.0,4.0,4.0,4.0,4.0,4.0,59.47058096235482,4.0,74.0825365536455,4.0,36.72107705392095,79.93469556804202,100.80302574823833,48.49627706215075,61.92647970689832,74.0825365536455,4.0,
4.0,4.0,4.0,4.0,4.0,4.0,4.0,4.0,4.0,4.0,4.0,4.0,50.90383089709457,73.62574278063346,107.90839736657303,52.482377994904155,92.0,70.05245847774017,56.28104081798378,72.26494462892933,4.0,4.0,72.60303023979095,4.0,
4.0,4.0,4.0,4.0,4.0,4.0,4.0,4.0,4.0,4.0,4.0,4.0,4.0,74.21739837950548,4.0,4.0,68.39265717571993,38.72983346207417,76.05524308027685,74.0825365536455,98.12350494260906,78.23841767316105,4.0,35.830189353892656,
4.0,4.0,4.0,4.0,4.0,4.0,4.0,4.0,4.0,4.0,4.0,4.0,84.0,4.0,4.0,46.9141503173616,31.860025494179943,58.779768836648174,83.32586633213002,89.45503944235145,49.32747712989181,4.0,69.29793706621182,84.0,
4.0,4.0,4.0,4.0,4.0,4.0,4.0,4.0,4.0,4.0,4.0,4.0,100.0,4.0,64.44808418840358,68.7099790750208,119.51661902104755,72.60303023979095,4.0,74.21739837950548,52.642663306485545,88.73349228482572,4.0,74.21739837950548,
4.0,4.0,4.0,4.0,4.0,4.0,4.0,4.0,4.0,4.0,4.0,4.0,9.99999999E8,91.05980940507666,97.06312379065491,4.0,4.0,35.59806486625674,4.0,4.0,92.0,4.0,9.99999999E8,61.842292452677306,
4.0,4.0,4.0,4.0,4.0,4.0,4.0,4.0,4.0,4.0,4.0,4.0,119.51661902104755,76.18398781896364,4.0,33.65115154047481,46.87483333303704,84.0,4.0,113.11449460121761,4.0,4.0,100.84586698962377,84.0,
4.0,4.0,4.0,4.0,4.0,4.0,4.0,4.0,4.0,4.0,4.0,4.0,70.13241444264952,9.99999999E8,92.28623949430381,119.51661902104755,34.27052867702028,4.0,75.60158728492412,97.06312379065491,107.54161985017709,61.06136090784718,64.44808418840358,74.21739837950548,
4.0,4.0,4.0,4.0,4.0,4.0,4.0,4.0,4.0,4.0,4.0,4.0,78.23841767316105,100.84586698962377,4.0,4.0,4.0,4.0,58.26281451797155,74.21739837950548,4.0,4.0,4.0,97.06312379065491,
4.0,4.0,4.0,4.0,4.0,4.0,4.0,4.0,4.0,4.0,4.0,4.0,4.0,46.87483333303704,4.0,107.90839736657303,34.111581610942636,72.10332092829628,4.0,4.0,4.0,4.0,116.02585918664856,78.30453371293389,
4.0,4.0,4.0,4.0,4.0,4.0,4.0,4.0,4.0,4.0,4.0,4.0,134.82169294623506,9.99999999E8,78.23841767316105,125.02499750049988,78.23841767316105,47.457583400571735,115.2226106282964,116.02585918664856,102.27023027254803,134.82169294623506,64.44808418840358,119.51661902104755,
4.0,4.0,4.0,4.0,4.0,4.0,4.0,4.0,4.0,4.0,4.0,4.0,61.92647970689832,98.52354484532563,70.31706617826406,4.0,69.61673502770988,134.82169294623506,4.0,134.82169294623506,67.24721183811266,116.02585918664856,4.0,55.49414383518319,
4.0,4.0,4.0,4.0,4.0,4.0,4.0,4.0,4.0,4.0,4.0,4.0,80.13894184477357,4.0,134.82169294623506,58.65833274139319,84.0,9.99999999E8,119.51661902104755,80.61852726746818,49.84776825495802,64.44808418840358,64.44808418840358,4.0,
4.0,4.0,4.0,4.0,4.0,4.0,4.0,4.0,4.0,4.0,4.0,4.0,4.0,80.15734526542155,9.99999999E8,79.33602007683933,4.0,134.82169294623506,125.02499750049988,75.60158728492412,92.0,61.666441441030145,68.39265717571993,134.82169294623506,
4.0,4.0,4.0,4.0,4.0,4.0,4.0,4.0,4.0,4.0,4.0,4.0,119.51661902104755,52.642663306485545,4.0,134.82169294623506,47.93282336307299,33.404923123529095,111.48791663474368,80.24299034806717,4.0,4.0,4.0,4.0,
4.0,4.0,4.0,4.0,4.0,4.0,4.0,4.0,4.0,4.0,4.0,4.0,9.99999999E8,116.02585918664856,47.93282336307299,4.0,72.79117773161495,73.91346291441093,9.99999999E8,9.99999999E8,52.08979687784846,52.642663306485545,4.0,84.0,
4.0,4.0,4.0,4.0,4.0,4.0,4.0,4.0,4.0,4.0,4.0,4.0,4.0,4.0,4.0,85.06756018552764,92.0,134.82169294623506,4.0,72.26494462892933,41.093690002538,57.22955724293368,48.49627706215075,9.99999999E8,
4.0,4.0,4.0,4.0,4.0,4.0,4.0,4.0,4.0,4.0,4.0,4.0,4.0,80.00347214687345,49.32747712989181,74.0825365536455,52.642663306485545,4.0,88.98763959112524,73.19304763583918,98.52354484532563,134.82169294623506,102.2467603398758,54.607691765904185,
4.0,4.0,4.0,4.0,4.0,4.0,4.0,4.0,4.0,4.0,4.0,4.0,9.99999999E8,134.82169294623506,100.0,64.44808418840358,100.84586698962377,47.93282336307299,4.0,4.0,92.0611210012131,105.78397799288888,134.82169294623506,34.111581610942636,
4.0,4.0,4.0,4.0,4.0,4.0,4.0,4.0,4.0,4.0,4.0,4.0,84.0,55.71579668280801,125.02499750049988,116.02585918664856,72.86440984611227,98.52354484532563,97.06312379065491,49.52465404245335,4.0,113.11449460121761,116.02585918664856,4.0,
4.0,4.0,4.0,4.0,4.0,4.0,4.0,4.0,4.0,4.0,4.0,4.0,4.0,49.32747712989181,4.0,69.36387344126271,4.0,97.06312379065491,69.61673502770988,116.02585918664856,4.0,107.54161985017709,4.0,4.0,
4.0,4.0,4.0,4.0,4.0,4.0,4.0,4.0,4.0,4.0,4.0,4.0,75.03702789660286,98.52354484532563,97.06312379065491,101.97018371733445,107.54161985017709,97.06312379065491,45.31280172313339,4.0,98.52354484532563,98.52354484532563,58.03662636645931,4.0,
4.0,4.0,4.0,4.0,4.0,4.0,4.0,4.0,4.0,4.0,4.0,4.0,56.88749862667544,4.0,4.0,4.0,77.55481932156118,89.00312104390248,108.39844197322314,4.0,4.0,4.0,4.0,64.44808418840358,
4.0,4.0,4.0,4.0,4.0,4.0,4.0,4.0,4.0,4.0,4.0,4.0,107.6231852344094,75.91574276788708,64.44808418840358,72.91471425957559,97.06312379065491,92.0,4.0,84.0,77.7354487991161,98.52354484532563,4.0,9.99999999E8,
4.0,4.0,4.0,4.0,4.0,4.0,4.0,4.0,4.0,4.0,4.0,4.0,55.190578906186516,100.80302574823833,24.417662095749915,47.93282336307299,100.55645180693281,98.12350494260906,100.74538526930762,45.56314299957807,4.0,61.92647970689832,93.16949906249123,74.2407401633362,
4.0,4.0,4.0,4.0,4.0,4.0,4.0,4.0,4.0,4.0,4.0,4.0,91.3558366438012,4.0,64.44808418840358,104.5126254999313,4.0,4.0,4.0,64.44808418840358,4.0,4.0,4.0,78.23841767316105,
4.0,4.0,4.0,4.0,4.0,4.0,4.0,4.0,4.0,4.0,4.0,4.0,108.39844197322314,44.41593756979674,74.88603586348351,4.0,74.21739837950548,47.93282336307299,4.0,87.64448388549934,4.0,91.73633716012186,134.82169294623506,103.0,
4.0,4.0,4.0,4.0,4.0,4.0,4.0,4.0,4.0,4.0,4.0,4.0,4.0,9.99999999E8,105.06307629229215,4.0,87.64448388549934,102.2467603398758,4.0,54.877641672684476,4.0,76.65670225100999,107.54161985017709,131.0,
4.0,4.0,4.0,4.0,4.0,4.0,4.0,4.0,4.0,4.0,4.0,4.0,9.99999999E8,4.0,76.65670225100999,57.6576100788092,72.74307909042314,4.0,78.23841767316105,70.05245847774017,75.60158728492412,98.52354484532563,100.84586698962377,61.31557713990793,
4.0,4.0,4.0,4.0,4.0,4.0,4.0,4.0,4.0,4.0,4.0,4.0,4.0,78.23841767316105,75.91574276788708,64.44808418840358,4.0,84.0,75.60158728492412,52.04745430854424,4.0,78.23841767316105,4.0,4.0,
4.0,4.0,4.0,4.0,4.0,4.0,4.0,4.0,4.0,4.0,4.0,4.0,73.19304763583918,35.59806486625674,4.0,4.0,4.0,49.320068286676864,61.18187821750998,9.99999999E8,64.21996637832079,92.0,134.82169294623506,4.0,
4.0,4.0,4.0,4.0,4.0,4.0,4.0,4.0,4.0,4.0,4.0,4.0,69.20115605970756,125.02499750049988,4.0,108.46312737515916,125.01499910010799,4.0,4.0,4.0,134.82169294623506,74.74995354885216,4.0,113.11449460121761,
4.0,4.0,4.0,4.0,4.0,4.0,4.0,4.0,4.0,4.0,4.0,4.0,77.6707795763632,52.642663306485545,4.0,30.843912507584218,52.589282682512646,89.00312104390248,106.0,74.0825365536455,60.621262771407196,61.13264267148934,4.0,4.0,
4.0,4.0,4.0,4.0,4.0,4.0,4.0,4.0,4.0,4.0,4.0,4.0,4.0,107.54161985017709,52.642663306485545,134.82169294623506,84.0,75.2039404091383,107.54161985017709,4.0,78.69702803932448,98.52354484532563,4.0,134.82169294623506,
4.0,4.0,4.0,4.0,4.0,4.0,4.0,4.0,4.0,4.0,4.0,4.0,70.9592997585392,4.0,58.779768836648174,74.0825365536455,70.05245847774017,92.0,94.64612453179944,78.03588917927443,33.404923123529095,45.24130314440646,4.0,73.91346291441093,
4.0,4.0,4.0,4.0,4.0,4.0,4.0,4.0,4.0,4.0,4.0,4.0,87.11040249144887,116.02585918664856,9.99999999E8,4.0,4.0,47.93282336307299,70.13241444264952,4.0,75.91574276788708,73.23857514239944,76.14459928320589,4.0,
4.0,4.0,4.0,4.0,4.0,4.0,4.0,4.0,4.0,4.0,4.0,4.0,92.0,4.0,125.02499750049988,87.64448388549934,134.82169294623506,114.7703020045788,72.26494462892933,89.95109782542957,64.44808418840358,87.64448388549934,55.80322571321482,100.84090880634155,
4.0,4.0,4.0,4.0,4.0,4.0,4.0,4.0,4.0,4.0,4.0,4.0,107.6231852344094,61.581247145539365,4.0,87.64448388549934,73.15660523075746,74.9186225180362,4.0,78.81553710334587,94.57566048173048,50.88405938995041,108.46312737515916,79.53545680316981,
4.0,4.0,4.0,4.0,4.0,4.0,4.0,4.0,4.0,4.0,4.0,4.0,74.21739837950548,69.77642868476431,30.078087672335347,39.19103851647721,74.0825365536455,37.11131902802701,9.99999999E8,134.82169294623506,4.0,74.21739837950548,4.0,79.32773089461774,
4.0,4.0,4.0,4.0,4.0,4.0,4.0,4.0,4.0,4.0,4.0,4.0,78.43201034599062,97.36118323027921,75.00148146684985,52.642663306485545,47.362432369970186,69.02173570694958,49.07615648970963,108.3662770422607,63.88318420750328,4.0,4.0,123.26495852431054,
4.0,4.0,4.0,4.0,4.0,4.0,4.0,4.0,4.0,4.0,4.0,4.0,61.581247145539365,98.52354484532563,78.23841767316105,4.0,4.0,125.00699980401097,92.0611210012131,104.5126254999313,9.99999999E8,4.0,4.0,76.66974631495789,
4.0,4.0,4.0,4.0,4.0,4.0,4.0,4.0,4.0,4.0,4.0,4.0,80.16389461596785,4.0,75.0066663703967,107.54161985017709,51.11200935201041,57.647395623932766,17.0,64.24220750013028,78.23841767316105,75.00166664814856,81.2788410350443,107.05398430490831,
4.0,4.0,4.0,4.0,4.0,4.0,4.0,4.0,4.0,4.0,4.0,4.0,55.718538706211206,84.0,64.44808418840358,84.0,4.0,4.0,103.0,4.0,4.0,107.90839736657303,4.0,4.0,
4.0,4.0,4.0,4.0,4.0,4.0,4.0,4.0,4.0,4.0,4.0,4.0,64.44808418840358,45.56314299957807,37.11131902802701,4.0,112.00178570005033,77.9461352473617,64.44808418840358,87.64448388549934,108.98050284339855,4.0,4.0,4.0,
4.0,4.0,4.0,4.0,4.0,4.0,4.0,4.0,4.0,4.0,4.0,4.0,82.03996316159312,4.0,9.99999999E8,96.98659701216452,131.0,4.0,64.23775989181415,77.55481932156118,40.26010473232591,4.0,107.90839736657303,51.90589775952461,
4.0,4.0,4.0,4.0,4.0,4.0,4.0,4.0,4.0,4.0,4.0,4.0,106.0,68.39265717571993,36.38070306571267,66.91952048709123,108.39844197322314,4.0,4.0,9.99999999E8,55.71579668280801,68.39265717571993,4.0,92.28623949430381,
4.0,4.0,4.0,4.0,4.0,4.0,4.0,4.0,4.0,4.0,4.0,4.0,79.88154495557654,9.99999999E8,120.46680040575495,107.54161985017709,68.39265717571993,83.42181968765726,32.62620320850205,69.21524398570014,4.0,69.8748151762734,43.76571146457007,9.99999999E8,
4.0,4.0,4.0,4.0,4.0,4.0,4.0,4.0,4.0,4.0,4.0,4.0,37.36308338453881,62.33458109268081,72.74995227184384,85.22454002352974,55.44727225031002,45.741119356657634,51.915797210483056,46.9141503173616,54.99517375008892,58.25423208278997,4.0,74.21739837950548,
4.0,4.0,4.0,4.0,4.0,4.0,4.0,4.0,4.0,4.0,4.0,4.0,68.39265717571993,9.99999999E8,4.0,89.00312104390248,119.51661902104755,116.02068781040732,4.0,92.0,4.0,91.45976650357734,9.99999999E8,4.0,
4.0,4.0,4.0,4.0,4.0,4.0,4.0,4.0,4.0,4.0,4.0,4.0,96.43650760992955,53.90922074777795,112.64657118616616,119.51661902104755,94.95472605405168,100.0,4.0,85.5251749811455,4.0,4.0,125.02499750049988,47.93282336307299,
4.0,4.0,4.0,4.0,4.0,4.0,4.0,4.0,4.0,4.0,4.0,4.0,64.44808418840358,4.0,64.44808418840358,77.55481932156118,119.51661902104755,134.82169294623506,4.0,4.0,4.0,129.4767246350564,113.11449460121761,4.0,
4.0,4.0,4.0,4.0,4.0,4.0,4.0,4.0,4.0,4.0,4.0,4.0,74.0825365536455,9.99999999E8,84.0,148.0,72.28108712212037,4.0,60.538727274365456,100.84586698962377,4.0,63.647947527707416,74.21739837950548,4.0,
4.0,4.0,4.0,4.0,4.0,4.0,4.0,4.0,4.0,4.0,4.0,4.0,86.06262551307671,107.54161985017709,4.0,52.642663306485545,92.0,68.39265717571993,64.44808418840358,9.99999999E8,71.00244318877704,72.74537022305192,134.82169294623506,107.54161985017709,
4.0,4.0,4.0,4.0,4.0,4.0,4.0,4.0,4.0,4.0,4.0,4.0,52.642663306485545,107.90839736657303,4.0,4.0,30.879694874715902,57.7408001330082,84.0,83.12791348277665,4.0,84.39128443677635,55.71579668280801,52.80174894222751,
4.0,4.0,4.0,4.0,4.0,4.0,4.0,4.0,4.0,4.0,4.0,4.0,4.0,4.0,64.44808418840358,95.62818622142741,4.0,81.08851298905111,107.90839736657303,4.0,84.0,4.0,4.0,9.99999999E8,
4.0,4.0,4.0,4.0,4.0,4.0,4.0,4.0,4.0,4.0,4.0,4.0,4.0,76.47744765615548,73.64271858099754,4.0,45.47801666739657,4.0,4.0,17.0,74.21739837950548,76.58492018667904,55.80322571321482,69.77642868476431,
4.0,4.0,4.0,4.0,4.0,4.0,4.0,4.0,4.0,4.0,4.0,4.0,57.6576100788092,60.634606913507376,73.62574278063346,4.0,4.0,4.0,68.80140008067586,30.879694874715902,4.0,68.25503644420681,47.93282336307299,4.0,
4.0,4.0,4.0,4.0,4.0,4.0,4.0,4.0,4.0,4.0,4.0,4.0,88.63200693350696,49.221946324784845,32.08114711166046,4.0,4.0,87.11040249144887,117.17887560857072,4.0,4.0,4.0,84.0,87.64448388549934,
4.0,4.0,4.0,4.0,4.0,4.0,4.0,4.0,4.0,4.0,4.0,4.0,4.0,57.6576100788092,4.0,68.39265717571993,9.99999999E8,84.0,81.76796438703852,74.95331880577403,103.0,68.39265717571993,97.06312379065491,106.58747059992038,
4.0,4.0,4.0,4.0,4.0,4.0,4.0,4.0,4.0,4.0,4.0,4.0,4.0,4.0,4.0,97.06312379065491,119.51661902104755,87.64448388549934,4.0,107.54161985017709,4.0,107.90839736657303,74.21739837950548,4.0,
4.0,4.0,4.0,4.0,4.0,4.0,4.0,4.0,4.0,4.0,4.0,4.0,107.90839736657303,9.99999999E8,90.08218469819657,4.0,4.0,4.0,4.0,46.87483333303704,91.3558366438012,60.53832578531462,4.0,9.99999999E8,
4.0,4.0,4.0,4.0,4.0,4.0,4.0,4.0,4.0,4.0,4.0,4.0,105.06307629229215,4.0,60.53832578531462,4.0,4.0,4.0,4.0,76.47744765615548,79.39773296511683,9.99999999E8,4.0,30.879694874715902,
4.0,4.0,4.0,4.0,4.0,4.0,4.0,4.0,4.0,4.0,4.0,4.0,47.93282336307299,84.9801897683291,114.7703020045788,68.39265717571993,123.26495852431054,89.00312104390248,100.0,75.60158728492412,91.3558366438012,75.03702789660286,9.99999999E8,85.90645125569405,
4.0,4.0,4.0,4.0,4.0,4.0,4.0,4.0,4.0,4.0,4.0,4.0,9.99999999E8,119.51661902104755,9.99999999E8,4.0,52.642663306485545,50.386009963084,4.0,89.00312104390248,60.93603203360061,47.93282336307299,70.13241444264952,61.581247145539365,
4.0,4.0,4.0,4.0,4.0,4.0,4.0,4.0,4.0,4.0,4.0,4.0,35.59806486625674,68.39265717571993,100.0,78.30453371293389,66.97340890233974,52.642663306485545,84.0,4.0,68.39265717571993,102.54389304098027,4.0,114.51812083683525,
4.0,4.0,4.0,4.0,4.0,4.0,4.0,4.0,4.0,4.0,4.0,4.0,90.29285686032976,74.0825365536455,97.06312379065491,4.0,76.47744765615548,107.90839736657303,92.0611210012131,4.0,4.0,4.0,4.0,4.0,
4.0,4.0,4.0,4.0,4.0,4.0,4.0,4.0,4.0,4.0,4.0,4.0,125.02499750049988,87.64448388549934,64.44808418840358,4.0,134.82169294623506,97.06312379065491,43.308574821404875,30.879694874715902,76.65670225100999,9.99999999E8,87.8108763195084,37.11131902802701,
4.0,4.0,4.0,4.0,4.0,4.0,4.0,4.0,4.0,4.0,4.0,4.0,4.0,112.64657118616616,4.0,4.0,4.0,73.62574278063346,84.0,134.82169294623506,9.99999999E8,100.0,54.819907170864695,74.0825365536455,
4.0,4.0,4.0,4.0,4.0,4.0,4.0,4.0,4.0,4.0,4.0,4.0,104.5126254999313,92.86848526575393,4.0,4.0,87.64448388549934,4.0,4.0,103.0,4.0,78.79227260475625,75.60158728492412,74.21739837950548,
4.0,4.0,4.0,4.0,4.0,4.0,4.0,4.0,4.0,4.0,4.0,4.0,4.0,108.98050284339855,89.50543124426709,98.38812033077075,4.0,107.90839736657303,87.8108763195084,84.0,83.26126049970658,4.0,85.40426739272979,61.51061335700983,
4.0,4.0,4.0,4.0,4.0,4.0,4.0,4.0,4.0,4.0,4.0,4.0,45.47801666739657,4.0,4.0,39.071160151133924,92.03396112305501,4.0,4.0,79.02671840727174,4.0,4.0,89.3943339299282,4.0,
4.0,4.0,4.0,4.0,4.0,4.0,4.0,4.0,4.0,4.0,4.0,4.0,4.0,37.11131902802701,4.0,119.51661902104755,84.35251590068616,83.32586633213002,4.0,100.84586698962377,68.39265717571993,98.52354484532563,4.0,76.65670225100999,
4.0,4.0,4.0,4.0,4.0,4.0,4.0,4.0,4.0,4.0,4.0,4.0,87.64448388549934,85.40426739272979,94.57566048173048,4.0,81.79394843140904,4.0,4.0,9.99999999E8,69.14070798017619,107.90839736657303,110.83884698065025,134.82169294623506,
4.0,4.0,4.0,4.0,4.0,4.0,4.0,4.0,4.0,4.0,4.0,4.0,34.771557694325345,47.93282336307299,9.99999999E8,104.5126254999313,58.61740355901138,4.0,85.26664060463506,134.82169294623506,54.625253933935525,87.97954307678575,9.99999999E8,43.9042167327192,
4.0,4.0,4.0,4.0,4.0,4.0,4.0,4.0,4.0,4.0,4.0,4.0,4.0,97.06312379065491,9.99999999E8,89.50543124426709,101.97158467746127,9.99999999E8,107.6231852344094,98.54339145777357,81.89589428048271,4.0,64.44808418840358,59.343345482549466,
4.0,4.0,4.0,4.0,4.0,4.0,4.0,4.0,4.0,4.0,4.0,4.0,134.82169294623506,91.84725563318122,4.0,55.0565365985023,4.0,84.0,89.58794561770016,80.68052391237622,94.52454119903936,61.51061335700983,76.08679254640715,84.9801897683291,
4.0,4.0,4.0,4.0,4.0,4.0,4.0,4.0,4.0,4.0,4.0,4.0,4.0,52.71329394018829,4.0,84.0,97.06312379065491,31.956567747838978,86.06262551307671,9.99999999E8,98.12350494260906,4.0,92.0611210012131,64.44808418840358,
4.0,4.0,4.0,4.0,4.0,4.0,4.0,4.0,4.0,4.0,4.0,4.0,68.39265717571993,88.98763959112524,38.4285050450834,9.99999999E8,4.0,119.51661902104755,66.58745293889,107.90839736657303,61.82586432877425,47.541794478355804,4.0,84.0,
4.0,4.0,4.0,4.0,4.0,4.0,4.0,4.0,4.0,4.0,4.0,4.0,77.8575781098783,84.35251590068616,66.42872503822485,4.0,84.0,92.0,4.0,94.59519015256537,4.0,87.64448388549934,134.82169294623506,64.44808418840358,
4.0,4.0,4.0,4.0,4.0,4.0,4.0,4.0,4.0,4.0,4.0,4.0,98.38812033077075,43.76571146457007,74.0825365536455,67.5910908001606,94.64612453179944,39.36439451529206,4.0,4.0,9.99999999E8,4.0,4.0,87.8108763195084,
4.0,4.0,4.0,4.0,4.0,4.0,4.0,4.0,4.0,4.0,4.0,4.0,103.3211014265721,4.0,119.51661902104755,76.65670225100999,68.25503644420681,4.0,97.06312379065491,94.73061220581702,4.0,4.0,4.0,134.82169294623506,
4.0,4.0,4.0,4.0,4.0,4.0,4.0,4.0,4.0,4.0,4.0,4.0,4.0,55.71579668280801,61.92647970689832,60.75880720571483,51.915797210483056,4.0,46.87483333303704,79.93469556804202,4.0,98.52354484532563,57.6576100788092,52.642663306485545,
4.0,4.0,4.0,4.0,4.0,4.0,4.0,4.0,4.0,4.0,4.0,4.0,85.5251749811455,119.51661902104755,87.64448388549934,78.23841767316105,9.99999999E8,74.21739837950548,9.99999999E8,64.44808418840358,30.879694874715902,74.2407401633362,107.54161985017709,73.91346291441093,
4.0,4.0,4.0,4.0,4.0,4.0,4.0,4.0,4.0,4.0,4.0,4.0,119.51661902104755,123.26495852431054,39.36439451529206,4.0,108.31089511217235,83.15287126732305,84.35251590068616,4.0,4.0,61.581247145539365,98.38812033077075,92.0,
4.0,4.0,4.0,4.0,4.0,4.0,4.0,4.0,4.0,4.0,4.0,4.0,63.809346126262916,64.44808418840358,100.42708797928974,61.25357132445422,54.877641672684476,4.0,4.0,64.44808418840358,64.44808418840358,4.0,4.0,4.0,
4.0,4.0,4.0,4.0,4.0,4.0,4.0,4.0,4.0,4.0,4.0,4.0,84.0,129.4767246350564,98.74613916503267,107.90839736657303,134.82169294623506,47.93282336307299,9.99999999E8,72.74537022305192,55.13545472150329,64.44808418840358,4.0,4.0,
4.0,4.0,4.0,4.0,4.0,4.0,4.0,4.0,4.0,4.0,4.0,4.0,87.64448388549934,75.0439871008997,4.0,4.0,58.25709303500209,9.99999999E8,49.89589161444056,100.0,4.0,134.82169294623506,70.78620981518928,84.0,
4.0,4.0,4.0,4.0,4.0,4.0,4.0,4.0,4.0,4.0,4.0,4.0,4.0,125.02499750049988,4.0,125.02499750049988,38.4285050450834,46.87483333303704,4.0,97.39404499249429,4.0,56.28104081798378,4.0,97.06312379065491,
4.0,4.0,4.0,4.0,4.0,4.0,4.0,4.0,4.0,4.0,4.0,4.0,67.07717151740606,98.54339145777357,100.84090880634155,98.12350494260906,125.00699980401097,4.0,4.0,4.0,90.96091956927926,9.99999999E8,55.84527029996392,68.39265717571993,
4.0,4.0,4.0,4.0,4.0,4.0,4.0,4.0,4.0,4.0,4.0,4.0,4.0,94.77341399358788,44.98055135277912,9.99999999E8,119.51661902104755,9.99999999E8,4.0,48.58240422210494,4.0,39.36439451529206,52.42852277148384,26.536843852136094,
4.0,4.0,4.0,4.0,4.0,4.0,4.0,4.0,4.0,4.0,4.0,4.0,4.0,4.0,41.73252096129736,88.98763959112524,59.32303281375812,4.0,4.0,66.39695441475878,79.93469556804202,65.15894029218093,4.0,45.32548951748895,
4.0,4.0,4.0,4.0,4.0,4.0,4.0,4.0,4.0,4.0,4.0,4.0,84.0,9.99999999E8,67.21792915584354,4.0,87.64448388549934,4.0,62.52039667180623,47.93282336307299,87.64448388549934,55.365575394603376,4.0,63.86081804700479,
4.0,4.0,4.0,4.0,4.0,4.0,4.0,4.0,4.0,4.0,4.0,4.0,108.31089511217235,55.40476062578016,51.915797210483056,64.44808418840358,28.89636655359978,74.6243927948496,93.60154913247963,4.0,103.07885331143338,4.0,79.02671840727174,48.290138744882476,
4.0,4.0,4.0,4.0,4.0,4.0,4.0,4.0,4.0,4.0,4.0,4.0,54.73237298949521,98.52354484532563,4.0,68.39265717571993,87.64448388549934,4.0,49.644290261374024,47.93282336307299,61.842292452677306,4.0,84.37535185111822,60.272713560947295,
4.0,4.0,4.0,4.0,4.0,4.0,4.0,4.0,4.0,4.0,4.0,4.0,56.86651035539283,98.38812033077075,92.0,4.0,4.0,4.0,92.0,54.877641672684476,4.0,84.0,100.0,74.21739837950548,
4.0,4.0,4.0,4.0,4.0,4.0,4.0,4.0,4.0,4.0,4.0,4.0,53.36589142277058,98.52354484532563,94.26160406018985,79.28934354627991,28.453123675856403,70.13241444264952,89.00312104390248,36.72107705392095,9.99999999E8,125.02499750049988,49.89878644705589,4.0,
4.0,4.0,4.0,4.0,4.0,4.0,4.0,4.0,4.0,4.0,4.0,4.0,4.0,89.06676646700997,125.02499750049988,4.0,4.0,4.0,79.39773296511683,91.1657830548282,30.150642190338104,84.1222655160663,4.0,119.51661902104755,
4.0,4.0,4.0,4.0,4.0,4.0,4.0,4.0,4.0,4.0,4.0,4.0,68.39265717571993,53.82091933462945,77.55481932156118,4.0,119.51661902104755,83.76886188926183,4.0,119.51661902104755,85.87318604566069,114.7703020045788,89.00312104390248,4.0,
4.0,4.0,4.0,4.0,4.0,4.0,4.0,4.0,4.0,4.0,4.0,4.0,46.87483333303704,92.0,68.53612186285419,53.5582841016996,4.0,123.26495852431054,69.75385294017815,68.94659275889727,69.13282099535293,4.0,9.99999999E8,4.0,
4.0,4.0,4.0,4.0,4.0,4.0,4.0,4.0,4.0,4.0,4.0,4.0,108.98050284339855,64.44808418840358,74.21739837950548,49.90177852541931,30.879694874715902,107.90839736657303,64.44808418840358,4.0,85.40426739272979,125.02499750049988,4.0,102.27023027254803,
4.0,4.0,4.0,4.0,4.0,4.0,4.0,4.0,4.0,4.0,4.0,4.0,4.0,4.0,62.982342844674186,98.12350494260906,4.0,9.99999999E8,46.0,4.0,98.38812033077075,88.8101908566804,4.0,74.21739837950548,
4.0,4.0,4.0,4.0,4.0,4.0,4.0,4.0,4.0,4.0,4.0,4.0,4.0,98.52354484532563,4.0,52.73305898773636,89.00312104390248,79.93469556804202,4.0,97.06312379065491,9.99999999E8,4.0,72.03394261658103,9.99999999E8,
4.0,4.0,4.0,4.0,4.0,4.0,4.0,4.0,4.0,4.0,4.0,4.0,74.0825365536455,84.39128443677635,9.99999999E8,101.8037327409953,97.1823029157058,72.0510023440029,4.0,84.35251590068616,37.21290098877001,4.0,4.0,4.0,
4.0,4.0,4.0,4.0,4.0,4.0,4.0,4.0,4.0,4.0,4.0,4.0,74.0825365536455,103.0,49.30654928576056,33.98437140804579,51.14623642067909,90.89309960363084,68.39265717571993,58.5421856442002,55.33433734028889,4.0,9.99999999E8,58.607166797244176,
4.0,4.0,4.0,4.0,4.0,4.0,4.0,4.0,4.0,4.0,4.0,4.0,46.29938069846318,98.38812033077075,4.0,98.54339145777357,4.0,76.65670225100999,4.0,33.914658801654674,4.0,107.30745029534944,4.0,87.64448388549934,
4.0,4.0,4.0,4.0,4.0,4.0,4.0,4.0,4.0,4.0,4.0,4.0,4.0,107.6231852344094,4.0,97.25636225975141,9.99999999E8,4.0,61.581247145539365,9.99999999E8,74.0825365536455,53.408705244729234,4.0,37.36308338453881,
4.0,4.0,4.0,4.0,4.0,4.0,4.0,4.0,4.0,4.0,4.0,4.0,94.73061220581702,70.54360353710321,9.99999999E8,64.23775989181415,92.0,4.0,9.99999999E8,104.76282737688975,115.2226106282964,56.53483439438025,57.27556019733345,4.0,
4.0,4.0,4.0,4.0,4.0,4.0,4.0,4.0,4.0,4.0,4.0,4.0,4.0,52.642663306485545,106.58747059992038,113.11449460121761,47.93282336307299,4.0,57.7408001330082,58.99586762387867,62.88790733431101,76.62478727338404,47.514552013685496,56.10347582815168,
4.0,4.0,4.0,4.0,4.0,4.0,4.0,4.0,4.0,4.0,4.0,4.0,4.0,46.783451754062476,30.879694874715902,4.0,101.66808742176671,4.0,4.0,30.43360119395424,4.0,30.879694874715902,57.3255808712151,58.607166797244176,
4.0,4.0,4.0,4.0,4.0,4.0,4.0,4.0,4.0,4.0,4.0,4.0,76.08679254640715,96.37542333096246,9.99999999E8,69.1728912861743,74.91476638301839,89.39912796908398,30.879694874715902,4.0,125.02499750049988,73.62574278063346,48.884430036566854,45.6902615444473,
4.0,4.0,4.0,4.0,4.0,4.0,4.0,4.0,4.0,4.0,4.0,4.0,98.52354484532563,97.06312379065491,62.52039667180623,49.297284126229734,4.0,89.39912796908398,4.0,114.7703020045788,4.0,50.317878421977305,98.52354484532563,47.93282336307299,
4.0,4.0,4.0,4.0,4.0,4.0,4.0,4.0,4.0,4.0,4.0,4.0,61.25357132445422,74.0825365536455,4.0,4.0,9.99999999E8,9.99999999E8,49.297284126229734,64.4316498314299,123.26495852431054,98.12350494260906,103.0,4.0,
4.0,4.0,4.0,4.0,4.0,4.0,4.0,4.0,4.0,4.0,4.0,4.0,93.28853091350511,77.55481932156118,103.0,84.0,40.76627146169844,31.54225071625222,31.88945750557698,4.0,4.0,9.99999999E8,69.67065379340143,9.99999999E8,
4.0,4.0,4.0,4.0,4.0,4.0,4.0,4.0,4.0,4.0,4.0,4.0,30.879694874715902,92.0611210012131,62.52039667180623,77.48935410751596,104.83677789783508,4.0,45.6902615444473,64.44808418840358,4.0,62.52039667180623,48.97729586455424,80.24299034806717,
4.0,4.0,4.0,4.0,4.0,4.0,4.0,4.0,4.0,4.0,4.0,4.0,94.56347074848723,101.60905471462668,57.6576100788092,97.40636529508737,42.03807797699605,39.105271028625054,61.25357132445422,50.79062413477511,4.0,108.31089511217235,87.64448388549934,4.0,
4.0,4.0,4.0,4.0,4.0,4.0,4.0,4.0,4.0,4.0,4.0,4.0,47.93282336307299,103.0,4.0,98.52354484532563,47.93282336307299,4.0,92.0,40.09173155122525,80.95609235189708,80.95609235189708,123.26495852431054,4.0,
4.0,4.0,4.0,4.0,4.0,4.0,4.0,4.0,4.0,4.0,4.0,4.0,66.6966078597705,49.98749843710925,33.15640117346136,4.0,55.80322571321482,66.49728482343387,45.6902615444473,4.0,79.93469556804202,107.6231852344094,64.44808418840358,4.0,
4.0,4.0,4.0,4.0,4.0,4.0,4.0,4.0,4.0,4.0,4.0,4.0,148.0,4.0,39.83435088217306,4.0,103.0,4.0,4.0,107.90839736657303,4.0,4.0,4.0,62.94150183353766,
4.0,4.0,4.0,4.0,4.0,4.0,4.0,4.0,4.0,4.0,4.0,4.0,4.0,4.0,50.317878421977305,4.0,87.64448388549934,92.0,4.0,74.0825365536455,47.93282336307299,68.39265717571993,4.0,61.51061335700983,
4.0,4.0,4.0,4.0,4.0,4.0,4.0,4.0,4.0,4.0,4.0,4.0,89.00312104390248,84.35251590068616,4.0,64.44808418840358,4.0,9.99999999E8,47.93282336307299,30.879694874715902,54.98686711893628,4.0,4.0,4.0,
4.0,4.0,4.0,4.0,4.0,4.0,4.0,4.0,4.0,4.0,4.0,4.0,52.642663306485545,38.48664992204729,4.0,55.12531179050147,4.0,89.00312104390248,108.31089511217235,4.0,9.99999999E8,125.02499750049988,48.58240422210494,95.57486884927206,
4.0,4.0,4.0,4.0,4.0,4.0,4.0,4.0,4.0,4.0,4.0,4.0,89.00312104390248,9.99999999E8,107.90839736657303,84.0,94.57566048173048,72.74537022305192,4.0,77.55481932156118,4.0,113.11449460121761,88.98735865278843,75.4614968046619,
4.0,4.0,4.0,4.0,4.0,4.0,4.0,4.0,4.0,4.0,4.0,4.0,4.0,83.15287126732305,4.0,45.56314299957807,34.300326480869174,35.66822426505449,4.0,57.6576100788092,69.13282099535293,39.36439451529206,58.26281451797155,23.20679976979927,
4.0,4.0,4.0,4.0,4.0,4.0,4.0,4.0,4.0,4.0,4.0,4.0,48.58240422210494,64.44808418840358,45.47801666739657,59.47058096235482,4.0,45.47801666739657,4.0,65.99090846472717,48.58240422210494,134.82169294623506,125.02499750049988,79.53743823906233,
=======
74.64508616706722,54.607691765904185,33.88937585613473,71.9945985628243,83.75493351969715,50.53735936273308,84.0,58.44602210587133,116.03275399644706,78.23841767316105,71.93901738432506,65.73093301905546,49.90177852541931,85.0037214071315,58.26281451797155,9.99999999E8,84.99647051495727,40.14870318387555,93.20348109855601,72.05476312422996,52.850125851024565,92.40971569892181,84.34743502868577,119.51661902104755,
33.88937585613473,40.14870318387555,49.90177852541931,50.53735936273308,52.850125851024565,54.607691765904185,58.26281451797155,58.44602210587133,65.73093301905546,71.93901738432506,71.9945985628243,72.05476312422996,71.93901738432506,66.53831181188406,85.94635251250679,61.86744092746668,101.60905471462668,125.01499910010799,62.35026508007448,35.16532382902225,76.56129996977079,36.843418679595956,76.45652359347763,64.44808418840358,
33.88937585613473,35.16532382902225,36.843418679595956,40.14870318387555,49.90177852541931,50.53735936273308,52.850125851024565,54.607691765904185,58.26281451797155,58.44602210587133,61.86744092746668,62.35026508007448,80.94596963407135,51.90761023202667,69.06045857634824,71.98335436602773,90.39866352633173,57.819211551955604,37.11131902802701,89.44545710050548,43.61730316975672,60.49017461116967,58.44602210587133,48.65118189725713,
33.88937585613473,35.16532382902225,36.843418679595956,37.11131902802701,40.14870318387555,43.61730316975672,48.65118189725713,49.90177852541931,50.53735936273308,51.90761023202667,52.850125851024565,54.607691765904185,46.973068196600366,74.43938622948353,39.20901603936919,44.38116154406056,51.59844958911072,91.98127828833188,40.511726697340364,87.64448388549934,57.18118134491452,54.67723475085403,48.39615170651485,35.08845964131227,
33.88937585613473,35.08845964131227,35.16532382902225,36.843418679595956,37.11131902802701,39.20901603936919,40.14870318387555,40.511726697340364,43.61730316975672,44.38116154406056,46.973068196600366,48.39615170651485,49.31418547323771,103.3211014265721,75.0439871008997,83.32586633213002,69.73360388079826,65.29500363733813,48.24106134819175,90.78766436030833,77.84914768909398,103.06672595944823,72.91471425957559,59.02956713307635,
33.88937585613473,35.08845964131227,35.16532382902225,36.843418679595956,37.11131902802701,39.20901603936919,40.14870318387555,40.511726697340364,43.61730316975672,44.38116154406056,46.973068196600366,48.24106134819175,9.99999999E8,57.50555528719716,80.24143256448005,116.03275399644706,80.37995707886388,44.40595555653419,40.54858197273981,80.00347214687345,78.14674388768168,104.5126254999313,97.68444093098962,94.77341399358788,
33.88937585613473,35.08845964131227,35.16532382902225,36.843418679595956,37.11131902802701,39.20901603936919,40.14870318387555,40.511726697340364,40.54858197273981,43.61730316975672,44.38116154406056,44.40595555653419,52.67292947995203,33.88937585613473,45.26833575715173,54.38382112356578,67.36138029728573,67.7595603932859,43.785699720342485,84.93069069672177,66.06010520730345,39.96526269427266,39.20901603936919,77.84914768909398,
33.88937585613473,33.88937585613473,35.08845964131227,35.16532382902225,36.843418679595956,37.11131902802701,39.20901603936919,39.20901603936919,39.96526269427266,40.14870318387555,40.511726697340364,40.54858197273981,56.60803066529049,56.125080769278405,81.90984203514388,44.46121905661157,60.62951014151442,45.29459128858544,108.3662770422607,35.738245930966194,51.56764704950403,44.144937537662024,75.36333759236798,32.14420632089086,
32.14420632089086,33.88937585613473,33.88937585613473,35.08845964131227,35.16532382902225,35.738245930966194,36.843418679595956,37.11131902802701,39.20901603936919,39.20901603936919,39.96526269427266,40.14870318387555,61.98386886924694,33.62700566812457,39.20901603936919,49.58892239694059,68.7536269915253,35.738245930966194,99.24842568020915,80.24376128079862,80.95609235189708,53.751279054549016,43.52266331719857,56.286222904800496,
32.14420632089086,33.62700566812457,33.88937585613473,33.88937585613473,35.08845964131227,35.16532382902225,35.738245930966194,35.738245930966194,36.843418679595956,37.11131902802701,39.20901603936919,39.20901603936919,89.0723800562716,74.64315105888818,50.317878421977305,91.85435331121886,28.768037819774918,46.0,84.99647051495727,79.37813860811357,59.47058096235482,40.34878797879838,33.65717688035578,66.9869390254548,
28.768037819774918,32.14420632089086,33.62700566812457,33.65717688035578,33.88937585613473,33.88937585613473,35.08845964131227,35.16532382902225,35.738245930966194,35.738245930966194,36.843418679595956,37.11131902802701,37.11131902802701,69.2820323027551,31.03626910567699,35.34940235581898,35.30722305704599,32.51826409881069,57.886095048811164,108.40151700455529,31.399641717701176,38.24918299781056,35.33997142396854,33.940204772511315,
28.768037819774918,31.03626910567699,31.399641717701176,32.14420632089086,32.51826409881069,33.62700566812457,33.65717688035578,33.88937585613473,33.88937585613473,33.940204772511315,35.08845964131227,35.16532382902225,64.23346090629089,111.50585435552502,33.40359262115379,28.768037819774918,94.47089498888005,69.77642868476431,67.38842630600598,82.62095510354635,80.95609235189708,116.03275399644706,84.28760288440999,108.40612938800504,
28.768037819774918,28.768037819774918,31.03626910567699,31.399641717701176,32.14420632089086,32.51826409881069,33.40359262115379,33.62700566812457,33.65717688035578,33.88937585613473,33.88937585613473,33.940204772511315,57.6576100788092,33.62700566812457,31.941352507368876,32.341557342851424,53.636637561361816,31.03626910567699,48.778125789697526,57.50555528719716,46.62836134406455,73.79701890998037,77.6273147803014,42.053207038491394,
28.768037819774918,28.768037819774918,31.03626910567699,31.03626910567699,31.399641717701176,31.941352507368876,32.14420632089086,32.341557342851424,32.51826409881069,33.40359262115379,33.62700566812457,33.62700566812457,72.81208690869944,37.11131902802701,28.768037819774918,58.32495177880561,78.97608639469433,33.62700566812457,39.07940634144792,64.47413109338437,46.57931572126435,58.71042139387958,44.98055135277912,72.86440984611227,
28.768037819774918,28.768037819774918,28.768037819774918,31.03626910567699,31.03626910567699,31.399641717701176,31.941352507368876,32.14420632089086,32.341557342851424,32.51826409881069,33.40359262115379,33.62700566812457,97.06312379065491,30.879694874715902,34.3394816501356,59.47058096235482,9.99999999E8,37.11131902802701,28.768037819774918,52.084546652534094,72.79285679240786,44.98055135277912,97.06312379065491,37.11131902802701,
28.768037819774918,28.768037819774918,28.768037819774918,28.768037819774918,30.879694874715902,31.03626910567699,31.03626910567699,31.399641717701176,31.941352507368876,32.14420632089086,32.341557342851424,32.51826409881069,55.15936507571091,67.2053238631848,84.88926610591,44.98055135277912,33.01346526629534,33.424874303760994,86.54221834200666,34.80804504708645,28.768037819774918,72.18898807990038,32.47905307869811,97.06312379065491,
28.768037819774918,28.768037819774918,28.768037819774918,28.768037819774918,28.768037819774918,30.879694874715902,31.03626910567699,31.03626910567699,31.399641717701176,31.941352507368876,32.14420632089086,32.341557342851424,54.721111099830566,87.8108763195084,77.55481932156118,76.65670225100999,134.82169294623506,84.28760288440999,100.45023643575958,50.386009963084,46.87483333303704,44.98055135277912,58.60695786512112,63.30284353802758,
28.768037819774918,28.768037819774918,28.768037819774918,28.768037819774918,28.768037819774918,30.879694874715902,31.03626910567699,31.03626910567699,31.399641717701176,31.941352507368876,32.14420632089086,32.341557342851424,134.82169294623506,87.64448388549934,32.14420632089086,68.29999186595039,108.46312737515916,50.386009963084,66.9869390254548,37.11131902802701,75.60158728492412,30.879694874715902,49.43932557772453,74.88603586348351,
28.768037819774918,28.768037819774918,28.768037819774918,28.768037819774918,28.768037819774918,30.879694874715902,30.879694874715902,31.03626910567699,31.03626910567699,31.399641717701176,31.941352507368876,32.14420632089086,28.768037819774918,96.44817261099352,37.11131902802701,54.877641672684476,70.16330158201572,65.24483802484983,31.03626910567699,60.92567192899886,72.74995227184384,33.424874303760994,33.424874303760994,72.26494462892933,
28.768037819774918,28.768037819774918,28.768037819774918,28.768037819774918,28.768037819774918,28.768037819774918,30.879694874715902,30.879694874715902,31.03626910567699,31.03626910567699,31.03626910567699,31.399641717701176,28.768037819774918,64.44808418840358,62.26305084076751,96.44817261099352,81.71510279435104,77.9307384797552,71.48369301698771,41.11447433690476,28.768037819774918,87.8108763195084,28.768037819774918,75.33790546597376,
28.768037819774918,28.768037819774918,28.768037819774918,28.768037819774918,28.768037819774918,28.768037819774918,28.768037819774918,28.768037819774918,28.768037819774918,30.879694874715902,30.879694874715902,31.03626910567699,73.79701890998037,32.50982757396429,42.51102798098395,80.35891708799687,44.98055135277912,78.34980126346646,101.60905471462668,88.8101908566804,96.44817261099352,87.8108763195084,54.36910887627275,30.477678535099894,
28.768037819774918,28.768037819774918,28.768037819774918,28.768037819774918,28.768037819774918,28.768037819774918,28.768037819774918,28.768037819774918,28.768037819774918,30.477678535099894,30.879694874715902,30.879694874715902,48.58240422210494,24.417662095749915,24.417662095749915,101.70654955420632,35.6151302117513,30.41198594121878,66.9869390254548,30.879694874715902,76.65670225100999,55.66167642303116,44.98055135277912,45.022896669248155,
24.417662095749915,24.417662095749915,28.768037819774918,28.768037819774918,28.768037819774918,28.768037819774918,28.768037819774918,28.768037819774918,28.768037819774918,28.768037819774918,28.768037819774918,30.41198594121878,43.72416344695233,28.768037819774918,28.768037819774918,75.60158728492412,97.06312379065491,90.46659096944383,28.768037819774918,40.102992407051126,85.26664060463506,30.879694874715902,24.417662095749915,44.98055135277912,
24.417662095749915,24.417662095749915,24.417662095749915,28.768037819774918,28.768037819774918,28.768037819774918,28.768037819774918,28.768037819774918,28.768037819774918,28.768037819774918,28.768037819774918,28.768037819774918,28.768037819774918,57.3255808712151,55.731499172371095,92.03396112305501,28.768037819774918,28.768037819774918,30.41198594121878,94.95472605405168,49.51767361255979,91.57073768404403,69.77642868476431,30.879694874715902,
24.417662095749915,24.417662095749915,24.417662095749915,28.768037819774918,28.768037819774918,28.768037819774918,28.768037819774918,28.768037819774918,28.768037819774918,28.768037819774918,28.768037819774918,28.768037819774918,78.33007085404685,69.96110030263644,40.874808868054664,52.42852277148384,42.31784493567696,58.516854172299986,45.741119356657634,46.87483333303704,84.0,55.731499172371095,51.16229321398309,28.768037819774918,
24.417662095749915,24.417662095749915,24.417662095749915,28.768037819774918,28.768037819774918,28.768037819774918,28.768037819774918,28.768037819774918,28.768037819774918,28.768037819774918,28.768037819774918,28.768037819774918,54.24208773298326,54.30653735969547,65.73534667489885,51.90589775952461,74.4956374561625,98.38812033077075,32.50982757396429,65.57594133241744,54.721111099830566,79.93469556804202,24.417662095749915,94.65845034766957,
24.417662095749915,24.417662095749915,24.417662095749915,24.417662095749915,28.768037819774918,28.768037819774918,28.768037819774918,28.768037819774918,28.768037819774918,28.768037819774918,28.768037819774918,28.768037819774918,83.14407675835965,32.07007633165795,30.879694874715902,44.23453644920485,107.90839736657303,30.41198594121878,66.9869390254548,17.0,134.82169294623506,28.768037819774918,28.768037819774918,54.721111099830566,
17.0,24.417662095749915,24.417662095749915,24.417662095749915,24.417662095749915,28.768037819774918,28.768037819774918,28.768037819774918,28.768037819774918,28.768037819774918,28.768037819774918,28.768037819774918,24.417662095749915,24.417662095749915,48.58240422210494,65.12248075741587,44.98055135277912,28.768037819774918,108.39844197322314,100.0,68.02343346230033,28.768037819774918,93.20348109855601,103.0,
17.0,24.417662095749915,24.417662095749915,24.417662095749915,24.417662095749915,24.417662095749915,24.417662095749915,28.768037819774918,28.768037819774918,28.768037819774918,28.768037819774918,28.768037819774918,68.8131528125256,61.581247145539365,28.768037819774918,24.417662095749915,30.879694874715902,88.8101908566804,79.93469556804202,87.8108763195084,52.642663306485545,49.61249842529602,24.417662095749915,30.879694874715902,
17.0,24.417662095749915,24.417662095749915,24.417662095749915,24.417662095749915,24.417662095749915,24.417662095749915,24.417662095749915,24.417662095749915,28.768037819774918,28.768037819774918,28.768037819774918,88.8101908566804,52.42852277148384,125.02499750049988,24.417662095749915,24.417662095749915,77.55481932156118,134.82169294623506,60.7016586101623,73.50149070462767,46.87483333303704,70.98747933419119,93.28585101718267,
17.0,24.417662095749915,24.417662095749915,24.417662095749915,24.417662095749915,24.417662095749915,24.417662095749915,24.417662095749915,24.417662095749915,24.417662095749915,24.417662095749915,28.768037819774918,47.72420769378995,76.18890995413965,24.417662095749915,71.17271637049942,100.0,35.611795798583366,108.39844197322314,95.69685934704906,84.37061099695794,45.741119356657634,45.741119356657634,24.417662095749915,
17.0,24.417662095749915,24.417662095749915,24.417662095749915,24.417662095749915,24.417662095749915,24.417662095749915,24.417662095749915,24.417662095749915,24.417662095749915,24.417662095749915,24.417662095749915,24.417662095749915,80.35891708799687,24.417662095749915,9.99999999E8,77.6707795763632,98.38812033077075,30.879694874715902,75.49304603736691,24.417662095749915,17.0,134.82169294623506,51.05770156292671,
17.0,17.0,24.417662095749915,24.417662095749915,24.417662095749915,24.417662095749915,24.417662095749915,24.417662095749915,24.417662095749915,24.417662095749915,24.417662095749915,24.417662095749915,46.0,47.87065907212893,125.02499750049988,46.87483333303704,59.47058096235482,24.417662095749915,79.93469556804202,93.20348109855601,24.417662095749915,24.417662095749915,46.87483333303704,61.49949186781953,
17.0,17.0,24.417662095749915,24.417662095749915,24.417662095749915,24.417662095749915,24.417662095749915,24.417662095749915,24.417662095749915,24.417662095749915,24.417662095749915,24.417662095749915,17.0,98.74613916503267,53.914520402244904,100.0,103.0,108.3662770422607,45.741119356657634,68.10436169315922,42.31784493567696,97.06312379065491,58.516854172299986,24.417662095749915,
17.0,17.0,17.0,24.417662095749915,24.417662095749915,24.417662095749915,24.417662095749915,24.417662095749915,24.417662095749915,24.417662095749915,24.417662095749915,24.417662095749915,97.06312379065491,24.417662095749915,37.31607958934549,4.0,9.99999999E8,45.741119356657634,91.82183836103479,9.99999999E8,24.417662095749915,24.417662095749915,106.11432514038809,65.87820200946592,
4.0,17.0,17.0,17.0,24.417662095749915,24.417662095749915,24.417662095749915,24.417662095749915,24.417662095749915,24.417662095749915,24.417662095749915,24.417662095749915,66.27887211539503,84.0,49.949109904450886,87.69407049510247,17.0,71.97376065082484,80.30527691254169,94.65845034766957,108.39844197322314,97.06312379065491,30.879694874715902,134.82169294623506,
4.0,17.0,17.0,17.0,17.0,24.417662095749915,24.417662095749915,24.417662095749915,24.417662095749915,24.417662095749915,24.417662095749915,24.417662095749915,38.151743807531986,134.82169294623506,74.0825365536455,61.13264267148934,24.417662095749915,24.417662095749915,119.51661902104755,82.623770792672,17.0,33.58405706416199,94.65845034766957,48.49627706215075,
4.0,17.0,17.0,17.0,17.0,17.0,24.417662095749915,24.417662095749915,24.417662095749915,24.417662095749915,24.417662095749915,24.417662095749915,94.6850040925172,24.417662095749915,79.93469556804202,59.46399702465989,97.06312379065491,53.48305806514807,108.3662770422607,54.22074223845418,17.0,80.92108638804982,52.642663306485545,17.0,
4.0,17.0,17.0,17.0,17.0,17.0,17.0,17.0,24.417662095749915,24.417662095749915,24.417662095749915,24.417662095749915,125.02499750049988,17.0,108.39844197322314,75.60158728492412,48.51224072334734,74.0825365536455,59.47058096235482,17.0,87.69407049510247,72.26494462892933,134.82169294623506,96.5007771989428,
4.0,17.0,17.0,17.0,17.0,17.0,17.0,17.0,17.0,17.0,24.417662095749915,24.417662095749915,84.0,87.69407049510247,37.31607958934549,134.82169294623506,74.0825365536455,134.82169294623506,9.99999999E8,87.69407049510247,119.51661902104755,125.02499750049988,46.87483333303704,107.90839736657303,
4.0,17.0,17.0,17.0,17.0,17.0,17.0,17.0,17.0,17.0,24.417662095749915,24.417662095749915,64.44808418840358,78.30453371293389,74.21739837950548,64.44808418840358,96.37542333096246,87.11040249144887,74.0825365536455,17.0,17.0,17.0,17.0,87.64448388549934,
4.0,17.0,17.0,17.0,17.0,17.0,17.0,17.0,17.0,17.0,17.0,17.0,24.417662095749915,44.397475181243536,87.69407049510247,17.0,17.0,24.417662095749915,17.0,9.99999999E8,17.0,17.0,17.0,87.64448388549934,
4.0,17.0,17.0,17.0,17.0,17.0,17.0,17.0,17.0,17.0,17.0,17.0,17.0,103.0,90.89309960363084,71.06076732671288,37.31607958934549,17.0,113.11449460121761,84.0,134.82169294623506,134.82169294623506,17.0,85.5251749811455,
4.0,17.0,17.0,17.0,17.0,17.0,17.0,17.0,17.0,17.0,17.0,17.0,33.58405706416199,17.0,17.0,77.55481932156118,62.923341764209496,107.90839736657303,91.05980940507666,17.0,17.0,100.80302574823833,17.0,17.0,
4.0,17.0,17.0,17.0,17.0,17.0,17.0,17.0,17.0,17.0,17.0,17.0,64.44808418840358,125.02499750049988,76.65670225100999,53.88271465670146,51.96392979750473,105.06307629229215,83.32586633213002,17.0,78.97608639469433,17.0,69.96110030263644,64.44808418840358,
4.0,17.0,17.0,17.0,17.0,17.0,17.0,17.0,17.0,17.0,17.0,17.0,66.40721622946515,24.417662095749915,17.0,74.0825365536455,112.64657118616616,17.0,9.99999999E8,83.32586633213002,24.417662095749915,4.0,97.06312379065491,17.0,
4.0,4.0,17.0,17.0,17.0,17.0,17.0,17.0,17.0,17.0,17.0,17.0,87.69407049510247,79.32773089461774,52.42852277148384,50.386009963084,54.53439281774392,134.82169294623506,4.0,94.2443632266673,37.62562291843153,17.0,96.37542333096246,97.06312379065491,
4.0,4.0,4.0,17.0,17.0,17.0,17.0,17.0,17.0,17.0,17.0,17.0,46.147943107588496,92.0,24.417662095749915,98.32395435497904,90.89309960363084,9.99999999E8,17.0,4.0,69.29793706621182,75.60158728492412,77.58350340117414,36.87851259687712,
4.0,4.0,4.0,4.0,17.0,17.0,17.0,17.0,17.0,17.0,17.0,17.0,9.99999999E8,71.64139722198588,72.04551030810703,4.0,17.0,17.0,81.40178130729082,38.650858837662184,58.516854172299986,119.51661902104755,37.11131902802701,58.516854172299986,
4.0,4.0,4.0,4.0,4.0,17.0,17.0,17.0,17.0,17.0,17.0,17.0,84.35251590068616,97.06312379065491,64.44808418840358,17.0,17.0,17.0,84.0,46.87483333303704,4.0,4.0,17.0,125.01499910010799,
4.0,4.0,4.0,4.0,4.0,4.0,4.0,17.0,17.0,17.0,17.0,17.0,57.3255808712151,4.0,87.71335504392262,90.9315982239153,134.82169294623506,4.0,58.516854172299986,69.29793706621182,100.0,57.886095048811164,74.21739837950548,58.1150412947574,
4.0,4.0,4.0,4.0,4.0,4.0,4.0,4.0,4.0,17.0,17.0,17.0,4.0,106.00117923872357,4.0,54.83814568548268,47.93282336307299,87.64448388549934,92.0,74.88603586348351,4.0,87.64448388549934,100.0,91.34306517495216,
4.0,4.0,4.0,4.0,4.0,4.0,4.0,4.0,4.0,4.0,4.0,4.0,103.3211014265721,95.32182331449603,72.71863585079137,134.82169294623506,63.88318420750328,4.0,4.0,45.332107826572546,97.06312379065491,87.64448388549934,45.294100670568085,42.529989419232166,
4.0,4.0,4.0,4.0,4.0,4.0,4.0,4.0,4.0,4.0,4.0,4.0,4.0,84.0,4.0,4.0,87.11040249144887,4.0,60.493284751284584,59.47058096235482,92.0,87.64448388549934,4.0,72.26494462892933,
4.0,4.0,4.0,4.0,4.0,4.0,4.0,4.0,4.0,4.0,4.0,4.0,40.295005894031085,4.0,107.90839736657303,62.47199372518857,87.64448388549934,84.35251590068616,4.0,64.44808418840358,98.52354484532563,87.8108763195084,84.0,91.53991236370918,
4.0,4.0,4.0,4.0,4.0,4.0,4.0,4.0,4.0,4.0,4.0,4.0,9.99999999E8,107.90839736657303,71.58155046760959,43.95096699732555,61.581247145539365,69.31854892083211,71.5675790239333,4.0,64.44808418840358,46.50537603331468,4.0,39.36439451529206,
4.0,4.0,4.0,4.0,4.0,4.0,4.0,4.0,4.0,4.0,4.0,4.0,52.63272823664619,70.13241444264952,92.0,4.0,4.0,72.26494462892933,70.18488702952324,54.4875113112068,89.00312104390248,69.96110030263644,64.44808418840358,4.0,
4.0,4.0,4.0,4.0,4.0,4.0,4.0,4.0,4.0,4.0,4.0,4.0,42.75674085906091,47.93282336307299,34.664573458521375,87.11040249144887,100.80302574823833,72.95127750004718,9.99999999E8,107.90839736657303,94.2443632266673,64.44808418840358,79.93469556804202,88.98763959112524,
4.0,4.0,4.0,4.0,4.0,4.0,4.0,4.0,4.0,4.0,4.0,4.0,4.0,73.62574278063346,37.76771107705628,51.915797210483056,92.0,4.0,62.88790733431101,47.93282336307299,92.62049209303282,134.82169294623506,4.0,92.0,
4.0,4.0,4.0,4.0,4.0,4.0,4.0,4.0,4.0,4.0,4.0,4.0,41.2583324917525,73.62574278063346,96.53600364630805,51.98978265005539,64.44808418840358,108.3662770422607,73.62574278063346,91.73633716012186,47.93282336307299,64.44808418840358,80.24299034806717,63.86081804700479,
4.0,4.0,4.0,4.0,4.0,4.0,4.0,4.0,4.0,4.0,4.0,4.0,65.57594133241744,72.26494462892933,4.0,78.69702803932448,73.23857514239944,59.47058096235482,81.95273027788642,98.12350494260906,87.64448388549934,116.01896396710323,97.06312379065491,4.0,
4.0,4.0,4.0,4.0,4.0,4.0,4.0,4.0,4.0,4.0,4.0,4.0,67.21792915584354,4.0,71.93901738432506,4.0,17.0,4.0,89.00312104390248,100.39521900967198,4.0,80.95609235189708,4.0,49.729882610858795,
4.0,4.0,4.0,4.0,4.0,4.0,4.0,4.0,4.0,4.0,4.0,4.0,89.00312104390248,30.879694874715902,65.57607964968798,64.44808418840358,45.307835966861184,134.82169294623506,68.39265717571993,55.03816857418131,72.170323232999,87.11040249144887,55.718538706211206,4.0,
4.0,4.0,4.0,4.0,4.0,4.0,4.0,4.0,4.0,4.0,4.0,4.0,17.0,4.0,89.00312104390248,55.80322571321482,119.51661902104755,93.95329809124436,79.53545680316981,92.0,76.08679254640715,58.65833274139319,106.58747059992038,4.0,
4.0,4.0,4.0,4.0,4.0,4.0,4.0,4.0,4.0,4.0,4.0,4.0,100.0,4.0,9.99999999E8,30.879694874715902,4.0,116.02241162809882,4.0,74.0825365536455,4.0,37.36308338453881,88.75280967096081,33.952908564657605,
4.0,4.0,4.0,4.0,4.0,4.0,4.0,4.0,4.0,4.0,4.0,4.0,92.0,112.64657118616616,52.22400730292066,101.60905471462668,17.0,4.0,64.44808418840358,4.0,74.21739837950548,47.02035282988541,119.51661902104755,47.95746414633429,
4.0,4.0,4.0,4.0,4.0,4.0,4.0,4.0,4.0,4.0,4.0,4.0,119.51661902104755,64.44808418840358,62.33458109268081,87.64448388549934,114.51812083683525,65.85020880756568,4.0,47.93282336307299,119.51661902104755,4.0,4.0,106.0,
4.0,4.0,4.0,4.0,4.0,4.0,4.0,4.0,4.0,4.0,4.0,4.0,4.0,4.0,55.80322571321482,9.99999999E8,119.51661902104755,58.779768836648174,83.96427811873333,17.0,98.12350494260906,45.56314299957807,64.46462208064203,47.93282336307299,
4.0,4.0,4.0,4.0,4.0,4.0,4.0,4.0,4.0,4.0,4.0,4.0,68.39265717571993,4.0,91.3558366438012,4.0,4.0,75.60158728492412,97.06312379065491,64.46268300342454,4.0,65.59772270810775,119.51661902104755,100.80302574823833,
4.0,4.0,4.0,4.0,4.0,4.0,4.0,4.0,4.0,4.0,4.0,4.0,84.0,87.64448388549934,89.7657445181005,96.57121724406295,51.915797210483056,70.08100269527763,54.020572213021055,4.0,48.51224072334734,4.0,4.0,54.53439281774392,
4.0,4.0,4.0,4.0,4.0,4.0,4.0,4.0,4.0,4.0,4.0,4.0,107.11792567072983,134.82169294623506,92.0,89.50543124426709,4.0,81.79394843140904,4.0,59.63613951122649,49.18471106420302,119.51661902104755,64.44808418840358,76.65670225100999,
4.0,4.0,4.0,4.0,4.0,4.0,4.0,4.0,4.0,4.0,4.0,4.0,78.69702803932448,4.0,4.0,64.44808418840358,64.44808418840358,4.0,79.93469556804202,4.0,51.915797210483056,100.0,17.0,100.0,
4.0,4.0,4.0,4.0,4.0,4.0,4.0,4.0,4.0,4.0,4.0,4.0,47.93282336307299,107.90839736657303,9.99999999E8,92.0,74.83314773547883,78.69702803932448,4.0,72.0510023440029,37.58310519260439,90.993894789095,87.64448388549934,4.0,
4.0,4.0,4.0,4.0,4.0,4.0,4.0,4.0,4.0,4.0,4.0,4.0,4.0,84.35251590068616,4.0,89.00312104390248,107.30745029534944,4.0,4.0,77.2024754928378,95.74909341027147,4.0,9.99999999E8,100.0,
4.0,4.0,4.0,4.0,4.0,4.0,4.0,4.0,4.0,4.0,4.0,4.0,87.64448388549934,4.0,4.0,4.0,106.58747059992038,89.00312104390248,4.0,64.44808418840358,4.0,4.0,4.0,97.06312379065491,
4.0,4.0,4.0,4.0,4.0,4.0,4.0,4.0,4.0,4.0,4.0,4.0,74.21739837950548,97.1040678859542,87.64448388549934,4.0,80.92108638804982,61.581247145539365,17.0,64.44808418840358,148.0,30.879694874715902,74.21739837950548,4.0,
4.0,4.0,4.0,4.0,4.0,4.0,4.0,4.0,4.0,4.0,4.0,4.0,4.0,4.0,116.02585918664856,75.60158728492412,67.88409239284267,116.02241162809882,4.0,79.93469556804202,30.879694874715902,68.39265717571993,119.51661902104755,74.80790213755645,
4.0,4.0,4.0,4.0,4.0,4.0,4.0,4.0,4.0,4.0,4.0,4.0,45.856297277473246,89.00312104390248,4.0,60.621262771407196,4.0,75.03702789660286,85.93637893517388,4.0,129.4767246350564,4.0,4.0,75.05035346722596,
4.0,4.0,4.0,4.0,4.0,4.0,4.0,4.0,4.0,4.0,4.0,4.0,74.0825365536455,78.69702803932448,68.39265717571993,75.60158728492412,79.93469556804202,83.32586633213002,4.0,91.3558366438012,119.51661902104755,4.0,4.0,74.0825365536455,
4.0,4.0,4.0,4.0,4.0,4.0,4.0,4.0,4.0,4.0,4.0,4.0,87.64448388549934,84.0,86.405545929338,9.99999999E8,106.0,72.26494462892933,72.92461861401813,60.53832578531462,74.21739837950548,98.74613916503267,91.32664209066026,41.266663301023016,
4.0,4.0,4.0,4.0,4.0,4.0,4.0,4.0,4.0,4.0,4.0,4.0,134.82169294623506,67.32152330421528,40.76627146169844,119.51661902104755,103.0,51.54852083231875,80.57066868942584,4.0,87.64448388549934,4.0,17.0,102.8992225432243,
4.0,4.0,4.0,4.0,4.0,4.0,4.0,4.0,4.0,4.0,4.0,4.0,4.0,76.4738517403171,90.44777498645281,98.54339145777357,4.0,68.39265717571993,63.8156524686538,84.0,4.0,30.879694874715902,134.82169294623506,75.77070674079792,
4.0,4.0,4.0,4.0,4.0,4.0,4.0,4.0,4.0,4.0,4.0,4.0,4.0,4.0,53.19429154581556,4.0,74.35649863252632,84.0,89.00312104390248,68.39265717571993,30.879694874715902,4.0,79.53545680316981,69.94680518476562,
4.0,4.0,4.0,4.0,4.0,4.0,4.0,4.0,4.0,4.0,4.0,4.0,4.0,47.93282336307299,71.03261682537976,74.0825365536455,17.0,68.39265717571993,64.44808418840358,61.49949186781953,100.42708797928974,88.8101908566804,4.0,103.0,
4.0,4.0,4.0,4.0,4.0,4.0,4.0,4.0,4.0,4.0,4.0,4.0,9.99999999E8,89.08871982467814,4.0,68.25503644420681,76.47744765615548,129.4767246350564,32.51057520253987,4.0,78.01794665331818,87.11040249144887,4.0,131.0,
4.0,4.0,4.0,4.0,4.0,4.0,4.0,4.0,4.0,4.0,4.0,4.0,45.56314299957807,9.99999999E8,42.72164426714974,30.879694874715902,81.55634555324313,99.38812806366765,4.0,4.0,4.0,64.44808418840358,75.91277889789043,51.88984058132724,
4.0,4.0,4.0,4.0,4.0,4.0,4.0,4.0,4.0,4.0,4.0,4.0,4.0,87.64448388549934,4.0,30.879694874715902,66.91952048709123,62.52039667180623,94.57566048173048,4.0,102.98179450757304,4.0,37.11131902802701,64.4374696896146,
4.0,4.0,4.0,4.0,4.0,4.0,4.0,4.0,4.0,4.0,4.0,4.0,4.0,67.88409239284267,89.00312104390248,30.879694874715902,78.03588917927443,67.88409239284267,4.0,17.0,4.0,67.19633128955412,53.19983291536001,86.06262551307671,
4.0,4.0,4.0,4.0,4.0,4.0,4.0,4.0,4.0,4.0,4.0,4.0,4.0,131.0,4.0,68.39265717571993,84.0,4.0,57.6576100788092,4.0,68.39265717571993,55.80322571321482,4.0,88.73349228482572,
4.0,4.0,4.0,4.0,4.0,4.0,4.0,4.0,4.0,4.0,4.0,4.0,4.0,68.39265717571993,4.0,54.79781017522507,85.5251749811455,4.0,107.90839736657303,4.0,4.0,17.0,48.2620163505652,68.43427503817075,
4.0,4.0,4.0,4.0,4.0,4.0,4.0,4.0,4.0,4.0,4.0,4.0,4.0,4.0,4.0,47.93282336307299,4.0,4.0,64.44808418840358,60.8846244958446,4.0,87.64448388549934,4.0,100.0,
4.0,4.0,4.0,4.0,4.0,4.0,4.0,4.0,4.0,4.0,4.0,4.0,4.0,9.99999999E8,77.2024754928378,72.18898807990038,47.93282336307299,97.06312379065491,4.0,58.10776537343537,75.91277889789043,87.8108763195084,37.76511725961742,100.84586698962377,
4.0,4.0,4.0,4.0,4.0,4.0,4.0,4.0,4.0,4.0,4.0,4.0,47.93282336307299,89.00312104390248,61.581247145539365,112.64657118616616,34.2235299172952,4.0,4.0,50.261538199922036,59.41043679354664,93.9426539023793,97.06312379065491,9.99999999E8,
4.0,4.0,4.0,4.0,4.0,4.0,4.0,4.0,4.0,4.0,4.0,4.0,40.24425424827748,74.0825365536455,73.02225688103593,72.71863585079137,49.92686008577638,74.0825365536455,4.0,9.99999999E8,4.0,51.88984058132724,4.0,46.441360875839976,
4.0,4.0,4.0,4.0,4.0,4.0,4.0,4.0,4.0,4.0,4.0,4.0,114.7703020045788,108.31089511217235,54.7803695577977,69.67065379340143,100.74538526930762,4.0,4.0,37.11131902802701,72.93985345627055,47.93282336307299,4.0,54.38382112356578,
4.0,4.0,4.0,4.0,4.0,4.0,4.0,4.0,4.0,4.0,4.0,4.0,4.0,72.38784428341543,97.06312379065491,17.0,93.89829012761037,4.0,89.0723800562716,30.879694874715902,54.522357799346864,4.0,69.96110030263644,84.0,
4.0,4.0,4.0,4.0,4.0,4.0,4.0,4.0,4.0,4.0,4.0,4.0,131.0,100.0,125.01499910010799,97.06312379065491,4.0,89.69887897230873,78.79227260475625,113.11449460121761,25.4994553318737,4.0,4.0,106.0,
4.0,4.0,4.0,4.0,4.0,4.0,4.0,4.0,4.0,4.0,4.0,4.0,48.767304621026575,46.89968280184398,47.27722287179245,4.0,4.0,46.87483333303704,46.89968280184398,89.00312104390248,30.879694874715902,61.92647970689832,4.0,95.57486884927206,
4.0,4.0,4.0,4.0,4.0,4.0,4.0,4.0,4.0,4.0,4.0,4.0,115.2226106282964,102.2467603398758,45.40264309486839,134.82169294623506,75.91574276788708,66.82767016737903,64.44808418840358,74.0825365536455,9.99999999E8,107.90839736657303,4.0,79.19525799496388,
4.0,4.0,4.0,4.0,4.0,4.0,4.0,4.0,4.0,4.0,4.0,4.0,4.0,64.23775989181415,4.0,100.0,9.99999999E8,45.457672619701945,4.0,68.39265717571993,17.0,4.0,4.0,98.38812033077075,
4.0,4.0,4.0,4.0,4.0,4.0,4.0,4.0,4.0,4.0,4.0,4.0,74.0825365536455,4.0,75.0439871008997,84.0,4.0,77.83476087199087,4.0,116.02585918664856,100.41314654964259,4.0,119.51661902104755,97.06312379065491,
4.0,4.0,4.0,4.0,4.0,4.0,4.0,4.0,4.0,4.0,4.0,4.0,68.51961398023197,44.07394237748893,64.4374696896146,119.51661902104755,37.07499906345994,132.7311401124678,4.0,9.99999999E8,4.0,30.879694874715902,100.0,9.99999999E8,
4.0,4.0,4.0,4.0,4.0,4.0,4.0,4.0,4.0,4.0,4.0,4.0,87.11040249144887,102.52438734271959,87.64448388549934,42.70213369636489,61.92647970689832,47.93282336307299,64.44808418840358,64.27820392636994,87.11040249144887,102.24284816064154,4.0,109.36889665510738,
4.0,4.0,4.0,4.0,4.0,4.0,4.0,4.0,4.0,4.0,4.0,4.0,4.0,107.90839736657303,4.0,4.0,9.99999999E8,4.0,40.48730939717064,94.59519015256537,4.0,134.82169294623506,4.0,9.99999999E8,
4.0,4.0,4.0,4.0,4.0,4.0,4.0,4.0,4.0,4.0,4.0,4.0,87.64448388549934,108.46312737515916,17.0,4.0,17.0,108.46312737515916,4.0,4.0,87.64448388549934,4.0,98.38812033077075,4.0,
4.0,4.0,4.0,4.0,4.0,4.0,4.0,4.0,4.0,4.0,4.0,4.0,48.51739378820754,17.0,4.0,4.0,80.92108638804982,125.02499750049988,4.0,83.32586633213002,74.21739837950548,75.91277889789043,4.0,4.0,
4.0,4.0,4.0,4.0,4.0,4.0,4.0,4.0,4.0,4.0,4.0,4.0,74.0825365536455,78.69702803932448,83.32586633213002,100.0,119.51661902104755,37.8667253520672,30.879694874715902,79.93469556804202,4.0,63.30284353802758,125.00899967602332,92.0,
4.0,4.0,4.0,4.0,4.0,4.0,4.0,4.0,4.0,4.0,4.0,4.0,9.99999999E8,87.11040249144887,89.00312104390248,89.00312104390248,55.80322571321482,55.80322571321482,60.53006599111626,4.0,4.0,52.71951193605182,4.0,68.39265717571993,
4.0,4.0,4.0,4.0,4.0,4.0,4.0,4.0,4.0,4.0,4.0,4.0,64.44808418840358,97.06312379065491,83.37145794575024,79.68409851128114,4.0,98.52354484532563,36.38070306571267,125.02499750049988,66.19998111782208,30.879694874715902,9.99999999E8,4.0,
4.0,4.0,4.0,4.0,4.0,4.0,4.0,4.0,4.0,4.0,4.0,4.0,4.0,74.21739837950548,4.0,89.00312104390248,4.0,92.0,67.39799548887464,56.37375275782161,4.0,64.4517237268176,4.0,4.0,
4.0,4.0,4.0,4.0,4.0,4.0,4.0,4.0,4.0,4.0,4.0,4.0,4.0,32.9749441057223,4.0,4.0,53.16389752454197,98.54339145777357,67.88409239284267,76.08679254640715,9.99999999E8,4.0,37.11131902802701,45.47801666739657,
4.0,4.0,4.0,4.0,4.0,4.0,4.0,4.0,4.0,4.0,4.0,4.0,85.06252202386916,4.0,80.73908594974309,79.16664717348688,4.0,4.0,49.381733014907,4.0,4.0,94.77341399358788,89.00312104390248,68.39265717571993,
4.0,4.0,4.0,4.0,4.0,4.0,4.0,4.0,4.0,4.0,4.0,4.0,148.0,97.06312379065491,4.0,72.38784428341543,30.879694874715902,36.38070306571267,90.29285686032976,74.21739837950548,4.0,77.58350340117414,58.65833274139319,102.59995126704496,
4.0,4.0,4.0,4.0,4.0,4.0,4.0,4.0,4.0,4.0,4.0,4.0,66.77740802264057,55.80322571321482,84.35251590068616,29.873064790878086,4.0,84.35251590068616,4.0,4.0,74.6243927948496,83.42181968765726,47.93282336307299,37.70411118167355,
4.0,4.0,4.0,4.0,4.0,4.0,4.0,4.0,4.0,4.0,4.0,4.0,4.0,4.0,4.0,69.9944442239684,97.06312379065491,9.99999999E8,89.00312104390248,74.0825365536455,116.02585918664856,119.51661902104755,87.64448388549934,61.94503612074175,
4.0,4.0,4.0,4.0,4.0,4.0,4.0,4.0,4.0,4.0,4.0,4.0,57.44073032265519,4.0,85.01895213552224,62.94759725358864,4.0,4.0,62.52039667180623,89.00312104390248,41.924129723361276,89.00312104390248,9.99999999E8,50.74384199092536,
4.0,4.0,4.0,4.0,4.0,4.0,4.0,4.0,4.0,4.0,4.0,4.0,4.0,84.0,9.99999999E8,50.386009963084,49.54708447776633,54.7803695577977,4.0,84.0,119.51661902104755,4.0,98.52354484532563,4.0,
4.0,4.0,4.0,4.0,4.0,4.0,4.0,4.0,4.0,4.0,4.0,4.0,108.31089511217235,87.84843162387995,53.16389752454197,45.31004303683677,4.0,9.99999999E8,81.40178130729082,9.99999999E8,113.11449460121761,60.74691350183974,92.28623949430381,89.00312104390248,
4.0,4.0,4.0,4.0,4.0,4.0,4.0,4.0,4.0,4.0,4.0,4.0,119.51661902104755,72.71863585079137,4.0,9.99999999E8,29.631481423614726,4.0,84.0,125.01499910010799,46.50537603331468,68.39265717571993,9.99999999E8,69.82517852147286,
4.0,4.0,4.0,4.0,4.0,4.0,4.0,4.0,4.0,4.0,4.0,4.0,9.99999999E8,44.301241517591805,76.65670225100999,119.51661902104755,9.99999999E8,4.0,89.00312104390248,103.3211014265721,4.0,55.80322571321482,82.62112320708307,46.0,
4.0,4.0,4.0,4.0,4.0,4.0,4.0,4.0,4.0,4.0,4.0,4.0,97.06312379065491,74.6243927948496,4.0,72.38784428341543,4.0,98.52354484532563,80.12022216644185,4.0,4.0,9.99999999E8,49.19286025430926,52.642663306485545,
4.0,4.0,4.0,4.0,4.0,4.0,4.0,4.0,4.0,4.0,4.0,4.0,4.0,94.47089498888005,62.88790733431101,4.0,134.82169294623506,98.04718251943805,4.0,73.62574278063346,92.0,75.0066663703967,76.65670225100999,148.0,
4.0,4.0,4.0,4.0,4.0,4.0,4.0,4.0,4.0,4.0,4.0,4.0,47.981246336459414,4.0,4.0,64.12424165124247,9.99999999E8,50.386009963084,81.658970725818,64.44808418840358,4.0,9.99999999E8,9.99999999E8,58.3060888758627,
4.0,4.0,4.0,4.0,4.0,4.0,4.0,4.0,4.0,4.0,4.0,4.0,64.52596376653355,47.91891299082464,78.23841767316105,70.37577708274347,4.0,75.0066663703967,4.0,24.417662095749915,104.67210707729161,119.51661902104755,98.12350494260906,75.60158728492412,
4.0,4.0,4.0,4.0,4.0,4.0,4.0,4.0,4.0,4.0,4.0,4.0,55.80322571321482,63.29494450586081,56.58787414278787,33.952908564657605,46.0,65.99090846472717,47.93282336307299,60.73456594065689,119.51661902104755,93.28853091350511,79.39773296511683,82.62095510354635,
4.0,4.0,4.0,4.0,4.0,4.0,4.0,4.0,4.0,4.0,4.0,4.0,64.44808418840358,78.23841767316105,125.02499750049988,98.74613916503267,53.18416639899093,41.49564903563853,4.0,30.879694874715902,101.6975909252525,74.83314773547883,61.25357132445422,125.02499750049988,
4.0,4.0,4.0,4.0,4.0,4.0,4.0,4.0,4.0,4.0,4.0,4.0,4.0,84.0,79.93469556804202,4.0,4.0,66.91952048709123,53.389978422156794,44.70986716846989,84.28760288440999,9.99999999E8,95.65505155970013,88.98763959112524,
4.0,4.0,4.0,4.0,4.0,4.0,4.0,4.0,4.0,4.0,4.0,4.0,54.45691467165172,17.0,101.6975909252525,80.81144594621709,4.0,4.0,4.0,94.2443632266673,4.0,69.1728912861743,4.0,61.581247145539365,
4.0,4.0,4.0,4.0,4.0,4.0,4.0,4.0,4.0,4.0,4.0,4.0,134.82169294623506,79.58140486319652,30.879694874715902,119.51661902104755,72.38784428341543,84.35251590068616,76.72963899302538,87.64448388549934,83.37145794575024,87.8108763195084,84.35251590068616,4.0,
4.0,4.0,4.0,4.0,4.0,4.0,4.0,4.0,4.0,4.0,4.0,4.0,148.0,83.32586633213002,4.0,68.39265717571993,9.99999999E8,81.81954228666889,53.83497080553359,64.44808418840358,4.0,79.93469556804202,17.0,76.45652359347763,
4.0,4.0,4.0,4.0,4.0,4.0,4.0,4.0,4.0,4.0,4.0,4.0,64.44808418840358,87.64448388549934,96.82768199228978,4.0,85.20889364118956,4.0,4.0,107.90839736657303,68.39265717571993,4.0,134.82169294623506,4.0,
4.0,4.0,4.0,4.0,4.0,4.0,4.0,4.0,4.0,4.0,4.0,4.0,35.98181982647197,9.99999999E8,4.0,84.35251590068616,59.02956713307635,9.99999999E8,38.72983346207417,17.0,32.9749441057223,69.96110030263644,107.90839736657303,4.0,
4.0,4.0,4.0,4.0,4.0,4.0,4.0,4.0,4.0,4.0,4.0,4.0,73.15660523075746,47.93282336307299,106.47417527269229,4.0,46.87483333303704,89.00312104390248,4.0,60.53832578531462,119.51661902104755,108.46312737515916,87.8108763195084,4.0,
4.0,4.0,4.0,4.0,4.0,4.0,4.0,4.0,4.0,4.0,4.0,4.0,83.12791348277665,125.02499750049988,68.39265717571993,62.99595063111888,4.0,69.1728912861743,75.91277889789043,4.0,93.89829012761037,64.44808418840358,84.0,49.851136421039946,
4.0,4.0,4.0,4.0,4.0,4.0,4.0,4.0,4.0,4.0,4.0,4.0,84.35251590068616,17.0,68.8131528125256,4.0,4.0,4.0,74.21739837950548,134.82169294623506,64.44808418840358,9.99999999E8,4.0,125.02499750049988,
4.0,4.0,4.0,4.0,4.0,4.0,4.0,4.0,4.0,4.0,4.0,4.0,97.06312379065491,4.0,64.44808418840358,9.99999999E8,102.52438734271959,67.88409239284267,81.08675122663256,74.0825365536455,4.0,4.0,98.38812033077075,30.879694874715902,
4.0,4.0,4.0,4.0,4.0,4.0,4.0,4.0,4.0,4.0,4.0,4.0,4.0,4.0,24.417662095749915,74.0825365536455,4.0,4.0,76.76750614680667,4.0,100.80302574823833,4.0,81.79394843140904,4.0,
4.0,4.0,4.0,4.0,4.0,4.0,4.0,4.0,4.0,4.0,4.0,4.0,73.62574278063346,81.57971561607701,84.0,4.0,55.80322571321482,4.0,35.18364519047008,17.0,72.71863585079137,119.51661902104755,54.079160085522375,4.0,
4.0,4.0,4.0,4.0,4.0,4.0,4.0,4.0,4.0,4.0,4.0,4.0,116.03275399644706,47.93282336307299,4.0,9.99999999E8,76.65670225100999,64.44808418840358,4.0,97.34931375664077,56.04517128611346,80.95609235189708,134.82169294623506,92.0,
4.0,4.0,4.0,4.0,4.0,4.0,4.0,4.0,4.0,4.0,4.0,4.0,63.29494450586081,98.38812033077075,4.0,72.00848715410027,77.79620813381588,4.0,100.39521900967198,119.51661902104755,4.0,17.0,119.51661902104755,131.0,
4.0,4.0,4.0,4.0,4.0,4.0,4.0,4.0,4.0,4.0,4.0,4.0,68.39265717571993,85.40426739272979,69.0887110894392,36.54863156310783,4.0,62.52039667180623,4.0,4.0,79.87081406105432,4.0,68.39265717571993,4.0,
4.0,4.0,4.0,4.0,4.0,4.0,4.0,4.0,4.0,4.0,4.0,4.0,38.72983346207417,9.99999999E8,4.0,9.99999999E8,4.0,75.60158728492412,4.0,34.664573458521375,4.0,4.0,37.02431633399866,92.0,
4.0,4.0,4.0,4.0,4.0,4.0,4.0,4.0,4.0,4.0,4.0,4.0,4.0,80.92108638804982,4.0,97.06312379065491,81.09203639906288,9.99999999E8,74.0825365536455,79.53545680316981,87.8108763195084,4.0,101.60905471462668,4.0,
4.0,4.0,4.0,4.0,4.0,4.0,4.0,4.0,4.0,4.0,4.0,4.0,92.0,64.44808418840358,76.18890995413965,90.27848072288685,47.93282336307299,87.64448388549934,77.55481932156118,78.23841767316105,72.71863585079137,66.49728482343387,72.71863585079137,9.99999999E8,
4.0,4.0,4.0,4.0,4.0,4.0,4.0,4.0,4.0,4.0,4.0,4.0,103.0,79.93469556804202,66.9869390254548,85.5251749811455,72.71863585079137,134.82169294623506,76.08679254640715,72.38784428341543,53.760618315200325,4.0,59.402789143479545,72.38784428341543,
4.0,4.0,4.0,4.0,4.0,4.0,4.0,4.0,4.0,4.0,4.0,4.0,4.0,55.718538706211206,97.06312379065491,9.99999999E8,70.57797106746553,79.93469556804202,4.0,30.879694874715902,49.447560349220424,74.0825365536455,9.99999999E8,4.0,
4.0,4.0,4.0,4.0,4.0,4.0,4.0,4.0,4.0,4.0,4.0,4.0,4.0,9.99999999E8,92.0,60.83738570977553,75.64147442416247,84.0,98.52354484532563,4.0,97.06312379065491,97.06312379065491,4.0,69.0887110894392,
4.0,4.0,4.0,4.0,4.0,4.0,4.0,4.0,4.0,4.0,4.0,4.0,47.93282336307299,84.0,4.0,89.00312104390248,107.90839736657303,4.0,125.01499910010799,69.85142963620875,98.38812033077075,64.44808418840358,63.647947527707416,4.0,
4.0,4.0,4.0,4.0,4.0,4.0,4.0,4.0,4.0,4.0,4.0,4.0,59.168518489538954,4.0,9.99999999E8,90.29285686032976,98.12350494260906,4.0,52.42852277148384,98.12350494260906,79.53545680316981,9.99999999E8,30.55818170532734,125.02499750049988,
4.0,4.0,4.0,4.0,4.0,4.0,4.0,4.0,4.0,4.0,4.0,4.0,80.7141592919364,4.0,103.3211014265721,125.02499750049988,98.52354484532563,9.99999999E8,107.6231852344094,4.0,49.644290261374024,9.99999999E8,71.93901738432506,148.0,
4.0,4.0,4.0,4.0,4.0,4.0,4.0,4.0,4.0,4.0,4.0,4.0,69.54135460285484,96.53600364630805,9.99999999E8,4.0,61.721797178254455,62.58186475264514,37.11131902802701,9.99999999E8,89.0723800562716,72.74307909042314,90.29285686032976,41.49564903563853,
4.0,4.0,4.0,4.0,4.0,4.0,4.0,4.0,4.0,4.0,4.0,4.0,4.0,4.0,107.90839736657303,47.11621270857835,77.55481932156118,64.44808418840358,78.30453371293389,4.0,4.0,4.0,93.20348109855601,4.0,
4.0,4.0,4.0,4.0,4.0,4.0,4.0,4.0,4.0,4.0,4.0,4.0,4.0,64.44808418840358,4.0,53.84410366976128,90.29285686032976,39.83435088217306,125.02499750049988,4.0,4.0,57.886095048811164,4.0,4.0,
4.0,4.0,4.0,4.0,4.0,4.0,4.0,4.0,4.0,4.0,4.0,4.0,4.0,89.00312104390248,9.99999999E8,55.80322571321482,78.23841767316105,9.99999999E8,98.52354484532563,4.0,4.0,119.51661902104755,97.06312379065491,4.0,
4.0,4.0,4.0,4.0,4.0,4.0,4.0,4.0,4.0,4.0,4.0,4.0,87.11040249144887,4.0,4.0,72.05476312422996,87.11040249144887,98.12350494260906,30.059940119700837,61.51061335700983,92.0,70.19544144743304,4.0,90.0133323458253,
4.0,4.0,4.0,4.0,4.0,4.0,4.0,4.0,4.0,4.0,4.0,4.0,59.73483071039877,125.02499750049988,39.76933492026237,75.60158728492412,46.716904176138094,67.19633128955412,61.581247145539365,74.0825365536455,4.0,4.0,79.93469556804202,4.0,
4.0,4.0,4.0,4.0,4.0,4.0,4.0,4.0,4.0,4.0,4.0,4.0,4.0,78.69702803932448,98.12350494260906,4.0,64.20903363234802,30.879694874715902,74.0825365536455,110.96646139962992,4.0,64.44808418840358,92.0,92.0,
4.0,4.0,4.0,4.0,4.0,4.0,4.0,4.0,4.0,4.0,4.0,4.0,69.77642868476431,47.3453297265272,4.0,4.0,4.0,4.0,84.0,4.0,90.90874545388908,69.94680518476562,119.51661902104755,4.0,
4.0,4.0,4.0,4.0,4.0,4.0,4.0,4.0,4.0,4.0,4.0,4.0,4.0,67.13186650168458,80.95609235189708,87.64448388549934,50.50876956003913,4.0,4.0,4.0,75.60158728492412,9.99999999E8,4.0,134.82169294623506,
4.0,4.0,4.0,4.0,4.0,4.0,4.0,4.0,4.0,4.0,4.0,4.0,4.0,84.37061099695794,4.0,4.0,64.44808418840358,97.06312379065491,68.8131528125256,4.0,4.0,76.76750614680667,4.0,40.78506451635581,
4.0,4.0,4.0,4.0,4.0,4.0,4.0,4.0,4.0,4.0,4.0,4.0,92.0,50.386009963084,4.0,56.04517128611346,62.305196412498375,4.0,119.51661902104755,52.71951193605182,75.17354072072031,9.99999999E8,47.3453297265272,4.0,
4.0,4.0,4.0,4.0,4.0,4.0,4.0,4.0,4.0,4.0,4.0,4.0,76.66974631495789,98.52354484532563,106.0,54.5108934067311,80.68052391237622,4.0,59.859836284440334,119.51661902104755,35.67289665215814,95.32182331449603,42.13312236234101,61.82586432877425,
4.0,4.0,4.0,4.0,4.0,4.0,4.0,4.0,4.0,4.0,4.0,4.0,98.52354484532563,76.47744765615548,48.29855070289377,46.5534340540225,4.0,9.99999999E8,71.41034588909369,89.88882021697692,92.0,75.48877767957006,9.99999999E8,62.9234298547954,
4.0,4.0,4.0,4.0,4.0,4.0,4.0,4.0,4.0,4.0,4.0,4.0,4.0,4.0,85.5251749811455,4.0,4.0,4.0,92.0,84.0,4.0,4.0,4.0,4.0,
4.0,4.0,4.0,4.0,4.0,4.0,4.0,4.0,4.0,4.0,4.0,4.0,4.0,4.0,84.35251590068616,4.0,119.51661902104755,4.0,72.57103799419956,4.0,4.0,47.93282336307299,55.80322571321482,98.52354484532563,
4.0,4.0,4.0,4.0,4.0,4.0,4.0,4.0,4.0,4.0,4.0,4.0,4.0,4.0,4.0,33.952908564657605,4.0,64.44808418840358,4.0,92.0,33.952908564657605,4.0,119.51661902104755,4.0,
4.0,4.0,4.0,4.0,4.0,4.0,4.0,4.0,4.0,4.0,4.0,4.0,66.18095169568763,72.74537022305192,4.0,52.74931085728389,30.879694874715902,64.74281931659468,4.0,41.48925191771187,61.581247145539365,4.0,116.02585918664856,87.64448388549934,
4.0,4.0,4.0,4.0,4.0,4.0,4.0,4.0,4.0,4.0,4.0,4.0,75.06704486317412,73.73465942146882,92.0,4.0,93.90006508103295,4.0,4.0,98.38812033077075,63.618762474410886,4.0,64.44808418840358,61.581247145539365,
4.0,4.0,4.0,4.0,4.0,4.0,4.0,4.0,4.0,4.0,4.0,4.0,119.51661902104755,119.51661902104755,67.0089850813505,4.0,97.2927997792688,54.522357799346864,97.06312379065491,116.02241162809882,64.44808418840358,50.65771492707358,98.52354484532563,119.51661902104755,
4.0,4.0,4.0,4.0,4.0,4.0,4.0,4.0,4.0,4.0,4.0,4.0,92.0,92.0611210012131,4.0,4.0,74.0825365536455,64.44808418840358,81.82450733123909,98.52354484532563,97.06312379065491,64.44808418840358,4.0,94.95472605405168,
4.0,4.0,4.0,4.0,4.0,4.0,4.0,4.0,4.0,4.0,4.0,4.0,4.0,53.42099277564768,92.0,4.0,4.0,134.82169294623506,17.0,92.0,61.581247145539365,92.0,89.00312104390248,98.52354484532563,
4.0,4.0,4.0,4.0,4.0,4.0,4.0,4.0,4.0,4.0,4.0,4.0,52.74931085728389,61.581247145539365,32.61730965130154,112.64657118616616,64.44808418840358,4.0,62.57315718421119,4.0,87.64448388549934,54.29736717035784,97.06312379065491,33.952908564657605,
4.0,4.0,4.0,4.0,4.0,4.0,4.0,4.0,4.0,4.0,4.0,4.0,74.0825365536455,92.0,4.0,4.0,4.0,50.37459677257973,125.01499910010799,4.0,4.0,125.02499750049988,125.02499750049988,4.0,
4.0,4.0,4.0,4.0,4.0,4.0,4.0,4.0,4.0,4.0,4.0,4.0,4.0,76.08679254640715,78.23841767316105,105.78397799288888,83.32586633213002,61.92647970689832,4.0,55.80322571321482,134.82169294623506,67.7683964363593,75.92906045923539,4.0,
4.0,4.0,4.0,4.0,4.0,4.0,4.0,4.0,4.0,4.0,4.0,4.0,43.034869582700026,47.621267559431274,67.19633128955412,4.0,30.879694874715902,116.03275399644706,4.0,60.53832578531462,83.32586633213002,106.0,4.0,4.0,
4.0,4.0,4.0,4.0,4.0,4.0,4.0,4.0,4.0,4.0,4.0,4.0,97.06312379065491,9.99999999E8,87.64448388549934,9.99999999E8,53.25786326919247,66.91952048709123,64.46462208064203,4.0,106.0,98.12350494260906,59.47559952430501,4.0,
4.0,4.0,4.0,4.0,4.0,4.0,4.0,4.0,4.0,4.0,4.0,4.0,4.0,30.879694874715902,4.0,4.0,87.97954307678575,119.51661902104755,17.0,4.0,4.0,92.0611210012131,64.31902906605478,47.93282336307299,
4.0,4.0,4.0,4.0,4.0,4.0,4.0,4.0,4.0,4.0,4.0,4.0,39.43788709826517,30.879694874715902,38.34782334834085,4.0,30.879694874715902,100.42708797928974,97.06312379065491,4.0,125.01499910010799,78.30453371293389,113.11449460121761,9.99999999E8,
4.0,4.0,4.0,4.0,4.0,4.0,4.0,4.0,4.0,4.0,4.0,4.0,89.0723800562716,69.11986368299316,4.0,4.0,4.0,4.0,4.0,4.0,97.06312379065491,76.08679254640715,106.4342520056396,4.0,
4.0,4.0,4.0,4.0,4.0,4.0,4.0,4.0,4.0,4.0,4.0,4.0,64.44808418840358,101.82730478609359,4.0,17.0,75.82611687275039,119.51661902104755,119.51661902104755,30.879694874715902,148.0,4.0,131.0,97.06312379065491,
4.0,4.0,4.0,4.0,4.0,4.0,4.0,4.0,4.0,4.0,4.0,4.0,4.0,119.51661902104755,119.51661902104755,97.06312379065491,77.6707795763632,74.0825365536455,4.0,4.0,97.06312379065491,95.85796784827018,9.99999999E8,85.26664060463506,
4.0,4.0,4.0,4.0,4.0,4.0,4.0,4.0,4.0,4.0,4.0,4.0,75.57512818381456,83.32586633213002,4.0,4.0,49.19286025430926,4.0,71.2174021384306,56.39567556313358,125.00699980401097,4.0,4.0,84.0,
4.0,4.0,4.0,4.0,4.0,4.0,4.0,4.0,4.0,4.0,4.0,4.0,88.90894218243741,75.00148146684985,17.0,4.0,64.44808418840358,4.0,64.31902906605478,64.44808418840358,9.99999999E8,4.0,84.0,4.0,
4.0,4.0,4.0,4.0,4.0,4.0,4.0,4.0,4.0,4.0,4.0,4.0,4.0,116.03275399644706,119.51661902104755,30.879694874715902,67.87588527945057,37.11131902802701,4.0,98.12350494260906,102.31433048318415,4.0,97.06312379065491,4.0,
4.0,4.0,4.0,4.0,4.0,4.0,4.0,4.0,4.0,4.0,4.0,4.0,70.8321960693017,4.0,107.90839736657303,4.0,116.02585918664856,50.7084503685087,4.0,4.0,4.0,4.0,17.0,83.32586633213002,
4.0,4.0,4.0,4.0,4.0,4.0,4.0,4.0,4.0,4.0,4.0,4.0,84.29248022345898,4.0,90.77885216282479,4.0,46.50537603331468,4.0,4.0,4.0,17.0,103.0,78.23841767316105,97.06312379065491,
4.0,4.0,4.0,4.0,4.0,4.0,4.0,4.0,4.0,4.0,4.0,4.0,112.64657118616616,30.476220238080707,66.9869390254548,69.8323388950675,4.0,84.0,4.0,4.0,119.51661902104755,47.02035282988541,104.5126254999313,88.72866228115964,
4.0,4.0,4.0,4.0,4.0,4.0,4.0,4.0,4.0,4.0,4.0,4.0,54.73237298949521,74.82813641939775,119.51661902104755,48.58240422210494,98.52354484532563,31.752952618614856,4.0,54.9945451840453,4.0,4.0,68.39265717571993,98.12350494260906,
4.0,4.0,4.0,4.0,4.0,4.0,4.0,4.0,4.0,4.0,4.0,4.0,78.30453371293389,88.98763959112524,17.0,97.06312379065491,60.33603815299775,67.38842630600598,57.3255808712151,84.35251590068616,29.797464470805046,4.0,76.44115383744544,98.52354484532563,
4.0,4.0,4.0,4.0,4.0,4.0,4.0,4.0,4.0,4.0,4.0,4.0,47.93282336307299,4.0,4.0,62.52039667180623,77.6707795763632,47.93282336307299,4.0,55.360635834498865,98.52354484532563,9.99999999E8,125.02499750049988,47.93282336307299,
4.0,4.0,4.0,4.0,4.0,4.0,4.0,4.0,4.0,4.0,4.0,4.0,97.06312379065491,37.11131902802701,30.879694874715902,97.06312379065491,92.0,119.51661902104755,4.0,4.0,131.0,106.0,68.8131528125256,74.89459259519342,
4.0,4.0,4.0,4.0,4.0,4.0,4.0,4.0,4.0,4.0,4.0,4.0,64.44808418840358,4.0,106.0,24.417662095749915,89.0723800562716,4.0,119.51661902104755,47.93282336307299,4.0,95.62818622142741,4.0,4.0,
4.0,4.0,4.0,4.0,4.0,4.0,4.0,4.0,4.0,4.0,4.0,4.0,87.64448388549934,4.0,60.53832578531462,61.581247145539365,4.0,44.74599514629944,97.06312379065491,134.82169294623506,74.8010695110705,4.0,108.67177902084588,4.0,
4.0,4.0,4.0,4.0,4.0,4.0,4.0,4.0,4.0,4.0,4.0,4.0,4.0,114.51288137148589,55.80322571321482,48.29855070289377,4.0,4.0,4.0,89.69887897230873,87.8108763195084,87.64448388549934,104.53348745736938,84.0,
4.0,4.0,4.0,4.0,4.0,4.0,4.0,4.0,4.0,4.0,4.0,4.0,4.0,92.0,87.64448388549934,55.80322571321482,97.06312379065491,4.0,4.0,100.74538526930762,55.15936507571091,61.581247145539365,4.0,97.06312379065491,
4.0,4.0,4.0,4.0,4.0,4.0,4.0,4.0,4.0,4.0,4.0,4.0,79.28934354627991,51.90589775952461,4.0,55.80322571321482,53.50224103641237,73.62574278063346,9.99999999E8,51.86906592565553,112.64657118616616,4.0,4.0,84.0,
4.0,4.0,4.0,4.0,4.0,4.0,4.0,4.0,4.0,4.0,4.0,4.0,4.0,4.0,98.52354484532563,100.9096130207623,84.34743502868577,47.16192228461693,79.93469556804202,74.21739837950548,51.6375590050498,102.2900288395697,69.1266214704463,107.2904935210944,
4.0,4.0,4.0,4.0,4.0,4.0,4.0,4.0,4.0,4.0,4.0,4.0,4.0,103.0,4.0,4.0,98.52354484532563,4.0,4.0,31.941352507368876,51.94648688795037,4.0,67.1523454541984,134.82169294623506,
4.0,4.0,4.0,4.0,4.0,4.0,4.0,4.0,4.0,4.0,4.0,4.0,4.0,4.0,61.581247145539365,4.0,4.0,51.11946791585374,92.0,89.00312104390248,68.39265717571993,61.1900500263092,61.663907595934916,4.0,
4.0,4.0,4.0,4.0,4.0,4.0,4.0,4.0,4.0,4.0,4.0,4.0,4.0,45.47801666739657,57.3255808712151,98.52354484532563,47.93282336307299,64.31902906605478,4.0,98.52354484532563,100.0,88.98763959112524,4.0,4.0,
>>>>>>> 19009c9d2ae9451fba7659b51448e3a204429d88
