202.11444777650112,100.73079905148683,97.21239632886332,124.98674929767556,152.91582651903627,237.1286570619418,169.7138768633844,128.48505034931227,84.81146370037484,218.4794040636325,48.91510502901941,151.1048890671642,136.18624702058216,149.5399194195316,202.47695342104163,170.22186808691768,141.84351706487445,99.00370889517221,116.7757823066638,228.76097423584588,107.49160173913329,80.12628920786375,70.9716816190566,114.64408099035226,
48.91510502901941,70.9716816190566,80.12628920786375,84.81146370037484,97.21239632886332,99.00370889517221,100.73079905148683,107.49160173913329,114.64408099035226,116.7757823066638,124.98674929767556,128.48505034931227,221.79537303559783,115.64449835595293,97.97505351420386,168.53268319860825,137.04743704279917,106.92157042534598,81.1664955508121,90.8221705679107,125.53818835196674,105.49804137847241,48.9513706283137,141.05561846307293,
48.91510502901941,48.9513706283137,70.9716816190566,80.12628920786375,81.1664955508121,84.81146370037484,90.8221705679107,97.21239632886332,97.97505351420386,99.00370889517221,100.73079905148683,105.49804137847241,109.95089813184794,78.60057251699888,175.57271364815713,127.578346027059,96.38302495771752,108.0610359935532,158.422220663643,46.861498055439924,87.9707574519321,131.92793332663382,87.42401659547535,233.46691414416733,
46.861498055439924,48.91510502901941,48.9513706283137,70.9716816190566,78.60057251699888,80.12628920786375,81.1664955508121,84.81146370037484,87.42401659547535,87.9707574519321,90.8221705679107,96.38302495771752,82.25569889071517,47.369337832258815,81.1664955508121,170.96253244497754,87.27518935920993,80.6348831151878,90.06890786095558,250.5218553340207,88.80230852855122,78.60057251699888,63.76703203850717,91.26910532473111,
46.861498055439924,47.369337832258815,48.91510502901941,48.9513706283137,63.76703203850717,70.9716816190566,78.60057251699888,78.60057251699888,80.12628920786375,80.6348831151878,81.1664955508121,81.1664955508121,209.9380861111199,122.7690922015798,260.5,77.76317323200688,74.18445479568703,131.5781136815694,173.88501948126526,77.02369765208627,99.51750788177928,100.17328735745872,68.1986070238975,92.25364152704218,
46.861498055439924,47.369337832258815,48.91510502901941,48.9513706283137,63.76703203850717,68.1986070238975,70.9716816190566,74.18445479568703,77.02369765208627,77.76317323200688,78.60057251699888,78.60057251699888,108.75538779757075,120.41170869909925,127.6933174967795,92.02671713511607,87.85450030101188,195.70875470112895,121.39357478878361,120.72926553058937,127.578346027059,281.5,103.23557203470776,67.31374670799248,
46.861498055439924,47.369337832258815,48.91510502901941,48.9513706283137,63.76703203850717,67.31374670799248,68.1986070238975,70.9716816190566,74.18445479568703,77.02369765208627,77.76317323200688,78.60057251699888,127.57442680647246,65.64449710371768,115.53895446991028,68.56712040037849,150.2192954806202,59.417237930295165,132.559106313624,152.27740529463097,183.65371627059443,77.53419258887116,108.60440445334925,206.04914462331553,
46.861498055439924,47.369337832258815,48.91510502901941,48.9513706283137,59.417237930295165,63.76703203850717,65.64449710371768,67.31374670799248,68.1986070238975,68.56712040037849,70.9716816190566,74.18445479568703,39.52495695408437,178.67341016502706,90.97779222253061,63.76703203850717,68.3187382787475,88.85091094074387,184.9667372192931,59.97036305079738,68.1986070238975,67.78075984347386,62.76691764308028,113.9867518259764,
39.52495695408437,46.861498055439924,47.369337832258815,48.91510502901941,48.9513706283137,59.417237930295165,59.97036305079738,62.76691764308028,63.76703203850717,63.76703203850717,65.64449710371768,67.31374670799248,242.32347526945603,292.76042537656394,70.39072500455346,149.2333184424086,73.79860686354452,108.27703665443872,59.97036305079738,165.8149068489722,92.9587722236763,184.9667372192931,91.16871379481012,77.95982539103073,
39.52495695408437,46.861498055439924,47.369337832258815,48.91510502901941,48.9513706283137,59.417237930295165,59.97036305079738,59.97036305079738,62.76691764308028,63.76703203850717,63.76703203850717,65.64449710371768,95.24827754348107,111.65086952938013,189.12848366476516,116.81431133783794,195.70875470112895,186.7904909249933,208.45047373417023,105.89405564245881,173.10305215872614,99.9782476341729,55.509008277936296,77.53419258887116,
39.52495695408437,46.861498055439924,47.369337832258815,48.91510502901941,48.9513706283137,55.509008277936296,59.417237930295165,59.97036305079738,59.97036305079738,62.76691764308028,63.76703203850717,63.76703203850717,136.56591814944167,54.43038367186719,58.62558040383012,64.2000778815727,260.5,76.10957013849617,55.509008277936296,133.92877460302049,178.67341016502706,48.9513706283137,39.52495695408437,59.97036305079738,
39.52495695408437,39.52495695408437,46.861498055439924,47.369337832258815,48.91510502901941,48.9513706283137,48.9513706283137,54.43038367186719,55.509008277936296,55.509008277936296,58.62558040383012,59.417237930295165,133.80551807256182,137.18691628577415,260.5,58.52065162544473,163.5481580452681,89.72247460352168,39.52495695408437,108.18842070665418,235.84882163510306,115.19477737594652,170.1204995730967,112.22226487954107,
39.52495695408437,39.52495695408437,39.52495695408437,46.861498055439924,47.369337832258815,48.91510502901941,48.9513706283137,48.9513706283137,54.43038367186719,55.509008277936296,55.509008277936296,58.52065162544473,38.77692612882048,48.99511030024663,39.52495695408437,107.35726958773371,39.52495695408437,58.44856178726727,134.5,135.50269219405473,167.63328030754116,137.18691628577415,159.38187893651315,67.37789409179318,
38.77692612882048,39.52495695408437,39.52495695408437,39.52495695408437,39.52495695408437,39.52495695408437,46.861498055439924,47.369337832258815,48.91510502901941,48.9513706283137,48.9513706283137,48.99511030024663,75.52307180590577,157.36641160044286,107.53480541201532,184.9667372192931,47.333333333333336,53.07023647959372,172.5492683264696,87.51888685052818,99.58154635774642,186.1375835235861,39.52495695408437,260.5,
38.77692612882048,39.52495695408437,39.52495695408437,39.52495695408437,39.52495695408437,39.52495695408437,39.52495695408437,46.861498055439924,47.333333333333336,47.369337832258815,48.91510502901941,48.9513706283137,97.58425846416009,57.99986530156772,260.5,107.26828224130374,54.037024344425184,119.84990613262907,137.18691628577415,130.86132927645204,39.52495695408437,188.5830939753968,154.7733827245499,60.33609570103492,
38.77692612882048,39.52495695408437,39.52495695408437,39.52495695408437,39.52495695408437,39.52495695408437,39.52495695408437,39.52495695408437,46.861498055439924,47.333333333333336,47.369337832258815,48.91510502901941,127.7888884058391,39.52495695408437,138.21320084886568,130.86132927645204,123.55396931435806,62.21522623120485,111.97090861022787,105.8999527856363,54.66736534106371,50.447838159826034,176.1142651093318,39.52495695408437,
38.77692612882048,39.52495695408437,39.52495695408437,39.52495695408437,39.52495695408437,39.52495695408437,39.52495695408437,39.52495695408437,39.52495695408437,39.52495695408437,46.861498055439924,47.333333333333336,112.2299025233835,53.81202816285593,48.9513706283137,41.7612260356422,107.35726958773371,234.62563265764464,64.20942298448102,155.56858080387997,110.02263218009618,149.53824761578556,39.52495695408437,141.24446891825534,
38.77692612882048,39.52495695408437,39.52495695408437,39.52495695408437,39.52495695408437,39.52495695408437,39.52495695408437,39.52495695408437,39.52495695408437,39.52495695408437,39.52495695408437,41.7612260356422,137.74178741398705,110.02263218009618,99.3732861487432,178.67341016502706,132.4990566004151,39.52495695408437,198.2793168739493,91.16871379481012,68.3244785929611,88.20430828479978,134.38051365052743,127.7888884058391,
38.77692612882048,39.52495695408437,39.52495695408437,39.52495695408437,39.52495695408437,39.52495695408437,39.52495695408437,39.52495695408437,39.52495695408437,39.52495695408437,39.52495695408437,39.52495695408437,124.98674929767556,39.52495695408437,260.5,52.86997612066796,73.57384801076473,73.3108748754235,139.20937468432217,39.52495695408437,103.64643425286435,39.52495695408437,39.52495695408437,39.52495695408437,
38.77692612882048,39.52495695408437,39.52495695408437,39.52495695408437,39.52495695408437,39.52495695408437,39.52495695408437,39.52495695408437,39.52495695408437,39.52495695408437,39.52495695408437,39.52495695408437,39.52495695408437,159.38187893651315,208.64483378858597,39.52495695408437,73.3108748754235,52.86997612066796,39.52495695408437,50.447838159826034,73.55893328934744,74.53344467418637,219.4730051737571,184.9667372192931,
38.77692612882048,39.52495695408437,39.52495695408437,39.52495695408437,39.52495695408437,39.52495695408437,39.52495695408437,39.52495695408437,39.52495695408437,39.52495695408437,39.52495695408437,39.52495695408437,131.25515862878177,39.52495695408437,178.67341016502706,67.33832489749058,75.52307180590577,44.69402147441597,46.861498055439924,63.812224534175265,128.392626994959,106.120476608219,39.52495695408437,49.5477988915754,
38.77692612882048,39.52495695408437,39.52495695408437,39.52495695408437,39.52495695408437,39.52495695408437,39.52495695408437,39.52495695408437,39.52495695408437,39.52495695408437,39.52495695408437,39.52495695408437,53.58501811762936,89.23900492497661,86.71553109641509,38.77692612882048,50.447838159826034,266.5936749062138,178.67341016502706,150.35237522132425,203.11573055772908,51.992637699966714,234.62563265764464,64.27394881184576,
38.77692612882048,38.77692612882048,39.52495695408437,39.52495695408437,39.52495695408437,39.52495695408437,39.52495695408437,39.52495695408437,39.52495695408437,39.52495695408437,39.52495695408437,39.52495695408437,169.7077911440721,110.02263218009618,178.41220997080515,53.81202816285593,57.21931492075032,39.52495695408437,53.503893939288815,84.08064911473718,39.52495695408437,39.52495695408437,197.9456601570239,109.1531034831351,
38.77692612882048,38.77692612882048,39.52495695408437,39.52495695408437,39.52495695408437,39.52495695408437,39.52495695408437,39.52495695408437,39.52495695408437,39.52495695408437,39.52495695408437,39.52495695408437,281.5,173.10305215872614,39.52495695408437,39.52495695408437,208.73236452452696,39.52495695408437,198.2793168739493,198.2793168739493,106.60831737408358,41.7612260356422,39.52495695408437,40.81482573771447,
38.77692612882048,38.77692612882048,39.52495695408437,39.52495695408437,39.52495695408437,39.52495695408437,39.52495695408437,39.52495695408437,39.52495695408437,39.52495695408437,39.52495695408437,39.52495695408437,39.52495695408437,91.3851738522174,39.52495695408437,53.81202816285593,137.18691628577415,137.74178741398705,39.52495695408437,51.992637699966714,102.18243488975979,208.73236452452696,157.36641160044286,234.62563265764464,
38.77692612882048,38.77692612882048,39.52495695408437,39.52495695408437,39.52495695408437,39.52495695408437,39.52495695408437,39.52495695408437,39.52495695408437,39.52495695408437,39.52495695408437,39.52495695408437,127.66631309785679,134.4797382507863,106.65637971229538,55.89871793401586,64.20942298448102,69.64900842797405,39.52495695408437,134.5,57.21931492075032,219.46753746283298,130.86132927645204,93.07246840500149,
38.77692612882048,38.77692612882048,39.52495695408437,39.52495695408437,39.52495695408437,39.52495695408437,39.52495695408437,39.52495695408437,39.52495695408437,39.52495695408437,39.52495695408437,39.52495695408437,39.52495695408437,39.52495695408437,129.90593142889267,94.46454901394577,130.86132927645204,39.52495695408437,114.21872292521338,130.86132927645204,209.9380861111199,58.33800060037699,198.2793168739493,143.37334712793262,
38.77692612882048,38.77692612882048,39.52495695408437,39.52495695408437,39.52495695408437,39.52495695408437,39.52495695408437,39.52495695408437,39.52495695408437,39.52495695408437,39.52495695408437,39.52495695408437,139.00966693003764,124.3972969963576,41.72396060885027,111.65086952938013,39.52495695408437,89.34328302800509,135.32183859229818,110.98317577958585,178.81069684479854,223.94907345197925,178.67341016502706,51.992637699966714,
38.77692612882048,38.77692612882048,39.52495695408437,39.52495695408437,39.52495695408437,39.52495695408437,39.52495695408437,39.52495695408437,39.52495695408437,39.52495695408437,39.52495695408437,39.52495695408437,142.92196297280555,55.75154145851037,94.81139172061552,91.86938758367774,180.2842426926583,111.65086952938013,39.52495695408437,131.96661509639475,94.21772440383356,92.94944862665943,39.52495695408437,110.98317577958585,
38.77692612882048,38.77692612882048,39.52495695408437,39.52495695408437,39.52495695408437,39.52495695408437,39.52495695408437,39.52495695408437,39.52495695408437,39.52495695408437,39.52495695408437,39.52495695408437,38.77692612882048,107.34484927869929,137.74178741398705,39.52495695408437,41.28256290493603,157.36641160044286,97.58425846416009,249.5,131.25515862878177,137.74178741398705,64.20942298448102,178.67341016502706,
38.77692612882048,38.77692612882048,38.77692612882048,39.52495695408437,39.52495695408437,39.52495695408437,39.52495695408437,39.52495695408437,39.52495695408437,39.52495695408437,39.52495695408437,39.52495695408437,44.89493908622168,260.5,178.67341016502706,178.67341016502706,62.21522623120485,114.57748469922004,260.5,53.024103533728464,92.85966113801335,127.23280826893667,38.77692612882048,82.55011104373715,
38.77692612882048,38.77692612882048,38.77692612882048,38.77692612882048,39.52495695408437,39.52495695408437,39.52495695408437,39.52495695408437,39.52495695408437,39.52495695408437,39.52495695408437,39.52495695408437,55.89871793401586,85.8732916698913,107.35726958773371,117.57645266898564,39.52495695408437,40.52159917870962,108.08669841844555,223.94907345197925,41.12852484049915,87.3751003619756,128.392626994959,143.6905855475577,
38.77692612882048,38.77692612882048,38.77692612882048,38.77692612882048,39.52495695408437,39.52495695408437,39.52495695408437,39.52495695408437,39.52495695408437,39.52495695408437,39.52495695408437,39.52495695408437,119.62970076917543,44.89493908622168,100.66128291230457,172.27536097770917,39.52495695408437,39.52495695408437,41.7612260356422,110.2905254316979,70.38150009452453,39.52495695408437,61.974905315691196,111.65086952938013,
38.77692612882048,38.77692612882048,38.77692612882048,38.77692612882048,39.52495695408437,39.52495695408437,39.52495695408437,39.52495695408437,39.52495695408437,39.52495695408437,39.52495695408437,39.52495695408437,54.037024344425184,112.22226487954107,173.10305215872614,39.52495695408437,237.13709115193262,124.98674929767556,64.89206108482558,167.16698238587668,119.5184783481896,221.74741636976668,121.65210386590114,84.87710202981481,
38.77692612882048,38.77692612882048,38.77692612882048,38.77692612882048,39.52495695408437,39.52495695408437,39.52495695408437,39.52495695408437,39.52495695408437,39.52495695408437,39.52495695408437,39.52495695408437,173.10305215872614,101.9884797415865,219.38732871339676,110.98317577958585,39.52495695408437,224.46533696764854,49.5477988915754,147.19601443879745,147.898613921835,86.70255667126162,149.90323409398724,127.6933174967795,
38.77692612882048,38.77692612882048,38.77692612882048,38.77692612882048,39.52495695408437,39.52495695408437,39.52495695408437,39.52495695408437,39.52495695408437,39.52495695408437,39.52495695408437,39.52495695408437,38.77692612882048,53.430111917383556,54.262735320332354,42.806696008223945,84.87710202981481,208.64483378858597,53.27496806401879,39.52495695408437,113.62101203122599,66.78660045248597,196.22584777070867,39.52495695408437,
38.77692612882048,38.77692612882048,38.77692612882048,38.77692612882048,38.77692612882048,39.52495695408437,39.52495695408437,39.52495695408437,39.52495695408437,39.52495695408437,39.52495695408437,39.52495695408437,39.191835884530846,77.69642446728163,119.22536433158844,235.84882163510306,65.22029975398763,54.426300831695535,95.32567531887723,39.52495695408437,235.84882163510306,100.66128291230457,260.5,39.52495695408437,
38.77692612882048,38.77692612882048,38.77692612882048,38.77692612882048,38.77692612882048,39.191835884530846,39.52495695408437,39.52495695408437,39.52495695408437,39.52495695408437,39.52495695408437,39.52495695408437,57.21931492075032,39.52495695408437,112.70130138260753,54.36910887627275,38.77692612882048,133.93499667127085,41.015241069631664,81.64465689804814,195.70875470112895,137.7461433216916,114.21872292521338,64.19099917433908,
38.77692612882048,38.77692612882048,38.77692612882048,38.77692612882048,38.77692612882048,38.77692612882048,39.191835884530846,39.52495695408437,39.52495695408437,39.52495695408437,39.52495695408437,39.52495695408437,54.362796188822514,208.71472572555555,87.51888685052818,59.21711464320654,141.05561846307293,39.52495695408437,39.52495695408437,63.57319419698968,115.20705996885202,62.5598463473177,188.46816707338138,75.52307180590577,
38.77692612882048,38.77692612882048,38.77692612882048,38.77692612882048,38.77692612882048,38.77692612882048,39.191835884530846,39.52495695408437,39.52495695408437,39.52495695408437,39.52495695408437,39.52495695408437,66.82980040537471,38.77692612882048,94.77406000050642,198.2793168739493,86.56202617198838,40.75486078599644,44.89493908622168,133.92877460302049,62.21522623120485,101.9884797415865,174.68447746341593,89.17249786228936,
38.77692612882048,38.77692612882048,38.77692612882048,38.77692612882048,38.77692612882048,38.77692612882048,38.77692612882048,39.191835884530846,39.52495695408437,39.52495695408437,39.52495695408437,39.52495695408437,59.75133657268448,41.12852484049915,198.2793168739493,104.5144263062399,188.4646297496341,47.439654650232576,47.333333333333336,52.58854966202772,178.81069684479854,147.898613921835,260.5,98.54282064158707,
38.77692612882048,38.77692612882048,38.77692612882048,38.77692612882048,38.77692612882048,38.77692612882048,38.77692612882048,39.191835884530846,39.52495695408437,39.52495695408437,39.52495695408437,39.52495695408437,97.58425846416009,53.81202816285593,129.3361385487207,203.8430768998545,41.72396060885027,54.15429345859846,52.86997612066796,178.67341016502706,64.45469853521391,234.62563265764464,159.01336421823166,87.51888685052818,
38.77692612882048,38.77692612882048,38.77692612882048,38.77692612882048,38.77692612882048,38.77692612882048,38.77692612882048,39.191835884530846,39.52495695408437,39.52495695408437,39.52495695408437,39.52495695408437,110.91364539448641,138.3271484561147,94.21772440383356,112.22226487954107,39.52495695408437,94.21772440383356,87.78638846654987,93.24824060002419,60.283082203882046,54.95680121695585,134.5,38.77692612882048,
38.77692612882048,38.77692612882048,38.77692612882048,38.77692612882048,38.77692612882048,38.77692612882048,38.77692612882048,38.77692612882048,39.191835884530846,39.52495695408437,39.52495695408437,39.52495695408437,141.17307368862478,196.49151805273087,53.436917315947454,84.87710202981481,208.73662733654757,39.94308450783439,242.32347526945603,53.81202816285593,72.54499885935716,115.0436873539787,41.015241069631664,116.20778803505382,
38.77692612882048,38.77692612882048,38.77692612882048,38.77692612882048,38.77692612882048,38.77692612882048,38.77692612882048,38.77692612882048,39.191835884530846,39.52495695408437,39.52495695408437,39.52495695408437,38.77692612882048,93.37264053243862,123.55396931435806,115.46601231531294,242.32347526945603,184.83925724912487,47.333333333333336,90.92808513691831,99.73255904334017,116.20778803505382,53.31407443203322,39.52495695408437,
38.77692612882048,38.77692612882048,38.77692612882048,38.77692612882048,38.77692612882048,38.77692612882048,38.77692612882048,38.77692612882048,38.77692612882048,39.191835884530846,39.52495695408437,39.52495695408437,50.55921651885045,208.64483378858597,91.08229451984617,57.71192828754439,39.96651490997916,147.19601443879745,39.52495695408437,196.49151805273087,65.91547617972581,122.91641242911561,81.62863697869761,178.67341016502706,
38.77692612882048,38.77692612882048,38.77692612882048,38.77692612882048,38.77692612882048,38.77692612882048,38.77692612882048,38.77692612882048,38.77692612882048,39.191835884530846,39.52495695408437,39.52495695408437,38.77692612882048,40.23990556648959,221.74741636976668,139.00966693003764,74.7969473530393,94.21772440383356,44.69402147441597,100.57435060690176,111.37205383308687,137.78969482512107,109.14210919713803,112.83616441549225,
38.77692612882048,38.77692612882048,38.77692612882048,38.77692612882048,38.77692612882048,38.77692612882048,38.77692612882048,38.77692612882048,38.77692612882048,38.77692612882048,39.191835884530846,39.52495695408437,260.5,98.54282064158707,46.11110901941093,119.22536433158844,46.861498055439924,162.79306905803247,84.2669369721403,74.7969473530393,104.27647545507728,117.61767157475387,52.59747995825639,203.8430768998545,
38.77692612882048,38.77692612882048,38.77692612882048,38.77692612882048,38.77692612882048,38.77692612882048,38.77692612882048,38.77692612882048,38.77692612882048,38.77692612882048,39.191835884530846,39.52495695408437,42.3066188675011,44.69402147441597,135.50202950509635,38.77692612882048,52.16853031814827,52.89981599726391,203.8430768998545,97.4846926759399,38.77692612882048,97.4846926759399,147.19601443879745,206.01355133421038,
38.77692612882048,38.77692612882048,38.77692612882048,38.77692612882048,38.77692612882048,38.77692612882048,38.77692612882048,38.77692612882048,38.77692612882048,38.77692612882048,38.77692612882048,38.77692612882048,38.52808356433649,101.89798820388948,124.83182436782697,184.267426245118,109.30454873883338,39.94308450783439,234.62563265764464,53.02472349550866,102.27536360238472,172.28696990776754,93.37264053243862,38.77692612882048,
38.52808356433649,38.77692612882048,38.77692612882048,38.77692612882048,38.77692612882048,38.77692612882048,38.77692612882048,38.77692612882048,38.77692612882048,38.77692612882048,38.77692612882048,38.77692612882048,108.25155888023045,75.44658706661289,107.35726958773371,58.29043787731393,77.52967173927671,208.72278265680532,52.829191451202,138.77649897106738,178.67341016502706,260.5,59.452922552217736,94.21772440383356,
38.52808356433649,38.77692612882048,38.77692612882048,38.77692612882048,38.77692612882048,38.77692612882048,38.77692612882048,38.77692612882048,38.77692612882048,38.77692612882048,38.77692612882048,38.77692612882048,38.77692612882048,38.77692612882048,38.77692612882048,106.3168157260292,41.661132965871204,58.30099413526123,151.1048890671642,56.8450012460785,39.25620969986787,135.0940413193713,198.2793168739493,56.70964975204837,
38.52808356433649,38.77692612882048,38.77692612882048,38.77692612882048,38.77692612882048,38.77692612882048,38.77692612882048,38.77692612882048,38.77692612882048,38.77692612882048,38.77692612882048,38.77692612882048,38.77692612882048,38.77692612882048,154.9651170425138,95.32567531887723,47.333333333333336,59.75839963160504,237.13540435793217,44.69402147441597,94.21772440383356,62.262308352022366,38.77692612882048,136.56591814944167,
38.52808356433649,38.77692612882048,38.77692612882048,38.77692612882048,38.77692612882048,38.77692612882048,38.77692612882048,38.77692612882048,38.77692612882048,38.77692612882048,38.77692612882048,38.77692612882048,189.19720751991383,260.5,137.98840531001147,38.77692612882048,40.478646634161734,41.12852484049915,39.96651490997916,38.77692612882048,196.37273232299844,80.26068637743997,269.4933904569832,89.55296966041941,
38.52808356433649,38.77692612882048,38.77692612882048,38.77692612882048,38.77692612882048,38.77692612882048,38.77692612882048,38.77692612882048,38.77692612882048,38.77692612882048,38.77692612882048,38.77692612882048,100.57435060690176,112.83616441549225,53.08416895914299,198.2793168739493,144.11361620263366,184.37118640123788,128.4583629835293,125.84116973391498,147.19601443879745,109.87321078852474,38.77692612882048,135.50202950509635,
38.52808356433649,38.77692612882048,38.77692612882048,38.77692612882048,38.77692612882048,38.77692612882048,38.77692612882048,38.77692612882048,38.77692612882048,38.77692612882048,38.77692612882048,38.77692612882048,107.34484927869929,59.6188574468289,38.77692612882048,137.7461433216916,111.65086952938013,72.09206132524197,44.8447321321022,87.95018121072862,38.77692612882048,83.78295371573702,172.27536097770917,111.38761151941449,
38.52808356433649,38.77692612882048,38.77692612882048,38.77692612882048,38.77692612882048,38.77692612882048,38.77692612882048,38.77692612882048,38.77692612882048,38.77692612882048,38.77692612882048,38.77692612882048,38.77692612882048,44.69402147441597,38.77692612882048,107.34484927869929,107.34484927869929,246.1649599354059,38.77692612882048,84.87710202981481,38.77692612882048,55.616853336016774,159.01336421823166,235.84882163510306,
38.52808356433649,38.77692612882048,38.77692612882048,38.77692612882048,38.77692612882048,38.77692612882048,38.77692612882048,38.77692612882048,38.77692612882048,38.77692612882048,38.77692612882048,38.77692612882048,44.69402147441597,53.65650783766433,127.91299533276515,38.77692612882048,61.53847881610334,203.8430768998545,92.58752615768498,44.69402147441597,97.4846926759399,100.57435060690176,167.17829803336716,111.65086952938013,
38.52808356433649,38.77692612882048,38.77692612882048,38.77692612882048,38.77692612882048,38.77692612882048,38.77692612882048,38.77692612882048,38.77692612882048,38.77692612882048,38.77692612882048,38.77692612882048,94.21772440383356,178.67341016502706,100.57435060690176,110.98317577958585,53.3832852860237,149.31907949086747,94.91180116297446,173.10305215872614,100.57435060690176,178.67341016502706,141.24446891825534,234.62563265764464,
38.52808356433649,38.77692612882048,38.77692612882048,38.77692612882048,38.77692612882048,38.77692612882048,38.77692612882048,38.77692612882048,38.77692612882048,38.77692612882048,38.77692612882048,38.77692612882048,37.2296924510531,111.65086952938013,44.69402147441597,131.4074452482304,199.63867360809627,44.69402147441597,38.77692612882048,178.67341016502706,44.69402147441597,178.67341016502706,76.3383980733691,64.87181237499324,
37.2296924510531,38.52808356433649,38.77692612882048,38.77692612882048,38.77692612882048,38.77692612882048,38.77692612882048,38.77692612882048,38.77692612882048,38.77692612882048,38.77692612882048,38.77692612882048,40.932474340324234,235.84882163510306,208.5713307240475,275.0793824819786,223.94907345197925,44.69402147441597,81.62863697869761,198.2793168739493,106.120476608219,63.744280789207544,223.94907345197925,110.98317577958585,
37.2296924510531,38.52808356433649,38.77692612882048,38.77692612882048,38.77692612882048,38.77692612882048,38.77692612882048,38.77692612882048,38.77692612882048,38.77692612882048,38.77692612882048,38.77692612882048,38.77692612882048,87.95018121072862,94.2783546911236,173.10305215872614,55.616853336016774,38.77692612882048,180.64047052595035,53.3071289791525,98.54282064158707,38.52808356433649,38.52808356433649,54.84053587447883,
37.2296924510531,38.52808356433649,38.52808356433649,38.52808356433649,38.77692612882048,38.77692612882048,38.77692612882048,38.77692612882048,38.77692612882048,38.77692612882048,38.77692612882048,38.77692612882048,234.62563265764464,214.6009863288921,178.62764829301727,73.33644643013459,39.94308450783439,154.70358754728346,119.22536433158844,39.34988212359086,100.66128291230457,44.8447321321022,53.81202816285593,38.77692612882048,
37.2296924510531,38.52808356433649,38.52808356433649,38.52808356433649,38.77692612882048,38.77692612882048,38.77692612882048,38.77692612882048,38.77692612882048,38.77692612882048,38.77692612882048,38.77692612882048,53.101606494012,171.47011401407536,111.38761151941449,38.77692612882048,105.89405564245881,93.19323790832001,242.32347526945603,275.0793824819786,275.0793824819786,224.46533696764854,127.23280826893667,119.22536433158844,
37.2296924510531,38.52808356433649,38.52808356433649,38.52808356433649,38.77692612882048,38.77692612882048,38.77692612882048,38.77692612882048,38.77692612882048,38.77692612882048,38.77692612882048,38.77692612882048,41.12852484049915,44.69402147441597,38.77692612882048,90.92808513691831,113.20579057808025,269.4933904569832,38.77692612882048,56.8450012460785,98.54282064158707,182.82778782231108,84.87710202981481,53.74341044878587,
37.2296924510531,38.52808356433649,38.52808356433649,38.52808356433649,38.77692612882048,38.77692612882048,38.77692612882048,38.77692612882048,38.77692612882048,38.77692612882048,38.77692612882048,38.77692612882048,173.10305215872614,62.216467987896,158.37481912644236,70.13795928976928,173.10305215872614,175.66508538187725,106.07772798754694,44.89493908622168,246.0219502402174,76.3383980733691,208.71472572555555,260.5,
37.2296924510531,38.52808356433649,38.52808356433649,38.52808356433649,38.77692612882048,38.77692612882048,38.77692612882048,38.77692612882048,38.77692612882048,38.77692612882048,38.77692612882048,38.77692612882048,38.77692612882048,59.6188574468289,235.84882163510306,125.80191750915245,38.77692612882048,172.2521407704415,246.1649599354059,197.58268311435256,191.59484161462524,38.77692612882048,111.65086952938013,173.10305215872614,
37.2296924510531,38.52808356433649,38.52808356433649,38.52808356433649,38.77692612882048,38.77692612882048,38.77692612882048,38.77692612882048,38.77692612882048,38.77692612882048,38.77692612882048,38.77692612882048,47.333333333333336,58.35374678042199,166.1601636975602,178.4940403738444,166.5390344633954,123.55396931435806,87.51634767922567,40.53008142108772,223.94907345197925,178.67341016502706,53.08416895914299,235.84882163510306,
37.2296924510531,38.52808356433649,38.52808356433649,38.52808356433649,38.77692612882048,38.77692612882048,38.77692612882048,38.77692612882048,38.77692612882048,38.77692612882048,38.77692612882048,38.77692612882048,44.132187799836075,41.41077240291368,38.77692612882048,82.1719065266361,61.30133902833336,99.43507094246644,85.52431328730624,40.102992407051126,38.52808356433649,162.79306905803247,94.21772440383356,81.62863697869761,
37.2296924510531,38.52808356433649,38.52808356433649,38.52808356433649,38.52808356433649,38.77692612882048,38.77692612882048,38.77692612882048,38.77692612882048,38.77692612882048,38.77692612882048,38.77692612882048,52.57042895012366,123.55396931435806,37.2296924510531,178.67341016502706,172.30089959138346,134.69811926427678,58.15695491477075,173.10305215872614,198.2793168739493,41.12852484049915,141.24446891825534,38.52808356433649,
37.2296924510531,37.2296924510531,38.52808356433649,38.52808356433649,38.52808356433649,38.52808356433649,38.52808356433649,38.77692612882048,38.77692612882048,38.77692612882048,38.77692612882048,38.77692612882048,52.87426122415329,99.0218831033491,87.48056927112444,221.74741636976668,224.46533696764854,98.54282064158707,40.82617860520541,198.2793168739493,57.417565774805645,104.80736297290059,149.12494761105535,246.1649599354059,
37.2296924510531,37.2296924510531,38.52808356433649,38.52808356433649,38.52808356433649,38.52808356433649,38.52808356433649,38.77692612882048,38.77692612882048,38.77692612882048,38.77692612882048,38.77692612882048,178.67341016502706,159.6208006495394,37.8359029964339,91.16871379481012,178.67341016502706,135.69813696215581,154.70358754728346,56.27669434615552,143.1335041141661,37.2296924510531,61.407563775880966,123.55396931435806,
37.2296924510531,37.2296924510531,37.2296924510531,37.8359029964339,38.52808356433649,38.52808356433649,38.52808356433649,38.52808356433649,38.52808356433649,38.77692612882048,38.77692612882048,38.77692612882048,91.88398482144027,92.93725481922377,178.67341016502706,178.67341016502706,129.4862690695466,47.219169835989284,54.258831846376246,92.56109093758324,101.99257019508823,128.392626994959,51.50653812272531,141.24446891825534,
37.2296924510531,37.2296924510531,37.2296924510531,37.8359029964339,38.52808356433649,38.52808356433649,38.52808356433649,38.52808356433649,38.52808356433649,38.77692612882048,38.77692612882048,38.77692612882048,281.5,94.21772440383356,172.27536097770917,219.38732871339676,39.278198272122054,42.27351416667415,154.70358754728346,97.56232963221669,92.88694405028082,129.79214151866051,172.28696990776754,94.86598734823538,
37.2296924510531,37.2296924510531,37.2296924510531,37.8359029964339,38.52808356433649,38.52808356433649,38.52808356433649,38.52808356433649,38.52808356433649,38.77692612882048,38.77692612882048,38.77692612882048,141.24446891825534,60.39440681884375,182.48725982928232,111.65086952938013,52.00117738070545,198.2793168739493,198.2793168739493,97.31769815917349,38.52808356433649,58.402482823934804,57.78970496550402,198.2793168739493,
37.2296924510531,37.2296924510531,37.2296924510531,37.8359029964339,38.52808356433649,38.52808356433649,38.52808356433649,38.52808356433649,38.52808356433649,38.52808356433649,38.77692612882048,38.77692612882048,116.68219390721106,95.44166339241531,235.84882163510306,127.23280826893667,38.52808356433649,97.4846926759399,46.793696156640586,155.6574765310038,42.27351416667415,124.37920847151263,102.10190987439951,98.46184222834752,
37.2296924510531,37.2296924510531,37.2296924510531,37.8359029964339,38.52808356433649,38.52808356433649,38.52808356433649,38.52808356433649,38.52808356433649,38.52808356433649,38.52808356433649,38.77692612882048,50.95816298690525,105.87367177443124,124.21346293779914,40.478646634161734,134.2699078843257,40.62865368185365,91.08229451984617,64.44947148735977,62.856651817337124,94.51314392718083,40.80058210369063,219.5130975591206,
37.2296924510531,37.2296924510531,37.2296924510531,37.8359029964339,38.52808356433649,38.52808356433649,38.52808356433649,38.52808356433649,38.52808356433649,38.52808356433649,38.52808356433649,38.77692612882048,109.29962563186255,45.93231735693048,37.2296924510531,128.12461382055622,38.52808356433649,39.83324616447924,58.51196458844977,72.59786498238086,57.78970496550402,207.25025130664295,147.19601443879745,87.72178242096491,
37.2296924510531,37.2296924510531,37.2296924510531,37.2296924510531,37.8359029964339,38.52808356433649,38.52808356433649,38.52808356433649,38.52808356433649,38.52808356433649,38.52808356433649,38.52808356433649,53.3071289791525,98.54282064158707,141.24446891825534,98.54282064158707,182.82778782231108,37.2296924510531,109.43757733673263,246.1649599354059,58.86977153004758,234.62563265764464,141.00921955673678,54.27922599853465,
37.2296924510531,37.2296924510531,37.2296924510531,37.2296924510531,37.2296924510531,37.8359029964339,38.52808356433649,38.52808356433649,38.52808356433649,38.52808356433649,38.52808356433649,38.52808356433649,38.77692612882048,75.12212279570734,53.65650783766433,40.4885454672008,52.94640983154181,39.72011455169786,123.55396931435806,62.78415405179877,39.55565699113087,116.19057620994914,54.261903455985276,246.0219502402174,
37.2296924510531,37.2296924510531,37.2296924510531,37.2296924510531,37.2296924510531,37.8359029964339,38.52808356433649,38.52808356433649,38.52808356433649,38.52808356433649,38.52808356433649,38.52808356433649,223.94907345197925,107.2741085956905,39.998347073285935,198.2793168739493,38.52808356433649,141.24446891825534,45.93231735693048,111.38761151941449,103.6640457198155,158.37481912644236,178.67341016502706,60.11212403185652,
37.2296924510531,37.2296924510531,37.2296924510531,37.2296924510531,37.2296924510531,37.8359029964339,38.52808356433649,38.52808356433649,38.52808356433649,38.52808356433649,38.52808356433649,38.52808356433649,127.578346027059,55.07253739387718,37.728636338993226,53.205771929995215,90.92808513691831,149.12494761105535,129.4862690695466,58.02603582301081,41.110617123033876,84.67112849135766,38.52808356433649,101.89798820388948,
37.2296924510531,37.2296924510531,37.2296924510531,37.2296924510531,37.2296924510531,37.728636338993226,37.8359029964339,38.52808356433649,38.52808356433649,38.52808356433649,38.52808356433649,38.52808356433649,39.50808637341081,178.67341016502706,136.88973664961154,38.85684195436715,46.51595828315268,38.966822081618304,79.79000215844366,62.649490641871544,159.01336421823166,86.45338339243872,95.14323084171569,182.48725982928232,
37.2296924510531,37.2296924510531,37.2296924510531,37.2296924510531,37.2296924510531,37.728636338993226,37.8359029964339,38.52808356433649,38.52808356433649,38.52808356433649,38.52808356433649,38.52808356433649,84.03570669661795,53.205771929995215,45.554911919572405,103.05769689299721,38.77692612882048,98.54282064158707,40.478646634161734,37.2296924510531,88.20338278486759,40.56912824632379,37.728636338993226,39.54576802383589,
37.2296924510531,37.2296924510531,37.2296924510531,37.2296924510531,37.2296924510531,37.2296924510531,37.728636338993226,37.728636338993226,37.8359029964339,38.52808356433649,38.52808356433649,38.52808356433649,183.0551487940178,58.54532906693373,306.5,109.09423000511147,38.77692612882048,91.47532112542704,127.09019107180013,246.1649599354059,57.81964295212407,183.0551487940178,37.2296924510531,98.54282064158707,
37.2296924510531,37.2296924510531,37.2296924510531,37.2296924510531,37.2296924510531,37.2296924510531,37.2296924510531,37.728636338993226,37.728636338993226,37.8359029964339,38.52808356433649,38.52808356433649,245.00367344184863,159.01336421823166,111.65086952938013,91.45991836136017,37.2296924510531,157.81060642428315,183.0551487940178,38.52100425216146,205.89864011207067,86.45338339243872,98.54282064158707,181.5507849060422,
37.2296924510531,37.2296924510531,37.2296924510531,37.2296924510531,37.2296924510531,37.2296924510531,37.2296924510531,37.2296924510531,37.728636338993226,37.728636338993226,37.8359029964339,38.52100425216146,63.42278770284384,125.12987003509593,67.36801911886678,37.2296924510531,129.08959078477085,139.00966693003764,98.54282064158707,69.03429854065297,98.54282064158707,134.93300806943668,219.4730051737571,54.27922599853465,
37.2296924510531,37.2296924510531,37.2296924510531,37.2296924510531,37.2296924510531,37.2296924510531,37.2296924510531,37.2296924510531,37.2296924510531,37.728636338993226,37.728636338993226,37.8359029964339,59.2651176213012,55.778019864459154,38.77692612882048,133.8391447472176,85.06233008800076,37.2296924510531,43.2075096353503,37.2296924510531,37.2296924510531,92.49467717724328,111.65086952938013,109.17875251164945,
37.2296924510531,37.2296924510531,37.2296924510531,37.2296924510531,37.2296924510531,37.2296924510531,37.2296924510531,37.2296924510531,37.2296924510531,37.2296924510531,37.2296924510531,37.2296924510531,103.56747666242632,38.77692612882048,37.2296924510531,57.61119682839439,54.08792963528374,41.51731566467177,40.18317433951678,216.6462554488307,100.66128291230457,75.22998750769645,37.2296924510531,37.2296924510531,
37.2296924510531,37.2296924510531,37.2296924510531,37.2296924510531,37.2296924510531,37.2296924510531,37.2296924510531,37.2296924510531,37.2296924510531,37.2296924510531,37.2296924510531,37.2296924510531,95.32567531887723,110.98317577958585,58.86977153004758,109.25648535367013,98.54282064158707,37.2296924510531,39.278198272122054,37.2296924510531,37.2296924510531,37.2296924510531,42.779083674150854,96.61917669967205,
37.2296924510531,37.2296924510531,37.2296924510531,37.2296924510531,37.2296924510531,37.2296924510531,37.2296924510531,37.2296924510531,37.2296924510531,37.2296924510531,37.2296924510531,37.2296924510531,54.08792963528374,37.2296924510531,41.11248820480868,110.98317577958585,37.2296924510531,37.2296924510531,44.488587019594135,58.033180164454194,37.2296924510531,62.441083341730135,58.78988008152424,139.00966693003764,
37.2296924510531,37.2296924510531,37.2296924510531,37.2296924510531,37.2296924510531,37.2296924510531,37.2296924510531,37.2296924510531,37.2296924510531,37.2296924510531,37.2296924510531,37.2296924510531,53.08416895914299,62.23785841759148,98.54282064158707,170.78290312557635,136.56591814944167,37.2296924510531,172.27536097770917,139.00966693003764,72.5099024300352,37.2296924510531,107.64150629543893,123.55396931435806,
37.2296924510531,37.2296924510531,37.2296924510531,37.2296924510531,37.2296924510531,37.2296924510531,37.2296924510531,37.2296924510531,37.2296924510531,37.2296924510531,37.2296924510531,37.2296924510531,37.2296924510531,183.0551487940178,96.61917669967205,98.54282064158707,39.50808637341081,98.54282064158707,260.5,47.219169835989284,40.18317433951678,183.0551487940178,37.2296924510531,98.54282064158707,
37.2296924510531,37.2296924510531,37.2296924510531,37.2296924510531,37.2296924510531,37.2296924510531,37.2296924510531,37.2296924510531,37.2296924510531,37.2296924510531,37.2296924510531,37.2296924510531,37.2296924510531,181.5507849060422,178.67341016502706,56.879990623534155,38.52808356433649,75.78998910792633,56.151212611002,181.5507849060422,110.98317577958585,85.75808999738742,178.67341016502706,43.2075096353503,
37.2296924510531,37.2296924510531,37.2296924510531,37.2296924510531,37.2296924510531,37.2296924510531,37.2296924510531,37.2296924510531,37.2296924510531,37.2296924510531,37.2296924510531,37.2296924510531,37.2296924510531,120.54978224783319,40.745398513206375,39.96651490997916,38.52808356433649,37.2296924510531,39.56185657761486,136.56591814944167,37.2296924510531,98.54282064158707,42.711056823731255,98.54282064158707,
37.2296924510531,37.2296924510531,37.2296924510531,37.2296924510531,37.2296924510531,37.2296924510531,37.2296924510531,37.2296924510531,37.2296924510531,37.2296924510531,37.2296924510531,37.2296924510531,260.5,37.728636338993226,172.27536097770917,38.87587083697719,85.06233008800076,38.442814673225996,177.41670580866955,37.2296924510531,219.4730051737571,43.41530708043983,98.54282064158707,143.66349571133233,
37.2296924510531,37.2296924510531,37.2296924510531,37.2296924510531,37.2296924510531,37.2296924510531,37.2296924510531,37.2296924510531,37.2296924510531,37.2296924510531,37.2296924510531,37.2296924510531,45.93231735693048,53.3071289791525,37.2296924510531,212.90417445414263,62.25396015962001,182.48725982928232,98.76352755445707,87.44827042314787,39.96651490997916,98.54282064158707,98.54282064158707,98.54282064158707,
37.2296924510531,37.2296924510531,37.2296924510531,37.2296924510531,37.2296924510531,37.2296924510531,37.2296924510531,37.2296924510531,37.2296924510531,37.2296924510531,37.2296924510531,37.2296924510531,94.55149060168222,37.2296924510531,42.779083674150854,62.845080413914694,43.2075096353503,38.77692612882048,260.5,43.2075096353503,40.18317433951678,37.2296924510531,52.57042895012366,37.2296924510531,
37.2296924510531,37.2296924510531,37.2296924510531,37.2296924510531,37.2296924510531,37.2296924510531,37.2296924510531,37.2296924510531,37.2296924510531,37.2296924510531,37.2296924510531,37.2296924510531,84.67112849135766,55.07253739387718,37.728636338993226,53.3071289791525,55.613435127374274,37.2296924510531,98.54282064158707,65.06907387538261,43.2075096353503,53.21358802423703,91.88398482144027,96.61917669967205,
37.2296924510531,37.2296924510531,37.2296924510531,37.2296924510531,37.2296924510531,37.2296924510531,37.2296924510531,37.2296924510531,37.2296924510531,37.2296924510531,37.2296924510531,37.2296924510531,39.50808637341081,98.54282064158707,92.63188795801727,37.2296924510531,37.916355310076945,45.554911919572405,292.77067248388573,159.01336421823166,37.2296924510531,39.55565699113087,98.54282064158707,88.36008223305026,
37.2296924510531,37.2296924510531,37.2296924510531,37.2296924510531,37.2296924510531,37.2296924510531,37.2296924510531,37.2296924510531,37.2296924510531,37.2296924510531,37.2296924510531,37.2296924510531,144.57938995583015,103.72793440052685,39.278198272122054,39.55565699113087,123.55396931435806,37.2296924510531,92.20230640348673,39.54576802383589,177.41670580866955,116.81431133783794,208.5713307240475,42.53258554724052,
37.2296924510531,37.2296924510531,37.2296924510531,37.2296924510531,37.2296924510531,37.2296924510531,37.2296924510531,37.2296924510531,37.2296924510531,37.2296924510531,37.2296924510531,37.2296924510531,188.81626871997375,54.258831846376246,54.27922599853465,98.54282064158707,182.48725982928232,58.08500467930635,52.57042895012366,37.2296924510531,38.52808356433649,38.77692612882048,111.60159795749641,37.2296924510531,
37.2296924510531,37.2296924510531,37.2296924510531,37.2296924510531,37.2296924510531,37.2296924510531,37.2296924510531,37.2296924510531,37.2296924510531,37.2296924510531,37.2296924510531,37.2296924510531,60.39440681884375,110.98317577958585,73.65619033726901,54.27922599853465,40.53008142108772,157.81060642428315,40.764876400266374,38.77692612882048,57.61119682839439,38.442814673225996,208.5713307240475,98.54282064158707,
37.2296924510531,37.2296924510531,37.2296924510531,37.2296924510531,37.2296924510531,37.2296924510531,37.2296924510531,37.2296924510531,37.2296924510531,37.2296924510531,37.2296924510531,37.2296924510531,178.67341016502706,54.27922599853465,37.2296924510531,159.3825586442883,72.2306396629744,37.2296924510531,129.71113904301643,96.61917669967205,37.2296924510531,37.2296924510531,37.2296924510531,54.27922599853465,
37.2296924510531,37.2296924510531,37.2296924510531,37.2296924510531,37.2296924510531,37.2296924510531,37.2296924510531,37.2296924510531,37.2296924510531,37.2296924510531,37.2296924510531,37.2296924510531,123.55396931435806,208.5713307240475,38.966822081618304,102.4739804373123,162.79306905803247,111.65086952938013,40.998195948186755,208.5713307240475,54.27922599853465,134.06932286445445,110.10829548537149,39.278198272122054,
37.2296924510531,37.2296924510531,37.2296924510531,37.2296924510531,37.2296924510531,37.2296924510531,37.2296924510531,37.2296924510531,37.2296924510531,37.2296924510531,37.2296924510531,37.2296924510531,94.55149060168222,45.554911919572405,37.2296924510531,170.78290312557635,58.10691200830152,129.38472925065503,188.81626871997375,37.2296924510531,45.93231735693048,38.52808356433649,38.52808356433649,84.87710202981481,
37.2296924510531,37.2296924510531,37.2296924510531,37.2296924510531,37.2296924510531,37.2296924510531,37.2296924510531,37.2296924510531,37.2296924510531,37.2296924510531,37.2296924510531,37.2296924510531,76.14970032445389,37.2296924510531,43.2075096353503,200.71970506156092,39.55565699113087,208.5713307240475,65.06907387538261,46.78242235415257,37.2296924510531,47.219169835989284,117.94443136023374,92.49467717724328,
37.2296924510531,37.2296924510531,37.2296924510531,37.2296924510531,37.2296924510531,37.2296924510531,37.2296924510531,37.2296924510531,37.2296924510531,37.2296924510531,37.2296924510531,37.2296924510531,143.1335041141661,37.2296924510531,45.93231735693048,43.2075096353503,37.2296924510531,260.5,37.2296924510531,98.54282064158707,92.20230640348673,46.50370997374633,178.67341016502706,183.0551487940178,
37.2296924510531,37.2296924510531,37.2296924510531,37.2296924510531,37.2296924510531,37.2296924510531,37.2296924510531,37.2296924510531,37.2296924510531,37.2296924510531,37.2296924510531,37.2296924510531,37.2296924510531,58.6496187351442,123.55396931435806,57.70615218501404,37.8359029964339,159.01336421823166,37.2296924510531,40.94562710104981,55.07253739387718,101.31905556413444,141.24446891825534,37.2296924510531,
37.2296924510531,37.2296924510531,37.2296924510531,37.2296924510531,37.2296924510531,37.2296924510531,37.2296924510531,37.2296924510531,37.2296924510531,37.2296924510531,37.2296924510531,37.2296924510531,38.52808356433649,38.52808356433649,123.55396931435806,173.10305215872614,37.2296924510531,57.05479822065801,159.59451169531275,38.77692612882048,37.2296924510531,123.55396931435806,98.54282064158707,121.50507962632673,
37.2296924510531,37.2296924510531,37.2296924510531,37.2296924510531,37.2296924510531,37.2296924510531,37.2296924510531,37.2296924510531,37.2296924510531,37.2296924510531,37.2296924510531,37.2296924510531,141.24446891825534,40.998195948186755,37.2296924510531,37.728636338993226,94.51314392718083,229.5532345666251,109.98756887086127,37.2296924510531,38.52808356433649,37.2296924510531,61.76447198835265,54.27922599853465,
37.2296924510531,37.2296924510531,37.2296924510531,37.2296924510531,37.2296924510531,37.2296924510531,37.2296924510531,37.2296924510531,37.2296924510531,37.2296924510531,37.2296924510531,37.2296924510531,56.5685424949238,111.33402582374559,219.5130975591206,124.31807742641453,43.2075096353503,178.29143763707185,37.2296924510531,74.6071191122015,170.78290312557635,37.2296924510531,157.81060642428315,149.54124291757552,
37.2296924510531,37.2296924510531,37.2296924510531,37.2296924510531,37.2296924510531,37.2296924510531,37.2296924510531,37.2296924510531,37.2296924510531,37.2296924510531,37.2296924510531,37.2296924510531,37.2296924510531,212.90417445414263,106.42798817353763,91.47631751806948,134.06932286445445,37.2296924510531,98.54282064158707,84.67112849135766,60.60515138996024,178.77154501240528,178.67341016502706,68.40858407393037,
37.2296924510531,37.2296924510531,37.2296924510531,37.2296924510531,37.2296924510531,37.2296924510531,37.2296924510531,37.2296924510531,37.2296924510531,37.2296924510531,37.2296924510531,37.2296924510531,46.239052758463814,39.421435625518,141.24446891825534,94.45493303687213,37.2296924510531,90.92808513691831,54.27922599853465,40.23990556648959,45.13812136099596,54.27922599853465,189.15844328675013,40.18317433951678,
37.2296924510531,37.2296924510531,37.2296924510531,37.2296924510531,37.2296924510531,37.2296924510531,37.2296924510531,37.2296924510531,37.2296924510531,37.2296924510531,37.2296924510531,37.2296924510531,182.48725982928232,120.41170869909925,55.07253739387718,37.2296924510531,52.92780026428763,178.67341016502706,41.661132965871204,196.37273232299844,134.06932286445445,98.54282064158707,252.91933002441706,37.2296924510531,
37.2296924510531,37.2296924510531,37.2296924510531,37.2296924510531,37.2296924510531,37.2296924510531,37.2296924510531,37.2296924510531,37.2296924510531,37.2296924510531,37.2296924510531,37.2296924510531,37.2296924510531,37.2296924510531,37.2296924510531,89.72318540934667,170.78290312557635,98.54282064158707,110.98317577958585,96.61917669967205,75.63904617406574,129.71113904301643,44.53246563876481,129.4862690695466,
37.2296924510531,37.2296924510531,37.2296924510531,37.2296924510531,37.2296924510531,37.2296924510531,37.2296924510531,37.2296924510531,37.2296924510531,37.2296924510531,37.2296924510531,37.2296924510531,43.2075096353503,125.51653277556706,62.23785841759148,123.55396931435806,37.2296924510531,109.14210919713803,83.65307367152673,102.10190987439951,114.00429637446447,40.80058210369063,178.67341016502706,54.27922599853465,
37.2296924510531,37.2296924510531,37.2296924510531,37.2296924510531,37.2296924510531,37.2296924510531,37.2296924510531,37.2296924510531,37.2296924510531,37.2296924510531,37.2296924510531,37.2296924510531,54.082887105682055,65.1074832488555,54.85397595148368,37.2296924510531,94.55149060168222,41.111890007636475,134.06932286445445,94.55149060168222,111.65086952938013,37.2296924510531,37.2296924510531,45.93231735693048,
37.2296924510531,37.2296924510531,37.2296924510531,37.2296924510531,37.2296924510531,37.2296924510531,37.2296924510531,37.2296924510531,37.2296924510531,37.2296924510531,37.2296924510531,37.2296924510531,37.2296924510531,157.81060642428315,53.06817695152791,56.7195831359074,102.85696649014861,130.50638553981437,98.54282064158707,37.2296924510531,41.51731566467177,178.67341016502706,98.54282064158707,139.00966693003764,
37.2296924510531,37.2296924510531,37.2296924510531,37.2296924510531,37.2296924510531,37.2296924510531,37.2296924510531,37.2296924510531,37.2296924510531,37.2296924510531,37.2296924510531,37.2296924510531,157.81060642428315,98.7344133268639,90.95923995578093,39.50808637341081,178.77154501240528,123.55396931435806,60.60515138996024,57.78970496550402,111.65086952938013,52.73961941103957,57.81964295212407,39.278198272122054,
37.2296924510531,37.2296924510531,37.2296924510531,37.2296924510531,37.2296924510531,37.2296924510531,37.2296924510531,37.2296924510531,37.2296924510531,37.2296924510531,37.2296924510531,37.2296924510531,39.50808637341081,84.67112849135766,178.77154501240528,141.24446891825534,54.27922599853465,38.52808356433649,84.67112849135766,110.98317577958585,119.65134535158577,37.2296924510531,37.2296924510531,109.09423000511147,
37.2296924510531,37.2296924510531,37.2296924510531,37.2296924510531,37.2296924510531,37.2296924510531,37.2296924510531,37.2296924510531,37.2296924510531,37.2296924510531,37.2296924510531,37.2296924510531,39.50808637341081,98.54282064158707,40.94562710104981,57.98945472673573,67.00580406037807,152.84371102534772,124.64142319068729,98.46184222834752,130.50638553981437,39.55565699113087,56.44663162866516,56.91185006381316,
37.2296924510531,37.2296924510531,37.2296924510531,37.2296924510531,37.2296924510531,37.2296924510531,37.2296924510531,37.2296924510531,37.2296924510531,37.2296924510531,37.2296924510531,37.2296924510531,39.421435625518,53.205771929995215,59.69607442516759,260.5,98.54282064158707,212.90417445414263,178.77154501240528,45.554911919572405,52.57042895012366,95.72646214895626,37.2296924510531,52.49338582674541,
37.2296924510531,37.2296924510531,37.2296924510531,37.2296924510531,37.2296924510531,37.2296924510531,37.2296924510531,37.2296924510531,37.2296924510531,37.2296924510531,37.2296924510531,37.2296924510531,69.68848093480013,55.60175856531478,110.98317577958585,107.06530526663029,37.2296924510531,117.62992816456193,55.81118963871751,38.98548151036538,139.00966693003764,98.54282064158707,56.375723695773715,117.62992816456193,
37.2296924510531,37.2296924510531,37.2296924510531,37.2296924510531,37.2296924510531,37.2296924510531,37.2296924510531,37.2296924510531,37.2296924510531,37.2296924510531,37.2296924510531,37.2296924510531,38.52808356433649,172.27536097770917,123.55396931435806,53.176004927034526,90.92808513691831,219.48940748929093,37.2296924510531,183.0551487940178,45.93231735693048,219.4730051737571,183.0551487940178,62.79370987606959,
37.2296924510531,37.2296924510531,37.2296924510531,37.2296924510531,37.2296924510531,37.2296924510531,37.2296924510531,37.2296924510531,37.2296924510531,37.2296924510531,37.2296924510531,37.2296924510531,40.18317433951678,39.421435625518,89.71931539838873,37.2296924510531,116.1877790475401,38.52808356433649,37.2296924510531,37.2296924510531,115.20705996885202,41.661132965871204,54.566511087217265,178.67341016502706,
37.2296924510531,37.2296924510531,37.2296924510531,37.2296924510531,37.2296924510531,37.2296924510531,37.2296924510531,37.2296924510531,37.2296924510531,37.2296924510531,37.2296924510531,37.2296924510531,38.77692612882048,91.46028851364946,37.2296924510531,158.70496307967957,131.43322973111106,54.27922599853465,117.14947716485975,129.49730120897564,100.66128291230457,97.58425846416009,219.4730051737571,44.69402147441597,
37.2296924510531,37.2296924510531,37.2296924510531,37.2296924510531,37.2296924510531,37.2296924510531,37.2296924510531,37.2296924510531,37.2296924510531,37.2296924510531,37.2296924510531,37.2296924510531,134.75101756459534,37.2296924510531,53.3071289791525,72.2306396629744,37.2296924510531,39.980160369119275,73.9576525790266,139.00966693003764,138.65352501829875,143.08179478885495,98.54282064158707,126.37408026674342,
37.2296924510531,37.2296924510531,37.2296924510531,37.2296924510531,37.2296924510531,37.2296924510531,37.2296924510531,37.2296924510531,37.2296924510531,37.2296924510531,37.2296924510531,37.2296924510531,87.51888685052818,123.55396931435806,136.88973664961154,37.2296924510531,172.27536097770917,151.94682206184464,39.55565699113087,37.2296924510531,39.278198272122054,61.62659113316164,172.27536097770917,159.01336421823166,
37.2296924510531,37.2296924510531,37.2296924510531,37.2296924510531,37.2296924510531,37.2296924510531,37.2296924510531,37.2296924510531,37.2296924510531,37.2296924510531,37.2296924510531,37.2296924510531,201.17384687544916,98.46184222834752,40.04606722263748,178.67341016502706,43.27263376931584,39.278198272122054,111.65086952938013,212.90417445414263,43.2075096353503,91.46028851364946,37.2296924510531,121.65210386590114,
37.2296924510531,37.2296924510531,37.2296924510531,37.2296924510531,37.2296924510531,37.2296924510531,37.2296924510531,37.2296924510531,37.2296924510531,37.2296924510531,37.2296924510531,37.2296924510531,85.06233008800076,181.5507849060422,120.12678487516614,172.27536097770917,38.52808356433649,40.18317433951678,172.27536097770917,98.54282064158707,109.14210919713803,98.54282064158707,74.18445479568703,74.80631240075934,
37.2296924510531,37.2296924510531,37.2296924510531,37.2296924510531,37.2296924510531,37.2296924510531,37.2296924510531,37.2296924510531,37.2296924510531,37.2296924510531,37.2296924510531,37.2296924510531,53.65650783766433,52.81890508798793,92.19146004984654,142.92196297280555,242.32347526945603,41.39219261488156,44.81466463856074,134.1587989411553,37.2296924510531,58.19285319749588,41.002286521607545,98.54282064158707,
37.2296924510531,37.2296924510531,37.2296924510531,37.2296924510531,37.2296924510531,37.2296924510531,37.2296924510531,37.2296924510531,37.2296924510531,37.2296924510531,37.2296924510531,37.2296924510531,37.2296924510531,53.4284104323001,37.728636338993226,168.04637256820908,37.2296924510531,37.2296924510531,139.00966693003764,38.838295832084285,37.2296924510531,260.5,54.161333070743375,128.88691452080727,
37.2296924510531,37.2296924510531,37.2296924510531,37.2296924510531,37.2296924510531,37.2296924510531,37.2296924510531,37.2296924510531,37.2296924510531,37.2296924510531,37.2296924510531,37.2296924510531,38.52808356433649,40.478646634161734,37.2296924510531,37.2296924510531,208.5713307240475,54.08792963528374,94.8524347341701,229.5532345666251,37.2296924510531,38.52808356433649,86.70255667126162,100.51658237989061,
37.2296924510531,37.2296924510531,37.2296924510531,37.2296924510531,37.2296924510531,37.2296924510531,37.2296924510531,37.2296924510531,37.2296924510531,37.2296924510531,37.2296924510531,37.2296924510531,60.332283024927875,37.2296924510531,120.8342528700644,40.08462123438529,48.545339632141825,139.00966693003764,246.1649599354059,125.05892361203178,59.397390515072296,41.51731566467177,37.2296924510531,114.21872292521338,
37.2296924510531,37.2296924510531,37.2296924510531,37.2296924510531,37.2296924510531,37.2296924510531,37.2296924510531,37.2296924510531,37.2296924510531,37.2296924510531,37.2296924510531,37.2296924510531,188.81626871997375,44.8447321321022,111.65086952938013,178.67341016502706,111.65086952938013,101.89798820388948,38.52808356433649,102.4739804373123,175.97386169542338,38.52808356433649,98.54282064158707,130.50638553981437,
37.2296924510531,37.2296924510531,37.2296924510531,37.2296924510531,37.2296924510531,37.2296924510531,37.2296924510531,37.2296924510531,37.2296924510531,37.2296924510531,37.2296924510531,37.2296924510531,181.5507849060422,182.48725982928232,53.08416895914299,37.2296924510531,98.54282064158707,159.01336421823166,100.66128291230457,96.61917669967205,154.70358754728346,38.52808356433649,132.4990566004151,91.47631751806948,
37.2296924510531,37.2296924510531,37.2296924510531,37.2296924510531,37.2296924510531,37.2296924510531,37.2296924510531,37.2296924510531,37.2296924510531,37.2296924510531,37.2296924510531,37.2296924510531,38.838295832084285,69.82995218544993,57.81964295212407,38.98548151036538,141.24446891825534,137.59209037344164,102.10190987439951,53.454224965540995,98.54282064158707,109.25648535367013,98.54282064158707,101.89798820388948,
37.2296924510531,37.2296924510531,37.2296924510531,37.2296924510531,37.2296924510531,37.2296924510531,37.2296924510531,37.2296924510531,37.2296924510531,37.2296924510531,37.2296924510531,37.2296924510531,45.554911919572405,141.24446891825534,45.93231735693048,37.728636338993226,39.96651490997916,116.68219390721106,71.62690292858191,37.2296924510531,162.57517491917392,37.2296924510531,98.54282064158707,90.35042888664115,
37.2296924510531,37.2296924510531,37.2296924510531,37.2296924510531,37.2296924510531,37.2296924510531,37.2296924510531,37.2296924510531,37.2296924510531,37.2296924510531,37.2296924510531,37.2296924510531,69.03429854065297,58.3425230856534,37.2296924510531,134.06932286445445,178.67341016502706,228.08857928445255,124.71461171410509,111.614679745515,94.55149060168222,38.77692612882048,9.99999999E8,119.65134535158577,
37.2296924510531,37.2296924510531,37.2296924510531,37.2296924510531,37.2296924510531,37.2296924510531,37.2296924510531,37.2296924510531,37.2296924510531,37.2296924510531,37.2296924510531,37.2296924510531,41.759430072739256,90.24288214467542,37.2296924510531,139.00966693003764,116.16905784243927,162.5982395353652,143.55689928851672,37.2296924510531,56.44663162866516,37.2296924510531,108.18148813452328,98.46184222834752,
37.2296924510531,37.2296924510531,37.2296924510531,37.2296924510531,37.2296924510531,37.2296924510531,37.2296924510531,37.2296924510531,37.2296924510531,37.2296924510531,37.2296924510531,37.2296924510531,139.00966693003764,37.2296924510531,39.278198272122054,88.1186069391073,59.07664163420988,97.58425846416009,201.01243742614534,47.219169835989284,37.2296924510531,207.93941425328677,178.77154501240528,62.98769721143963,
37.2296924510531,37.2296924510531,37.2296924510531,37.2296924510531,37.2296924510531,37.2296924510531,37.2296924510531,37.2296924510531,37.2296924510531,37.2296924510531,37.2296924510531,37.2296924510531,37.2296924510531,37.2296924510531,160.04412656820492,110.98317577958585,84.67112849135766,57.61119682839439,54.27922599853465,54.258831846376246,98.54282064158707,41.51731566467177,37.2296924510531,171.6995468107007,
37.2296924510531,37.2296924510531,37.2296924510531,37.2296924510531,37.2296924510531,37.2296924510531,37.2296924510531,37.2296924510531,37.2296924510531,37.2296924510531,37.2296924510531,37.2296924510531,43.614577894996046,157.81060642428315,139.00966693003764,85.25833903495892,98.54282064158707,130.50638553981437,53.3071289791525,39.50808637341081,37.2296924510531,260.5,45.69080870372071,159.3825586442883,
37.2296924510531,37.2296924510531,37.2296924510531,37.2296924510531,37.2296924510531,37.2296924510531,37.2296924510531,37.2296924510531,37.2296924510531,37.2296924510531,37.2296924510531,37.2296924510531,157.81060642428315,98.54282064158707,37.2296924510531,40.18317433951678,84.87710202981481,178.77154501240528,109.14210919713803,45.554911919572405,111.65086952938013,229.5532345666251,159.01336421823166,54.08792963528374,
37.2296924510531,37.2296924510531,37.2296924510531,37.2296924510531,37.2296924510531,37.2296924510531,37.2296924510531,37.2296924510531,37.2296924510531,37.2296924510531,37.2296924510531,37.2296924510531,128.11160499085682,55.55402775677025,167.14869876849176,53.38244983525225,116.11087104573801,54.258831846376246,85.25833903495892,97.56232963221669,98.54282064158707,178.77154501240528,166.34076469705192,61.66756756098694,
37.2296924510531,37.2296924510531,37.2296924510531,37.2296924510531,37.2296924510531,37.2296924510531,37.2296924510531,37.2296924510531,37.2296924510531,37.2296924510531,37.2296924510531,37.2296924510531,38.77692612882048,152.60275226875825,37.2296924510531,90.44915698888519,157.81060642428315,183.0551487940178,221.93960327079978,134.06932286445445,94.2783546911236,95.41604803292904,37.2296924510531,56.0733646415321,
37.2296924510531,37.2296924510531,37.2296924510531,37.2296924510531,37.2296924510531,37.2296924510531,37.2296924510531,37.2296924510531,37.2296924510531,37.2296924510531,37.2296924510531,37.2296924510531,98.54282064158707,39.54576802383589,260.5,260.5,141.24446891825534,221.7278737551957,38.87587083697719,169.91247747001984,181.5507849060422,98.54282064158707,143.1335041141661,73.9576525790266,
37.2296924510531,37.2296924510531,37.2296924510531,37.2296924510531,37.2296924510531,37.2296924510531,37.2296924510531,37.2296924510531,37.2296924510531,37.2296924510531,37.2296924510531,37.2296924510531,38.77692612882048,101.89798820388948,57.06137047074842,92.65516494959542,87.72178242096491,37.2296924510531,84.67112849135766,98.54282064158707,73.6508655753617,53.3071289791525,37.2296924510531,40.18317433951678,
37.2296924510531,37.2296924510531,37.2296924510531,37.2296924510531,37.2296924510531,37.2296924510531,37.2296924510531,37.2296924510531,37.2296924510531,37.2296924510531,37.2296924510531,37.2296924510531,40.80058210369063,208.69966703473239,54.08120615800033,101.70108706946603,86.66096265897116,84.67112849135766,92.49467717724328,55.07253739387718,98.46184222834752,208.64483378858597,100.66128291230457,37.2296924510531,
37.2296924510531,37.2296924510531,37.2296924510531,37.2296924510531,37.2296924510531,37.2296924510531,37.2296924510531,37.2296924510531,37.2296924510531,37.2296924510531,37.2296924510531,37.2296924510531,37.2296924510531,60.60515138996024,179.09249690866335,58.86977153004758,58.71120776444446,112.83616441549225,110.61155756369524,181.5507849060422,129.23976426265511,75.22998750769645,39.55565699113087,181.5507849060422,
37.2296924510531,37.2296924510531,37.2296924510531,37.2296924510531,37.2296924510531,37.2296924510531,37.2296924510531,37.2296924510531,37.2296924510531,37.2296924510531,37.2296924510531,37.2296924510531,43.2075096353503,37.728636338993226,44.8447321321022,183.0551487940178,132.67849612251916,178.67341016502706,92.0434679920308,98.54282064158707,37.2296924510531,182.48725982928232,84.67112849135766,178.67341016502706,
37.2296924510531,37.2296924510531,37.2296924510531,37.2296924510531,37.2296924510531,37.2296924510531,37.2296924510531,37.2296924510531,37.2296924510531,37.2296924510531,37.2296924510531,37.2296924510531,142.92196297280555,38.77692612882048,39.12979038875328,109.25648535367013,98.54282064158707,178.67341016502706,223.94907345197925,123.55396931435806,116.68219390721106,37.2296924510531,57.61119682839439,102.4739804373123,
37.2296924510531,37.2296924510531,37.2296924510531,37.2296924510531,37.2296924510531,37.2296924510531,37.2296924510531,37.2296924510531,37.2296924510531,37.2296924510531,37.2296924510531,37.2296924510531,60.39440681884375,53.624206805840544,100.66128291230457,40.49922838771129,39.278198272122054,105.57099210957526,86.62476551194814,37.2296924510531,183.02646666534324,139.03950652602302,52.42837375887221,37.2296924510531,
37.2296924510531,37.2296924510531,37.2296924510531,37.2296924510531,37.2296924510531,37.2296924510531,37.2296924510531,37.2296924510531,37.2296924510531,37.2296924510531,37.2296924510531,37.2296924510531,68.1986070238975,37.2296924510531,139.00966693003764,41.12237833588909,90.0413793763734,139.00966693003764,79.46530296299134,41.002286521607545,123.55396931435806,46.776062254106,41.661132965871204,144.29028900102736,
37.2296924510531,37.2296924510531,37.2296924510531,37.2296924510531,37.2296924510531,37.2296924510531,37.2296924510531,37.2296924510531,37.2296924510531,37.2296924510531,37.2296924510531,37.2296924510531,94.55149060168222,62.25396015962001,53.74341044878587,43.2075096353503,40.53008142108772,143.6843328272084,80.72319601576736,37.2296924510531,39.12979038875328,100.66128291230457,98.54282064158707,182.48725982928232,
37.2296924510531,37.2296924510531,37.2296924510531,37.2296924510531,37.2296924510531,37.2296924510531,37.2296924510531,37.2296924510531,37.2296924510531,37.2296924510531,37.2296924510531,37.2296924510531,37.2296924510531,38.77692612882048,48.545339632141825,38.52808356433649,91.16871379481012,110.91364539448641,125.80191750915245,84.67112849135766,182.48725982928232,110.98317577958585,37.2296924510531,182.48725982928232,
37.2296924510531,37.2296924510531,37.2296924510531,37.2296924510531,37.2296924510531,37.2296924510531,37.2296924510531,37.2296924510531,37.2296924510531,37.2296924510531,37.2296924510531,37.2296924510531,269.0179671818718,219.5130975591206,141.24446891825534,139.00966693003764,37.2296924510531,139.00966693003764,172.27536097770917,221.93960327079978,37.2296924510531,136.5683589513569,37.2296924510531,156.7886918038129,
37.2296924510531,37.2296924510531,37.2296924510531,37.2296924510531,37.2296924510531,37.2296924510531,37.2296924510531,37.2296924510531,37.2296924510531,37.2296924510531,37.2296924510531,37.2296924510531,43.2075096353503,37.2296924510531,40.80058210369063,98.54282064158707,155.43386857438762,92.88694405028082,39.278198272122054,46.67856991049414,37.2296924510531,137.58724504836923,100.66128291230457,157.81060642428315,
37.2296924510531,37.2296924510531,37.2296924510531,37.2296924510531,37.2296924510531,37.2296924510531,37.2296924510531,37.2296924510531,37.2296924510531,37.2296924510531,37.2296924510531,37.2296924510531,275.28530654577264,189.15844328675013,37.2296924510531,208.72278265680532,40.745398513206375,159.01336421823166,38.77692612882048,181.5507849060422,159.06471429369032,43.2075096353503,182.48725982928232,124.62236707349126,
37.2296924510531,37.2296924510531,37.2296924510531,37.2296924510531,37.2296924510531,37.2296924510531,37.2296924510531,37.2296924510531,37.2296924510531,37.2296924510531,37.2296924510531,37.2296924510531,94.55149060168222,42.42463906740987,129.57780737173056,37.2296924510531,167.63228607083224,58.86977153004758,100.66128291230457,159.38187893651315,174.66539439740203,37.2296924510531,167.14869876849176,60.39440681884375,
37.2296924510531,37.2296924510531,37.2296924510531,37.2296924510531,37.2296924510531,37.2296924510531,37.2296924510531,37.2296924510531,37.2296924510531,37.2296924510531,37.2296924510531,37.2296924510531,162.4743569510791,37.2296924510531,45.93231735693048,196.24198497433383,155.0892216327965,123.55396931435806,221.7278737551957,167.14869876849176,229.5532345666251,102.4739804373123,212.90417445414263,37.2296924510531,
37.2296924510531,37.2296924510531,37.2296924510531,37.2296924510531,37.2296924510531,37.2296924510531,37.2296924510531,37.2296924510531,37.2296924510531,37.2296924510531,37.2296924510531,37.2296924510531,38.77692612882048,137.74178741398705,110.61155756369524,39.55565699113087,97.96563329108045,95.32567531887723,74.04886477860414,62.25396015962001,175.93521534928703,37.2296924510531,178.77154501240528,116.81431133783794,
37.2296924510531,37.2296924510531,37.2296924510531,37.2296924510531,37.2296924510531,37.2296924510531,37.2296924510531,37.2296924510531,37.2296924510531,37.2296924510531,37.2296924510531,37.2296924510531,102.27536360238472,159.01336421823166,150.52818465324026,40.75486078599644,139.81744049533543,110.98317577958585,157.81060642428315,37.728636338993226,163.12444125063948,269.0179671818718,54.10809505437447,98.54282064158707,
37.2296924510531,37.2296924510531,37.2296924510531,37.2296924510531,37.2296924510531,37.2296924510531,37.2296924510531,37.2296924510531,37.2296924510531,37.2296924510531,37.2296924510531,37.2296924510531,219.48940748929093,219.5130975591206,39.50808637341081,98.54282064158707,38.442814673225996,39.96651490997916,149.12494761105535,59.397390515072296,40.04606722263748,54.243471189320715,36.98961212230642,101.06920586904796,
36.98961212230642,37.2296924510531,37.2296924510531,37.2296924510531,37.2296924510531,37.2296924510531,37.2296924510531,37.2296924510531,37.2296924510531,37.2296924510531,37.2296924510531,37.2296924510531,208.5713307240475,40.18317433951678,39.278198272122054,50.558752951393096,111.65086952938013,37.2296924510531,37.728636338993226,183.60470446042498,37.2296924510531,38.77692612882048,62.25396015962001,39.421435625518,
36.98961212230642,37.2296924510531,37.2296924510531,37.2296924510531,37.2296924510531,37.2296924510531,37.2296924510531,37.2296924510531,37.2296924510531,37.2296924510531,37.2296924510531,37.2296924510531,52.61416159172357,129.48516580390708,102.92675389162268,124.44554583250869,72.2306396629744,199.63867360809627,120.41170869909925,43.2075096353503,37.2296924510531,173.10305215872614,54.258831846376246,172.27536097770917,
36.98961212230642,37.2296924510531,37.2296924510531,37.2296924510531,37.2296924510531,37.2296924510531,37.2296924510531,37.2296924510531,37.2296924510531,37.2296924510531,37.2296924510531,37.2296924510531,133.47253150617422,38.838295832084285,105.09255180289631,139.00966693003764,181.5507849060422,102.68268780568611,80.72319601576736,45.93231735693048,57.469790842703894,206.0410557793438,37.2296924510531,90.74506414492562,
36.98961212230642,37.2296924510531,37.2296924510531,37.2296924510531,37.2296924510531,37.2296924510531,37.2296924510531,37.2296924510531,37.2296924510531,37.2296924510531,37.2296924510531,37.2296924510531,152.80706789936124,98.54282064158707,260.5,38.77692612882048,37.2296924510531,43.2075096353503,45.93231735693048,39.12979038875328,39.55565699113087,106.37189286572244,84.67112849135766,223.94907345197925,
36.98961212230642,37.2296924510531,37.2296924510531,37.2296924510531,37.2296924510531,37.2296924510531,37.2296924510531,37.2296924510531,37.2296924510531,37.2296924510531,37.2296924510531,37.2296924510531,141.24446891825534,219.4730051737571,40.4885454672008,260.5,73.9576525790266,40.47658788320313,43.2075096353503,54.258831846376246,58.3425230856534,38.52808356433649,98.54282064158707,103.25688536364052,
36.98961212230642,37.2296924510531,37.2296924510531,37.2296924510531,37.2296924510531,37.2296924510531,37.2296924510531,37.2296924510531,37.2296924510531,37.2296924510531,37.2296924510531,37.2296924510531,136.88973664961154,114.21872292521338,101.89798820388948,221.93960327079978,73.29847656443253,182.48725982928232,37.916355310076945,219.4730051737571,44.37216344611662,130.50638553981437,188.81626871997375,159.01336421823166,
36.98961212230642,37.2296924510531,37.2296924510531,37.2296924510531,37.2296924510531,37.2296924510531,37.2296924510531,37.2296924510531,37.2296924510531,37.2296924510531,37.2296924510531,37.2296924510531,39.50808637341081,98.54282064158707,43.87849489271011,85.37905676062094,178.77154501240528,172.27536097770917,80.72319601576736,140.03428151706282,53.3071289791525,41.420059171555366,38.86970757114937,62.85086638192569,
36.98961212230642,37.2296924510531,37.2296924510531,37.2296924510531,37.2296924510531,37.2296924510531,37.2296924510531,37.2296924510531,37.2296924510531,37.2296924510531,37.2296924510531,37.2296924510531,189.19720751991383,38.77692612882048,92.20230640348673,39.55565699113087,154.70358754728346,109.09423000511147,39.96063151410294,39.55565699113087,91.47631751806948,128.75716742482845,98.46184222834752,111.65086952938013,
36.98961212230642,37.2296924510531,37.2296924510531,37.2296924510531,37.2296924510531,37.2296924510531,37.2296924510531,37.2296924510531,37.2296924510531,37.2296924510531,37.2296924510531,37.2296924510531,117.89543389518244,139.00966693003764,37.2296924510531,134.06932286445445,86.42617875967906,43.2075096353503,182.48725982928232,37.2296924510531,55.9361615296104,36.98961212230642,137.5848223218438,91.47631751806948,
36.98961212230642,36.98961212230642,37.2296924510531,37.2296924510531,37.2296924510531,37.2296924510531,37.2296924510531,37.2296924510531,37.2296924510531,37.2296924510531,37.2296924510531,37.2296924510531,39.50808637341081,36.98961212230642,36.98961212230642,91.11558593347243,91.47631751806948,181.5507849060422,96.61917669967205,54.84053587447883,36.98961212230642,95.29551078093868,9.99999999E8,177.41670580866955,
36.98961212230642,36.98961212230642,36.98961212230642,36.98961212230642,36.98961212230642,37.2296924510531,37.2296924510531,37.2296924510531,37.2296924510531,37.2296924510531,37.2296924510531,37.2296924510531,57.52843499812361,181.5507849060422,38.442814673225996,90.31417385992079,133.5499282415881,36.98961212230642,38.68121878108978,159.01336421823166,98.54282064158707,98.54282064158707,293.48367359474474,130.50638553981437,
36.98961212230642,36.98961212230642,36.98961212230642,36.98961212230642,36.98961212230642,36.98961212230642,37.2296924510531,37.2296924510531,37.2296924510531,37.2296924510531,37.2296924510531,37.2296924510531,208.5713307240475,38.377782200990545,58.3425230856534,37.2296924510531,164.44629315777638,37.2296924510531,36.98961212230642,109.17875251164945,36.98961212230642,59.397390515072296,36.98961212230642,159.01336421823166,
36.98961212230642,36.98961212230642,36.98961212230642,36.98961212230642,36.98961212230642,36.98961212230642,36.98961212230642,36.98961212230642,36.98961212230642,37.2296924510531,37.2296924510531,37.2296924510531,39.55565699113087,182.48725982928232,79.29831159755057,91.47631751806948,111.65086952938013,39.998347073285935,37.44638039862702,39.273280134773294,39.108406457196665,38.473204961375394,38.22112199643892,175.72137035659608,
36.98961212230642,36.98961212230642,36.98961212230642,36.98961212230642,36.98961212230642,36.98961212230642,36.98961212230642,36.98961212230642,36.98961212230642,37.2296924510531,37.2296924510531,37.2296924510531,41.18069936268688,219.4730051737571,110.98317577958585,72.2306396629744,37.2296924510531,111.65086952938013,94.55149060168222,98.54282064158707,89.72318540934667,39.013880097174216,36.98961212230642,99.2848647831078,
36.98961212230642,36.98961212230642,36.98961212230642,36.98961212230642,36.98961212230642,36.98961212230642,36.98961212230642,36.98961212230642,36.98961212230642,36.98961212230642,37.2296924510531,37.2296924510531,73.9576525790266,43.3964284244683,201.01243742614534,40.90461465409496,119.22536433158844,98.54282064158707,121.0244465662482,36.98961212230642,98.54282064158707,36.98961212230642,38.22112199643892,55.81118963871751,
36.98961212230642,36.98961212230642,36.98961212230642,36.98961212230642,36.98961212230642,36.98961212230642,36.98961212230642,36.98961212230642,36.98961212230642,36.98961212230642,36.98961212230642,36.98961212230642,37.2296924510531,39.55565699113087,50.140299029591546,57.80259938677298,209.9380861111199,36.98961212230642,162.18996064286264,95.29551078093868,45.93231735693048,36.98961212230642,51.15030954614709,109.1640966618604,
36.98961212230642,36.98961212230642,36.98961212230642,36.98961212230642,36.98961212230642,36.98961212230642,36.98961212230642,36.98961212230642,36.98961212230642,36.98961212230642,36.98961212230642,36.98961212230642,36.98961212230642,47.219169835989284,36.98961212230642,98.54282064158707,36.98961212230642,38.40755779619122,44.53246563876481,109.1531034831351,154.7733827245499,246.1649599354059,36.98961212230642,36.98961212230642,
36.98961212230642,36.98961212230642,36.98961212230642,36.98961212230642,36.98961212230642,36.98961212230642,36.98961212230642,36.98961212230642,36.98961212230642,36.98961212230642,36.98961212230642,36.98961212230642,38.86970757114937,98.54282064158707,36.98961212230642,98.54282064158707,36.98961212230642,36.98961212230642,36.98961212230642,43.3964284244683,36.98961212230642,51.879708289767834,36.98961212230642,93.35952013587044,
36.98961212230642,36.98961212230642,36.98961212230642,36.98961212230642,36.98961212230642,36.98961212230642,36.98961212230642,36.98961212230642,36.98961212230642,36.98961212230642,36.98961212230642,36.98961212230642,159.38187893651315,109.17875251164945,39.108406457196665,292.75245515622925,36.98961212230642,219.4730051737571,94.55149060168222,150.35237522132425,36.98961212230642,219.4730051737571,255.71993958234856,54.27922599853465,
36.98961212230642,36.98961212230642,36.98961212230642,36.98961212230642,36.98961212230642,36.98961212230642,36.98961212230642,36.98961212230642,36.98961212230642,36.98961212230642,36.98961212230642,36.98961212230642,152.44748071057128,98.54282064158707,39.22911507270786,166.53803369400836,36.98961212230642,111.65086952938013,37.844833266361185,37.514719333438535,36.98961212230642,130.12609269473975,36.98961212230642,36.98961212230642,
36.98961212230642,36.98961212230642,36.98961212230642,36.98961212230642,36.98961212230642,36.98961212230642,36.98961212230642,36.98961212230642,36.98961212230642,36.98961212230642,36.98961212230642,36.98961212230642,179.11084243437367,36.98961212230642,98.54282064158707,60.754012213186385,111.65086952938013,174.68371418080164,38.40755779619122,38.08132744535043,57.469790842703894,98.54282064158707,36.98961212230642,39.278198272122054,
36.98961212230642,36.98961212230642,36.98961212230642,36.98961212230642,36.98961212230642,36.98961212230642,36.98961212230642,36.98961212230642,36.98961212230642,36.98961212230642,36.98961212230642,36.98961212230642,181.5507849060422,167.14869876849176,181.5507849060422,109.09423000511147,36.98961212230642,139.00966693003764,38.962582566312086,178.67341016502706,49.98649817700776,175.93521534928703,270.0595999034287,194.40416557223443,
36.98961212230642,36.98961212230642,36.98961212230642,36.98961212230642,36.98961212230642,36.98961212230642,36.98961212230642,36.98961212230642,36.98961212230642,36.98961212230642,36.98961212230642,36.98961212230642,39.96063151410294,39.108406457196665,97.31769815917349,80.72319601576736,52.18537735292767,50.93898911683367,36.98961212230642,206.0305398074114,74.91179999024037,84.18778612918463,38.626685507992185,98.54282064158707,
36.98961212230642,36.98961212230642,36.98961212230642,36.98961212230642,36.98961212230642,36.98961212230642,36.98961212230642,36.98961212230642,36.98961212230642,36.98961212230642,36.98961212230642,36.98961212230642,147.19601443879745,36.98961212230642,178.77154501240528,84.67112849135766,98.54282064158707,98.54282064158707,188.81626871997375,38.40755779619122,181.5507849060422,139.00966693003764,94.71829578046447,84.67112849135766,
36.98961212230642,36.98961212230642,36.98961212230642,36.98961212230642,36.98961212230642,36.98961212230642,36.98961212230642,36.98961212230642,36.98961212230642,36.98961212230642,36.98961212230642,36.98961212230642,157.36641160044286,111.65086952938013,51.879708289767834,36.98961212230642,269.4933904569832,52.18537735292767,159.01336421823166,38.442814673225996,174.66539439740203,133.07109628565726,172.3791847449492,139.00966693003764,
36.98961212230642,36.98961212230642,36.98961212230642,36.98961212230642,36.98961212230642,36.98961212230642,36.98961212230642,36.98961212230642,36.98961212230642,36.98961212230642,36.98961212230642,36.98961212230642,36.98961212230642,36.98961212230642,182.48725982928232,159.01336421823166,36.98961212230642,36.98961212230642,183.0551487940178,90.52439818450418,84.18778612918463,60.37951598359516,85.33072912692901,60.15720147155192,
36.98961212230642,36.98961212230642,36.98961212230642,36.98961212230642,36.98961212230642,36.98961212230642,36.98961212230642,36.98961212230642,36.98961212230642,36.98961212230642,36.98961212230642,36.98961212230642,84.67112849135766,154.22194449320537,37.514719333438535,36.98961212230642,123.55396931435806,293.48367359474474,306.5,107.26828224130374,151.4545620805131,38.473204961375394,116.10818709768536,139.00966693003764,
36.98961212230642,36.98961212230642,36.98961212230642,36.98961212230642,36.98961212230642,36.98961212230642,36.98961212230642,36.98961212230642,36.98961212230642,36.98961212230642,36.98961212230642,36.98961212230642,98.54282064158707,52.18537735292767,92.21934809607639,55.66372247703166,36.98961212230642,84.67112849135766,55.56858616696165,90.52439818450418,266.5936749062138,141.24446891825534,208.5713307240475,38.86970757114937,
36.98961212230642,36.98961212230642,36.98961212230642,36.98961212230642,36.98961212230642,36.98961212230642,36.98961212230642,36.98961212230642,36.98961212230642,36.98961212230642,36.98961212230642,36.98961212230642,255.139545151276,36.98961212230642,39.55565699113087,37.514719333438535,152.33592608114475,38.22112199643892,36.98961212230642,38.22112199643892,110.61155756369524,36.98961212230642,49.61098668641856,141.24446891825534,
36.98961212230642,36.98961212230642,36.98961212230642,36.98961212230642,36.98961212230642,36.98961212230642,36.98961212230642,36.98961212230642,36.98961212230642,36.98961212230642,36.98961212230642,36.98961212230642,37.514719333438535,246.1649599354059,74.01801582497781,219.4730051737571,55.81118963871751,38.899710795840114,178.67341016502706,275.47897681432363,94.71829578046447,134.06932286445445,37.605684410737695,178.67341016502706,
36.98961212230642,36.98961212230642,36.98961212230642,36.98961212230642,36.98961212230642,36.98961212230642,36.98961212230642,36.98961212230642,36.98961212230642,36.98961212230642,36.98961212230642,36.98961212230642,131.5781136815694,246.1649599354059,219.4730051737571,108.48410021749731,36.98961212230642,84.67112849135766,178.9807879326147,56.44663162866516,172.27536097770917,183.0551487940178,168.4292136180657,39.178099359052055,
36.98961212230642,36.98961212230642,36.98961212230642,36.98961212230642,36.98961212230642,36.98961212230642,36.98961212230642,36.98961212230642,36.98961212230642,36.98961212230642,36.98961212230642,36.98961212230642,49.61098668641856,178.67341016502706,126.43736853978459,55.810841240748196,246.1649599354059,39.05132414092719,74.5435065917884,51.19174778538348,152.60275226875825,123.55396931435806,126.52095091489063,111.65086952938013,
36.98961212230642,36.98961212230642,36.98961212230642,36.98961212230642,36.98961212230642,36.98961212230642,36.98961212230642,36.98961212230642,36.98961212230642,36.98961212230642,36.98961212230642,36.98961212230642,40.64787817340531,36.98961212230642,164.41892632338082,129.05970774515689,84.18778612918463,93.33571425534576,37.2296924510531,209.9380861111199,38.40755779619122,184.79906351913968,36.98961212230642,84.67112849135766,
36.98961212230642,36.98961212230642,36.98961212230642,36.98961212230642,36.98961212230642,36.98961212230642,36.98961212230642,36.98961212230642,36.98961212230642,36.98961212230642,36.98961212230642,36.98961212230642,98.54282064158707,178.77154501240528,38.40755779619122,51.34820108924987,60.56693955176096,84.67112849135766,36.98961212230642,157.7820886539407,37.44638039862702,184.36711847561105,133.5499282415881,77.52967173927671,
36.98961212230642,36.98961212230642,36.98961212230642,36.98961212230642,36.98961212230642,36.98961212230642,36.98961212230642,36.98961212230642,36.98961212230642,36.98961212230642,36.98961212230642,36.98961212230642,37.514719333438535,172.27536097770917,60.98475625816478,55.72570472113086,38.23719184559304,172.27536097770917,123.55396931435806,47.333333333333336,36.98961212230642,136.57079970964998,90.52439818450418,36.98961212230642,
