10.851727973000429,4.199125273342592,10.46123797645384,9.88736567544662,9.99999999E8,20.51016008388688,16.32666530556684,25.0,10.198039027185569,6.103277807866851,21.650635094610966,5.2,11.731694381513034,13.0,4.862098312457287,13.0,11.51810169544733,11.4564392373896,5.887840577551898,10.894379284750462,24.0,9.99999999E8,8.28009661779378,12.702755606560334,
4.199125273342592,4.862098312457287,5.2,5.887840577551898,6.103277807866851,8.28009661779378,9.88736567544662,10.198039027185569,10.46123797645384,10.851727973000429,10.894379284750462,11.4564392373896,6.94172168845741,7.774155902733106,14.603081866510234,14.603081866510234,9.937303457175895,5.160242162297592,7.573638491504594,6.200358412579424,14.773286702694158,7.101936355670896,7.520638270785266,12.569805089976535,
4.199125273342592,4.862098312457287,5.160242162297592,5.2,5.887840577551898,6.103277807866851,6.200358412579424,6.94172168845741,7.101936355670896,7.520638270785266,7.573638491504594,7.774155902733106,9.99999999E8,10.965856099730654,5.0990195135927845,14.190137420053409,12.013880860626733,19.371370627810517,9.99999999E8,13.0,14.071247279470288,12.285662375305614,7.244984190346266,13.35102992281869,
4.199125273342592,4.862098312457287,5.0990195135927845,5.160242162297592,5.2,5.887840577551898,6.103277807866851,6.200358412579424,6.94172168845741,7.101936355670896,7.244984190346266,7.520638270785266,5.744562646538029,7.119515432949071,12.285662375305614,7.110555533852471,4.025429372458677,5.160242162297592,6.815016100086957,8.027297179001161,6.708203932499369,12.569805089976535,13.0,12.81421404662233,
4.025429372458677,4.199125273342592,4.862098312457287,5.0990195135927845,5.160242162297592,5.160242162297592,5.2,5.744562646538029,5.887840577551898,6.103277807866851,6.200358412579424,6.708203932499369,5.160242162297592,4.861342722049587,4.109609335312651,5.748043145279966,5.160242162297592,18.82153022471871,7.905048761289669,14.076931483814219,21.07723890835799,7.467261881037788,5.775410972461305,6.496466857658327,
4.025429372458677,4.109609335312651,4.199125273342592,4.861342722049587,4.862098312457287,5.0990195135927845,5.160242162297592,5.160242162297592,5.160242162297592,5.160242162297592,5.2,5.744562646538029,7.740695533796608,5.283783431116265,5.160242162297592,12.569805089976535,19.0,5.033222956847166,6.590713163232034,24.041630560342615,9.99999999E8,11.196428001822724,4.025429372458677,5.986651818838307,
4.025429372458677,4.025429372458677,4.109609335312651,4.199125273342592,4.861342722049587,4.862098312457287,5.033222956847166,5.0990195135927845,5.160242162297592,5.160242162297592,5.160242162297592,5.160242162297592,10.419213022104884,4.109609335312651,4.216370213557839,14.9248115565993,10.158124826955023,10.198039027185569,5.573259772323188,18.115186998758805,4.109609335312651,4.136557881996952,6.590713163232034,6.4621977685614045,
4.025429372458677,4.025429372458677,4.109609335312651,4.109609335312651,4.109609335312651,4.136557881996952,4.199125273342592,4.216370213557839,4.861342722049587,4.862098312457287,5.033222956847166,5.0990195135927845,10.03327796219494,8.205689083394114,22.627416997969522,7.756287771866126,4.666666666666667,5.84700778176325,14.568802284333465,13.140268896284683,4.43471156521669,7.365459931328117,4.736823830374104,3.534090536243709,
3.534090536243709,4.025429372458677,4.025429372458677,4.109609335312651,4.109609335312651,4.109609335312651,4.136557881996952,4.199125273342592,4.216370213557839,4.43471156521669,4.666666666666667,4.736823830374104,5.443588252359328,4.199125273342592,8.5,7.187952884282608,2.5860201081971503,4.589250972631146,5.946427498927402,4.193248541803041,3.059411708155671,4.654746681256314,4.43471156521669,10.708252269472673,
2.5860201081971503,3.059411708155671,3.534090536243709,4.025429372458677,4.025429372458677,4.109609335312651,4.109609335312651,4.109609335312651,4.136557881996952,4.193248541803041,4.199125273342592,4.199125273342592,6.8527366796047255,17.795130420052185,4.919764387920733,14.352700094407323,6.164414002968976,2.5475077857324298,4.109609335312651,4.9216076867444665,4.915282290977803,5.71314274283428,12.569805089976535,4.193248541803041,
2.5475077857324298,2.5860201081971503,3.059411708155671,3.534090536243709,4.025429372458677,4.025429372458677,4.109609335312651,4.109609335312651,4.109609335312651,4.109609335312651,4.136557881996952,4.193248541803041,6.264982043070834,4.109609335312651,8.084553172563094,9.013878188659973,4.561788832834319,7.767453465154029,13.0,25.0,26.0,4.795831523312719,4.602988159880492,4.431703961232068,
2.5475077857324298,2.5860201081971503,3.059411708155671,3.534090536243709,4.025429372458677,4.025429372458677,4.109609335312651,4.109609335312651,4.109609335312651,4.109609335312651,4.109609335312651,4.136557881996952,5.418486873657627,13.0,7.788880963698615,13.0,4.9216076867444665,7.870038119348597,9.987992791347018,7.740695533796609,10.161200716450788,4.714045207910317,8.504900548115382,10.161200716450788,
2.5475077857324298,2.5860201081971503,3.059411708155671,3.534090536243709,4.025429372458677,4.025429372458677,4.109609335312651,4.109609335312651,4.109609335312651,4.109609335312651,4.109609335312651,4.136557881996952,4.710360920354193,4.164965639175215,6.616477747093069,24.0,4.109609335312651,14.568802284333465,10.198039027185569,3.9698866482558417,12.298373876248844,5.7608593109014565,5.782516753110189,10.4,
2.5475077857324298,2.5860201081971503,3.059411708155671,3.534090536243709,3.9698866482558417,4.025429372458677,4.025429372458677,4.109609335312651,4.109609335312651,4.109609335312651,4.109609335312651,4.109609335312651,16.30950643030009,6.305553108173779,5.238081709939241,14.848898811641465,14.568802284333465,4.94368283772331,5.033222956847166,4.109609335312651,7.534952568137482,5.229430062206608,5.792715732327589,8.818163074019441,
2.5475077857324298,2.5860201081971503,3.059411708155671,3.534090536243709,3.9698866482558417,4.025429372458677,4.025429372458677,4.109609335312651,4.109609335312651,4.109609335312651,4.109609335312651,4.109609335312651,14.352700094407323,19.8158185969358,12.847615517666922,24.0,10.012492197250394,3.80082635643034,5.033222956847166,4.340506882842141,3.059411708155671,4.109609335312651,4.96655480858378,5.033222956847166,
2.5475077857324298,2.5860201081971503,3.059411708155671,3.059411708155671,3.534090536243709,3.80082635643034,3.9698866482558417,4.025429372458677,4.025429372458677,4.109609335312651,4.109609335312651,4.109609335312651,4.94368283772331,8.73212459828649,5.931905258852336,22.627416997969522,5.969309261650336,6.764613810115105,3.534090536243709,3.7416573867739413,23.338094752285727,14.739402972983676,22.627416997969522,4.164965639175215,
2.5475077857324298,2.5860201081971503,3.059411708155671,3.059411708155671,3.534090536243709,3.534090536243709,3.7416573867739413,3.80082635643034,3.9698866482558417,4.025429372458677,4.025429372458677,4.109609335312651,5.730619512757761,7.788880963698615,14.352700094407323,5.6,5.033222956847166,6.18465843842649,6.837397165588672,4.654746681256314,6.11228271597445,2.70801280154532,4.712120714991612,7.483314773547883,
2.5475077857324298,2.5860201081971503,2.70801280154532,3.059411708155671,3.059411708155671,3.534090536243709,3.534090536243709,3.7416573867739413,3.80082635643034,3.9698866482558417,4.025429372458677,4.025429372458677,4.085033659592048,4.0276819911981905,3.7416573867739413,2.70801280154532,23.338094752285727,4.437059837324712,5.066228051190222,4.546060565661952,10.303397497913007,3.175318035740542,22.627416997969522,2.5860201081971503,
2.5475077857324298,2.5860201081971503,2.5860201081971503,2.70801280154532,2.70801280154532,3.059411708155671,3.059411708155671,3.175318035740542,3.534090536243709,3.534090536243709,3.7416573867739413,3.7416573867739413,6.236095644623235,5.455272678794342,22.627416997969522,11.609285516520025,8.713114675415374,11.249888888340186,5.4715171570598224,26.0,2.5860201081971503,3.059411708155671,7.483314773547883,9.41629792788369,
2.5475077857324298,2.5860201081971503,2.5860201081971503,2.5860201081971503,2.70801280154532,2.70801280154532,3.059411708155671,3.059411708155671,3.059411708155671,3.175318035740542,3.534090536243709,3.534090536243709,7.0,17.0,3.6660605559646724,2.5860201081971503,9.880923694737476,8.212033852828421,14.603081866510234,3.1036515689143473,3.7859388972001824,26.0,7.0710678118654755,11.67618659209133,
2.5475077857324298,2.5860201081971503,2.5860201081971503,2.5860201081971503,2.5860201081971503,2.70801280154532,2.70801280154532,3.059411708155671,3.059411708155671,3.059411708155671,3.1036515689143473,3.175318035740542,2.939387691339814,11.575836902790225,5.379358697837503,12.328828005937952,6.518419740885619,9.41629792788369,8.18535277187245,10.249937779801197,2.384848003542364,9.626352718795768,3.1036515689143473,7.659416862050705,
2.384848003542364,2.5475077857324298,2.5860201081971503,2.5860201081971503,2.5860201081971503,2.5860201081971503,2.70801280154532,2.70801280154532,2.939387691339814,3.059411708155671,3.059411708155671,3.059411708155671,18.547236990991408,26.0,2.384848003542364,14.568802284333465,14.256577429383253,4.558016038155376,2.384848003542364,5.969309261650336,4.876246279442598,2.70801280154532,9.983319421247959,5.744562646538029,
2.384848003542364,2.384848003542364,2.384848003542364,2.5475077857324298,2.5860201081971503,2.5860201081971503,2.5860201081971503,2.5860201081971503,2.70801280154532,2.70801280154532,2.70801280154532,2.939387691339814,3.7416573867739413,4.861342722049587,3.1036515689143473,10.161200716450788,24.0,14.256577429383253,14.941552797483935,14.352700094407323,9.273618495495704,4.025429372458677,26.0,5.5901699437494745,
2.384848003542364,2.384848003542364,2.384848003542364,2.5475077857324298,2.5860201081971503,2.5860201081971503,2.5860201081971503,2.5860201081971503,2.70801280154532,2.70801280154532,2.70801280154532,2.939387691339814,9.41629792788369,14.204224723651764,13.0,6.764613810115105,19.0,4.025429372458677,14.568802284333465,2.9059326290271157,3.103651568914347,14.603081866510234,8.133879763065101,2.249716535431946,
2.249716535431946,2.384848003542364,2.384848003542364,2.384848003542364,2.5475077857324298,2.5860201081971503,2.5860201081971503,2.5860201081971503,2.5860201081971503,2.70801280154532,2.70801280154532,2.70801280154532,5.921251936017916,10.012492197250394,5.32290647422377,4.83045891539648,3.534090536243709,5.686240703077327,9.516301802696255,5.495824017620384,4.815340071064556,2.384848003542364,2.9059326290271157,4.025429372458677,
2.249716535431946,2.384848003542364,2.384848003542364,2.384848003542364,2.384848003542364,2.5475077857324298,2.5860201081971503,2.5860201081971503,2.5860201081971503,2.5860201081971503,2.70801280154532,2.70801280154532,4.041451884327381,26.0,4.763139720814412,6.506407098647712,5.744562646538029,6.103277807866851,7.413501197140255,23.338094752285727,26.0,10.661457061146317,2.0816659994661326,2.384848003542364,
2.0816659994661326,2.249716535431946,2.384848003542364,2.384848003542364,2.384848003542364,2.384848003542364,2.384848003542364,2.5475077857324298,2.5860201081971503,2.5860201081971503,2.5860201081971503,2.5860201081971503,5.3164332789867075,2.5860201081971503,3.7416573867739413,5.8594652770823155,10.161200716450788,8.524474568362947,5.686240703077327,14.89966442575134,7.909487973314076,10.735455276791944,10.161200716450788,4.813891743590446,
2.0816659994661326,2.249716535431946,2.384848003542364,2.384848003542364,2.384848003542364,2.384848003542364,2.384848003542364,2.5475077857324298,2.5860201081971503,2.5860201081971503,2.5860201081971503,2.5860201081971503,2.9059326290271157,3.1036515689143473,3.2998316455372216,2.384848003542364,12.569805089976535,2.0816659994661326,4.654746681256314,13.238202294873727,5.354126134736337,6.241794613730894,5.3908463611752016,10.198039027185569,
2.0816659994661326,2.0816659994661326,2.249716535431946,2.384848003542364,2.384848003542364,2.384848003542364,2.384848003542364,2.384848003542364,2.384848003542364,2.5475077857324298,2.5860201081971503,2.5860201081971503,4.546060565661952,6.264982043070834,5.686240703077327,10.547511554864494,4.396968652757639,2.0816659994661326,14.142135623730951,3.1493439550069433,10.161200716450788,26.0,3.960744879438715,3.958114029012639,
2.0816659994661326,2.0816659994661326,2.0816659994661326,2.249716535431946,2.384848003542364,2.384848003542364,2.384848003542364,2.384848003542364,2.384848003542364,2.384848003542364,2.5475077857324298,2.5860201081971503,9.41629792788369,4.654746681256314,13.219304066402286,22.627416997969522,8.997777503361595,2.384848003542364,14.232357499725756,2.70801280154532,21.07723890835799,9.03696114115064,13.88344337691482,3.3258419219493756,
2.0816659994661326,2.0816659994661326,2.0816659994661326,2.249716535431946,2.384848003542364,2.384848003542364,2.384848003542364,2.384848003542364,2.384848003542364,2.384848003542364,2.384848003542364,2.5475077857324298,4.795831523312719,11.196428001822724,6.9397406291589885,3.1036515689143473,22.627416997969522,2.249716535431946,2.249716535431946,5.32290647422377,6.4621977685614045,17.795130420052185,2.384848003542364,2.0816659994661326,
2.0816659994661326,2.0816659994661326,2.0816659994661326,2.0816659994661326,2.249716535431946,2.249716535431946,2.249716535431946,2.384848003542364,2.384848003542364,2.384848003542364,2.384848003542364,2.384848003542364,6.9397406291589885,5.717298313014636,2.0816659994661326,20.54263858417414,2.0816659994661326,8.634813257969162,6.605501726683937,2.753785273643051,22.627416997969522,4.9749371855331,4.233009254294015,19.0,
2.0816659994661326,2.0816659994661326,2.0816659994661326,2.0816659994661326,2.0816659994661326,2.0816659994661326,2.249716535431946,2.249716535431946,2.249716535431946,2.384848003542364,2.384848003542364,2.384848003542364,3.3258419219493756,22.627416997969522,6.11228271597445,8.16496580927726,10.166612021711067,14.352700094407323,2.249716535431946,2.0816659994661326,2.0816659994661326,5.163977794943222,2.249716535431946,14.309088021254185,
2.0816659994661326,2.0816659994661326,2.0816659994661326,2.0816659994661326,2.0816659994661326,2.0816659994661326,2.0816659994661326,2.0816659994661326,2.249716535431946,2.249716535431946,2.249716535431946,2.249716535431946,4.620274751084637,3.418698582794336,9.765244492586962,2.0816659994661326,4.795831523312719,2.0816659994661326,8.280096617793781,8.640987597877148,11.575836902790225,8.634813257969162,4.795831523312719,12.539936203984453,
2.0816659994661326,2.0816659994661326,2.0816659994661326,2.0816659994661326,2.0816659994661326,2.0816659994661326,2.0816659994661326,2.0816659994661326,2.0816659994661326,2.0816659994661326,2.249716535431946,2.249716535431946,2.0816659994661326,3.9157800414902435,19.0,8.831760866327848,2.9137254363387344,10.452272480183437,3.103651568914347,6.9397406291589885,24.0,3.368521749300456,20.0,3.3258419219493756,
2.0816659994661326,2.0816659994661326,2.0816659994661326,2.0816659994661326,2.0816659994661326,2.0816659994661326,2.0816659994661326,2.0816659994661326,2.0816659994661326,2.0816659994661326,2.0816659994661326,2.249716535431946,4.396968652757639,2.0816659994661326,4.041451884327381,13.0,12.319090875547595,7.262919523166975,2.0816659994661326,19.0,3.570714214271425,19.0,3.9698866482558417,26.0,
2.0816659994661326,2.0816659994661326,2.0816659994661326,2.0816659994661326,2.0816659994661326,2.0816659994661326,2.0816659994661326,2.0816659994661326,2.0816659994661326,2.0816659994661326,2.0816659994661326,2.0816659994661326,14.89966442575134,4.795831523312719,5.2020404160094635,4.96655480858378,2.0816659994661326,3.958114029012639,14.352700094407323,13.880441875771343,22.627416997969522,14.352700094407323,2.0816659994661326,4.534313619501853,
2.0816659994661326,2.0816659994661326,2.0816659994661326,2.0816659994661326,2.0816659994661326,2.0816659994661326,2.0816659994661326,2.0816659994661326,2.0816659994661326,2.0816659994661326,2.0816659994661326,2.0816659994661326,7.32575365861197,10.198039027185569,14.09113196304683,5.32290647422377,5.229430062206608,4.55521678957215,9.630680142129112,3.9157800414902435,3.832427429188973,2.0816659994661326,4.330127018922194,5.744562646538029,
2.0816659994661326,2.0816659994661326,2.0816659994661326,2.0816659994661326,2.0816659994661326,2.0816659994661326,2.0816659994661326,2.0816659994661326,2.0816659994661326,2.0816659994661326,2.0816659994661326,2.0816659994661326,3.872983346207417,2.70801280154532,12.355835328567093,4.330127018922194,4.795831523312719,4.795831523312719,14.603081866510234,4.712120714991612,5.744562646538029,22.627416997969522,2.0816659994661326,3.368521749300456,
2.0816659994661326,2.0816659994661326,2.0816659994661326,2.0816659994661326,2.0816659994661326,2.0816659994661326,2.0816659994661326,2.0816659994661326,2.0816659994661326,2.0816659994661326,2.0816659994661326,2.0816659994661326,2.0816659994661326,2.0816659994661326,4.396968652757639,3.806546455564065,2.0816659994661326,5.2020404160094635,9.630680142129112,2.0816659994661326,6.9397406291589885,14.89966442575134,4.396968652757639,2.0816659994661326,
2.0816659994661326,2.0816659994661326,2.0816659994661326,2.0816659994661326,2.0816659994661326,2.0816659994661326,2.0816659994661326,2.0816659994661326,2.0816659994661326,2.0816659994661326,2.0816659994661326,2.0816659994661326,5.091008480344417,5.32290647422377,14.352700094407323,6.0553007081949835,11.070682002478438,24.0,6.11228271597445,5.3091901453988255,12.302845199383759,8.704022058795578,10.161200716450788,10.4,
2.0816659994661326,2.0816659994661326,2.0816659994661326,2.0816659994661326,2.0816659994661326,2.0816659994661326,2.0816659994661326,2.0816659994661326,2.0816659994661326,2.0816659994661326,2.0816659994661326,2.0816659994661326,2.0816659994661326,7.105617208826222,6.264982043070834,2.0816659994661326,6.273754856543249,14.603081866510234,10.161200716450788,5.2687759489277965,14.142135623730951,2.0816659994661326,4.795831523312719,4.795831523312719,
2.0816659994661326,2.0816659994661326,2.0816659994661326,2.0816659994661326,2.0816659994661326,2.0816659994661326,2.0816659994661326,2.0816659994661326,2.0816659994661326,2.0816659994661326,2.0816659994661326,2.0816659994661326,5.744562646538029,14.89966442575134,2.0816659994661326,26.0,13.140268896284683,6.462197768561405,2.0816659994661326,4.077756634910147,26.0,20.0,2.0816659994661326,2.0816659994661326,
2.0816659994661326,2.0816659994661326,2.0816659994661326,2.0816659994661326,2.0816659994661326,2.0816659994661326,2.0816659994661326,2.0816659994661326,2.0816659994661326,2.0816659994661326,2.0816659994661326,2.0816659994661326,10.533755265810953,26.0,10.161200716450788,5.443588252359328,3.5619517121937516,2.0816659994661326,14.9248115565993,14.89966442575134,8.5,4.795831523312719,2.0816659994661326,6.506407098647712,
2.0816659994661326,2.0816659994661326,2.0816659994661326,2.0816659994661326,2.0816659994661326,2.0816659994661326,2.0816659994661326,2.0816659994661326,2.0816659994661326,2.0816659994661326,2.0816659994661326,2.0816659994661326,20.0,4.08248290463863,10.161200716450788,3.368521749300456,2.0816659994661326,2.0816659994661326,13.478377746103819,3.3541019662496847,9.41629792788369,26.0,4.795831523312719,22.627416997969522,
2.0816659994661326,2.0816659994661326,2.0816659994661326,2.0816659994661326,2.0816659994661326,2.0816659994661326,2.0816659994661326,2.0816659994661326,2.0816659994661326,2.0816659994661326,2.0816659994661326,2.0816659994661326,6.946221994724902,12.355835328567093,2.0816659994661326,13.0,2.0816659994661326,5.2687759489277965,9.340770846134703,14.256577429383253,7.88986691902975,4.396968652757639,11.412712210513327,14.352700094407323,
2.0816659994661326,2.0816659994661326,2.0816659994661326,2.0816659994661326,2.0816659994661326,2.0816659994661326,2.0816659994661326,2.0816659994661326,2.0816659994661326,2.0816659994661326,2.0816659994661326,2.0816659994661326,14.773286702694158,3.3258419219493756,11.196428001822724,19.0,13.196969349058898,10.03327796219494,4.795831523312719,6.027713773341708,10.03327796219494,12.302845199383759,12.5,3.3258419219493756,
2.0816659994661326,2.0816659994661326,2.0816659994661326,2.0816659994661326,2.0816659994661326,2.0816659994661326,2.0816659994661326,2.0816659994661326,2.0816659994661326,2.0816659994661326,2.0816659994661326,2.0816659994661326,14.142135623730951,7.724420150837645,2.0816659994661326,2.0816659994661326,19.0,2.0816659994661326,14.773286702694158,6.462197768561405,2.0816659994661326,11.191514642799696,6.013318551349163,4.795831523312719,
2.0816659994661326,2.0816659994661326,2.0816659994661326,2.0816659994661326,2.0816659994661326,2.0816659994661326,2.0816659994661326,2.0816659994661326,2.0816659994661326,2.0816659994661326,2.0816659994661326,2.0816659994661326,4.795831523312719,3.368521749300456,3.368521749300456,4.795831523312719,2.0816659994661326,6.8527366796047255,2.0816659994661326,10.161200716450788,2.0816659994661326,7.365459931328117,11.070682002478438,4.795831523312719,
2.0816659994661326,2.0816659994661326,2.0816659994661326,2.0816659994661326,2.0816659994661326,2.0816659994661326,2.0816659994661326,2.0816659994661326,2.0816659994661326,2.0816659994661326,2.0816659994661326,2.0816659994661326,24.0,4.795831523312719,11.070682002478438,3.368521749300456,4.795831523312719,10.161200716450788,2.0816659994661326,2.0816659994661326,7.44043009509531,7.461009761866464,2.0816659994661326,8.280096617793781,
2.0816659994661326,2.0816659994661326,2.0816659994661326,2.0816659994661326,2.0816659994661326,2.0816659994661326,2.0816659994661326,2.0816659994661326,2.0816659994661326,2.0816659994661326,2.0816659994661326,2.0816659994661326,2.0816659994661326,6.191391873668904,4.795831523312719,2.0816659994661326,2.0816659994661326,2.0816659994661326,2.0816659994661326,2.0816659994661326,2.0816659994661326,2.0816659994661326,4.041451884327381,5.0990195135927845,
2.0816659994661326,2.0816659994661326,2.0816659994661326,2.0816659994661326,2.0816659994661326,2.0816659994661326,2.0816659994661326,2.0816659994661326,2.0816659994661326,2.0816659994661326,2.0816659994661326,2.0816659994661326,11.070682002478438,5.228129047119374,2.8139593719417446,10.161200716450788,4.025429372458677,6.08779307218929,7.483314773547883,10.214368964029708,10.161200716450788,4.795831523312719,20.607442021431645,5.2687759489277965,
2.0816659994661326,2.0816659994661326,2.0816659994661326,2.0816659994661326,2.0816659994661326,2.0816659994661326,2.0816659994661326,2.0816659994661326,2.0816659994661326,2.0816659994661326,2.0816659994661326,2.0816659994661326,3.958114029012639,1.2777531299998797,5.091008480344417,3.368521749300456,5.0990195135927845,25.0,5.228129047119374,13.0,9.630680142129112,2.0816659994661326,8.704022058795578,6.273754856543249,
1.2777531299998797,2.0816659994661326,2.0816659994661326,2.0816659994661326,2.0816659994661326,2.0816659994661326,2.0816659994661326,2.0816659994661326,2.0816659994661326,2.0816659994661326,2.0816659994661326,2.0816659994661326,3.3258419219493756,8.16496580927726,6.082762530298219,2.0816659994661326,2.0816659994661326,26.0,3.3258419219493756,10.161200716450788,5.8594652770823155,2.9137254363387344,2.0816659994661326,6.576473218982953,
1.2777531299998797,2.0816659994661326,2.0816659994661326,2.0816659994661326,2.0816659994661326,2.0816659994661326,2.0816659994661326,2.0816659994661326,2.0816659994661326,2.0816659994661326,2.0816659994661326,2.0816659994661326,5.418486873657627,11.338430226446693,7.297259759663212,8.704022058795578,12.539936203984453,4.620274751084637,21.07723890835799,2.0816659994661326,6.027713773341708,2.0816659994661326,13.0,20.0,
1.2777531299998797,2.0816659994661326,2.0816659994661326,2.0816659994661326,2.0816659994661326,2.0816659994661326,2.0816659994661326,2.0816659994661326,2.0816659994661326,2.0816659994661326,2.0816659994661326,2.0816659994661326,14.133647795243803,14.119490075778232,3.368521749300456,10.161200716450788,19.949937343260004,14.603081866510234,2.0816659994661326,14.352700094407323,3.104834939252005,24.0,4.795831523312719,14.352700094407323,
1.2777531299998797,2.0816659994661326,2.0816659994661326,2.0816659994661326,2.0816659994661326,2.0816659994661326,2.0816659994661326,2.0816659994661326,2.0816659994661326,2.0816659994661326,2.0816659994661326,2.0816659994661326,10.419213022104886,9.626352718795768,10.161200716450788,3.249615361854384,10.161200716450788,4.6097722286464435,2.0816659994661326,11.51810169544733,4.795831523312719,3.832427429188973,2.0816659994661326,23.338094752285727,
1.2777531299998797,2.0816659994661326,2.0816659994661326,2.0816659994661326,2.0816659994661326,2.0816659994661326,2.0816659994661326,2.0816659994661326,2.0816659994661326,2.0816659994661326,2.0816659994661326,2.0816659994661326,4.795831523312719,7.4404300950953095,2.0816659994661326,11.9565881421081,24.0,5.2020404160094635,11.070682002478438,14.352700094407323,9.630680142129112,2.0816659994661326,8.077747210701755,8.681013765684282,
1.2777531299998797,2.0816659994661326,2.0816659994661326,2.0816659994661326,2.0816659994661326,2.0816659994661326,2.0816659994661326,2.0816659994661326,2.0816659994661326,2.0816659994661326,2.0816659994661326,2.0816659994661326,24.0,11.060440015358038,7.681145747868608,4.0,2.6381811916545836,2.0816659994661326,2.0816659994661326,8.332916656249479,6.462197768561405,6.764613810115105,5.1536394906900505,10.161200716450788,
1.2777531299998797,2.0816659994661326,2.0816659994661326,2.0816659994661326,2.0816659994661326,2.0816659994661326,2.0816659994661326,2.0816659994661326,2.0816659994661326,2.0816659994661326,2.0816659994661326,2.0816659994661326,2.947456530637899,4.89064079103534,3.368521749300456,3.368521749300456,22.627416997969522,2.6381811916545836,4.795831523312719,5.8594652770823155,2.0816659994661326,6.64529909033446,2.5860201081971503,6.0553007081949835,
1.2777531299998797,2.0816659994661326,2.0816659994661326,2.0816659994661326,2.0816659994661326,2.0816659994661326,2.0816659994661326,2.0816659994661326,2.0816659994661326,2.0816659994661326,2.0816659994661326,2.0816659994661326,11.5,9.313968005098578,9.41629792788369,2.0816659994661326,11.146748404803978,2.0816659994661326,10.161200716450788,12.328828005937952,10.198039027185569,9.99999999E8,10.161200716450788,10.161200716450788,
1.2777531299998797,2.0816659994661326,2.0816659994661326,2.0816659994661326,2.0816659994661326,2.0816659994661326,2.0816659994661326,2.0816659994661326,2.0816659994661326,2.0816659994661326,2.0816659994661326,2.0816659994661326,4.795831523312719,2.0816659994661326,8.381527307120106,2.0816659994661326,5.2687759489277965,2.0816659994661326,5.268775948927796,2.70801280154532,2.0816659994661326,14.568802284333465,2.8284271247461903,5.2020404160094635,
1.2777531299998797,2.0816659994661326,2.0816659994661326,2.0816659994661326,2.0816659994661326,2.0816659994661326,2.0816659994661326,2.0816659994661326,2.0816659994661326,2.0816659994661326,2.0816659994661326,2.0816659994661326,5.354126134736337,6.462197768561405,2.5860201081971503,10.161200716450788,7.401047912564925,8.997777503361595,2.0816659994661326,2.309401076758503,8.818163074019441,12.539936203984453,26.0,18.547236990991408,
1.2777531299998797,2.0816659994661326,2.0816659994661326,2.0816659994661326,2.0816659994661326,2.0816659994661326,2.0816659994661326,2.0816659994661326,2.0816659994661326,2.0816659994661326,2.0816659994661326,2.0816659994661326,2.8139593719417446,6.9397406291589885,4.795831523312719,19.0,2.0816659994661326,14.603081866510234,7.19444229944198,2.0816659994661326,19.0,12.569805089976535,5.825590098865522,12.539936203984453,
1.2777531299998797,2.0816659994661326,2.0816659994661326,2.0816659994661326,2.0816659994661326,2.0816659994661326,2.0816659994661326,2.0816659994661326,2.0816659994661326,2.0816659994661326,2.0816659994661326,2.0816659994661326,5.033222956847166,14.352700094407323,2.0816659994661326,3.368521749300456,2.0816659994661326,19.0,4.795831523312719,2.0816659994661326,16.147755261955144,2.0816659994661326,6.103277807866851,19.30457631409368,
1.2777531299998797,2.0816659994661326,2.0816659994661326,2.0816659994661326,2.0816659994661326,2.0816659994661326,2.0816659994661326,2.0816659994661326,2.0816659994661326,2.0816659994661326,2.0816659994661326,2.0816659994661326,2.8139593719417446,10.186265262597475,14.773286702694158,13.140268896284683,10.452272480183437,5.2141634036535525,12.298373876248844,19.79898987322333,3.3258419219493756,4.621688003316537,14.352700094407323,20.0,
1.2777531299998797,2.0816659994661326,2.0816659994661326,2.0816659994661326,2.0816659994661326,2.0816659994661326,2.0816659994661326,2.0816659994661326,2.0816659994661326,2.0816659994661326,2.0816659994661326,2.0816659994661326,14.84082207965583,7.378177281686853,10.4,4.55521678957215,24.0,16.618062462272793,6.9397406291589885,24.0,10.03327796219494,3.3258419219493756,6.9397406291589885,5.1536394906900505,
1.2777531299998797,2.0816659994661326,2.0816659994661326,2.0816659994661326,2.0816659994661326,2.0816659994661326,2.0816659994661326,2.0816659994661326,2.0816659994661326,2.0816659994661326,2.0816659994661326,2.0816659994661326,4.281744192888376,10.735455276791944,8.4,6.103277807866851,2.0816659994661326,3.5619517121937516,4.795831523312719,24.0,26.0,1.2777531299998797,2.0816659994661326,3.344772040064913,
1.2777531299998797,1.2777531299998797,2.0816659994661326,2.0816659994661326,2.0816659994661326,2.0816659994661326,2.0816659994661326,2.0816659994661326,2.0816659994661326,2.0816659994661326,2.0816659994661326,2.0816659994661326,10.954451150103322,3.958114029012639,3.103651568914347,2.0816659994661326,10.161200716450788,2.0816659994661326,24.0,17.622712617528553,8.818163074019441,6.9397406291589885,4.795831523312719,8.077747210701755,
1.2777531299998797,1.2777531299998797,2.0816659994661326,2.0816659994661326,2.0816659994661326,2.0816659994661326,2.0816659994661326,2.0816659994661326,2.0816659994661326,2.0816659994661326,2.0816659994661326,2.0816659994661326,14.352700094407323,12.5,4.795831523312719,8.845903006477066,14.854853303438128,19.0,4.534313619501853,2.0816659994661326,9.325234581499814,8.634813257969162,11.070682002478438,14.773286702694158,
1.2777531299998797,1.2777531299998797,2.0816659994661326,2.0816659994661326,2.0816659994661326,2.0816659994661326,2.0816659994661326,2.0816659994661326,2.0816659994661326,2.0816659994661326,2.0816659994661326,2.0816659994661326,3.3258419219493756,12.539936203984453,2.0816659994661326,1.2777531299998797,2.748737083745107,2.70801280154532,12.539936203984453,10.198039027185569,11.01135777277262,12.569805089976535,2.0816659994661326,2.0816659994661326,
1.2777531299998797,1.2777531299998797,1.2777531299998797,2.0816659994661326,2.0816659994661326,2.0816659994661326,2.0816659994661326,2.0816659994661326,2.0816659994661326,2.0816659994661326,2.0816659994661326,2.0816659994661326,11.82201336490532,4.866980583482946,8.755950357709132,10.874281585465774,8.16496580927726,14.142135623730951,14.239030865898142,7.297259759663212,14.352700094407323,2.0816659994661326,3.282607226593159,9.630680142129112,
1.2777531299998797,1.2777531299998797,1.2777531299998797,2.0816659994661326,2.0816659994661326,2.0816659994661326,2.0816659994661326,2.0816659994661326,2.0816659994661326,2.0816659994661326,2.0816659994661326,2.0816659994661326,4.199125273342591,4.795831523312719,9.41629792788369,12.083045973594572,4.96655480858378,7.858753081755401,6.8527366796047255,19.0,17.795130420052185,10.161200716450788,10.198039027185569,7.20544012166771,
1.2777531299998797,1.2777531299998797,1.2777531299998797,2.0816659994661326,2.0816659994661326,2.0816659994661326,2.0816659994661326,2.0816659994661326,2.0816659994661326,2.0816659994661326,2.0816659994661326,2.0816659994661326,8.634813257969162,2.6381811916545836,19.0,2.0816659994661326,11.324751652906125,22.627416997969522,2.0816659994661326,10.186265262597475,5.2020404160094635,3.553603688307648,2.0816659994661326,9.630680142129112,
1.2777531299998797,1.2777531299998797,1.2777531299998797,2.0816659994661326,2.0816659994661326,2.0816659994661326,2.0816659994661326,2.0816659994661326,2.0816659994661326,2.0816659994661326,2.0816659994661326,2.0816659994661326,20.51016008388688,6.264982043070834,24.0,3.418698582794336,14.352700094407323,12.539936203984453,3.368521749300456,6.5383484153110105,1.2777531299998797,17.795130420052185,2.384848003542364,7.19444229944198,
1.2777531299998797,1.2777531299998797,1.2777531299998797,1.2777531299998797,2.0816659994661326,2.0816659994661326,2.0816659994661326,2.0816659994661326,2.0816659994661326,2.0816659994661326,2.0816659994661326,2.0816659994661326,19.949937343260004,2.0816659994661326,11.412712210513327,2.0816659994661326,2.0816659994661326,22.627416997969522,8.034923770640267,7.19444229944198,4.795831523312719,7.327175444876422,14.89966442575134,1.2777531299998797,
1.2777531299998797,1.2777531299998797,1.2777531299998797,1.2777531299998797,1.2777531299998797,2.0816659994661326,2.0816659994661326,2.0816659994661326,2.0816659994661326,2.0816659994661326,2.0816659994661326,2.0816659994661326,14.352700094407323,8.634813257969162,2.9137254363387344,11.324751652906125,8.634813257969162,6.273754856543249,11.324751652906125,14.84082207965583,2.449489742783178,4.795831523312719,4.558016038155376,8.634813257969162,
1.2777531299998797,1.2777531299998797,1.2777531299998797,1.2777531299998797,1.2777531299998797,2.0816659994661326,2.0816659994661326,2.0816659994661326,2.0816659994661326,2.0816659994661326,2.0816659994661326,2.0816659994661326,22.627416997969522,3.368521749300456,1.2777531299998797,10.161200716450788,2.6666666666666665,2.3804761428476167,9.899494936611665,4.199125273342591,8.16496580927726,22.627416997969522,1.2777531299998797,10.161200716450788,
1.2777531299998797,1.2777531299998797,1.2777531299998797,1.2777531299998797,1.2777531299998797,1.2777531299998797,1.2777531299998797,2.0816659994661326,2.0816659994661326,2.0816659994661326,2.0816659994661326,2.0816659994661326,10.419213022104886,5.2687759489277965,10.161200716450788,11.320777358467925,5.006118705124352,1.2777531299998797,11.338430226446693,7.2571803523590805,7.505553499465135,20.0,3.0,10.161200716450788,
1.2777531299998797,1.2777531299998797,1.2777531299998797,1.2777531299998797,1.2777531299998797,1.2777531299998797,1.2777531299998797,1.2777531299998797,2.0816659994661326,2.0816659994661326,2.0816659994661326,2.0816659994661326,20.0,6.576473218982953,6.64529909033446,9.99999999E8,14.256577429383253,3.3258419219493756,3.197221015541813,2.3804761428476167,19.0,2.331844763272204,11.324751652906125,4.408798022137099,
1.2777531299998797,1.2777531299998797,1.2777531299998797,1.2777531299998797,1.2777531299998797,1.2777531299998797,1.2777531299998797,1.2777531299998797,2.0816659994661326,2.0816659994661326,2.0816659994661326,2.0816659994661326,8.704022058795578,6.0553007081949835,9.325234581499814,2.0816659994661326,6.881860213634101,19.79898987322333,1.2777531299998797,5.2687759489277965,13.0,1.2777531299998797,2.436698586202241,7.19444229944198,
1.2777531299998797,1.2777531299998797,1.2777531299998797,1.2777531299998797,1.2777531299998797,1.2777531299998797,1.2777531299998797,1.2777531299998797,1.2777531299998797,1.2777531299998797,2.0816659994661326,2.0816659994661326,24.0,1.2777531299998797,2.384848003542364,17.795130420052185,5.32290647422377,3.559026084010437,6.0553007081949835,6.506407098647712,9.836157786453,5.1536394906900505,8.681013765684282,6.800735254367722,
1.2777531299998797,1.2777531299998797,1.2777531299998797,1.2777531299998797,1.2777531299998797,1.2777531299998797,1.2777531299998797,1.2777531299998797,1.2777531299998797,1.2777531299998797,1.2777531299998797,2.0816659994661326,7.44043009509531,3.0550504633038935,7.782030583337488,3.0550504633038935,1.2777531299998797,13.0,2.7726341266023544,10.198039027185569,14.142135623730951,14.256577429383253,14.142135623730951,2.5860201081971503,
1.2777531299998797,1.2777531299998797,1.2777531299998797,1.2777531299998797,1.2777531299998797,1.2777531299998797,1.2777531299998797,1.2777531299998797,1.2777531299998797,1.2777531299998797,1.2777531299998797,1.2777531299998797,3.9698866482558417,5.624291338579865,1.2777531299998797,4.199125273342591,4.199125273342591,1.2777531299998797,24.0,7.88986691902975,12.539936203984453,8.681013765684282,7.19444229944198,1.2777531299998797,
1.2777531299998797,1.2777531299998797,1.2777531299998797,1.2777531299998797,1.2777531299998797,1.2777531299998797,1.2777531299998797,1.2777531299998797,1.2777531299998797,1.2777531299998797,1.2777531299998797,1.2777531299998797,18.137254478007417,6.939740629158989,12.338962679253067,1.2777531299998797,1.2777531299998797,8.681013765684282,3.9698866482558417,10.062305898749054,1.2777531299998797,3.9538150008851565,4.199125273342591,1.2777531299998797,
1.2777531299998797,1.2777531299998797,1.2777531299998797,1.2777531299998797,1.2777531299998797,1.2777531299998797,1.2777531299998797,1.2777531299998797,1.2777531299998797,1.2777531299998797,1.2777531299998797,1.2777531299998797,2.436698586202241,1.2777531299998797,2.0816659994661326,12.539936203984453,1.2777531299998797,20.0,2.0816659994661326,14.739402972983676,20.0,5.706137047074843,1.2777531299998797,12.662279942148386,
1.2777531299998797,1.2777531299998797,1.2777531299998797,1.2777531299998797,1.2777531299998797,1.2777531299998797,1.2777531299998797,1.2777531299998797,1.2777531299998797,1.2777531299998797,1.2777531299998797,1.2777531299998797,1.2777531299998797,3.4522988495984492,7.19444229944198,3.0550504633038935,9.325234581499814,5.033222956847166,4.437059837324712,8.207313811473277,4.199125273342591,2.0816659994661326,6.997142273814361,2.384848003542364,
1.2777531299998797,1.2777531299998797,1.2777531299998797,1.2777531299998797,1.2777531299998797,1.2777531299998797,1.2777531299998797,1.2777531299998797,1.2777531299998797,1.2777531299998797,1.2777531299998797,1.2777531299998797,5.418486873657627,11.320777358467925,14.89966442575134,3.0550504633038935,12.539936203984453,6.103277807866851,7.19444229944198,2.0503857277724746,4.509249752822894,1.2777531299998797,14.256577429383253,8.681013765684282,
1.2777531299998797,1.2777531299998797,1.2777531299998797,1.2777531299998797,1.2777531299998797,1.2777531299998797,1.2777531299998797,1.2777531299998797,1.2777531299998797,1.2777531299998797,1.2777531299998797,1.2777531299998797,4.493050188902857,24.0,1.2777531299998797,3.0550504633038935,20.0,2.3804761428476167,9.836157786453,2.436698586202241,3.0550504633038935,12.569805089976535,8.634813257969162,5.0682837331783235,
1.2777531299998797,1.2777531299998797,1.2777531299998797,1.2777531299998797,1.2777531299998797,1.2777531299998797,1.2777531299998797,1.2777531299998797,1.2777531299998797,1.2777531299998797,1.2777531299998797,1.2777531299998797,4.199125273342591,1.2777531299998797,7.0178344238090995,2.6381811916545836,11.070682002478438,6.5383484153110105,26.0,10.161200716450788,5.706137047074843,3.4522988495984492,19.949937343260004,4.654746681256314,
1.2777531299998797,1.2777531299998797,1.2777531299998797,1.2777531299998797,1.2777531299998797,1.2777531299998797,1.2777531299998797,1.2777531299998797,1.2777531299998797,1.2777531299998797,1.2777531299998797,1.2777531299998797,2.384848003542364,17.795130420052185,12.539936203984453,1.2777531299998797,4.371625682868,13.140268896284683,3.9538150008851565,14.89966442575134,21.07723890835799,1.2777531299998797,11.224972160321824,2.3804761428476167,
1.2777531299998797,1.2777531299998797,1.2777531299998797,1.2777531299998797,1.2777531299998797,1.2777531299998797,1.2777531299998797,1.2777531299998797,1.2777531299998797,1.2777531299998797,1.2777531299998797,1.2777531299998797,2.384848003542364,12.539936203984453,2.0816659994661326,4.437059837324712,4.199125273342591,24.0,1.2777531299998797,1.2777531299998797,5.627314338711377,2.0816659994661326,20.0,5.0682837331783235,
1.2777531299998797,1.2777531299998797,1.2777531299998797,1.2777531299998797,1.2777531299998797,1.2777531299998797,1.2777531299998797,1.2777531299998797,1.2777531299998797,1.2777531299998797,1.2777531299998797,1.2777531299998797,1.2777531299998797,2.0816659994661326,13.0,1.2777531299998797,1.2777531299998797,2.384848003542364,7.44043009509531,12.539936203984453,2.6381811916545836,5.033222956847166,6.305553108173778,4.199125273342591,
1.2777531299998797,1.2777531299998797,1.2777531299998797,1.2777531299998797,1.2777531299998797,1.2777531299998797,1.2777531299998797,1.2777531299998797,1.2777531299998797,1.2777531299998797,1.2777531299998797,1.2777531299998797,5.0682837331783235,2.331844763272204,3.9698866482558417,7.19444229944198,14.89966442575134,7.19444229944198,14.568802284333465,4.199125273342591,1.2777531299998797,14.352700094407323,11.51810169544733,2.0816659994661326,
1.2777531299998797,1.2777531299998797,1.2777531299998797,1.2777531299998797,1.2777531299998797,1.2777531299998797,1.2777531299998797,1.2777531299998797,1.2777531299998797,1.2777531299998797,1.2777531299998797,1.2777531299998797,20.0,4.025429372458677,13.0,2.331844763272204,3.958114029012639,4.199125273342591,10.03327796219494,14.352700094407323,23.338094752285727,4.199125273342591,4.7423407636279515,14.854853303438128,
1.2777531299998797,1.2777531299998797,1.2777531299998797,1.2777531299998797,1.2777531299998797,1.2777531299998797,1.2777531299998797,1.2777531299998797,1.2777531299998797,1.2777531299998797,1.2777531299998797,1.2777531299998797,2.384848003542364,17.795130420052185,7.302967433402215,5.706137047074843,3.4522988495984492,14.142135623730951,8.231646250902672,24.0,7.52772652709081,7.8587530817554,7.19444229944198,13.0,
1.2777531299998797,1.2777531299998797,1.2777531299998797,1.2777531299998797,1.2777531299998797,1.2777531299998797,1.2777531299998797,1.2777531299998797,1.2777531299998797,1.2777531299998797,1.2777531299998797,1.2777531299998797,3.960744879438715,5.627314338711377,7.19444229944198,6.103277807866851,4.199125273342591,1.2777531299998797,24.0,6.0553007081949835,2.384848003542364,1.2777531299998797,5.0990195135927845,6.0553007081949835,
1.2777531299998797,1.2777531299998797,1.2777531299998797,1.2777531299998797,1.2777531299998797,1.2777531299998797,1.2777531299998797,1.2777531299998797,1.2777531299998797,1.2777531299998797,1.2777531299998797,1.2777531299998797,7.35934779718964,5.8594652770823155,7.19444229944198,19.0,7.7222181438511885,5.32290647422377,6.305553108173778,3.9698866482558417,1.8540496217739157,17.628102563804195,11.324751652906125,1.2777531299998797,
1.2777531299998797,1.2777531299998797,1.2777531299998797,1.2777531299998797,1.2777531299998797,1.2777531299998797,1.2777531299998797,1.2777531299998797,1.2777531299998797,1.2777531299998797,1.2777531299998797,1.2777531299998797,8.286535263104035,14.89966442575134,23.338094752285727,13.0,24.0,1.2777531299998797,1.2777531299998797,4.199125273342591,2.3804761428476167,20.0,7.19444229944198,4.199125273342591,
1.2777531299998797,1.2777531299998797,1.2777531299998797,1.2777531299998797,1.2777531299998797,1.2777531299998797,1.2777531299998797,1.2777531299998797,1.2777531299998797,1.2777531299998797,1.2777531299998797,1.2777531299998797,2.0816659994661326,19.0,3.368521749300456,12.539936203984453,3.368521749300456,10.523782589924593,2.331844763272204,7.505553499465135,4.320493798938574,2.384848003542364,20.0,6.363159271805739,
1.2777531299998797,1.2777531299998797,1.2777531299998797,1.2777531299998797,1.2777531299998797,1.2777531299998797,1.2777531299998797,1.2777531299998797,1.2777531299998797,1.2777531299998797,1.2777531299998797,1.2777531299998797,4.199125273342591,3.953815000885156,2.70801280154532,14.854853303438128,14.352700094407323,6.9397406291589885,6.506407098647712,2.331844763272204,4.199125273342591,3.0550504633038935,4.199125273342591,4.199125273342591,
1.2777531299998797,1.2777531299998797,1.2777531299998797,1.2777531299998797,1.2777531299998797,1.2777531299998797,1.2777531299998797,1.2777531299998797,1.2777531299998797,1.2777531299998797,1.2777531299998797,1.2777531299998797,3.418698582794336,2.331844763272204,26.0,1.2777531299998797,13.0,2.331844763272204,7.19444229944198,6.5383484153110105,1.2777531299998797,3.344772040064913,14.773286702694158,7.0178344238090995,
1.2777531299998797,1.2777531299998797,1.2777531299998797,1.2777531299998797,1.2777531299998797,1.2777531299998797,1.2777531299998797,1.2777531299998797,1.2777531299998797,1.2777531299998797,1.2777531299998797,1.2777531299998797,5.848425568702491,12.675435561221029,14.854853303438128,1.2777531299998797,1.2777531299998797,5.1536394906900505,1.2777531299998797,1.2777531299998797,20.0,9.99999999E8,1.2777531299998797,1.8540496217739157,
1.2777531299998797,1.2777531299998797,1.2777531299998797,1.2777531299998797,1.2777531299998797,1.2777531299998797,1.2777531299998797,1.2777531299998797,1.2777531299998797,1.2777531299998797,1.2777531299998797,1.2777531299998797,2.5385910352879693,25.0,8.304215796810679,11.070682002478438,3.415650255319866,14.568802284333465,11.070682002478438,4.281744192888376,5.033222956847166,1.2777531299998797,6.0553007081949835,7.515969393123374,
1.2777531299998797,1.2777531299998797,1.2777531299998797,1.2777531299998797,1.2777531299998797,1.2777531299998797,1.2777531299998797,1.2777531299998797,1.2777531299998797,1.2777531299998797,1.2777531299998797,1.2777531299998797,1.2777531299998797,2.436698586202241,1.2777531299998797,9.99999999E8,5.1536394906900505,11.324751652906125,1.2777531299998797,8.518215775618742,2.8674417556808756,11.324751652906125,2.0816659994661326,4.795831523312719,
1.2777531299998797,1.2777531299998797,1.2777531299998797,1.2777531299998797,1.2777531299998797,1.2777531299998797,1.2777531299998797,1.2777531299998797,1.2777531299998797,1.2777531299998797,1.2777531299998797,1.2777531299998797,9.233092656309694,4.199125273342591,19.0,6.576473218982953,4.281744192888376,20.0,20.0,13.0,2.70801280154532,2.331844763272204,21.07723890835799,3.368521749300456,
1.2777531299998797,1.2777531299998797,1.2777531299998797,1.2777531299998797,1.2777531299998797,1.2777531299998797,1.2777531299998797,1.2777531299998797,1.2777531299998797,1.2777531299998797,1.2777531299998797,1.2777531299998797,1.2777531299998797,1.2777531299998797,1.2777531299998797,2.70801280154532,2.70801280154532,22.627416997969522,1.2777531299998797,22.627416997969522,11.070682002478438,6.305553108173778,7.19444229944198,3.0550504633038935,
1.2777531299998797,1.2777531299998797,1.2777531299998797,1.2777531299998797,1.2777531299998797,1.2777531299998797,1.2777531299998797,1.2777531299998797,1.2777531299998797,1.2777531299998797,1.2777531299998797,1.2777531299998797,1.2777531299998797,1.2777531299998797,6.658328118479393,7.0710678118654755,4.199125273342591,4.199125273342591,14.941552797483935,14.256577429383253,1.2777531299998797,1.2777531299998797,2.8284271247461903,8.925618559330589,
1.2777531299998797,1.2777531299998797,1.2777531299998797,1.2777531299998797,1.2777531299998797,1.2777531299998797,1.2777531299998797,1.2777531299998797,1.2777531299998797,1.2777531299998797,1.2777531299998797,1.2777531299998797,10.161200716450788,12.569805089976535,14.352700094407323,5.228129047119374,5.2687759489277965,2.8613807855648994,2.0816659994661326,19.0,3.496029493900505,3.640054944640259,4.760952285695233,2.0816659994661326,
1.2777531299998797,1.2777531299998797,1.2777531299998797,1.2777531299998797,1.2777531299998797,1.2777531299998797,1.2777531299998797,1.2777531299998797,1.2777531299998797,1.2777531299998797,1.2777531299998797,1.2777531299998797,6.305553108173778,3.197221015541813,8.4,7.788880963698615,6.305553108173778,2.6381811916545836,2.260776661041756,12.319090875547595,3.0550504633038935,3.0550504633038935,3.368521749300456,1.2777531299998797,
1.2777531299998797,1.2777531299998797,1.2777531299998797,1.2777531299998797,1.2777531299998797,1.2777531299998797,1.2777531299998797,1.2777531299998797,1.2777531299998797,1.2777531299998797,1.2777531299998797,1.2777531299998797,5.1536394906900505,6.506407098647712,20.0,4.795831523312719,14.84082207965583,4.509249752822894,5.033222956847166,6.5383484153110105,1.2777531299998797,1.2777531299998797,20.0,1.2777531299998797,
1.2777531299998797,1.2777531299998797,1.2777531299998797,1.2777531299998797,1.2777531299998797,1.2777531299998797,1.2777531299998797,1.2777531299998797,1.2777531299998797,1.2777531299998797,1.2777531299998797,1.2777531299998797,13.490737563232042,11.430952132988164,2.0816659994661326,26.0,5.2687759489277965,10.939226054281294,2.331844763272204,7.852812659593164,4.4651427748729375,5.0682837331783235,11.324751652906125,21.07723890835799,
1.2777531299998797,1.2777531299998797,1.2777531299998797,1.2777531299998797,1.2777531299998797,1.2777531299998797,1.2777531299998797,1.2777531299998797,1.2777531299998797,1.2777531299998797,1.2777531299998797,1.2777531299998797,8.034923770640267,2.5768197453450252,12.12270596855339,19.79898987322333,7.788880963698615,14.941552797483935,8.034923770640267,25.0,6.04648658313239,2.331844763272204,6.506407098647712,16.630093204789926,
1.2777531299998797,1.2777531299998797,1.2777531299998797,1.2777531299998797,1.2777531299998797,1.2777531299998797,1.2777531299998797,1.2777531299998797,1.2777531299998797,1.2777531299998797,1.2777531299998797,1.2777531299998797,4.493050188902857,7.615773105863909,6.411794687223781,10.754843869934453,24.041630560342615,1.2777531299998797,4.795831523312719,12.539936203984453,6.670067159959287,5.848425568702491,3.3258419219493756,1.2777531299998797,
1.2777531299998797,1.2777531299998797,1.2777531299998797,1.2777531299998797,1.2777531299998797,1.2777531299998797,1.2777531299998797,1.2777531299998797,1.2777531299998797,1.2777531299998797,1.2777531299998797,1.2777531299998797,4.199125273342591,4.630064794363034,1.2777531299998797,14.773286702694158,1.2777531299998797,7.681145747868608,4.4651427748729375,1.2777531299998797,5.033222956847166,5.446711546122731,4.199125273342591,1.2777531299998797,
1.2777531299998797,1.2777531299998797,1.2777531299998797,1.2777531299998797,1.2777531299998797,1.2777531299998797,1.2777531299998797,1.2777531299998797,1.2777531299998797,1.2777531299998797,1.2777531299998797,1.2777531299998797,19.0,6.363159271805739,9.055385138137417,4.233009254294015,5.033222956847166,4.621688003316537,14.142135623730951,1.2777531299998797,1.2777531299998797,14.773286702694158,7.483314773547883,5.0990195135927845,
1.2777531299998797,1.2777531299998797,1.2777531299998797,1.2777531299998797,1.2777531299998797,1.2777531299998797,1.2777531299998797,1.2777531299998797,1.2777531299998797,1.2777531299998797,1.2777531299998797,1.2777531299998797,8.286535263104035,8.280096617793781,6.675327707311454,2.70801280154532,1.2777531299998797,6.506407098647712,11.070682002478438,5.3908463611752016,12.355835328567093,4.199125273342591,2.0816659994661326,6.904105059069326,
1.2777531299998797,1.2777531299998797,1.2777531299998797,1.2777531299998797,1.2777531299998797,1.2777531299998797,1.2777531299998797,1.2777531299998797,1.2777531299998797,1.2777531299998797,1.2777531299998797,1.2777531299998797,2.1065374432940898,2.70801280154532,13.0,6.027713773341708,11.4564392373896,3.2310988842807022,10.03327796219494,2.331844763272204,20.607442021431645,13.140268896284683,4.199125273342591,5.825590098865522,
1.2777531299998797,1.2777531299998797,1.2777531299998797,1.2777531299998797,1.2777531299998797,1.2777531299998797,1.2777531299998797,1.2777531299998797,1.2777531299998797,1.2777531299998797,1.2777531299998797,1.2777531299998797,6.273754856543249,2.70801280154532,24.0,4.025429372458677,3.4522988495984492,5.035871324805669,1.2777531299998797,6.831300510639732,25.0,9.733961166965893,14.352700094407323,5.8594652770823155,
1.2777531299998797,1.2777531299998797,1.2777531299998797,1.2777531299998797,1.2777531299998797,1.2777531299998797,1.2777531299998797,1.2777531299998797,1.2777531299998797,1.2777531299998797,1.2777531299998797,1.2777531299998797,20.0,11.324751652906125,8.207313811473277,7.19444229944198,4.199125273342591,8.681013765684282,5.418486873657627,9.287087810503355,1.2777531299998797,1.2777531299998797,1.2777531299998797,24.0,
1.2777531299998797,1.2777531299998797,1.2777531299998797,1.2777531299998797,1.2777531299998797,1.2777531299998797,1.2777531299998797,1.2777531299998797,1.2777531299998797,1.2777531299998797,1.2777531299998797,1.2777531299998797,1.2777531299998797,8.225975119502044,10.198039027185569,2.0816659994661326,3.9698866482558417,2.384848003542364,5.469768491164756,3.0550504633038935,7.32575365861197,2.331844763272204,11.324751652906125,8.034923770640267,
1.2777531299998797,1.2777531299998797,1.2777531299998797,1.2777531299998797,1.2777531299998797,1.2777531299998797,1.2777531299998797,1.2777531299998797,1.2777531299998797,1.2777531299998797,1.2777531299998797,1.2777531299998797,1.2777531299998797,4.4651427748729375,22.627416997969522,7.44043009509531,4.795831523312719,5.32290647422377,6.506407098647712,7.19444229944198,7.681145747868608,4.293891009329417,2.70801280154532,5.624291338579865,
1.2777531299998797,1.2777531299998797,1.2777531299998797,1.2777531299998797,1.2777531299998797,1.2777531299998797,1.2777531299998797,1.2777531299998797,1.2777531299998797,1.2777531299998797,1.2777531299998797,1.2777531299998797,3.4522988495984492,1.2777531299998797,16.147755261955144,1.2777531299998797,19.8158185969358,2.3804761428476167,12.539936203984453,1.2777531299998797,2.0816659994661326,4.199125273342591,10.98483803552272,22.627416997969522,
1.2777531299998797,1.2777531299998797,1.2777531299998797,1.2777531299998797,1.2777531299998797,1.2777531299998797,1.2777531299998797,1.2777531299998797,1.2777531299998797,1.2777531299998797,1.2777531299998797,1.2777531299998797,7.19444229944198,7.505553499465135,11.070682002478438,4.199125273342591,7.19444229944198,4.199125273342591,1.2777531299998797,4.795831523312719,8.034923770640267,3.3258419219493756,1.2777531299998797,1.2777531299998797,
1.2777531299998797,1.2777531299998797,1.2777531299998797,1.2777531299998797,1.2777531299998797,1.2777531299998797,1.2777531299998797,1.2777531299998797,1.2777531299998797,1.2777531299998797,1.2777531299998797,1.2777531299998797,14.89966442575134,21.07723890835799,5.8594652770823155,14.256577429383253,2.5860201081971503,3.4522988495984483,2.947456530637899,1.2777531299998797,2.788866755113585,16.147755261955144,20.0,8.077747210701755,
1.2777531299998797,1.2777531299998797,1.2777531299998797,1.2777531299998797,1.2777531299998797,1.2777531299998797,1.2777531299998797,1.2777531299998797,1.2777531299998797,1.2777531299998797,1.2777531299998797,1.2777531299998797,7.852812659593164,2.70801280154532,1.2777531299998797,8.49470423263812,6.506407098647712,14.773286702694158,19.79898987322333,2.0816659994661326,1.2777531299998797,1.2777531299998797,6.429100507328637,21.07723890835799,
1.2777531299998797,1.2777531299998797,1.2777531299998797,1.2777531299998797,1.2777531299998797,1.2777531299998797,1.2777531299998797,1.2777531299998797,1.2777531299998797,1.2777531299998797,1.2777531299998797,1.2777531299998797,1.2777531299998797,2.0816659994661326,2.384848003542364,7.505553499465135,6.305553108173778,2.6381811916545836,7.19444229944198,6.305553108173778,4.795831523312719,20.0,4.199125273342591,3.0550504633038935,
1.2777531299998797,1.2777531299998797,1.2777531299998797,1.2777531299998797,1.2777531299998797,1.2777531299998797,1.2777531299998797,1.2777531299998797,1.2777531299998797,1.2777531299998797,1.2777531299998797,1.2777531299998797,7.35934779718964,2.748737083745107,7.0178344238090995,2.70801280154532,14.352700094407323,3.0550504633038935,10.801234497346433,6.855654600401044,4.4651427748729375,14.773286702694158,1.2777531299998797,7.19444229944198,
1.2777531299998797,1.2777531299998797,1.2777531299998797,1.2777531299998797,1.2777531299998797,1.2777531299998797,1.2777531299998797,1.2777531299998797,1.2777531299998797,1.2777531299998797,1.2777531299998797,1.2777531299998797,10.198039027185569,20.54263858417414,7.858753081755401,10.98483803552272,16.630093204789926,1.2777531299998797,5.3908463611752016,14.352700094407323,14.773286702694158,10.198039027185569,1.2777531299998797,18.547236990991408,
1.2777531299998797,1.2777531299998797,1.2777531299998797,1.2777531299998797,1.2777531299998797,1.2777531299998797,1.2777531299998797,1.2777531299998797,1.2777531299998797,1.2777531299998797,1.2777531299998797,1.2777531299998797,5.118992247762548,4.199125273342591,3.2310988842807022,7.19444229944198,1.2777531299998797,1.2777531299998797,9.641576634555161,22.627416997969522,4.408798022137099,3.9698866482558417,8.4,4.199125273342591,
1.2777531299998797,1.2777531299998797,1.2777531299998797,1.2777531299998797,1.2777531299998797,1.2777531299998797,1.2777531299998797,1.2777531299998797,1.2777531299998797,1.2777531299998797,1.2777531299998797,1.2777531299998797,7.44043009509531,4.233009254294015,5.0682837331783235,2.0816659994661326,8.16496580927726,5.033222956847166,2.0816659994661326,6.103277807866851,10.419213022104884,17.839562774911272,2.211083193570267,10.198039027185569,
1.2777531299998797,1.2777531299998797,1.2777531299998797,1.2777531299998797,1.2777531299998797,1.2777531299998797,1.2777531299998797,1.2777531299998797,1.2777531299998797,1.2777531299998797,1.2777531299998797,1.2777531299998797,4.199125273342591,7.637626158259733,14.603081866510234,12.539936203984453,1.713913650100261,4.199125273342591,6.273754856543249,4.932882862316247,4.408798022137099,4.199125273342591,9.558242516278817,2.710523708715754,
1.2777531299998797,1.2777531299998797,1.2777531299998797,1.2777531299998797,1.2777531299998797,1.2777531299998797,1.2777531299998797,1.2777531299998797,1.2777531299998797,1.2777531299998797,1.2777531299998797,1.2777531299998797,10.754843869934453,20.0,1.2777531299998797,14.941552797483935,14.133647795243803,2.6381811916545836,2.0503857277724746,19.371370627810517,14.84082207965583,1.2777531299998797,11.232096865679177,2.0816659994661326,
1.2777531299998797,1.2777531299998797,1.2777531299998797,1.2777531299998797,1.2777531299998797,1.2777531299998797,1.2777531299998797,1.2777531299998797,1.2777531299998797,1.2777531299998797,1.2777531299998797,1.2777531299998797,3.0550504633038935,21.07723890835799,2.0816659994661326,4.795831523312719,2.0816659994661326,2.384848003542364,2.384848003542364,6.273754856543249,3.0101867865293537,1.2777531299998797,4.261455150532504,5.024937810560445,
1.2777531299998797,1.2777531299998797,1.2777531299998797,1.2777531299998797,1.2777531299998797,1.2777531299998797,1.2777531299998797,1.2777531299998797,1.2777531299998797,1.2777531299998797,1.2777531299998797,1.2777531299998797,22.627416997969522,10.754843869934453,4.526565576501389,4.233009254294015,13.0,1.2777531299998797,5.006118705124352,4.268749491621899,2.331844763272204,2.0816659994661326,12.338962679253067,7.19444229944198,
1.2777531299998797,1.2777531299998797,1.2777531299998797,1.2777531299998797,1.2777531299998797,1.2777531299998797,1.2777531299998797,1.2777531299998797,1.2777531299998797,1.2777531299998797,1.2777531299998797,1.2777531299998797,2.384848003542364,1.2777531299998797,6.103277807866851,4.199125273342591,4.041451884327381,6.305553108173779,1.2777531299998797,6.027713773341708,24.0,1.2777531299998797,24.0,12.539936203984453,
1.2777531299998797,1.2777531299998797,1.2777531299998797,1.2777531299998797,1.2777531299998797,1.2777531299998797,1.2777531299998797,1.2777531299998797,1.2777531299998797,1.2777531299998797,1.2777531299998797,1.2777531299998797,11.320777358467925,1.2777531299998797,2.5860201081971503,8.280096617793781,4.408798022137099,2.5860201081971503,17.628102563804195,2.384848003542364,1.2777531299998797,12.539936203984453,20.607442021431645,2.436698586202241,
1.2777531299998797,1.2777531299998797,1.2777531299998797,1.2777531299998797,1.2777531299998797,1.2777531299998797,1.2777531299998797,1.2777531299998797,1.2777531299998797,1.2777531299998797,1.2777531299998797,1.2777531299998797,2.384848003542364,2.0816659994661326,1.2777531299998797,2.6381811916545836,16.147755261955144,11.496086290559932,2.0816659994661326,14.854853303438128,2.3804761428476167,2.0816659994661326,4.199125273342591,1.2777531299998797,
1.2777531299998797,1.2777531299998797,1.2777531299998797,1.2777531299998797,1.2777531299998797,1.2777531299998797,1.2777531299998797,1.2777531299998797,1.2777531299998797,1.2777531299998797,1.2777531299998797,1.2777531299998797,18.547236990991408,6.0553007081949835,2.0816659994661326,14.352700094407323,1.2777531299998797,2.0816659994661326,1.2777531299998797,1.2777531299998797,22.627416997969522,2.384848003542364,7.19444229944198,12.539936203984453,
1.2777531299998797,1.2777531299998797,1.2777531299998797,1.2777531299998797,1.2777531299998797,1.2777531299998797,1.2777531299998797,1.2777531299998797,1.2777531299998797,1.2777531299998797,1.2777531299998797,1.2777531299998797,5.228129047119374,3.3166247903554,1.2777531299998797,2.70801280154532,4.795831523312719,5.310751512983173,1.2777531299998797,12.083045973594572,1.2777531299998797,19.371370627810517,8.660254037844387,14.89966442575134,
1.2777531299998797,1.2777531299998797,1.2777531299998797,1.2777531299998797,1.2777531299998797,1.2777531299998797,1.2777531299998797,1.2777531299998797,1.2777531299998797,1.2777531299998797,1.2777531299998797,1.2777531299998797,1.2777531299998797,8.681013765684282,4.199125273342591,4.199125273342591,19.86621923433512,6.305553108173778,11.324751652906125,1.2777531299998797,4.242640687119285,2.384848003542364,4.199125273342591,7.35934779718964,
1.2777531299998797,1.2777531299998797,1.2777531299998797,1.2777531299998797,1.2777531299998797,1.2777531299998797,1.2777531299998797,1.2777531299998797,1.2777531299998797,1.2777531299998797,1.2777531299998797,1.2777531299998797,5.624291338579865,14.773286702694158,1.2777531299998797,14.256577429383253,9.99999999E8,5.364280958719596,22.627416997969522,1.2777531299998797,6.305553108173778,4.199125273342591,1.2777531299998797,8.465616732800196,
1.2777531299998797,1.2777531299998797,1.2777531299998797,1.2777531299998797,1.2777531299998797,1.2777531299998797,1.2777531299998797,1.2777531299998797,1.2777531299998797,1.2777531299998797,1.2777531299998797,1.2777531299998797,1.2777531299998797,22.627416997969522,1.2777531299998797,7.19444229944198,1.2777531299998797,12.24744871391589,14.773286702694158,19.79898987322333,3.238795442501324,3.7416573867739413,5.686240703077327,1.2777531299998797,
1.2777531299998797,1.2777531299998797,1.2777531299998797,1.2777531299998797,1.2777531299998797,1.2777531299998797,1.2777531299998797,1.2777531299998797,1.2777531299998797,1.2777531299998797,1.2777531299998797,1.2777531299998797,4.294913385824624,4.199125273342591,7.681145747868608,1.2777531299998797,22.627416997969522,12.569805089976535,2.331844763272204,7.0710678118654755,4.4651427748729375,12.569805089976535,4.408798022137099,20.0,
1.2777531299998797,1.2777531299998797,1.2777531299998797,1.2777531299998797,1.2777531299998797,1.2777531299998797,1.2777531299998797,1.2777531299998797,1.2777531299998797,1.2777531299998797,1.2777531299998797,1.2777531299998797,14.142135623730951,4.199125273342591,5.1536394906900505,7.637626158259733,13.0,7.19444229944198,2.384848003542364,4.199125273342591,8.034923770640267,4.199125273342591,2.0816659994661326,7.19444229944198,
1.2777531299998797,1.2777531299998797,1.2777531299998797,1.2777531299998797,1.2777531299998797,1.2777531299998797,1.2777531299998797,1.2777531299998797,1.2777531299998797,1.2777531299998797,1.2777531299998797,1.2777531299998797,7.19444229944198,26.0,14.568802284333465,5.0682837331783235,2.0816659994661326,1.2777531299998797,11.070682002478438,7.19444229944198,12.539936203984453,2.8284271247461903,14.773286702694158,4.710360920354193,
1.2777531299998797,1.2777531299998797,1.2777531299998797,1.2777531299998797,1.2777531299998797,1.2777531299998797,1.2777531299998797,1.2777531299998797,1.2777531299998797,1.2777531299998797,1.2777531299998797,1.2777531299998797,12.221292893961751,3.4522988495984492,12.569805089976535,1.2777531299998797,26.0,12.569805089976535,5.598833697790122,11.846237095944574,19.0,1.2777531299998797,5.033222956847166,12.539936203984453,
1.2777531299998797,1.2777531299998797,1.2777531299998797,1.2777531299998797,1.2777531299998797,1.2777531299998797,1.2777531299998797,1.2777531299998797,1.2777531299998797,1.2777531299998797,1.2777531299998797,1.2777531299998797,1.2777531299998797,17.795130420052185,5.32290647422377,24.0,2.331844763272204,1.2777531299998797,14.773286702694158,6.086049621881176,24.0,13.140268896284683,6.5383484153110105,1.2777531299998797,
1.2777531299998797,1.2777531299998797,1.2777531299998797,1.2777531299998797,1.2777531299998797,1.2777531299998797,1.2777531299998797,1.2777531299998797,1.2777531299998797,1.2777531299998797,1.2777531299998797,1.2777531299998797,9.626352718795768,26.0,21.07723890835799,7.681145747868608,2.0816659994661326,5.706137047074843,4.199125273342591,2.6381811916545836,13.0,1.2777531299998797,1.2777531299998797,7.22841614740048,
1.2777531299998797,1.2777531299998797,1.2777531299998797,1.2777531299998797,1.2777531299998797,1.2777531299998797,1.2777531299998797,1.2777531299998797,1.2777531299998797,1.2777531299998797,1.2777531299998797,1.2777531299998797,9.340770846134703,3.0550504633038935,8.681013765684282,7.19444229944198,2.3804761428476167,4.199125273342591,1.2777531299998797,5.033222956847166,7.19444229944198,1.2777531299998797,14.352700094407323,5.3908463611752016,
1.2777531299998797,1.2777531299998797,1.2777531299998797,1.2777531299998797,1.2777531299998797,1.2777531299998797,1.2777531299998797,1.2777531299998797,1.2777531299998797,1.2777531299998797,1.2777531299998797,1.2777531299998797,11.070682002478438,21.07723890835799,22.627416997969522,1.2777531299998797,2.384848003542364,6.454972243679028,3.2317865716108862,4.130523512800274,14.773286702694158,2.384848003542364,1.2777531299998797,1.2777531299998797,
1.2777531299998797,1.2777531299998797,1.2777531299998797,1.2777531299998797,1.2777531299998797,1.2777531299998797,1.2777531299998797,1.2777531299998797,1.2777531299998797,1.2777531299998797,1.2777531299998797,1.2777531299998797,2.436698586202241,11.324751652906125,11.324751652906125,11.93984924527944,1.2777531299998797,10.878112581387146,1.2777531299998797,12.539936203984453,11.617228585166085,20.0,2.0816659994661326,13.88344337691482,
1.2777531299998797,1.2777531299998797,1.2777531299998797,1.2777531299998797,1.2777531299998797,1.2777531299998797,1.2777531299998797,1.2777531299998797,1.2777531299998797,1.2777531299998797,1.2777531299998797,1.2777531299998797,11.434596626029272,2.384848003542364,14.89966442575134,9.013878188659973,14.773286702694158,11.51810169544733,11.070682002478438,4.710360920354193,9.325234581499814,12.5,15.315351775261318,8.34665601703261,
1.2777531299998797,1.2777531299998797,1.2777531299998797,1.2777531299998797,1.2777531299998797,1.2777531299998797,1.2777531299998797,1.2777531299998797,1.2777531299998797,1.2777531299998797,1.2777531299998797,1.2777531299998797,9.99999999E8,12.319090875547595,9.99999999E8,5.0990195135927845,13.0,4.199125273342591,6.305553108173778,1.713913650100261,4.437059837324712,4.7423407636279515,1.2777531299998797,7.35934779718964,
1.2777531299998797,1.2777531299998797,1.2777531299998797,1.2777531299998797,1.2777531299998797,1.2777531299998797,1.2777531299998797,1.2777531299998797,1.2777531299998797,1.2777531299998797,1.2777531299998797,1.2777531299998797,7.724420150837645,12.192894105447921,10.801234497346433,1.2777531299998797,14.142135623730951,7.19444229944198,4.199125273342591,1.2777531299998797,13.880441875771343,19.371370627810517,2.0503857277724746,19.30457631409368,
1.2777531299998797,1.2777531299998797,1.2777531299998797,1.2777531299998797,1.2777531299998797,1.2777531299998797,1.2777531299998797,1.2777531299998797,1.2777531299998797,1.2777531299998797,1.2777531299998797,1.2777531299998797,22.627416997969522,11.324751652906125,10.186265262597475,2.6666666666666665,4.408798022137099,2.3804761428476167,5.573259772323188,5.41602560309064,2.8674417556808756,5.229430062206608,4.437059837324712,2.331844763272204,
1.2777531299998797,1.2777531299998797,1.2777531299998797,1.2777531299998797,1.2777531299998797,1.2777531299998797,1.2777531299998797,1.2777531299998797,1.2777531299998797,1.2777531299998797,1.2777531299998797,1.2777531299998797,8.48528137423857,1.2777531299998797,7.615773105863909,10.161200716450788,4.199125273342591,7.19444229944198,6.0553007081949835,2.436698586202241,4.199125273342591,4.408798022137099,4.199125273342591,20.0,
1.2777531299998797,1.2777531299998797,1.2777531299998797,1.2777531299998797,1.2777531299998797,1.2777531299998797,1.2777531299998797,1.2777531299998797,1.2777531299998797,1.2777531299998797,1.2777531299998797,1.2777531299998797,1.2777531299998797,12.338962679253067,5.228129047119374,7.19444229944198,26.0,4.445222154178573,14.603081866510234,13.0,1.2777531299998797,8.327480938165527,1.2777531299998797,11.629703349613008,
1.2777531299998797,1.2777531299998797,1.2777531299998797,1.2777531299998797,1.2777531299998797,1.2777531299998797,1.2777531299998797,1.2777531299998797,1.2777531299998797,1.2777531299998797,1.2777531299998797,1.2777531299998797,10.781929326423912,2.5385910352879693,3.958114029012639,3.0550504633038935,5.32290647422377,4.199125273342591,3.4522988495984492,1.2777531299998797,5.364280958719596,3.0550504633038935,5.033222956847166,3.559026084010437,
1.2777531299998797,1.2777531299998797,1.2777531299998797,1.2777531299998797,1.2777531299998797,1.2777531299998797,1.2777531299998797,1.2777531299998797,1.2777531299998797,1.2777531299998797,1.2777531299998797,1.2777531299998797,4.199125273342591,14.84082207965583,8.280096617793781,18.78163997099295,4.199125273342591,11.070682002478438,19.0,20.0,2.6381811916545836,26.0,3.368521749300456,3.3819373146171707,
1.2777531299998797,1.2777531299998797,1.2777531299998797,1.2777531299998797,1.2777531299998797,1.2777531299998797,1.2777531299998797,1.2777531299998797,1.2777531299998797,1.2777531299998797,1.2777531299998797,1.2777531299998797,11.324751652906125,5.0990195135927845,1.2777531299998797,5.2687759489277965,7.553888037944163,4.199125273342591,5.1536394906900505,7.19444229944198,18.547236990991408,6.997142273814361,7.19444229944198,1.2777531299998797,
1.2777531299998797,1.2777531299998797,1.2777531299998797,1.2777531299998797,1.2777531299998797,1.2777531299998797,1.2777531299998797,1.2777531299998797,1.2777531299998797,1.2777531299998797,1.2777531299998797,1.2777531299998797,6.273754856543249,7.44043009509531,2.0816659994661326,13.140268896284683,1.2777531299998797,10.754843869934453,1.2777531299998797,8.634813257969162,19.30457631409368,4.281744192888376,2.331844763272204,9.733961166965893,
1.2777531299998797,1.2777531299998797,1.2777531299998797,1.2777531299998797,1.2777531299998797,1.2777531299998797,1.2777531299998797,1.2777531299998797,1.2777531299998797,1.2777531299998797,1.2777531299998797,1.2777531299998797,6.305553108173778,5.627314338711377,8.681013765684282,2.6246692913372702,3.197221015541813,19.0,2.5860201081971503,8.280096617793781,8.48528137423857,3.4522988495984492,20.0,9.340770846134703,
1.2777531299998797,1.2777531299998797,1.2777531299998797,1.2777531299998797,1.2777531299998797,1.2777531299998797,1.2777531299998797,1.2777531299998797,1.2777531299998797,1.2777531299998797,1.2777531299998797,1.2777531299998797,4.199125273342591,12.539936203984453,10.754843869934453,4.199125273342591,2.436698586202241,1.2777531299998797,22.627416997969522,4.396968652757639,4.408798022137099,19.0,2.70801280154532,6.462197768561405,
1.2777531299998797,1.2777531299998797,1.2777531299998797,1.2777531299998797,1.2777531299998797,1.2777531299998797,1.2777531299998797,1.2777531299998797,1.2777531299998797,1.2777531299998797,1.2777531299998797,1.2777531299998797,16.147755261955144,1.2777531299998797,7.302967433402215,25.0,2.384848003542364,21.07723890835799,7.19444229944198,2.0816659994661326,11.324751652906125,14.89966442575134,4.199125273342591,7.52772652709081,
1.2777531299998797,1.2777531299998797,1.2777531299998797,1.2777531299998797,1.2777531299998797,1.2777531299998797,1.2777531299998797,1.2777531299998797,1.2777531299998797,1.2777531299998797,1.2777531299998797,1.2777531299998797,3.9175169145148825,2.331844763272204,4.7423407636279515,22.627416997969522,12.675435561221029,2.7856776554368237,26.0,1.2777531299998797,14.854853303438128,8.34665601703261,6.9397406291589885,2.436698586202241,
1.2777531299998797,1.2777531299998797,1.2777531299998797,1.2777531299998797,1.2777531299998797,1.2777531299998797,1.2777531299998797,1.2777531299998797,1.2777531299998797,1.2777531299998797,1.2777531299998797,1.2777531299998797,14.204224723651764,12.464349160706305,1.2777531299998797,11.070682002478438,5.228129047119374,3.2310988842807022,7.411983540186797,6.103277807866851,14.352700094407323,3.559026084010437,2.384848003542364,7.44043009509531,
1.2777531299998797,1.2777531299998797,1.2777531299998797,1.2777531299998797,1.2777531299998797,1.2777531299998797,1.2777531299998797,1.2777531299998797,1.2777531299998797,1.2777531299998797,1.2777531299998797,1.2777531299998797,4.199125273342591,14.84082207965583,1.2777531299998797,2.70801280154532,5.033222956847166,12.4,5.033222956847166,2.0503857277724746,8.681013765684282,8.280096617793781,1.2777531299998797,1.2777531299998797,
1.2777531299998797,1.2777531299998797,1.2777531299998797,1.2777531299998797,1.2777531299998797,1.2777531299998797,1.2777531299998797,1.2777531299998797,1.2777531299998797,1.2777531299998797,1.2777531299998797,1.2777531299998797,7.681145747868608,18.547236990991408,14.352700094407323,17.795130420052185,1.2777531299998797,2.211083193570267,10.198039027185569,8.020806277010642,9.899494936611665,7.19444229944198,4.795831523312719,11.324751652906125,
1.2777531299998797,1.2777531299998797,1.2777531299998797,1.2777531299998797,1.2777531299998797,1.2777531299998797,1.2777531299998797,1.2777531299998797,1.2777531299998797,1.2777531299998797,1.2777531299998797,1.2777531299998797,7.19444229944198,1.2777531299998797,2.8674417556808756,3.0550504633038935,10.754843869934453,6.627093431281829,13.490737563232042,22.627416997969522,4.199125273342591,22.627416997969522,1.2777531299998797,5.5170191226784775,
1.2777531299998797,1.2777531299998797,1.2777531299998797,1.2777531299998797,1.2777531299998797,1.2777531299998797,1.2777531299998797,1.2777531299998797,1.2777531299998797,1.2777531299998797,1.2777531299998797,1.2777531299998797,7.703696435835864,6.506407098647712,8.139410298049853,4.199125273342591,5.033222956847166,3.418698582794336,24.0,1.2777531299998797,7.19444229944198,1.2777531299998797,12.539936203984453,11.324751652906125,
1.2777531299998797,1.2777531299998797,1.2777531299998797,1.2777531299998797,1.2777531299998797,1.2777531299998797,1.2777531299998797,1.2777531299998797,1.2777531299998797,1.2777531299998797,1.2777531299998797,1.2777531299998797,13.196969349058898,4.795831523312719,11.412712210513327,1.2777531299998797,26.0,12.539936203984453,8.246211251235321,8.34665601703261,14.352700094407323,3.2310988842807022,7.19444229944198,6.506407098647712,
1.2777531299998797,1.2777531299998797,1.2777531299998797,1.2777531299998797,1.2777531299998797,1.2777531299998797,1.2777531299998797,1.2777531299998797,1.2777531299998797,1.2777531299998797,1.2777531299998797,1.2777531299998797,19.30457631409368,19.0,11.4564392373896,14.854853303438128,12.539936203984453,12.675435561221029,13.0,8.634813257969162,22.627416997969522,1.2777531299998797,11.4564392373896,1.2777531299998797,
1.2777531299998797,1.2777531299998797,1.2777531299998797,1.2777531299998797,1.2777531299998797,1.2777531299998797,1.2777531299998797,1.2777531299998797,1.2777531299998797,1.2777531299998797,1.2777531299998797,1.2777531299998797,5.033222956847166,26.0,4.041451884327381,10.98483803552272,7.483314773547883,19.0,10.754843869934453,1.2777531299998797,11.324751652906125,1.2777531299998797,12.319090875547595,12.539936203984453,
1.2777531299998797,1.2777531299998797,1.2777531299998797,1.2777531299998797,1.2777531299998797,1.2777531299998797,1.2777531299998797,1.2777531299998797,1.2777531299998797,1.2777531299998797,1.2777531299998797,1.2777531299998797,8.0,6.734013571081528,4.716990566028302,3.415650255319866,8.634813257969162,8.634813257969162,2.384848003542364,2.331844763272204,22.627416997969522,3.958114029012639,10.781929326423912,7.19444229944198,
1.2777531299998797,1.2777531299998797,1.2777531299998797,1.2777531299998797,1.2777531299998797,1.2777531299998797,1.2777531299998797,1.2777531299998797,1.2777531299998797,1.2777531299998797,1.2777531299998797,1.2777531299998797,7.505553499465135,21.07723890835799,6.831300510639732,11.070682002478438,3.366501646120693,4.795831523312719,5.418486873657627,14.142135623730951,20.0,17.795130420052185,5.32290647422377,26.0,
1.2777531299998797,1.2777531299998797,1.2777531299998797,1.2777531299998797,1.2777531299998797,1.2777531299998797,1.2777531299998797,1.2777531299998797,1.2777531299998797,1.2777531299998797,1.2777531299998797,1.2777531299998797,2.0816659994661326,22.627416997969522,11.324751652906125,17.795130420052185,4.199125273342591,11.575836902790225,2.788866755113585,12.569805089976535,6.363159271805739,2.7627256579733883,3.4522988495984492,20.0,
1.2777531299998797,1.2777531299998797,1.2777531299998797,1.2777531299998797,1.2777531299998797,1.2777531299998797,1.2777531299998797,1.2777531299998797,1.2777531299998797,1.2777531299998797,1.2777531299998797,1.2777531299998797,1.2777531299998797,19.30457631409368,4.199125273342591,8.139410298049853,9.733961166965893,20.0,7.19444229944198,2.0816659994661326,6.506407098647712,5.033222956847166,4.199125273342591,11.324751652906125,
1.2777531299998797,1.2777531299998797,1.2777531299998797,1.2777531299998797,1.2777531299998797,1.2777531299998797,1.2777531299998797,1.2777531299998797,1.2777531299998797,1.2777531299998797,1.2777531299998797,1.2777531299998797,5.033222956847166,2.0816659994661326,2.0816659994661326,14.773286702694158,14.89966442575134,11.160645142642965,2.0816659994661326,4.654746681256314,2.70801280154532,1.2777531299998797,10.303397497913007,4.199125273342591,
1.2777531299998797,1.2777531299998797,1.2777531299998797,1.2777531299998797,1.2777531299998797,1.2777531299998797,1.2777531299998797,1.2777531299998797,1.2777531299998797,1.2777531299998797,1.2777531299998797,1.2777531299998797,14.854853303438128,4.408798022137099,1.2777531299998797,6.506407098647712,24.041630560342615,7.19444229944198,8.48528137423857,4.630064794363034,4.2999762695121175,26.0,1.2777531299998797,10.161200716450788,
1.2777531299998797,1.2777531299998797,1.2777531299998797,1.2777531299998797,1.2777531299998797,1.2777531299998797,1.2777531299998797,1.2777531299998797,1.2777531299998797,1.2777531299998797,1.2777531299998797,1.2777531299998797,6.103277807866851,10.161200716450788,8.0,19.30457631409368,13.0,2.0816659994661326,1.2777531299998797,1.2777531299998797,4.509249752822894,20.0,5.033222956847166,1.2777531299998797,
1.2777531299998797,1.2777531299998797,1.2777531299998797,1.2777531299998797,1.2777531299998797,1.2777531299998797,1.2777531299998797,1.2777531299998797,1.2777531299998797,1.2777531299998797,1.2777531299998797,1.2777531299998797,2.0816659994661326,12.675435561221029,1.2777531299998797,5.823947745897002,5.2020404160094635,14.232357499725756,2.384848003542364,10.161200716450788,20.0,2.6339134382131846,1.2777531299998797,8.681013765684282,
1.2777531299998797,1.2777531299998797,1.2777531299998797,1.2777531299998797,1.2777531299998797,1.2777531299998797,1.2777531299998797,1.2777531299998797,1.2777531299998797,1.2777531299998797,1.2777531299998797,1.2777531299998797,7.19444229944198,12.539936203984453,7.19444229944198,14.232357499725756,12.539936203984453,1.2777531299998797,7.19444229944198,24.0,2.4327694808466287,8.16496580927726,4.795831523312719,9.21737489744233,
1.2777531299998797,1.2777531299998797,1.2777531299998797,1.2777531299998797,1.2777531299998797,1.2777531299998797,1.2777531299998797,1.2777531299998797,1.2777531299998797,1.2777531299998797,1.2777531299998797,1.2777531299998797,4.199125273342591,4.199125273342591,12.319090875547595,7.697402159170326,14.133647795243803,20.0,6.576473218982953,23.338094752285727,7.19444229944198,1.2777531299998797,10.754843869934453,8.280096617793781,
1.2777531299998797,1.2777531299998797,1.2777531299998797,1.2777531299998797,1.2777531299998797,1.2777531299998797,1.2777531299998797,1.2777531299998797,1.2777531299998797,1.2777531299998797,1.2777531299998797,1.2777531299998797,1.2777531299998797,13.0,6.226998490772391,5.1536394906900505,20.0,12.338962679253067,22.627416997969522,20.0,9.064215354899728,14.352700094407323,7.782030583337488,5.033222956847166,
1.2777531299998797,1.2777531299998797,1.2777531299998797,1.2777531299998797,1.2777531299998797,1.2777531299998797,1.2777531299998797,1.2777531299998797,1.2777531299998797,1.2777531299998797,1.2777531299998797,1.2777531299998797,3.9175169145148825,6.082762530298219,7.2571803523590805,3.0550504633038935,1.2777531299998797,6.506407098647712,11.338430226446693,12.539936203984453,5.228129047119374,6.9397406291589885,18.78163997099295,24.0,
1.2777531299998797,1.2777531299998797,1.2777531299998797,1.2777531299998797,1.2777531299998797,1.2777531299998797,1.2777531299998797,1.2777531299998797,1.2777531299998797,1.2777531299998797,1.2777531299998797,1.2777531299998797,21.07723890835799,1.2777531299998797,4.233009254294015,6.272713828600042,3.1036515689143473,6.506407098647712,14.256577429383253,13.0,1.2777531299998797,14.773286702694158,1.2777531299998797,8.034923770640267,
1.2777531299998797,1.2777531299998797,1.2777531299998797,1.2777531299998797,1.2777531299998797,1.2777531299998797,1.2777531299998797,1.2777531299998797,1.2777531299998797,1.2777531299998797,1.2777531299998797,1.2777531299998797,20.0,1.2777531299998797,1.2777531299998797,6.273754856543249,2.436698586202241,2.6381811916545836,12.319090875547595,12.539936203984453,4.199125273342591,14.352700094407323,9.394147114027968,19.41004894378167,
1.2777531299998797,1.2777531299998797,1.2777531299998797,1.2777531299998797,1.2777531299998797,1.2777531299998797,1.2777531299998797,1.2777531299998797,1.2777531299998797,1.2777531299998797,1.2777531299998797,1.2777531299998797,3.368521749300456,7.2571803523590805,3.0550504633038935,14.352700094407323,22.627416997969522,5.2687759489277965,2.6381811916545836,4.795831523312719,8.634813257969162,14.773286702694158,3.415650255319866,13.0,
1.2777531299998797,1.2777531299998797,1.2777531299998797,1.2777531299998797,1.2777531299998797,1.2777531299998797,1.2777531299998797,1.2777531299998797,1.2777531299998797,1.2777531299998797,1.2777531299998797,1.2777531299998797,14.89966442575134,10.161200716450788,1.2777531299998797,18.547236990991408,5.033222956847166,12.675435561221029,1.2777531299998797,5.41602560309064,3.4522988495984492,18.547236990991408,19.0,11.324751652906125,
1.2777531299998797,1.2777531299998797,1.2777531299998797,1.2777531299998797,1.2777531299998797,1.2777531299998797,1.2777531299998797,1.2777531299998797,1.2777531299998797,1.2777531299998797,1.2777531299998797,1.2777531299998797,8.034923770640267,2.0816659994661326,1.2777531299998797,2.5860201081971503,22.627416997969522,20.0,7.0,4.654746681256314,4.199125273342591,10.161200716450788,8.406346808612328,2.384848003542364,
1.2777531299998797,1.2777531299998797,1.2777531299998797,1.2777531299998797,1.2777531299998797,1.2777531299998797,1.2777531299998797,1.2777531299998797,1.2777531299998797,1.2777531299998797,1.2777531299998797,1.2777531299998797,6.506407098647712,24.0,5.41602560309064,2.384848003542364,2.384848003542364,14.9248115565993,2.939387691339814,9.733961166965893,8.634813257969162,24.0,7.703696435835864,10.735455276791944,
1.2777531299998797,1.2777531299998797,1.2777531299998797,1.2777531299998797,1.2777531299998797,1.2777531299998797,1.2777531299998797,1.2777531299998797,1.2777531299998797,1.2777531299998797,1.2777531299998797,1.2777531299998797,12.328828005937952,7.615773105863909,7.19444229944198,11.070682002478438,8.48528137423857,8.381527307120106,26.0,7.413501197140255,2.331844763272204,2.0816659994661326,3.0550504633038935,13.0,
1.2777531299998797,1.2777531299998797,1.2777531299998797,1.2777531299998797,1.2777531299998797,1.2777531299998797,1.2777531299998797,1.2777531299998797,1.2777531299998797,1.2777531299998797,1.2777531299998797,1.2777531299998797,6.103277807866851,13.0,2.331844763272204,2.6381811916545836,7.19444229944198,2.384848003542364,2.3804761428476167,1.2777531299998797,1.2777531299998797,5.2687759489277965,20.0,1.2777531299998797,
1.2777531299998797,1.2777531299998797,1.2777531299998797,1.2777531299998797,1.2777531299998797,1.2777531299998797,1.2777531299998797,1.2777531299998797,1.2777531299998797,1.2777531299998797,1.2777531299998797,1.2777531299998797,1.2777531299998797,1.2777531299998797,20.0,3.0550504633038935,3.806546455564065,3.9538150008851565,3.0550504633038935,24.0,6.422616289332565,8.48528137423857,2.331844763272204,3.0550504633038935,
1.2777531299998797,1.2777531299998797,1.2777531299998797,1.2777531299998797,1.2777531299998797,1.2777531299998797,1.2777531299998797,1.2777531299998797,1.2777531299998797,1.2777531299998797,1.2777531299998797,1.2777531299998797,4.437059837324712,14.941552797483935,14.89966442575134,19.0,7.483314773547883,12.539936203984453,4.199125273342591,4.293891009329417,1.2777531299998797,10.059199769365355,14.603081866510234,22.627416997969522,
1.2777531299998797,1.2777531299998797,1.2777531299998797,1.2777531299998797,1.2777531299998797,1.2777531299998797,1.2777531299998797,1.2777531299998797,1.2777531299998797,1.2777531299998797,1.2777531299998797,1.2777531299998797,14.352700094407323,3.9698866482558417,12.569805089976535,3.665719574653795,14.89966442575134,5.2687759489277965,2.331844763272204,14.352700094407323,11.338430226446693,3.1874754901018454,2.384848003542364,2.3804761428476167,
1.2777531299998797,1.2777531299998797,1.2777531299998797,1.2777531299998797,1.2777531299998797,1.2777531299998797,1.2777531299998797,1.2777531299998797,1.2777531299998797,1.2777531299998797,1.2777531299998797,1.2777531299998797,2.3804761428476167,5.3908463611752016,24.0,22.627416997969522,2.973213749463701,26.0,1.2777531299998797,22.627416997969522,1.2777531299998797,3.0550504633038935,9.733961166965893,24.041630560342615,
1.2777531299998797,1.2777531299998797,1.2777531299998797,1.2777531299998797,1.2777531299998797,1.2777531299998797,1.2777531299998797,1.2777531299998797,1.2777531299998797,1.2777531299998797,1.2777531299998797,1.2777531299998797,2.5860201081971503,1.2777531299998797,7.44043009509531,24.0,3.0550504633038935,11.324751652906125,19.0,14.603081866510234,4.437059837324712,26.0,2.384848003542364,1.2777531299998797,
1.2777531299998797,1.2777531299998797,1.2777531299998797,1.2777531299998797,1.2777531299998797,1.2777531299998797,1.2777531299998797,1.2777531299998797,1.2777531299998797,1.2777531299998797,1.2777531299998797,1.2777531299998797,4.025429372458677,6.831300510639732,13.880441875771343,10.03327796219494,24.0,2.384848003542364,2.0816659994661326,7.413501197140255,2.3804761428476167,2.8674417556808756,1.2777531299998797,16.702095676890373,
