43.603325561245896,22.32845717912458,11.669940016983807,16.759740119968715,23.790754506740637,18.296174463531987,30.78571097116323,23.769728648009426,35.11353015576759,51.62040940041707,21.02974084481309,16.885233522551918,33.6951035018443,21.815991840849225,14.557416231836568,16.9952934661335,51.62040940041707,23.014488190413157,25.08704845134238,22.89832599412746,26.110534272588144,21.0,32.021242949017456,55.0,
11.669940016983807,14.557416231836568,16.759740119968715,16.885233522551918,16.9952934661335,18.296174463531987,21.0,21.02974084481309,21.815991840849225,22.32845717912458,22.89832599412746,23.014488190413157,21.164082010494543,25.51960031034969,22.037846234754127,25.781534089343868,21.998144634194468,14.349856004397353,10.818502669038818,21.45236773954458,19.157244060668017,24.623836689950114,12.737346662472527,10.0,
10.0,10.818502669038818,11.669940016983807,12.737346662472527,14.349856004397353,14.557416231836568,16.759740119968715,16.885233522551918,16.9952934661335,18.296174463531987,19.157244060668017,21.0,35.11353015576759,15.002040677514374,24.55605831561735,16.900887550658396,23.530122538284125,56.0,25.332982453710418,25.240071800408888,23.155129021450087,10.0,18.190351532856337,21.37899025889193,
10.0,10.0,10.818502669038818,11.669940016983807,12.737346662472527,14.349856004397353,14.557416231836568,15.002040677514374,16.759740119968715,16.885233522551918,16.900887550658396,16.9952934661335,14.379690893898994,9.243376006633074,33.95094500402996,9.89537100602796,10.36520622081394,20.15771151032114,24.303634844744245,36.12016980395672,32.46166970443757,37.13825520941984,10.0,28.0178514522438,
9.243376006633074,9.89537100602796,10.0,10.0,10.0,10.36520622081394,10.818502669038818,11.669940016983807,12.737346662472527,14.349856004397353,14.379690893898994,14.557416231836568,14.309979392161319,20.242968600918637,26.993826454703797,14.446020213193666,23.37006632425334,10.36520622081394,12.980361933257766,10.0,23.752052542885636,10.0,47.42010825237187,10.0,
9.243376006633074,9.89537100602796,10.0,10.0,10.0,10.0,10.0,10.0,10.36520622081394,10.36520622081394,10.818502669038818,11.669940016983807,33.95094500402996,25.839649765428323,10.0,19.026297590440446,32.920510324112534,10.0,29.64051281607658,27.176460402340847,22.52465316048174,10.0,26.993826454703797,27.022288608344283,
9.243376006633074,9.89537100602796,10.0,10.0,10.0,10.0,10.0,10.0,10.0,10.0,10.0,10.36520622081394,10.0,10.0,22.0,10.0,10.0,21.354156504062622,30.0,40.40111384603152,10.0,10.0,10.0,16.429192534842933,
9.243376006633074,9.89537100602796,10.0,10.0,10.0,10.0,10.0,10.0,10.0,10.0,10.0,10.0,10.0,10.0,10.449282272003183,31.770426500127446,9.797958971132712,10.0,25.332982453710418,15.2825245151302,51.62040940041707,9.99999999E8,24.061587645041215,15.313059652413274,
9.243376006633074,9.797958971132712,9.89537100602796,10.0,10.0,10.0,10.0,10.0,10.0,10.0,10.0,10.0,25.42144763777232,24.5017006212494,10.0,22.992752481307377,18.991226044325487,22.159901274369343,27.753378172755834,9.843215373488933,14.153915830374764,28.63843571147,16.041612554021285,10.0,
9.243376006633074,9.797958971132712,9.843215373488933,9.89537100602796,10.0,10.0,10.0,10.0,10.0,10.0,10.0,10.0,10.0,10.0,17.474552927042225,10.0,31.936160811013885,18.614236377524794,10.0,22.412793965352318,42.62237284181474,40.40111384603152,10.64645193364955,10.0,
9.243376006633074,9.797958971132712,9.843215373488933,9.89537100602796,10.0,10.0,10.0,10.0,10.0,10.0,10.0,10.0,25.567313116555678,23.301502097504358,10.0,9.843215373488933,10.0,37.13825520941984,28.349015268024154,11.095544651395493,10.0,47.42010825237187,21.1266025033211,23.593784492248517,
9.243376006633074,9.797958971132712,9.843215373488933,9.843215373488933,9.89537100602796,10.0,10.0,10.0,10.0,10.0,10.0,10.0,22.72296928953902,10.0,10.0,26.19160170741759,10.0,18.94891090510998,16.87206764645835,14.059397805975427,10.0,10.0,23.977854366060363,22.052966542697455,
9.243376006633074,9.797958971132712,9.843215373488933,9.843215373488933,9.89537100602796,10.0,10.0,10.0,10.0,10.0,10.0,10.0,9.843215373488933,10.0,25.245989780557228,16.191355718407276,30.6648550189518,26.993826454703797,10.0,10.0,10.0,40.3567425180312,14.905032707109367,10.0,
9.243376006633074,9.797958971132712,9.843215373488933,9.843215373488933,9.843215373488933,9.89537100602796,10.0,10.0,10.0,10.0,10.0,10.0,10.0,10.0,9.797958971132712,16.08311744241976,22.815784010197852,12.12435565298214,26.320144376503713,27.84331158465171,22.956480566497994,22.940139493908923,9.76933979345585,28.629821282478634,
9.243376006633074,9.76933979345585,9.797958971132712,9.797958971132712,9.843215373488933,9.843215373488933,9.843215373488933,9.89537100602796,10.0,10.0,10.0,10.0,20.322401432901575,12.079667518062687,32.73122871713394,26.756650899298645,42.62237284181474,24.019991673603887,22.70154179786034,30.015995735607373,26.993826454703797,17.597940220378067,34.54345089883175,14.449066066846038,
9.243376006633074,9.76933979345585,9.797958971132712,9.797958971132712,9.843215373488933,9.843215373488933,9.843215373488933,9.89537100602796,10.0,10.0,10.0,10.0,18.988417522268676,13.150570329837409,13.8843620740775,26.0,9.797958971132712,10.0,9.797958971132712,19.485036994233976,56.0,30.44256887977754,27.337646913652065,11.28007092176286,
9.243376006633074,9.76933979345585,9.797958971132712,9.797958971132712,9.797958971132712,9.797958971132712,9.843215373488933,9.843215373488933,9.843215373488933,9.89537100602796,10.0,10.0,18.876793513023692,22.65364209128413,22.435091560618453,15.121728296285006,25.137986541227576,19.841034919244173,27.735356496717326,21.37755832643195,25.245989780557228,15.318833724101411,18.520259177452136,10.0,
9.243376006633074,9.76933979345585,9.797958971132712,9.797958971132712,9.797958971132712,9.797958971132712,9.843215373488933,9.843215373488933,9.843215373488933,9.89537100602796,10.0,10.0,10.0,23.32916629457641,19.148542155126762,19.29863984844528,11.633285577743433,9.89537100602796,23.529399759900897,30.834234221073174,10.121484300459318,12.609520212918492,9.797958971132712,12.600615469257113,
9.243376006633074,9.76933979345585,9.797958971132712,9.797958971132712,9.797958971132712,9.797958971132712,9.797958971132712,9.843215373488933,9.843215373488933,9.843215373488933,9.89537100602796,9.89537100602796,17.10438540258024,37.13825520941984,12.713483120735424,23.806511714234826,20.113676938839404,26.210684844162312,26.158172719056658,9.797958971132712,17.10438540258024,51.62040940041707,14.62114146630754,56.0,
9.243376006633074,9.76933979345585,9.797958971132712,9.797958971132712,9.797958971132712,9.797958971132712,9.797958971132712,9.797958971132712,9.843215373488933,9.843215373488933,9.843215373488933,9.89537100602796,40.40111384603152,23.71834732859775,9.797958971132712,20.60315014550851,18.95608961081724,9.797958971132712,28.554042329122744,14.905032707109367,44.23516700544941,16.24556454380514,9.797958971132712,9.797958971132712,
9.243376006633074,9.76933979345585,9.797958971132712,9.797958971132712,9.797958971132712,9.797958971132712,9.797958971132712,9.797958971132712,9.797958971132712,9.797958971132712,9.797958971132712,9.797958971132712,25.20634840670104,21.775215268740745,17.10438540258024,8.025784892488453,9.797958971132712,9.797958971132712,16.191355718407276,34.15772240650714,17.10438540258024,24.5017006212494,29.43739118875856,26.0,
8.025784892488453,9.243376006633074,9.76933979345585,9.797958971132712,9.797958971132712,9.797958971132712,9.797958971132712,9.797958971132712,9.797958971132712,9.797958971132712,9.797958971132712,9.797958971132712,26.0,34.71829488900629,9.797958971132712,38.49675310984031,15.67673435381234,16.041612554021285,24.086510747719355,9.797958971132712,14.1952151174755,35.11353015576759,8.729494924258393,23.79775899813538,
8.025784892488453,8.729494924258393,9.243376006633074,9.76933979345585,9.797958971132712,9.797958971132712,9.797958971132712,9.797958971132712,9.797958971132712,9.797958971132712,9.797958971132712,9.797958971132712,14.30997939216132,8.78564169540279,23.288051299611425,25.16445906432324,27.4002830314594,45.43860326491855,21.01586702153082,25.137986541227576,35.11353015576759,25.194751640055546,9.797958971132712,9.797958971132712,
8.025784892488453,8.729494924258393,8.78564169540279,9.243376006633074,9.76933979345585,9.797958971132712,9.797958971132712,9.797958971132712,9.797958971132712,9.797958971132712,9.797958971132712,9.797958971132712,40.40111384603152,9.797958971132712,11.105554165971787,19.510680835549195,28.384267943117127,24.419937209856485,22.27563874802815,19.148542155126762,30.004166377354995,22.54301443906737,56.0,26.5,
8.025784892488453,8.729494924258393,8.78564169540279,9.243376006633074,9.76933979345585,9.797958971132712,9.797958971132712,9.797958971132712,9.797958971132712,9.797958971132712,9.797958971132712,9.797958971132712,25.43127995205904,22.44994432064365,9.364077659504066,52.32590180780452,9.797958971132712,9.797958971132712,8.260750571225353,25.448627724520325,17.10438540258024,40.62216143929321,25.729360660537214,9.797958971132712,
8.025784892488453,8.260750571225353,8.729494924258393,8.78564169540279,9.243376006633074,9.364077659504066,9.76933979345585,9.797958971132712,9.797958971132712,9.797958971132712,9.797958971132712,9.797958971132712,9.797958971132712,12.869835005205955,21.01586702153082,17.416857890432198,31.212978070027216,19.299994712910348,12.026637102698327,21.92007746150472,9.797958971132712,13.853460482743609,17.10438540258024,40.40111384603152,
8.025784892488453,8.260750571225353,8.729494924258393,8.78564169540279,9.243376006633074,9.364077659504066,9.76933979345585,9.797958971132712,9.797958971132712,9.797958971132712,9.797958971132712,9.797958971132712,36.12016980395672,31.862987932709636,25.298221281347036,9.364077659504066,11.056219968868204,24.944018955105314,27.189152248645048,20.912516188477497,14.094916341243982,27.189152248645048,18.41361519337786,25.839649765428323,
8.025784892488453,8.260750571225353,8.729494924258393,8.78564169540279,9.243376006633074,9.364077659504066,9.364077659504066,9.76933979345585,9.797958971132712,9.797958971132712,9.797958971132712,9.797958971132712,55.0,25.182533629482162,50.91823510950342,22.77425447005163,17.135927170713583,13.925457527382676,20.8246648632497,27.189152248645048,10.0,8.025784892488453,31.26099806468117,24.741867350707384,
8.025784892488453,8.025784892488453,8.260750571225353,8.729494924258393,8.78564169540279,9.243376006633074,9.364077659504066,9.364077659504066,9.76933979345585,9.797958971132712,9.797958971132712,9.797958971132712,11.86029791643813,20.163333057805698,23.459184413217212,10.403845442911962,20.72036035722674,23.37006632425334,18.423829677892705,9.850888284819801,8.249217343291393,8.260750571225353,27.735356496717326,23.421357774475844,
8.025784892488453,8.025784892488453,8.249217343291393,8.260750571225353,8.260750571225353,8.729494924258393,8.78564169540279,9.243376006633074,9.364077659504066,9.364077659504066,9.76933979345585,9.797958971132712,9.134549797335389,24.385788210895843,25.20634840670104,9.030811456096044,9.104333522498441,8.771402396424417,25.182533629482162,12.970050972229146,28.313718700775894,18.85028735413159,24.623836689950114,20.480173339110195,
8.025784892488453,8.025784892488453,8.249217343291393,8.260750571225353,8.260750571225353,8.729494924258393,8.771402396424417,8.78564169540279,9.030811456096044,9.104333522498441,9.134549797335389,9.243376006633074,8.729494924258393,12.219750981488403,13.348689074212494,19.145756710038913,15.154757228892407,18.601075237738275,21.769666220384245,21.393145319626722,9.498537899183338,9.167856171257244,32.802438933713454,10.530379332620877,
8.025784892488453,8.025784892488453,8.249217343291393,8.260750571225353,8.260750571225353,8.729494924258393,8.729494924258393,8.771402396424417,8.78564169540279,9.030811456096044,9.104333522498441,9.134549797335389,21.985449733858072,34.59407463713981,25.1745903640953,40.62216143929321,47.42010825237187,27.825348155953055,12.797569213634977,22.32845717912458,8.52027237371635,25.92296279363144,9.99999999E8,18.506479835948472,
8.025784892488453,8.025784892488453,8.249217343291393,8.260750571225353,8.260750571225353,8.52027237371635,8.729494924258393,8.729494924258393,8.771402396424417,8.78564169540279,9.030811456096044,9.104333522498441,7.863841300535,7.75134396948899,23.395726105423616,50.91823510950342,23.46860690803955,15.223665787188052,27.189152248645048,20.519776423971972,20.337960887493725,8.180260794538684,11.990737165736633,8.52027237371635,
7.75134396948899,7.863841300535,8.025784892488453,8.025784892488453,8.180260794538684,8.249217343291393,8.260750571225353,8.260750571225353,8.52027237371635,8.52027237371635,8.729494924258393,8.729494924258393,22.678918257565403,9.441424461794341,20.915006574227988,21.591759577038946,7.477858473315658,23.480488353808433,27.518175811634027,21.571901603138983,23.998697881343478,27.189152248645048,19.291448882859992,13.745453793891274,
7.477858473315658,7.75134396948899,7.863841300535,8.025784892488453,8.025784892488453,8.180260794538684,8.249217343291393,8.260750571225353,8.260750571225353,8.52027237371635,8.52027237371635,8.729494924258393,17.925772879665004,23.71834732859775,21.103554203024665,15.223665787188052,12.459534501738016,19.815818596935802,23.285276069496216,6.6332495807108,21.460661685977907,24.12985702402731,10.0,18.33684814792335,
6.6332495807108,7.477858473315658,7.75134396948899,7.863841300535,8.025784892488453,8.025784892488453,8.180260794538684,8.249217343291393,8.260750571225353,8.260750571225353,8.52027237371635,8.52027237371635,37.886145224870795,17.07161386629864,28.313718700775894,7.863841300535,8.52027237371635,14.943972498957121,7.453559924999299,9.478396488858229,28.384267943117127,17.10438540258024,24.944018955105314,8.52027237371635,
6.6332495807108,7.453559924999299,7.477858473315658,7.75134396948899,7.863841300535,7.863841300535,8.025784892488453,8.025784892488453,8.180260794538684,8.249217343291393,8.260750571225353,8.260750571225353,30.75971391284386,10.249937779801199,10.565635478343196,9.092121131323903,20.519776423971972,12.27912291265676,32.01952529317073,20.896570691543307,7.411983540186797,6.582805886043833,7.677076266392044,8.604649905719581,
6.582805886043833,6.6332495807108,7.411983540186797,7.453559924999299,7.477858473315658,7.677076266392044,7.75134396948899,7.863841300535,7.863841300535,8.025784892488453,8.025784892488453,8.180260794538684,12.970050972229146,27.37243138634199,16.451950239004088,9.345230512584124,30.11577659632904,8.666666666666666,31.212978070027216,7.911702808012574,11.707314999170217,8.406346808612328,22.631926158253812,21.608736659046034,
6.582805886043833,6.6332495807108,7.411983540186797,7.453559924999299,7.477858473315658,7.677076266392044,7.75134396948899,7.863841300535,7.863841300535,7.911702808012574,8.025784892488453,8.025784892488453,10.530379332620877,29.64051281607658,18.423829677892705,35.10783388362204,17.304334717058616,7.411983540186797,7.411983540186797,7.74916684404585,8.569568250501305,30.735430152621365,7.171994143890526,14.943972498957121,
6.582805886043833,6.6332495807108,7.171994143890526,7.411983540186797,7.411983540186797,7.411983540186797,7.453559924999299,7.477858473315658,7.677076266392044,7.74916684404585,7.75134396948899,7.863841300535,13.445278360974223,7.453559924999299,47.42010825237187,32.80751946327752,23.295206946208197,9.46337971105226,10.498677165349081,16.438716645732345,22.686266036231405,23.249946236496978,22.85082055419455,48.11098280711657,
6.582805886043833,6.6332495807108,7.171994143890526,7.411983540186797,7.411983540186797,7.411983540186797,7.453559924999299,7.453559924999299,7.477858473315658,7.677076266392044,7.74916684404585,7.75134396948899,7.477858473315658,20.620075169601105,12.806248474865697,19.497692171126303,22.5,5.912698199637793,8.052328855678958,23.46628787573072,13.327890045360688,19.53629101612347,19.93356312292186,7.972173828734266,
5.912698199637793,6.582805886043833,6.6332495807108,7.171994143890526,7.411983540186797,7.411983540186797,7.411983540186797,7.453559924999299,7.453559924999299,7.477858473315658,7.477858473315658,7.677076266392044,8.296987405076615,14.905032707109367,14.455448799674121,19.390719429665317,7.171994143890526,7.411983540186797,11.731694381513034,21.197805046171887,11.872657663724665,17.10438540258024,15.7797338380595,19.390719429665317,
5.912698199637793,6.582805886043833,6.6332495807108,7.171994143890526,7.171994143890526,7.411983540186797,7.411983540186797,7.411983540186797,7.411983540186797,7.453559924999299,7.453559924999299,7.477858473315658,8.206518066482898,19.390719429665317,12.858730060760674,17.10438540258024,18.94891090510998,18.69082498916274,23.12920232087566,45.43860326491855,24.806450773941847,9.99999999E8,33.95094500402996,8.755950357709132,
5.912698199637793,6.582805886043833,6.6332495807108,7.171994143890526,7.171994143890526,7.411983540186797,7.411983540186797,7.411983540186797,7.411983540186797,7.453559924999299,7.453559924999299,7.477858473315658,7.453559924999299,8.856494791959175,6.514407110397691,21.717888172349234,18.257791180082826,5.848425568702492,7.760297817881877,38.0,8.150920193450553,18.69082498916274,12.686114456365274,22.5905584998099,
5.848425568702492,5.912698199637793,6.514407110397691,6.582805886043833,6.6332495807108,7.171994143890526,7.171994143890526,7.411983540186797,7.411983540186797,7.411983540186797,7.411983540186797,7.453559924999299,7.411983540186797,8.714212528966687,26.419689627245813,20.575065816014618,29.579722784366997,9.067647005823629,13.759844960366863,12.871156384205214,9.678154093971983,9.797958971132712,9.092121131323903,28.717010057919794,
5.848425568702492,5.912698199637793,6.514407110397691,6.582805886043833,6.6332495807108,7.171994143890526,7.171994143890526,7.411983540186797,7.411983540186797,7.411983540186797,7.411983540186797,7.411983540186797,27.518175811634027,9.051933495115836,20.215505600075073,40.40111384603152,25.92296279363144,7.411983540186797,12.735936621727241,7.748548251124206,26.0,13.079037597996114,28.2724836781867,27.518175811634027,
5.848425568702492,5.912698199637793,6.514407110397691,6.582805886043833,6.6332495807108,7.171994143890526,7.171994143890526,7.411983540186797,7.411983540186797,7.411983540186797,7.411983540186797,7.411983540186797,17.99826380515632,28.138230221533124,9.797958971132712,9.848857801796104,27.18381871628782,22.301569451498253,10.36018017861337,8.843307166024092,12.968712349342937,9.568466729604882,23.76446927663229,35.11353015576759,
5.848425568702492,5.912698199637793,6.514407110397691,6.582805886043833,6.6332495807108,7.171994143890526,7.171994143890526,7.411983540186797,7.411983540186797,7.411983540186797,7.411983540186797,7.411983540186797,8.981462390204987,12.745097096530886,10.0,7.171994143890526,23.094010767585033,8.066053836281773,12.858730060760674,18.51125783588643,18.40289832245635,9.478396488858229,6.514407110397691,18.257791180082826,
5.848425568702492,5.912698199637793,6.514407110397691,6.514407110397691,6.582805886043833,6.6332495807108,7.171994143890526,7.171994143890526,7.171994143890526,7.411983540186797,7.411983540186797,7.411983540186797,7.171994143890526,10.628264204469138,56.0,12.013880860626733,16.792855623746664,9.377499666755526,42.62237284181474,13.182479955523458,8.46684711093805,30.78571097116323,20.85665361461421,19.087517736293876,
5.848425568702492,5.912698199637793,6.514407110397691,6.514407110397691,6.582805886043833,6.6332495807108,7.171994143890526,7.171994143890526,7.171994143890526,7.171994143890526,7.411983540186797,7.411983540186797,7.189294152642744,22.815784010197852,25.184320518926057,8.487638069569178,7.171994143890526,9.848857801796104,10.1762250149825,12.68857754044952,20.09975124224178,8.066053836281773,27.53179979587241,44.23516700544941,
5.848425568702492,5.912698199637793,6.514407110397691,6.514407110397691,6.582805886043833,6.6332495807108,7.171994143890526,7.171994143890526,7.171994143890526,7.171994143890526,7.171994143890526,7.189294152642744,56.0,17.942083695795727,12.68857754044952,30.735430152621365,7.302967433402215,8.788629017087933,19.270011243726177,17.061978522759638,34.71829488900629,18.614236377524794,15.223665787188052,15.844911627705468,
5.848425568702492,5.912698199637793,6.514407110397691,6.514407110397691,6.582805886043833,6.6332495807108,7.171994143890526,7.171994143890526,7.171994143890526,7.171994143890526,7.171994143890526,7.189294152642744,17.893015397076034,28.077274321652617,21.64871050817269,20.350921355064003,9.160696881075083,38.52596527019148,7.812809993849844,6.514407110397691,20.706279240848655,5.912698199637793,7.814168189244196,19.270011243726177,
5.848425568702492,5.912698199637793,5.912698199637793,6.514407110397691,6.514407110397691,6.514407110397691,6.582805886043833,6.6332495807108,7.171994143890526,7.171994143890526,7.171994143890526,7.171994143890526,6.931089380465383,7.171994143890526,9.451048304266928,8.793937305515279,10.692676621563626,9.797958971132712,14.688771221582833,22.32845717912458,9.797958971132712,8.242420760917268,12.360239083613296,8.0583807306431,
5.848425568702492,5.912698199637793,5.912698199637793,6.514407110397691,6.514407110397691,6.514407110397691,6.582805886043833,6.6332495807108,6.931089380465383,7.171994143890526,7.171994143890526,7.171994143890526,22.346364357541475,18.49103478302225,31.212978070027216,5.848425568702492,6.514407110397691,21.103554203024665,8.8109393972053,21.64871050817269,15.118200951171406,31.052375110448477,9.29998902786274,19.225832961440826,
5.848425568702492,5.848425568702492,5.912698199637793,5.912698199637793,6.514407110397691,6.514407110397691,6.514407110397691,6.514407110397691,6.582805886043833,6.6332495807108,6.931089380465383,7.171994143890526,28.071337695236398,12.351518125315609,20.38790491116404,18.90326250501043,5.912698199637793,18.86160120456373,21.523243250030884,6.13454587245254,21.103554203024665,23.76446927663229,12.162169516453009,7.760297817881877,
5.848425568702492,5.848425568702492,5.912698199637793,5.912698199637793,5.912698199637793,6.13454587245254,6.514407110397691,6.514407110397691,6.514407110397691,6.514407110397691,6.582805886043833,6.6332495807108,20.706279240848655,10.0,40.40111384603152,28.74021572639983,10.0,8.39270516579726,25.16445906432324,8.32666399786453,14.11854572303158,16.485144827995903,44.791182167922294,10.628264204469138,
5.848425568702492,5.848425568702492,5.912698199637793,5.912698199637793,5.912698199637793,6.13454587245254,6.514407110397691,6.514407110397691,6.514407110397691,6.514407110397691,6.582805886043833,6.6332495807108,22.073740054644116,42.62237284181474,8.42852300228219,20.43917806566595,5.848425568702492,6.514407110397691,16.12198397676101,20.706279240848655,10.307764064044152,6.417748826496718,19.518196638009364,51.62040940041707,
5.848425568702492,5.848425568702492,5.848425568702492,5.912698199637793,5.912698199637793,5.912698199637793,6.13454587245254,6.417748826496718,6.514407110397691,6.514407110397691,6.514407110397691,6.514407110397691,18.967340351245877,47.42010825237187,21.64871050817269,30.75971391284386,7.180219742846005,8.708616422830897,12.735936621727241,33.826764551165695,19.252705437591537,7.512951779723097,30.11577659632904,9.797958971132712,
5.848425568702492,5.848425568702492,5.848425568702492,5.912698199637793,5.912698199637793,5.912698199637793,6.13454587245254,6.417748826496718,6.514407110397691,6.514407110397691,6.514407110397691,6.514407110397691,27.518175811634027,20.92048437935094,7.8859051477937525,8.981462390204987,7.552483035399683,8.339997335464536,15.025311976794358,8.257572282456872,5.848425568702492,19.79898987322333,42.62237284181474,7.211102550927979,
5.848425568702492,5.848425568702492,5.848425568702492,5.848425568702492,5.912698199637793,5.912698199637793,5.912698199637793,6.13454587245254,6.417748826496718,6.514407110397691,6.514407110397691,6.514407110397691,30.834234221073174,7.302967433402215,25.184320518926057,23.99499947905813,19.043809142780933,10.0,23.76446927663229,24.12985702402731,7.515969393123375,9.377499666755526,27.110145702301196,6.417748826496718,
5.848425568702492,5.848425568702492,5.848425568702492,5.848425568702492,5.912698199637793,5.912698199637793,5.912698199637793,6.13454587245254,6.417748826496718,6.417748826496718,6.514407110397691,6.514407110397691,7.888688418151505,19.45079261452688,10.307764064044152,18.092731655985787,22.819947414488052,30.834234221073174,21.39902725235282,9.66091783079296,21.103554203024665,4.041451884327381,4.041451884327381,44.791182167922294,
4.041451884327381,4.041451884327381,5.848425568702492,5.848425568702492,5.848425568702492,5.848425568702492,5.912698199637793,5.912698199637793,5.912698199637793,6.13454587245254,6.417748826496718,6.417748826496718,18.967340351245877,19.252705437591537,8.039900496896713,19.1637678967368,10.307764064044152,20.113676938839404,22.005681084665387,15.652475842498529,6.99205898780101,45.43860326491855,19.548913013259842,10.307764064044152,
4.041451884327381,4.041451884327381,5.848425568702492,5.848425568702492,5.848425568702492,5.848425568702492,5.912698199637793,5.912698199637793,5.912698199637793,6.13454587245254,6.417748826496718,6.417748826496718,51.62040940041707,21.690776747695487,18.967340351245877,8.793937305515279,7.483314773547883,30.11577659632904,25.1745903640953,19.95828983989694,32.01952529317073,18.390325762004682,10.0,5.848425568702492,
4.041451884327381,4.041451884327381,5.848425568702492,5.848425568702492,5.848425568702492,5.848425568702492,5.848425568702492,5.912698199637793,5.912698199637793,5.912698199637793,6.13454587245254,6.417748826496718,10.0,7.515969393123375,25.08704845134238,5.848425568702492,13.009611831257688,7.234178138070235,8.066053836281773,12.106196760337244,24.385788210895843,18.614236377524794,21.80022935659164,21.383404780343096,
4.041451884327381,4.041451884327381,5.848425568702492,5.848425568702492,5.848425568702492,5.848425568702492,5.848425568702492,5.848425568702492,5.912698199637793,5.912698199637793,5.912698199637793,6.13454587245254,25.852143689321654,22.242976419535225,19.26032190800559,42.62237284181474,7.767453465154029,56.0,17.511900715418264,29.43739118875856,40.62216143929321,28.349015268024154,30.834234221073174,19.79898987322333,
4.041451884327381,4.041451884327381,5.848425568702492,5.848425568702492,5.848425568702492,5.848425568702492,5.848425568702492,5.848425568702492,5.912698199637793,5.912698199637793,5.912698199637793,6.13454587245254,14.696938456699069,10.692676621563626,5.848425568702492,13.377593206552515,8.066053836281773,11.070682002478438,4.041451884327381,7.6000000000000005,22.242976419535225,9.797958971132712,19.84338680769994,22.26566864030811,
4.041451884327381,4.041451884327381,4.041451884327381,5.848425568702492,5.848425568702492,5.848425568702492,5.848425568702492,5.848425568702492,5.848425568702492,5.848425568702492,5.912698199637793,5.912698199637793,7.171994143890526,13.736356867816154,8.39270516579726,19.671298889498885,19.26032190800559,10.628264204469138,24.12985702402731,5.848425568702492,33.95094500402996,21.766028576660467,20.87486526902629,10.628264204469138,
4.041451884327381,4.041451884327381,4.041451884327381,5.848425568702492,5.848425568702492,5.848425568702492,5.848425568702492,5.848425568702492,5.848425568702492,5.848425568702492,5.848425568702492,5.912698199637793,8.066053836281773,19.84338680769994,23.76446927663229,8.540345426269361,30.735430152621365,25.184320518926057,19.47716611830376,7.2571803523590805,7.949056547792323,8.843307166024092,19.139836293274122,24.682990094394967,
4.041451884327381,4.041451884327381,4.041451884327381,5.848425568702492,5.848425568702492,5.848425568702492,5.848425568702492,5.848425568702492,5.848425568702492,5.848425568702492,5.848425568702492,5.912698199637793,22.522211259110417,5.848425568702492,7.378177281686853,7.241374178980119,18.108516431418085,18.257791180082826,5.848425568702492,18.86160120456373,4.358898943540674,7.92148975887743,9.01041064547005,28.20017730440715,
4.041451884327381,4.041451884327381,4.041451884327381,4.358898943540674,5.848425568702492,5.848425568702492,5.848425568702492,5.848425568702492,5.848425568702492,5.848425568702492,5.848425568702492,5.848425568702492,5.848425568702492,29.43739118875856,5.848425568702492,5.848425568702492,30.44256887977754,7.302967433402215,16.968157452915705,7.185586479976738,22.301569451498253,11.080411102665895,22.830900113661748,23.172397372736384,
4.041451884327381,4.041451884327381,4.041451884327381,4.358898943540674,5.848425568702492,5.848425568702492,5.848425568702492,5.848425568702492,5.848425568702492,5.848425568702492,5.848425568702492,5.848425568702492,10.307764064044152,22.32845717912458,16.859715300087366,22.95560933628206,25.0,7.185586479976738,19.26032190800559,26.0,5.848425568702492,19.548913013259842,5.848425568702492,19.548913013259842,
4.041451884327381,4.041451884327381,4.041451884327381,4.358898943540674,5.848425568702492,5.848425568702492,5.848425568702492,5.848425568702492,5.848425568702492,5.848425568702492,5.848425568702492,5.848425568702492,8.066053836281773,30.44256887977754,19.291448882859992,22.005681084665387,25.184320518926057,19.84338680769994,9.676396698214914,10.0,17.10438540258024,26.0,9.797958971132712,21.439045059452262,
4.041451884327381,4.041451884327381,4.041451884327381,4.358898943540674,5.848425568702492,5.848425568702492,5.848425568702492,5.848425568702492,5.848425568702492,5.848425568702492,5.848425568702492,5.848425568702492,8.069145624606803,30.11577659632904,7.031180555212616,5.848425568702492,17.900768139943047,10.628264204469138,10.628264204469138,10.961751684835777,21.949031869310318,5.848425568702492,29.43739118875856,18.86160120456373,
4.041451884327381,4.041451884327381,4.041451884327381,4.358898943540674,5.848425568702492,5.848425568702492,5.848425568702492,5.848425568702492,5.848425568702492,5.848425568702492,5.848425568702492,5.848425568702492,8.171628369185767,17.10438540258024,5.848425568702492,5.848425568702492,12.871156384205214,23.76446927663229,26.770630673681683,6.703543838895961,17.45470328211473,22.992752481307377,10.0,13.905394636614956,
4.041451884327381,4.041451884327381,4.041451884327381,4.358898943540674,5.848425568702492,5.848425568702492,5.848425568702492,5.848425568702492,5.848425568702492,5.848425568702492,5.848425568702492,5.848425568702492,7.234178138070235,30.11577659632904,7.46845216746936,22.242976419535225,5.848425568702492,7.302967433402215,22.242976419535225,10.961751684835777,23.339880033967614,23.76446927663229,18.86160120456373,19.689252567496478,
4.041451884327381,4.041451884327381,4.041451884327381,4.358898943540674,5.848425568702492,5.848425568702492,5.848425568702492,5.848425568702492,5.848425568702492,5.848425568702492,5.848425568702492,5.848425568702492,7.949056547792323,9.797958971132712,4.932882862316247,4.041451884327381,38.49675310984031,22.242976419535225,8.662563131083086,19.26032190800559,30.11577659632904,7.031180555212616,6.782329983125268,18.6748493969831,
4.041451884327381,4.041451884327381,4.041451884327381,4.041451884327381,4.358898943540674,4.932882862316247,5.848425568702492,5.848425568702492,5.848425568702492,5.848425568702492,5.848425568702492,5.848425568702492,5.848425568702492,9.092121131323903,13.905394636614956,22.346364357541475,8.378787599208675,23.76446927663229,12.013880860626733,30.834234221073174,8.602325267042627,21.354156504062622,21.103554203024665,14.317821063276353,
4.041451884327381,4.041451884327381,4.041451884327381,4.041451884327381,4.358898943540674,4.932882862316247,5.848425568702492,5.848425568702492,5.848425568702492,5.848425568702492,5.848425568702492,5.848425568702492,7.859884081701064,22.992752481307377,22.992752481307377,16.062378404209014,15.07802834509573,9.797958971132712,26.993826454703797,22.242976419535225,33.915335764223244,6.496466857658327,4.041451884327381,7.505553499465135,
4.041451884327381,4.041451884327381,4.041451884327381,4.041451884327381,4.041451884327381,4.358898943540674,4.932882862316247,5.848425568702492,5.848425568702492,5.848425568702492,5.848425568702492,5.848425568702492,10.628264204469138,5.131601439446884,7.693341276714559,18.6748493969831,19.548913013259842,21.354156504062622,12.871156384205214,8.940777371123833,22.242976419535225,7.411983540186797,10.0,5.455272678794342,
4.041451884327381,4.041451884327381,4.041451884327381,4.041451884327381,4.041451884327381,4.358898943540674,4.932882862316247,5.131601439446884,5.455272678794342,5.848425568702492,5.848425568702492,5.848425568702492,18.887826767524103,17.018597270669066,21.885154785835994,4.358898943540674,35.11353015576759,21.095023109728988,9.797958971132712,4.358898943540674,5.848425568702492,19.84338680769994,42.62237284181474,23.71834732859775,
4.041451884327381,4.041451884327381,4.041451884327381,4.041451884327381,4.041451884327381,4.358898943540674,4.358898943540674,4.358898943540674,4.932882862316247,5.131601439446884,5.455272678794342,5.848425568702492,8.39270516579726,21.103554203024665,20.524375751773793,5.066228051190222,22.139557357815445,14.534441853748634,55.0,11.503622617824933,29.64051281607658,7.41057802513857,5.131601439446884,16.401219466856727,
4.041451884327381,4.041451884327381,4.041451884327381,4.041451884327381,4.041451884327381,4.358898943540674,4.358898943540674,4.358898943540674,4.932882862316247,5.066228051190222,5.131601439446884,5.131601439446884,6.703543838895961,21.946905628508695,21.460661685977907,32.30108357315587,20.113676938839404,7.399324293474371,7.411983540186797,7.234178138070235,4.041451884327381,8.137703743822469,23.480488353808433,9.626352718795768,
4.041451884327381,4.041451884327381,4.041451884327381,4.041451884327381,4.041451884327381,4.041451884327381,4.358898943540674,4.358898943540674,4.358898943540674,4.932882862316247,5.066228051190222,5.131601439446884,34.76588366008646,4.358898943540674,22.06052281036573,7.428828979051813,12.666392540893401,24.12985702402731,19.841034919244173,7.703696435835864,5.912698199637793,4.358898943540674,6.496466857658327,10.777754868245983,
4.041451884327381,4.041451884327381,4.041451884327381,4.041451884327381,4.041451884327381,4.041451884327381,4.358898943540674,4.358898943540674,4.358898943540674,4.358898943540674,4.358898943540674,4.932882862316247,9.746794344808963,4.041451884327381,4.358898943540674,27.518175811634027,24.019991673603887,34.267331381360876,7.484896033950856,16.194134740701646,25.92296279363144,30.44256887977754,8.039900496896713,21.64871050817269,
4.041451884327381,4.041451884327381,4.041451884327381,4.041451884327381,4.041451884327381,4.041451884327381,4.041451884327381,4.358898943540674,4.358898943540674,4.358898943540674,4.358898943540674,4.358898943540674,22.940139493908923,4.041451884327381,20.951372270092477,14.696938456699069,29.43739118875856,10.686630976722883,24.11776661854631,13.422369388450015,35.80851853958776,19.46215584677303,38.49675310984031,7.703696435835864,
4.041451884327381,4.041451884327381,4.041451884327381,4.041451884327381,4.041451884327381,4.041451884327381,4.041451884327381,4.041451884327381,4.358898943540674,4.358898943540674,4.358898943540674,4.358898943540674,11.704699910719626,29.64051281607658,4.041451884327381,32.208073522022396,6.496466857658327,15.002040677514374,24.061587645041215,33.04920573932148,13.808210118138652,38.49675310984031,3.5118845842842465,6.496466857658327,
3.5118845842842465,4.041451884327381,4.041451884327381,4.041451884327381,4.041451884327381,4.041451884327381,4.041451884327381,4.041451884327381,4.041451884327381,4.041451884327381,4.358898943540674,4.358898943540674,25.839246635044656,13.079037597996113,22.992752481307377,4.041451884327381,13.133537068069948,4.041451884327381,21.80022935659164,10.011992808627062,18.90326250501043,25.102987869972768,56.0,4.041451884327381,
3.5118845842842465,4.041451884327381,4.041451884327381,4.041451884327381,4.041451884327381,4.041451884327381,4.041451884327381,4.041451884327381,4.041451884327381,4.041451884327381,4.041451884327381,4.041451884327381,12.968712349342937,8.378787599208675,21.80022935659164,40.40111384603152,24.12985702402731,22.992752481307377,34.76588366008646,18.606560177331357,37.886145224870795,24.12985702402731,19.507947098554478,10.684568311354464,
3.5118845842842465,4.041451884327381,4.041451884327381,4.041451884327381,4.041451884327381,4.041451884327381,4.041451884327381,4.041451884327381,4.041451884327381,4.041451884327381,4.041451884327381,4.041451884327381,8.13557004763649,33.95094500402996,27.189152248645048,4.48998886412873,10.0,9.092121131323903,7.644442425710328,21.354156504062622,12.609520212918492,48.11098280711657,7.51248960065836,4.041451884327381,
3.5118845842842465,4.041451884327381,4.041451884327381,4.041451884327381,4.041451884327381,4.041451884327381,4.041451884327381,4.041451884327381,4.041451884327381,4.041451884327381,4.041451884327381,4.041451884327381,7.92148975887743,9.283722313813572,5.131601439446884,30.11577659632904,30.11577659632904,5.994789404140899,10.628264204469138,4.041451884327381,4.041451884327381,8.241260058203405,24.12985702402731,19.548913013259842,
3.5118845842842465,4.041451884327381,4.041451884327381,4.041451884327381,4.041451884327381,4.041451884327381,4.041451884327381,4.041451884327381,4.041451884327381,4.041451884327381,4.041451884327381,4.041451884327381,20.524375751773793,28.20017730440715,4.041451884327381,6.013318551349164,10.628264204469138,23.37006632425334,4.041451884327381,18.382556061302758,22.34576768279249,20.524375751773793,15.844911627705468,14.696938456699069,
3.5118845842842465,4.041451884327381,4.041451884327381,4.041451884327381,4.041451884327381,4.041451884327381,4.041451884327381,4.041451884327381,4.041451884327381,4.041451884327381,4.041451884327381,4.041451884327381,4.041451884327381,27.379420246988882,7.774155902733106,22.940139493908923,20.524375751773793,10.628264204469138,9.91631652042901,21.047565179849187,20.524375751773793,4.041451884327381,22.242976419535225,9.99999999E8,
3.5118845842842465,4.041451884327381,4.041451884327381,4.041451884327381,4.041451884327381,4.041451884327381,4.041451884327381,4.041451884327381,4.041451884327381,4.041451884327381,4.041451884327381,4.041451884327381,10.628264204469138,7.393691004272944,8.171628369185767,18.86160120456373,9.255628917943215,21.01586702153082,7.125693664765672,5.912698199637793,8.13557004763649,5.848425568702492,7.6000000000000005,4.041451884327381,
3.5118845842842465,4.041451884327381,4.041451884327381,4.041451884327381,4.041451884327381,4.041451884327381,4.041451884327381,4.041451884327381,4.041451884327381,4.041451884327381,4.041451884327381,4.041451884327381,25.639032743065798,30.834234221073174,13.079037597996113,17.10438540258024,21.523243250030884,10.628264204469138,4.041451884327381,10.628264204469138,19.548913013259842,30.11577659632904,7.125693664765672,21.80022935659164,
3.5118845842842465,4.041451884327381,4.041451884327381,4.041451884327381,4.041451884327381,4.041451884327381,4.041451884327381,4.041451884327381,4.041451884327381,4.041451884327381,4.041451884327381,4.041451884327381,7.644442425710328,22.992752481307377,4.041451884327381,7.4456363059177155,9.255628917943215,22.480213522117623,4.041451884327381,18.545552027373034,8.206518066482898,18.887826767524103,5.912698199637793,15.904716281656833,
3.5118845842842465,4.041451884327381,4.041451884327381,4.041451884327381,4.041451884327381,4.041451884327381,4.041451884327381,4.041451884327381,4.041451884327381,4.041451884327381,4.041451884327381,4.041451884327381,19.252705437591537,11.093296376181243,9.938586931957763,4.041451884327381,8.315076419839361,30.7625313219399,30.11577659632904,18.267115262131565,56.0,22.242976419535225,5.446711546122731,14.817407180595245,
3.5118845842842465,4.041451884327381,4.041451884327381,4.041451884327381,4.041451884327381,4.041451884327381,4.041451884327381,4.041451884327381,4.041451884327381,4.041451884327381,4.041451884327381,4.041451884327381,11.146748404803978,7.023769168568493,4.041451884327381,19.548913013259842,28.307831660749528,4.041451884327381,22.06052281036573,7.930251502246879,20.87486526902629,7.505553499465135,18.227726133558185,6.496466857658327,
3.5118845842842465,4.041451884327381,4.041451884327381,4.041451884327381,4.041451884327381,4.041451884327381,4.041451884327381,4.041451884327381,4.041451884327381,4.041451884327381,4.041451884327381,4.041451884327381,13.009611831257688,6.839262402049042,38.61023180453596,12.26104943849968,8.498365855987975,23.76446927663229,30.11577659632904,4.041451884327381,10.0,8.806563209081938,13.379088160259652,26.0,
3.5118845842842465,4.041451884327381,4.041451884327381,4.041451884327381,4.041451884327381,4.041451884327381,4.041451884327381,4.041451884327381,4.041451884327381,4.041451884327381,4.041451884327381,4.041451884327381,4.041451884327381,30.44256887977754,20.524375751773793,7.505553499465135,8.8109393972053,22.005681084665387,13.111764463524304,7.51248960065836,22.830900113661748,15.115878933041483,4.041451884327381,7.6000000000000005,
3.5118845842842465,4.041451884327381,4.041451884327381,4.041451884327381,4.041451884327381,4.041451884327381,4.041451884327381,4.041451884327381,4.041451884327381,4.041451884327381,4.041451884327381,4.041451884327381,9.2228642237537,7.185586479976738,10.961751684835777,20.42939059296679,6.496466857658327,14.083086782851739,40.40111384603152,21.55365398256175,42.62237284181474,8.49470423263812,21.855586623714007,4.041451884327381,
3.5118845842842465,4.041451884327381,4.041451884327381,4.041451884327381,4.041451884327381,4.041451884327381,4.041451884327381,4.041451884327381,4.041451884327381,4.041451884327381,4.041451884327381,4.041451884327381,7.505553499465135,9.797958971132712,21.885154785835994,25.79244075305786,4.041451884327381,18.296174463531987,4.041451884327381,30.834234221073174,33.29038900343461,5.848425568702492,10.0,8.171628369185767,
3.5118845842842465,4.041451884327381,4.041451884327381,4.041451884327381,4.041451884327381,4.041451884327381,4.041451884327381,4.041451884327381,4.041451884327381,4.041451884327381,4.041451884327381,4.041451884327381,4.041451884327381,18.0208212909401,26.0,7.515969393123375,7.505553499465135,20.524375751773793,21.103554203024665,21.766028576660467,30.11577659632904,4.041451884327381,4.041451884327381,4.041451884327381,
3.5118845842842465,4.041451884327381,4.041451884327381,4.041451884327381,4.041451884327381,4.041451884327381,4.041451884327381,4.041451884327381,4.041451884327381,4.041451884327381,4.041451884327381,4.041451884327381,4.041451884327381,22.242976419535225,24.046829312822098,8.181534085976786,10.628264204469138,20.524375751773793,19.949937343260004,20.445048300260872,21.01586702153082,4.041451884327381,8.339997335464536,8.8109393972053,
3.5118845842842465,4.041451884327381,4.041451884327381,4.041451884327381,4.041451884327381,4.041451884327381,4.041451884327381,4.041451884327381,4.041451884327381,4.041451884327381,4.041451884327381,4.041451884327381,6.703543838895961,8.241260058203405,19.84338680769994,55.0,24.23324163210527,37.13825520941984,18.660227266372,3.5118845842842465,22.992752481307377,22.830900113661748,5.229430062206608,26.0,
3.5118845842842465,3.5118845842842465,4.041451884327381,4.041451884327381,4.041451884327381,4.041451884327381,4.041451884327381,4.041451884327381,4.041451884327381,4.041451884327381,4.041451884327381,4.041451884327381,22.830900113661748,7.125693664765672,28.20017730440715,6.027713773341708,22.20923231451281,21.084591530309524,34.76588366008646,7.234178138070235,22.301569451498253,19.291448882859992,20.524375751773793,20.524375751773793,
3.5118845842842465,3.5118845842842465,4.041451884327381,4.041451884327381,4.041451884327381,4.041451884327381,4.041451884327381,4.041451884327381,4.041451884327381,4.041451884327381,4.041451884327381,4.041451884327381,18.227726133558185,7.814168189244196,4.041451884327381,20.524375751773793,19.71739105977466,5.912698199637793,4.041451884327381,34.76588366008646,5.848425568702492,21.354156504062622,6.496466857658327,4.041451884327381,
3.5118845842842465,3.5118845842842465,4.041451884327381,4.041451884327381,4.041451884327381,4.041451884327381,4.041451884327381,4.041451884327381,4.041451884327381,4.041451884327381,4.041451884327381,4.041451884327381,18.382556061302758,10.961751684835777,22.005681084665387,7.6000000000000005,22.242976419535225,42.62237284181474,23.542514733987108,3.872983346207417,4.041451884327381,19.84338680769994,8.362864341838865,33.95094500402996,
3.5118845842842465,3.5118845842842465,3.872983346207417,4.041451884327381,4.041451884327381,4.041451884327381,4.041451884327381,4.041451884327381,4.041451884327381,4.041451884327381,4.041451884327381,4.041451884327381,7.980444849756184,8.39270516579726,8.64728340024089,4.041451884327381,7.977007776179267,10.0,4.041451884327381,23.54909764725604,37.13825520941984,20.524375751773793,7.644442425710328,4.041451884327381,
3.5118845842842465,3.5118845842842465,3.872983346207417,4.041451884327381,4.041451884327381,4.041451884327381,4.041451884327381,4.041451884327381,4.041451884327381,4.041451884327381,4.041451884327381,4.041451884327381,42.62237284181474,4.041451884327381,4.041451884327381,19.252705437591537,21.354156504062622,10.628264204469138,26.161756439505357,21.460661685977907,4.041451884327381,4.041451884327381,21.103554203024665,48.11098280711657,
3.5118845842842465,3.5118845842842465,3.872983346207417,4.041451884327381,4.041451884327381,4.041451884327381,4.041451884327381,4.041451884327381,4.041451884327381,4.041451884327381,4.041451884327381,4.041451884327381,19.548913013259842,6.272713828600042,5.94532915619566,4.041451884327381,23.99499947905813,8.49470423263812,38.49675310984031,22.549718311286448,48.14561246884289,10.328964130056798,10.628264204469138,19.548913013259842,
3.5118845842842465,3.5118845842842465,3.872983346207417,4.041451884327381,4.041451884327381,4.041451884327381,4.041451884327381,4.041451884327381,4.041451884327381,4.041451884327381,4.041451884327381,4.041451884327381,30.735430152621365,4.041451884327381,4.041451884327381,5.848425568702492,7.234178138070235,4.041451884327381,34.76588366008646,8.120190884455857,29.902508255997525,7.234178138070235,26.419689627245813,11.310100235936849,
3.5118845842842465,3.5118845842842465,3.872983346207417,4.041451884327381,4.041451884327381,4.041451884327381,4.041451884327381,4.041451884327381,4.041451884327381,4.041451884327381,4.041451884327381,4.041451884327381,4.041451884327381,18.269586141392963,19.817921182606415,7.8859051477937525,18.00444389588304,18.227726133558185,7.186097689288673,37.13825520941984,4.041451884327381,15.620499351813308,23.033888078220752,12.903092494373874,
3.5118845842842465,3.5118845842842465,3.872983346207417,4.041451884327381,4.041451884327381,4.041451884327381,4.041451884327381,4.041451884327381,4.041451884327381,4.041451884327381,4.041451884327381,4.041451884327381,8.569568250501305,17.340343133859836,21.523243250030884,18.6748493969831,7.6000000000000005,50.91823510950342,6.776309271789384,12.840906856172149,15.67673435381234,19.47716611830376,7.767453465154029,5.3814496188294845,
3.5118845842842465,3.5118845842842465,3.872983346207417,4.041451884327381,4.041451884327381,4.041451884327381,4.041451884327381,4.041451884327381,4.041451884327381,4.041451884327381,4.041451884327381,4.041451884327381,38.49675310984031,19.26032190800559,38.49675310984031,28.20017730440715,5.491812087098393,42.62237284181474,18.234302726410114,19.84338680769994,6.027713773341708,24.763884994079586,7.644442425710328,16.34013463836819,
3.5118845842842465,3.5118845842842465,3.872983346207417,4.041451884327381,4.041451884327381,4.041451884327381,4.041451884327381,4.041451884327381,4.041451884327381,4.041451884327381,4.041451884327381,4.041451884327381,4.041451884327381,20.88444397153058,21.103554203024665,9.99999999E8,3.872983346207417,16.87206764645835,13.009611831257688,9.845684333757609,3.5118845842842465,23.510635891017493,3.5118845842842465,24.763884994079586,
3.5118845842842465,3.5118845842842465,3.5118845842842465,3.5118845842842465,3.872983346207417,3.872983346207417,4.041451884327381,4.041451884327381,4.041451884327381,4.041451884327381,4.041451884327381,4.041451884327381,25.332982453710418,20.36603815679627,10.777754868245983,4.041451884327381,16.859715300087366,13.377593206552515,42.62237284181474,19.908122295518815,21.103554203024665,20.62159062730128,4.041451884327381,13.519449330652549,
3.5118845842842465,3.5118845842842465,3.5118845842842465,3.5118845842842465,3.872983346207417,3.872983346207417,4.041451884327381,4.041451884327381,4.041451884327381,4.041451884327381,4.041451884327381,4.041451884327381,24.06761309311748,9.030811456096044,4.041451884327381,3.5118845842842465,10.628264204469138,14.98888477061141,8.681013765684282,28.077274321652617,22.22970984965841,18.887826767524103,5.994789404140899,22.992752481307377,
3.5118845842842465,3.5118845842842465,3.5118845842842465,3.5118845842842465,3.5118845842842465,3.872983346207417,3.872983346207417,4.041451884327381,4.041451884327381,4.041451884327381,4.041451884327381,4.041451884327381,35.11353015576759,18.887826767524103,14.2828568570857,10.777754868245983,3.5118845842842465,21.084591530309524,9.557559247815847,21.103554203024665,5.94532915619566,5.141740950300783,12.666392540893401,4.041451884327381,
3.5118845842842465,3.5118845842842465,3.5118845842842465,3.5118845842842465,3.5118845842842465,3.5118845842842465,3.872983346207417,3.872983346207417,4.041451884327381,4.041451884327381,4.041451884327381,4.041451884327381,23.37006632425334,18.148278155241066,10.23599092438449,33.514922049737784,35.80851853958776,10.628264204469138,5.606915373001451,11.05667219374799,21.084591530309524,12.556538801224908,18.887826767524103,22.005681084665387,
3.5118845842842465,3.5118845842842465,3.5118845842842465,3.5118845842842465,3.5118845842842465,3.5118845842842465,3.872983346207417,3.872983346207417,4.041451884327381,4.041451884327381,4.041451884327381,4.041451884327381,30.735430152621365,23.76446927663229,3.5118845842842465,9.9498743710662,23.266571155486865,19.817921182606415,5.94532915619566,14.2828568570857,8.181534085976786,7.693341276714559,7.51248960065836,12.780193008453876,
3.5118845842842465,3.5118845842842465,3.5118845842842465,3.5118845842842465,3.5118845842842465,3.5118845842842465,3.5118845842842465,3.872983346207417,3.872983346207417,4.041451884327381,4.041451884327381,4.041451884327381,7.972173828734266,22.992752481307377,20.402205763103165,5.848425568702492,26.419689627245813,40.40111384603152,6.027713773341708,48.11098280711657,34.54345089883175,19.244046698481412,4.358898943540674,7.644442425710328,
3.5118845842842465,3.5118845842842465,3.5118845842842465,3.5118845842842465,3.5118845842842465,3.5118845842842465,3.5118845842842465,3.872983346207417,3.872983346207417,4.041451884327381,4.041451884327381,4.041451884327381,6.027713773341708,6.782329983125268,6.027713773341708,20.337960887493725,22.830900113661748,3.5118845842842465,10.628264204469138,3.872983346207417,8.49470423263812,7.949056547792323,3.872983346207417,20.111931680432075,
3.5118845842842465,3.5118845842842465,3.5118845842842465,3.5118845842842465,3.5118845842842465,3.5118845842842465,3.5118845842842465,3.5118845842842465,3.872983346207417,3.872983346207417,3.872983346207417,3.872983346207417,6.027713773341708,3.5118845842842465,18.887826767524103,13.905394636614956,11.060440015358038,6.027713773341708,22.992752481307377,3.5118845842842465,26.419689627245813,19.72463496467795,22.5,7.693341276714559,
3.5118845842842465,3.5118845842842465,3.5118845842842465,3.5118845842842465,3.5118845842842465,3.5118845842842465,3.5118845842842465,3.5118845842842465,3.5118845842842465,3.5118845842842465,3.872983346207417,3.872983346207417,26.85609800399157,6.289320754704403,25.184320518926057,3.5118845842842465,13.140268896284683,42.62237284181474,14.019985734657507,20.62159062730128,20.524375751773793,14.696938456699069,20.428737928059416,3.5118845842842465,
3.5118845842842465,3.5118845842842465,3.5118845842842465,3.5118845842842465,3.5118845842842465,3.5118845842842465,3.5118845842842465,3.5118845842842465,3.5118845842842465,3.5118845842842465,3.5118845842842465,3.5118845842842465,10.777754868245983,10.0,5.94532915619566,7.959079015533782,13.905394636614956,22.992752481307377,10.628264204469138,23.181026724457222,6.394442031083626,9.72967967955095,3.5118845842842465,3.5118845842842465,
3.5118845842842465,3.5118845842842465,3.5118845842842465,3.5118845842842465,3.5118845842842465,3.5118845842842465,3.5118845842842465,3.5118845842842465,3.5118845842842465,3.5118845842842465,3.5118845842842465,3.5118845842842465,3.5118845842842465,3.5118845842842465,3.5118845842842465,5.848425568702492,18.887826767524103,11.590225767142474,3.5118845842842465,6.013318551349164,16.332482971061076,27.84331158465171,14.905032707109367,3.5118845842842465,
3.5118845842842465,3.5118845842842465,3.5118845842842465,3.5118845842842465,3.5118845842842465,3.5118845842842465,3.5118845842842465,3.5118845842842465,3.5118845842842465,3.5118845842842465,3.5118845842842465,3.5118845842842465,20.524375751773793,13.273563952458284,3.5118845842842465,3.5118845842842465,6.394442031083626,22.830900113661748,21.103554203024665,25.573423705088842,20.252407264322926,3.5118845842842465,24.763884994079586,3.5118845842842465,
3.5118845842842465,3.5118845842842465,3.5118845842842465,3.5118845842842465,3.5118845842842465,3.5118845842842465,3.5118845842842465,3.5118845842842465,3.5118845842842465,3.5118845842842465,3.5118845842842465,3.5118845842842465,4.772369453854305,14.905032707109367,21.103554203024665,12.858730060760674,18.887826767524103,10.628264204469138,3.5118845842842465,27.84331158465171,20.524375751773793,3.5118845842842465,3.5118845842842465,6.027713773341708,
3.5118845842842465,3.5118845842842465,3.5118845842842465,3.5118845842842465,3.5118845842842465,3.5118845842842465,3.5118845842842465,3.5118845842842465,3.5118845842842465,3.5118845842842465,3.5118845842842465,3.5118845842842465,19.043809142780933,20.524375751773793,21.766028576660467,3.5118845842842465,18.887826767524103,3.5118845842842465,18.887826767524103,5.131601439446884,3.5118845842842465,18.993419913222578,10.628264204469138,23.32916629457641,
3.5118845842842465,3.5118845842842465,3.5118845842842465,3.5118845842842465,3.5118845842842465,3.5118845842842465,3.5118845842842465,3.5118845842842465,3.5118845842842465,3.5118845842842465,3.5118845842842465,3.5118845842842465,7.949056547792323,55.0,30.44256887977754,13.100864592126143,3.5118845842842465,18.887826767524103,6.027713773341708,5.887840577551898,7.302967433402215,12.302314366634848,7.959079015533782,20.88444397153058,
3.5118845842842465,3.5118845842842465,3.5118845842842465,3.5118845842842465,3.5118845842842465,3.5118845842842465,3.5118845842842465,3.5118845842842465,3.5118845842842465,3.5118845842842465,3.5118845842842465,3.5118845842842465,18.788294228055936,3.5118845842842465,19.739976359323904,7.996092795859738,10.047885349664377,11.310100235936849,9.315337363943488,42.62237284181474,18.993419913222578,18.887826767524103,3.5118845842842465,5.94532915619566,
3.5118845842842465,3.5118845842842465,3.5118845842842465,3.5118845842842465,3.5118845842842465,3.5118845842842465,3.5118845842842465,3.5118845842842465,3.5118845842842465,3.5118845842842465,3.5118845842842465,3.5118845842842465,18.887826767524103,22.830900113661748,10.859022393702794,24.763884994079586,10.628264204469138,21.01586702153082,10.628264204469138,8.78564169540279,7.980444849756184,3.5118845842842465,42.62237284181474,38.49675310984031,
3.5118845842842465,3.5118845842842465,3.5118845842842465,3.5118845842842465,3.5118845842842465,3.5118845842842465,3.5118845842842465,3.5118845842842465,3.5118845842842465,3.5118845842842465,3.5118845842842465,3.5118845842842465,18.887826767524103,22.657449106199046,26.0,6.027713773341708,5.94532915619566,24.479583329787296,3.5118845842842465,19.518196638009364,13.06811042974774,22.332711434127294,21.501937897160182,15.44884030167529,
3.5118845842842465,3.5118845842842465,3.5118845842842465,3.5118845842842465,3.5118845842842465,3.5118845842842465,3.5118845842842465,3.5118845842842465,3.5118845842842465,3.5118845842842465,3.5118845842842465,3.5118845842842465,8.581375181169975,18.887826767524103,22.20923231451281,6.027713773341708,18.788294228055936,22.830900113661748,14.905032707109367,38.49675310984031,3.5118845842842465,18.887826767524103,3.5118845842842465,10.628264204469138,
3.5118845842842465,3.5118845842842465,3.5118845842842465,3.5118845842842465,3.5118845842842465,3.5118845842842465,3.5118845842842465,3.5118845842842465,3.5118845842842465,3.5118845842842465,3.5118845842842465,3.5118845842842465,22.242976419535225,22.337412562783545,22.992752481307377,9.72967967955095,8.39270516579726,3.5118845842842465,6.027713773341708,5.94532915619566,11.503622617824933,23.76446927663229,6.590713163232034,18.887826767524103,
3.5118845842842465,3.5118845842842465,3.5118845842842465,3.5118845842842465,3.5118845842842465,3.5118845842842465,3.5118845842842465,3.5118845842842465,3.5118845842842465,3.5118845842842465,3.5118845842842465,3.5118845842842465,3.5118845842842465,5.994789404140899,3.5118845842842465,10.628264204469138,12.351518125315609,21.609257275528932,6.514407110397691,6.013318551349164,20.524375751773793,10.628264204469138,18.382556061302758,18.887826767524103,
3.5118845842842465,3.5118845842842465,3.5118845842842465,3.5118845842842465,3.5118845842842465,3.5118845842842465,3.5118845842842465,3.5118845842842465,3.5118845842842465,3.5118845842842465,3.5118845842842465,3.5118845842842465,14.905032707109367,5.94532915619566,3.5118845842842465,26.77266348729767,10.628264204469138,14.378803844548406,22.992752481307377,20.231987873991358,33.61919094802848,10.628264204469138,10.628264204469138,7.92148975887743,
3.5118845842842465,3.5118845842842465,3.5118845842842465,3.5118845842842465,3.5118845842842465,3.5118845842842465,3.5118845842842465,3.5118845842842465,3.5118845842842465,3.5118845842842465,3.5118845842842465,3.5118845842842465,8.39270516579726,7.959079015533782,3.5118845842842465,10.777754868245983,3.5118845842842465,3.5118845842842465,22.242976419535225,20.252407264322926,10.047885349664377,5.94532915619566,26.0,28.005951748393294,
3.5118845842842465,3.5118845842842465,3.5118845842842465,3.5118845842842465,3.5118845842842465,3.5118845842842465,3.5118845842842465,3.5118845842842465,3.5118845842842465,3.5118845842842465,3.5118845842842465,3.5118845842842465,13.377593206552515,24.326117651610584,7.46845216746936,26.85609800399157,23.76446927663229,8.241260058203405,7.688375063113864,10.628264204469138,3.5118845842842465,22.412793965352318,4.526565576501389,20.113676938839404,
3.5118845842842465,3.5118845842842465,3.5118845842842465,3.5118845842842465,3.5118845842842465,3.5118845842842465,3.5118845842842465,3.5118845842842465,3.5118845842842465,3.5118845842842465,3.5118845842842465,3.5118845842842465,21.103554203024665,18.887826767524103,12.858730060760676,21.93171219946131,5.651327277728657,3.5118845842842465,3.5118845842842465,22.70154179786034,18.059900331950896,13.160072188251856,6.272713828600042,23.76446927663229,
3.5118845842842465,3.5118845842842465,3.5118845842842465,3.5118845842842465,3.5118845842842465,3.5118845842842465,3.5118845842842465,3.5118845842842465,3.5118845842842465,3.5118845842842465,3.5118845842842465,3.5118845842842465,18.887826767524103,10.628264204469138,10.0,24.763884994079586,6.368673331236264,3.872983346207417,7.4456363059177155,34.93804039534368,3.5118845842842465,20.524375751773793,24.763884994079586,33.915335764223244,
3.5118845842842465,3.5118845842842465,3.5118845842842465,3.5118845842842465,3.5118845842842465,3.5118845842842465,3.5118845842842465,3.5118845842842465,3.5118845842842465,3.5118845842842465,3.5118845842842465,3.5118845842842465,22.494443758403985,3.5118845842842465,30.160680805755472,14.696938456699069,12.556538801224908,3.5118845842842465,13.905394636614956,3.5118845842842465,22.242976419535225,19.53629101612347,16.024216367862785,18.382556061302758,
3.5118845842842465,3.5118845842842465,3.5118845842842465,3.5118845842842465,3.5118845842842465,3.5118845842842465,3.5118845842842465,3.5118845842842465,3.5118845842842465,3.5118845842842465,3.5118845842842465,3.5118845842842465,55.0,21.005951537600005,13.905394636614956,3.5118845842842465,25.245989780557228,22.06052281036573,6.452337023220695,20.903588208726273,19.26032190800559,5.649634266652911,14.634206503941375,20.113676938839404,
3.5118845842842465,3.5118845842842465,3.5118845842842465,3.5118845842842465,3.5118845842842465,3.5118845842842465,3.5118845842842465,3.5118845842842465,3.5118845842842465,3.5118845842842465,3.5118845842842465,3.5118845842842465,38.0,34.76588366008646,19.72463496467795,14.455448799674121,15.652475842498529,10.628264204469138,18.529623276675384,3.5118845842842465,3.5118845842842465,22.95560933628206,3.5118845842842465,25.852143689321654,
3.5118845842842465,3.5118845842842465,3.5118845842842465,3.5118845842842465,3.5118845842842465,3.5118845842842465,3.5118845842842465,3.5118845842842465,3.5118845842842465,3.5118845842842465,3.5118845842842465,3.5118845842842465,6.027713773341708,8.03055389860297,42.62237284181474,22.992752481307377,26.0,6.164414002968976,20.31157305577291,10.0,7.901898506055365,8.717797887081348,6.531972647421808,18.887826767524103,
3.5118845842842465,3.5118845842842465,3.5118845842842465,3.5118845842842465,3.5118845842842465,3.5118845842842465,3.5118845842842465,3.5118845842842465,3.5118845842842465,3.5118845842842465,3.5118845842842465,3.5118845842842465,19.817921182606415,20.113676938839404,35.11353015576759,7.949056547792323,18.6748493969831,23.76446927663229,21.103554203024665,7.741931283601011,27.84331158465171,3.5118845842842465,35.11353015576759,8.39270516579726,
3.5118845842842465,3.5118845842842465,3.5118845842842465,3.5118845842842465,3.5118845842842465,3.5118845842842465,3.5118845842842465,3.5118845842842465,3.5118845842842465,3.5118845842842465,3.5118845842842465,3.5118845842842465,19.291448882859992,13.905394636614956,7.876547467006087,3.5118845842842465,6.027713773341708,14.820008537825627,3.5118845842842465,3.5118845842842465,10.628264204469138,20.83266665599966,42.62237284181474,6.797358430497326,
3.5118845842842465,3.5118845842842465,3.5118845842842465,3.5118845842842465,3.5118845842842465,3.5118845842842465,3.5118845842842465,3.5118845842842465,3.5118845842842465,3.5118845842842465,3.5118845842842465,3.5118845842842465,19.252705437591537,13.589211407093005,3.5118845842842465,8.836477427874375,10.628264204469138,10.628264204469138,7.949056547792323,29.43739118875856,3.5118845842842465,9.614442261514705,11.060440015358038,16.391054470858997,
3.5118845842842465,3.5118845842842465,3.5118845842842465,3.5118845842842465,3.5118845842842465,3.5118845842842465,3.5118845842842465,3.5118845842842465,3.5118845842842465,3.5118845842842465,3.5118845842842465,3.5118845842842465,3.5118845842842465,8.287792227125388,13.905394636614956,11.356055653262711,6.514407110397691,10.0,22.46664193866097,6.514407110397691,8.49470423263812,38.48701079585163,7.3647810558087885,28.005951748393294,
3.5118845842842465,3.5118845842842465,3.5118845842842465,3.5118845842842465,3.5118845842842465,3.5118845842842465,3.5118845842842465,3.5118845842842465,3.5118845842842465,3.5118845842842465,3.5118845842842465,3.5118845842842465,6.013318551349164,10.628264204469138,6.013318551349164,3.5118845842842465,21.103554203024665,6.880911187881312,8.554969316134336,18.887826767524103,15.48007277312431,55.0,13.370695950625818,29.43739118875856,
3.5118845842842465,3.5118845842842465,3.5118845842842465,3.5118845842842465,3.5118845842842465,3.5118845842842465,3.5118845842842465,3.5118845842842465,3.5118845842842465,3.5118845842842465,3.5118845842842465,3.5118845842842465,3.5118845842842465,10.0,9.637888196533973,12.396235987858034,22.337412562783545,14.411367041332339,19.817921182606415,18.887826767524103,31.85215848258953,6.733003292241386,19.548913013259845,8.423775875461075,
3.5118845842842465,3.5118845842842465,3.5118845842842465,3.5118845842842465,3.5118845842842465,3.5118845842842465,3.5118845842842465,3.5118845842842465,3.5118845842842465,3.5118845842842465,3.5118845842842465,3.5118845842842465,18.788294228055936,18.698466596521346,26.419689627245813,22.95560933628206,3.5118845842842465,3.5118845842842465,5.993193418115152,25.1666445916018,19.817921182606415,7.92148975887743,16.714065932620944,14.094916341243982,
3.5118845842842465,3.5118845842842465,3.5118845842842465,3.5118845842842465,3.5118845842842465,3.5118845842842465,3.5118845842842465,3.5118845842842465,3.5118845842842465,3.5118845842842465,3.5118845842842465,3.5118845842842465,7.6000000000000005,9.055385138137417,7.748548251124207,27.518175811634027,3.5118845842842465,8.212033852828421,8.49470423263812,22.85082055419455,26.735285863519053,3.5118845842842465,12.396235987858034,3.5118845842842465,
3.5118845842842465,3.5118845842842465,3.5118845842842465,3.5118845842842465,3.5118845842842465,3.5118845842842465,3.5118845842842465,3.5118845842842465,3.5118845842842465,3.5118845842842465,3.5118845842842465,3.5118845842842465,7.870038119348597,21.103554203024665,22.940139493908923,23.66960075708925,6.027713773341708,10.628264204469138,32.15835816704578,29.43739118875856,18.887826767524103,42.62237284181474,10.047885349664377,22.940139493908923,
3.5118845842842465,3.5118845842842465,3.5118845842842465,3.5118845842842465,3.5118845842842465,3.5118845842842465,3.5118845842842465,3.5118845842842465,3.5118845842842465,3.5118845842842465,3.5118845842842465,3.5118845842842465,22.242976419535225,10.535653752852738,3.5118845842842465,19.291448882859992,55.0,20.113676938839404,19.510680835549195,42.62237284181474,12.396235987858034,13.905394636614956,42.62237284181474,5.848425568702492,
3.5118845842842465,3.5118845842842465,3.5118845842842465,3.5118845842842465,3.5118845842842465,3.5118845842842465,3.5118845842842465,3.5118845842842465,3.5118845842842465,3.5118845842842465,3.5118845842842465,3.5118845842842465,13.905394636614956,6.13454587245254,18.993419913222578,3.5118845842842465,10.0,10.628264204469138,30.44256887977754,27.37243138634199,19.497692171126303,14.854853303438128,21.88606862823929,14.905032707109367,
3.5118845842842465,3.5118845842842465,3.5118845842842465,3.5118845842842465,3.5118845842842465,3.5118845842842465,3.5118845842842465,3.5118845842842465,3.5118845842842465,3.5118845842842465,3.5118845842842465,3.5118845842842465,10.628264204469138,20.113676938839404,16.524564275338577,3.5118845842842465,10.0,3.5118845842842465,3.5118845842842465,3.5118845842842465,13.905394636614956,3.5118845842842465,5.651327277728657,34.76588366008646,
3.5118845842842465,3.5118845842842465,3.5118845842842465,3.5118845842842465,3.5118845842842465,3.5118845842842465,3.5118845842842465,3.5118845842842465,3.5118845842842465,3.5118845842842465,3.5118845842842465,3.5118845842842465,12.013880860626733,31.212978070027216,18.887826767524103,16.34013463836819,12.903092494373874,38.49675310984031,7.949056547792323,3.5118845842842465,3.872983346207417,10.628264204469138,3.5118845842842465,15.3410214384672,
3.5118845842842465,3.5118845842842465,3.5118845842842465,3.5118845842842465,3.5118845842842465,3.5118845842842465,3.5118845842842465,3.5118845842842465,3.5118845842842465,3.5118845842842465,3.5118845842842465,3.5118845842842465,8.894442709417556,6.027713773341708,10.186265262597475,18.887826767524103,3.5118845842842465,3.5118845842842465,30.11577659632904,18.887826767524103,3.5118845842842465,14.688771221582833,15.758595538097085,6.027713773341708,
3.5118845842842465,3.5118845842842465,3.5118845842842465,3.5118845842842465,3.5118845842842465,3.5118845842842465,3.5118845842842465,3.5118845842842465,3.5118845842842465,3.5118845842842465,3.5118845842842465,3.5118845842842465,9.315337363943488,35.80851853958776,12.359207094308275,10.628264204469138,55.0,27.189152248645048,3.5118845842842465,19.64077391550547,30.44256887977754,3.5118845842842465,32.01952529317073,15.383974345619102,
3.5118845842842465,3.5118845842842465,3.5118845842842465,3.5118845842842465,3.5118845842842465,3.5118845842842465,3.5118845842842465,3.5118845842842465,3.5118845842842465,3.5118845842842465,3.5118845842842465,3.5118845842842465,3.5118845842842465,5.94532915619566,3.5118845842842465,22.005681084665387,16.822603841260722,42.62237284181474,22.992752481307377,22.992752481307377,3.5118845842842465,15.88500340992514,5.141740950300783,18.108516431418085,
3.5118845842842465,3.5118845842842465,3.5118845842842465,3.5118845842842465,3.5118845842842465,3.5118845842842465,3.5118845842842465,3.5118845842842465,3.5118845842842465,3.5118845842842465,3.5118845842842465,3.5118845842842465,3.5118845842842465,10.328964130056798,8.647361418613901,3.5118845842842465,22.830900113661748,47.42010825237187,7.505553499465135,8.151346173758323,12.64588341504613,9.107002800043492,10.628264204469138,38.49675310984031,
3.5118845842842465,3.5118845842842465,3.5118845842842465,3.5118845842842465,3.5118845842842465,3.5118845842842465,3.5118845842842465,3.5118845842842465,3.5118845842842465,3.5118845842842465,3.5118845842842465,3.5118845842842465,42.62237284181474,42.51176307799995,34.76588366008646,42.62237284181474,13.905394636614956,9.129454462097403,3.5118845842842465,18.129740759315894,13.905394636614956,28.544272809165797,14.094916341243982,7.959079015533782,
3.5118845842842465,3.5118845842842465,3.5118845842842465,3.5118845842842465,3.5118845842842465,3.5118845842842465,3.5118845842842465,3.5118845842842465,3.5118845842842465,3.5118845842842465,3.5118845842842465,3.5118845842842465,38.49675310984031,8.241260058203405,3.5118845842842465,13.140268896284683,23.919866220361687,42.62237284181474,10.628264204469138,33.95094500402996,34.76588366008646,23.21551205552012,22.242976419535225,7.996092795859738,
3.5118845842842465,3.5118845842842465,3.5118845842842465,3.5118845842842465,3.5118845842842465,3.5118845842842465,3.5118845842842465,3.5118845842842465,3.5118845842842465,3.5118845842842465,3.5118845842842465,3.5118845842842465,55.0,19.929563467371782,8.49470423263812,42.62237284181474,22.754340245324627,19.88366163461851,6.013318551349164,7.628073151196179,33.61919094802848,50.91823510950342,5.848425568702492,12.780193008453876,
3.5118845842842465,3.5118845842842465,3.5118845842842465,3.5118845842842465,3.5118845842842465,3.5118845842842465,3.5118845842842465,3.5118845842842465,3.5118845842842465,3.5118845842842465,3.5118845842842465,3.5118845842842465,19.291448882859992,3.5118845842842465,3.5118845842842465,36.704904304465906,47.42010825237187,10.628264204469138,26.419689627245813,42.62237284181474,3.5118845842842465,22.830900113661748,17.804493814764857,21.523243250030884,
3.5118845842842465,3.5118845842842465,3.5118845842842465,3.5118845842842465,3.5118845842842465,3.5118845842842465,3.5118845842842465,3.5118845842842465,3.5118845842842465,3.5118845842842465,3.5118845842842465,3.5118845842842465,7.234178138070235,9.797958971132712,18.13216782969101,14.019985734657507,22.242976419535225,26.85609800399157,5.229430062206608,24.12985702402731,20.113676938839404,33.737960815674676,10.047885349664377,19.72206885699368,
3.5118845842842465,3.5118845842842465,3.5118845842842465,3.5118845842842465,3.5118845842842465,3.5118845842842465,3.5118845842842465,3.5118845842842465,3.5118845842842465,3.5118845842842465,3.5118845842842465,3.5118845842842465,21.914607000811127,22.575798250929395,3.872983346207417,5.390846361175202,5.94532915619566,42.62237284181474,18.887826767524103,8.309031231136396,6.8145065852195055,38.49675310984031,23.76446927663229,3.5118845842842465,
3.5118845842842465,3.5118845842842465,3.5118845842842465,3.5118845842842465,3.5118845842842465,3.5118845842842465,3.5118845842842465,3.5118845842842465,3.5118845842842465,3.5118845842842465,3.5118845842842465,3.5118845842842465,19.739976359323904,21.615966321217286,6.013318551349164,14.770240350109406,23.76446927663229,22.830900113661748,11.503622617824933,34.76588366008646,8.49470423263812,22.85082055419455,24.763884994079586,10.535653752852738,
3.5118845842842465,3.5118845842842465,3.5118845842842465,3.5118845842842465,3.5118845842842465,3.5118845842842465,3.5118845842842465,3.5118845842842465,3.5118845842842465,3.5118845842842465,3.5118845842842465,3.5118845842842465,23.76446927663229,13.249737942901193,3.5118845842842465,11.503622617824933,10.628264204469138,13.377593206552515,6.013318551349164,22.992752481307377,21.82506204649447,7.949056547792323,15.025311976794358,22.92742171869019,
3.5118845842842465,3.5118845842842465,3.5118845842842465,3.5118845842842465,3.5118845842842465,3.5118845842842465,3.5118845842842465,3.5118845842842465,3.5118845842842465,3.5118845842842465,3.5118845842842465,3.5118845842842465,42.62237284181474,7.949056547792323,18.850648232236214,30.44256887977754,7.241374178980119,18.887826767524103,13.370695950625818,40.76763422127902,10.628264204469138,3.5118845842842465,8.49470423263812,6.2182527020592095,
3.5118845842842465,3.5118845842842465,3.5118845842842465,3.5118845842842465,3.5118845842842465,3.5118845842842465,3.5118845842842465,3.5118845842842465,3.5118845842842465,3.5118845842842465,3.5118845842842465,3.5118845842842465,6.531972647421808,11.146748404803978,3.5118845842842465,22.85082055419455,18.887826767524103,9.207361739612583,6.880911187881312,14.905032707109367,21.103554203024665,5.94532915619566,13.079037597996114,19.672315572906,
3.5118845842842465,3.5118845842842465,3.5118845842842465,3.5118845842842465,3.5118845842842465,3.5118845842842465,3.5118845842842465,3.5118845842842465,3.5118845842842465,3.5118845842842465,3.5118845842842465,3.5118845842842465,22.830900113661748,7.949056547792323,9.72967967955095,3.872983346207417,13.273563952458284,26.932508238186802,38.49675310984031,3.5118845842842465,8.154127538760193,13.122655281331332,38.49675310984031,10.692676621563626,
3.5118845842842465,3.5118845842842465,3.5118845842842465,3.5118845842842465,3.5118845842842465,3.5118845842842465,3.5118845842842465,3.5118845842842465,3.5118845842842465,3.5118845842842465,3.5118845842842465,3.5118845842842465,8.99652710772329,3.5118845842842465,26.77266348729767,18.681541692269406,22.346364357541475,6.027713773341708,3.5118845842842465,5.390846361175202,3.5118845842842465,4.526565576501389,42.62237284181474,34.18576701884378,
3.5118845842842465,3.5118845842842465,3.5118845842842465,3.5118845842842465,3.5118845842842465,3.5118845842842465,3.5118845842842465,3.5118845842842465,3.5118845842842465,3.5118845842842465,3.5118845842842465,3.5118845842842465,18.887826767524103,6.880911187881312,21.207545826898503,3.5118845842842465,3.5118845842842465,10.047885349664377,13.370695950625818,19.148542155126762,12.417893606914705,25.92296279363144,22.274649267721365,8.066053836281773,
3.5118845842842465,3.5118845842842465,3.5118845842842465,3.5118845842842465,3.5118845842842465,3.5118845842842465,3.5118845842842465,3.5118845842842465,3.5118845842842465,3.5118845842842465,3.5118845842842465,3.5118845842842465,14.534441853748634,6.93178092389391,11.060440015358038,18.108516431418085,25.184320518926057,10.628264204469138,8.681013765684282,3.5118845842842465,10.047885349664377,14.696938456699069,16.87206764645835,42.62237284181474,
3.5118845842842465,3.5118845842842465,3.5118845842842465,3.5118845842842465,3.5118845842842465,3.5118845842842465,3.5118845842842465,3.5118845842842465,3.5118845842842465,3.5118845842842465,3.5118845842842465,3.5118845842842465,51.62040940041707,26.072207424765555,5.848425568702492,19.187495928338333,12.0,3.5118845842842465,4.772369453854305,6.363159271805739,18.6748493969831,36.704904304465906,10.047885349664377,5.491812087098393,
3.5118845842842465,3.5118845842842465,3.5118845842842465,3.5118845842842465,3.5118845842842465,3.5118845842842465,3.5118845842842465,3.5118845842842465,3.5118845842842465,3.5118845842842465,3.5118845842842465,3.5118845842842465,22.70154179786034,23.76446927663229,7.693341276714559,31.776721039150658,3.5118845842842465,10.628264204469138,7.787168933572715,12.26104943849968,19.72206885699368,21.103554203024665,34.39840112563373,8.13658906622751,
3.5118845842842465,3.5118845842842465,3.5118845842842465,3.5118845842842465,3.5118845842842465,3.5118845842842465,3.5118845842842465,3.5118845842842465,3.5118845842842465,3.5118845842842465,3.5118845842842465,3.5118845842842465,19.291448882859992,10.0,22.337412562783545,20.800641015763592,3.5118845842842465,3.5118845842842465,6.703543838895961,3.5118845842842465,18.993419913222578,19.28518517792709,3.5118845842842465,3.5118845842842465,
3.5118845842842465,3.5118845842842465,3.5118845842842465,3.5118845842842465,3.5118845842842465,3.5118845842842465,3.5118845842842465,3.5118845842842465,3.5118845842842465,3.5118845842842465,3.5118845842842465,3.5118845842842465,5.993193418115152,16.068729932158703,20.922714928995234,14.65150731722394,6.417748826496718,5.390846361175202,3.5118845842842465,21.103554203024665,12.903092494373874,38.49675310984031,21.103554203024665,21.103554203024665,
3.5118845842842465,3.5118845842842465,3.5118845842842465,3.5118845842842465,3.5118845842842465,3.5118845842842465,3.5118845842842465,3.5118845842842465,3.5118845842842465,3.5118845842842465,3.5118845842842465,3.5118845842842465,13.111764463524304,18.887826767524103,10.307764064044152,3.872983346207417,10.779799702807702,40.3567425180312,24.06761309311748,3.872983346207417,22.992752481307377,5.390846361175202,13.589211407093005,34.194297770242336,
3.5118845842842465,3.5118845842842465,3.5118845842842465,3.5118845842842465,3.5118845842842465,3.5118845842842465,3.5118845842842465,3.5118845842842465,3.5118845842842465,3.5118845842842465,3.5118845842842465,3.5118845842842465,42.62237284181474,10.628264204469138,33.61919094802848,6.013318551349164,21.103554203024665,20.706279240848655,8.540345426269361,21.103554203024665,35.80851853958776,6.703543838895961,20.252407264322926,22.85082055419455,
3.5118845842842465,3.5118845842842465,3.5118845842842465,3.5118845842842465,3.5118845842842465,3.5118845842842465,3.5118845842842465,3.5118845842842465,3.5118845842842465,3.5118845842842465,3.5118845842842465,3.5118845842842465,13.370695950625818,8.39270516579726,12.351518125315609,3.5118845842842465,19.8158185969358,3.5118845842842465,24.061587645041215,19.817921182606415,47.42010825237187,5.491812087098393,10.0,13.874069191061697,
3.5118845842842465,3.5118845842842465,3.5118845842842465,3.5118845842842465,3.5118845842842465,3.5118845842842465,3.5118845842842465,3.5118845842842465,3.5118845842842465,3.5118845842842465,3.5118845842842465,3.5118845842842465,13.079037597996113,21.103554203024665,19.5134699683086,6.027713773341708,10.628264204469138,5.94532915619566,21.103554203024665,29.43739118875856,22.005681084665387,23.181026724457222,7.949056547792323,18.887826767524103,
3.5118845842842465,3.5118845842842465,3.5118845842842465,3.5118845842842465,3.5118845842842465,3.5118845842842465,3.5118845842842465,3.5118845842842465,3.5118845842842465,3.5118845842842465,3.5118845842842465,3.5118845842842465,19.26032190800559,51.62040940041707,20.992061991778385,18.227726133558185,6.027713773341708,3.5118845842842465,10.628264204469138,7.6000000000000005,3.5118845842842465,36.704904304465906,23.76446927663229,4.041451884327381,
3.5118845842842465,3.5118845842842465,3.5118845842842465,3.5118845842842465,3.5118845842842465,3.5118845842842465,3.5118845842842465,3.5118845842842465,3.5118845842842465,3.5118845842842465,3.5118845842842465,3.5118845842842465,8.99652710772329,10.535653752852738,3.5118845842842465,7.688375063113864,3.5118845842842465,21.571901603138983,25.023189245178163,12.68857754044952,10.0,23.76446927663229,7.515969393123375,18.887826767524103,
3.5118845842842465,3.5118845842842465,3.5118845842842465,3.5118845842842465,3.5118845842842465,3.5118845842842465,3.5118845842842465,3.5118845842842465,3.5118845842842465,3.5118845842842465,3.5118845842842465,3.5118845842842465,11.05667219374799,34.76588366008646,23.69071548096427,30.11577659632904,7.085483867221283,12.747148540688123,20.113676938839404,21.103554203024665,3.5118845842842465,16.191355718407276,3.5118845842842465,4.041451884327381,
3.5118845842842465,3.5118845842842465,3.5118845842842465,3.5118845842842465,3.5118845842842465,3.5118845842842465,3.5118845842842465,3.5118845842842465,3.5118845842842465,3.5118845842842465,3.5118845842842465,3.5118845842842465,20.113676938839404,11.208597283390302,42.62237284181474,24.563121519373514,22.832725052724946,22.95560933628206,12.556538801224908,7.51248960065836,14.688771221582833,5.390846361175202,3.5118845842842465,5.491812087098393,
3.5118845842842465,3.5118845842842465,3.5118845842842465,3.5118845842842465,3.5118845842842465,3.5118845842842465,3.5118845842842465,3.5118845842842465,3.5118845842842465,3.5118845842842465,3.5118845842842465,3.5118845842842465,10.0,8.241260058203405,23.76446927663229,6.027713773341708,18.239723133863627,20.43606256256876,20.123617964968428,3.5118845842842465,22.005681084665387,11.060440015358038,18.887826767524103,38.49675310984031,
3.5118845842842465,3.5118845842842465,3.5118845842842465,3.5118845842842465,3.5118845842842465,3.5118845842842465,3.5118845842842465,3.5118845842842465,3.5118845842842465,3.5118845842842465,3.5118845842842465,3.5118845842842465,8.39270516579726,7.505553499465135,15.904716281656833,21.103554203024665,14.378803844548406,3.5118845842842465,34.194297770242336,14.770240350109406,20.632195714465293,18.887826767524103,6.027713773341708,3.5118845842842465,
3.5118845842842465,3.5118845842842465,3.5118845842842465,3.5118845842842465,3.5118845842842465,3.5118845842842465,3.5118845842842465,3.5118845842842465,3.5118845842842465,3.5118845842842465,3.5118845842842465,3.5118845842842465,19.497692171126303,14.019985734657507,20.730653631759903,18.788294228055936,42.62237284181474,3.5118845842842465,7.933315826311215,18.887826767524103,31.862987932709636,33.61919094802848,10.0,38.49675310984031,
3.5118845842842465,3.5118845842842465,3.5118845842842465,3.5118845842842465,3.5118845842842465,3.5118845842842465,3.5118845842842465,3.5118845842842465,3.5118845842842465,3.5118845842842465,3.5118845842842465,3.5118845842842465,21.789343959928708,19.923855048659636,3.5118845842842465,13.905394636614956,22.992752481307377,10.628264204469138,19.47716611830376,3.5118845842842465,18.887826767524103,19.26032190800559,3.5118845842842465,24.06761309311748,
3.5118845842842465,3.5118845842842465,3.5118845842842465,3.5118845842842465,3.5118845842842465,3.5118845842842465,3.5118845842842465,3.5118845842842465,3.5118845842842465,3.5118845842842465,3.5118845842842465,3.5118845842842465,15.535765188750764,6.013318551349164,3.5118845842842465,23.76446927663229,6.027713773341708,3.5118845842842465,8.39270516579726,3.5118845842842465,16.87206764645835,3.5118845842842465,22.242976419535225,19.671298889498885,
3.5118845842842465,3.5118845842842465,3.5118845842842465,3.5118845842842465,3.5118845842842465,3.5118845842842465,3.5118845842842465,3.5118845842842465,3.5118845842842465,3.5118845842842465,3.5118845842842465,3.5118845842842465,19.26032190800559,42.62237284181474,6.027713773341708,6.880911187881312,6.027713773341708,3.5118845842842465,31.100643080167973,22.830900113661748,3.5118845842842465,27.55648743943974,9.345230512584124,10.047885349664377,
3.5118845842842465,3.5118845842842465,3.5118845842842465,3.5118845842842465,3.5118845842842465,3.5118845842842465,3.5118845842842465,3.5118845842842465,3.5118845842842465,3.5118845842842465,3.5118845842842465,3.5118845842842465,19.5792476560135,3.5118845842842465,21.251650596158985,18.27395687857449,16.87206764645835,5.94532915619566,22.830900113661748,10.684568311354464,12.36931687685298,6.797358430497326,6.583839212458807,5.491812087098393,
3.5118845842842465,3.5118845842842465,3.5118845842842465,3.5118845842842465,3.5118845842842465,3.5118845842842465,3.5118845842842465,3.5118845842842465,3.5118845842842465,3.5118845842842465,3.5118845842842465,3.5118845842842465,15.07802834509573,3.5118845842842465,34.39840112563373,3.5118845842842465,4.0,33.61919094802848,7.933315826311215,20.98952119511067,13.377593206552515,3.5118845842842465,7.6000000000000005,8.828221791504788,
3.5118845842842465,3.5118845842842465,3.5118845842842465,3.5118845842842465,3.5118845842842465,3.5118845842842465,3.5118845842842465,3.5118845842842465,3.5118845842842465,3.5118845842842465,3.5118845842842465,3.5118845842842465,22.657449106199046,7.6000000000000005,15.383974345619102,11.948870666472276,7.959079015533782,18.887826767524103,26.0,5.390846361175202,6.583839212458807,18.296174463531987,10.628264204469138,32.232902444551904,
3.5118845842842465,3.5118845842842465,3.5118845842842465,3.5118845842842465,3.5118845842842465,3.5118845842842465,3.5118845842842465,3.5118845842842465,3.5118845842842465,3.5118845842842465,3.5118845842842465,3.5118845842842465,18.788294228055936,13.079037597996114,26.993826454703797,47.42010825237187,3.872983346207417,5.94532915619566,14.378803844548406,10.628264204469138,10.684568311354464,18.788294228055936,22.242976419535225,3.5118845842842465,
3.5118845842842465,3.5118845842842465,3.5118845842842465,3.5118845842842465,3.5118845842842465,3.5118845842842465,3.5118845842842465,3.5118845842842465,3.5118845842842465,3.5118845842842465,3.5118845842842465,3.5118845842842465,5.491812087098393,19.701776569639602,34.76588366008646,30.004166377354995,33.61919094802848,38.49675310984031,4.526565576501389,5.94532915619566,16.482313753434823,10.684568311354464,21.103554203024665,3.5118845842842465,
3.5118845842842465,3.5118845842842465,3.5118845842842465,3.5118845842842465,3.5118845842842465,3.5118845842842465,3.5118845842842465,3.5118845842842465,3.5118845842842465,3.5118845842842465,3.5118845842842465,3.5118845842842465,22.830900113661748,30.735430152621365,9.090654541890808,22.85082055419455,14.45683229480096,11.146748404803978,3.5118845842842465,22.830900113661748,19.72206885699368,10.307764064044152,22.830900113661748,3.5118845842842465,
