54.83283687718519,63.21582080460554,88.4125302782591,109.38299685051602,64.75271098762518,68.66504852462342,68.98953221725421,60.589107932036754,53.019441948117446,56.38185506212892,48.42288209311876,103.09723565644231,78.89385273898087,47.7993254157847,29.479484391691795,87.31297472630031,67.25057620570993,42.84273567362383,70.09022756419043,98.04407172287368,74.83017810720187,95.18529298163661,93.72951628074382,51.268799439019126,
29.479484391691795,42.84273567362383,47.7993254157847,48.42288209311876,51.268799439019126,53.019441948117446,54.83283687718519,56.38185506212892,60.589107932036754,63.21582080460554,64.75271098762518,67.25057620570993,48.941007572609514,60.87156100163286,56.66603921221246,54.39705874401666,87.10274903175495,70.67452786463373,99.90715690079465,74.6318857281989,78.53050362757136,61.030938958892655,52.26428566005237,52.2483386232413,
29.479484391691795,42.84273567362383,47.7993254157847,48.42288209311876,48.941007572609514,51.268799439019126,52.2483386232413,52.26428566005237,53.019441948117446,54.39705874401666,54.83283687718519,56.38185506212892,52.1749194749951,105.8940770560637,47.757465491837834,51.894122981316485,46.982410951073064,58.56240735792507,86.95271997013137,73.19194781183101,49.00354006370877,71.71220258784413,70.09022756419043,47.7993254157847,
29.479484391691795,42.84273567362383,46.982410951073064,47.757465491837834,47.7993254157847,47.7993254157847,48.42288209311876,48.941007572609514,49.00354006370877,51.268799439019126,51.894122981316485,52.1749194749951,99.12057752499675,64.0,76.96680381105149,78.63982592950103,43.05064488124839,46.03636539493002,59.03440712406449,34.56716489515576,49.65436089162316,51.268799439019126,64.0,99.12057752499675,
29.479484391691795,34.56716489515576,42.84273567362383,43.05064488124839,46.03636539493002,46.982410951073064,47.757465491837834,47.7993254157847,47.7993254157847,48.42288209311876,48.941007572609514,49.00354006370877,81.2376486338419,47.302807057885644,42.7638866334668,44.61190673152429,63.702433234531945,44.61190673152429,74.25383931529213,42.940870593723865,72.17184707490921,105.8940770560637,65.22453526089703,46.17185289762584,
29.479484391691795,34.56716489515576,42.7638866334668,42.84273567362383,42.940870593723865,43.05064488124839,44.61190673152429,44.61190673152429,46.03636539493002,46.17185289762584,46.982410951073064,47.302807057885644,74.6370642377143,44.61190673152429,90.82706400382848,44.61190673152429,44.61190673152429,61.667567560986946,49.015199641727136,72.58443359288546,105.87275381324507,54.211519890968646,92.0686700240641,49.65436089162316,
29.479484391691795,34.56716489515576,42.7638866334668,42.84273567362383,42.940870593723865,43.05064488124839,44.61190673152429,44.61190673152429,44.61190673152429,44.61190673152429,44.61190673152429,46.03636539493002,67.1532244613433,128.4739489373451,12.0,44.61190673152429,55.520766885513716,87.33969442482737,29.479484391691795,90.29119558406568,91.5016696872552,88.77218032694702,9.99999999E8,72.23264882001459,
12.0,29.479484391691795,29.479484391691795,34.56716489515576,42.7638866334668,42.84273567362383,42.940870593723865,43.05064488124839,44.61190673152429,44.61190673152429,44.61190673152429,44.61190673152429,87.33206105943502,55.113519212621505,92.81939452506678,44.61190673152429,87.06447164154976,64.39440969525226,65.62392856268207,31.244999599935987,47.8513322698543,135.52941460148872,99.4697050474275,67.1532244613433,
12.0,29.479484391691795,29.479484391691795,31.244999599935987,34.56716489515576,42.7638866334668,42.84273567362383,42.940870593723865,43.05064488124839,44.61190673152429,44.61190673152429,44.61190673152429,31.861575604480073,80.59371525606392,29.479484391691795,103.18376271918412,98.41869741060384,44.141467304593185,99.4697050474275,68.06981709979836,51.14901975817545,45.14330922015951,32.95761037503558,45.2575960475145,
12.0,29.479484391691795,29.479484391691795,29.479484391691795,31.244999599935987,31.861575604480073,32.95761037503558,34.56716489515576,42.7638866334668,42.84273567362383,42.940870593723865,43.05064488124839,92.72540105062906,63.32631540064701,67.1532244613433,12.0,48.27810590945011,118.03201072402163,56.166181995930614,88.87006745180793,44.61190673152429,83.03346045755022,81.6118863891774,45.221676218380054,
12.0,12.0,29.479484391691795,29.479484391691795,29.479484391691795,31.244999599935987,31.861575604480073,32.95761037503558,34.56716489515576,42.7638866334668,42.84273567362383,42.940870593723865,61.553951042064625,43.34643676528572,34.58644564308715,118.0,30.526855207978578,91.85616776001248,44.61190673152429,67.67385019340927,91.23551045150643,39.04484601070928,31.244999599935987,84.66108905512614,
12.0,12.0,29.479484391691795,29.479484391691795,29.479484391691795,30.526855207978578,31.244999599935987,31.244999599935987,31.861575604480073,32.95761037503558,34.56716489515576,34.58644564308715,38.66846260197062,68.05897950570537,46.43513995049678,74.35201558950652,63.702433234531945,66.22310774948575,33.49460984828587,12.0,47.4894725176012,12.0,67.35643168168048,95.42662102369547,
12.0,12.0,12.0,12.0,29.479484391691795,29.479484391691795,29.479484391691795,30.526855207978578,31.244999599935987,31.244999599935987,31.861575604480073,32.95761037503558,30.526855207978578,12.0,12.0,29.479484391691795,75.4485904170407,12.0,31.244999599935987,12.0,29.48257489131881,29.479484391691795,90.94380413312433,45.191260216993285,
12.0,12.0,12.0,12.0,12.0,12.0,12.0,12.0,29.479484391691795,29.479484391691795,29.479484391691795,29.479484391691795,127.09663864774535,65.66939268641418,9.99999999E8,60.09344575094877,56.9824534396335,42.60798047314611,9.99999999E8,87.92633280195416,43.508619835614184,72.35372294837215,67.1532244613433,9.99999999E8,
12.0,12.0,12.0,12.0,12.0,12.0,12.0,12.0,29.479484391691795,29.479484391691795,29.479484391691795,29.479484391691795,12.0,12.0,47.91909848901584,49.65436089162316,66.8842283352361,102.95746694630749,99.4697050474275,61.82750197121018,118.0,75.8895396100294,12.0,12.0,
12.0,12.0,12.0,12.0,12.0,12.0,12.0,12.0,12.0,12.0,12.0,12.0,12.0,45.25360636334842,118.0,12.0,57.863824815010474,12.0,12.0,9.99999999E8,12.0,12.0,44.68825349015108,43.440073664762586,
12.0,12.0,12.0,12.0,12.0,12.0,12.0,12.0,12.0,12.0,12.0,12.0,12.0,12.0,98.15294188153507,12.0,86.14522621712709,12.0,12.0,12.0,12.0,9.99999999E8,103.17480312556937,113.96295694459475,
12.0,12.0,12.0,12.0,12.0,12.0,12.0,12.0,12.0,12.0,12.0,12.0,38.399218742052554,65.8012345563197,12.0,12.0,9.99999999E8,98.40477630684397,12.0,84.02761450856498,60.48669275138127,57.78311941119905,54.12228951386132,12.0,
12.0,12.0,12.0,12.0,12.0,12.0,12.0,12.0,12.0,12.0,12.0,12.0,12.0,98.45811292118086,43.255765216786955,44.61190673152429,81.63026399565298,98.24204802425487,44.32330713694044,96.21850133939938,82.86132994346639,12.0,85.16193724637525,63.94247414668907,
12.0,12.0,12.0,12.0,12.0,12.0,12.0,12.0,12.0,12.0,12.0,12.0,56.07584150059632,96.39098620837024,38.399218742052554,79.61306425455561,12.0,68.66504852462342,30.3021818063027,79.71755696763975,12.0,118.25772232242971,62.25752966509352,12.0,
12.0,12.0,12.0,12.0,12.0,12.0,12.0,12.0,12.0,12.0,12.0,12.0,12.0,9.99999999E8,55.47828403979344,12.0,92.72238133266423,84.66108905512614,12.0,37.21075113458475,9.99999999E8,12.0,57.297818457599234,12.0,
12.0,12.0,12.0,12.0,12.0,12.0,12.0,12.0,12.0,12.0,12.0,12.0,79.48232507922752,51.99921506471938,12.0,12.0,68.66504852462342,44.61190673152429,12.0,98.24204802425487,75.8895396100294,54.77809781290329,12.0,30.477678535099894,
12.0,12.0,12.0,12.0,12.0,12.0,12.0,12.0,12.0,12.0,12.0,12.0,9.99999999E8,48.986045493193515,29.48257489131881,31.244999599935987,44.68825349015108,78.29112337934615,9.99999999E8,12.0,12.0,12.0,9.99999999E8,87.80091115700337,
12.0,12.0,12.0,12.0,12.0,12.0,12.0,12.0,12.0,12.0,12.0,12.0,62.49799996799898,40.94844942368491,103.18376271918412,12.0,12.0,54.25403210822215,12.0,66.61497996363548,49.199141817267055,9.99999999E8,90.50215467048284,80.6439086354326,
12.0,12.0,12.0,12.0,12.0,12.0,12.0,12.0,12.0,12.0,12.0,12.0,12.0,12.0,52.079170500306546,12.0,45.44271118672388,127.09663864774535,57.863824815010474,12.0,12.0,75.98172294849743,110.42191811411355,82.38882428671342,
12.0,12.0,12.0,12.0,12.0,12.0,12.0,12.0,12.0,12.0,12.0,12.0,99.4697050474275,48.986045493193515,62.98539513252259,12.0,12.0,44.61190673152429,57.47972135759653,12.0,99.4697050474275,12.0,12.0,12.0,
12.0,12.0,12.0,12.0,12.0,12.0,12.0,12.0,12.0,12.0,12.0,12.0,9.99999999E8,12.0,87.31297472630031,93.31428377025436,12.0,79.48232507922752,80.68937668741829,12.0,75.55277772671381,9.99999999E8,105.8940770560637,44.61190673152429,
12.0,12.0,12.0,12.0,12.0,12.0,12.0,12.0,12.0,12.0,12.0,12.0,58.08183881386677,48.708315511830214,56.166181995930614,12.0,92.29060383135194,12.0,39.37321424522006,12.0,64.0,9.99999999E8,68.67677919064056,62.25752966509352,
12.0,12.0,12.0,12.0,12.0,12.0,12.0,12.0,12.0,12.0,12.0,12.0,93.31428377025436,62.49799996799898,12.0,107.04905417611124,42.19289039636892,50.68027028260965,12.0,55.28688813814719,48.97591244683451,103.00019417457425,103.18376271918412,12.0,
12.0,12.0,12.0,12.0,12.0,12.0,12.0,12.0,12.0,12.0,12.0,12.0,12.0,12.0,65.25825618264712,12.0,99.4697050474275,12.0,83.75583561758548,12.0,87.0759566253637,12.0,12.0,12.0,
12.0,12.0,12.0,12.0,12.0,12.0,12.0,12.0,12.0,12.0,12.0,12.0,41.136844798793206,42.652666974059194,64.96029556583005,52.82991576748916,29.141417642630604,66.31592922621081,9.99999999E8,12.0,45.26833575715173,118.0,12.0,12.0,
12.0,12.0,12.0,12.0,12.0,12.0,12.0,12.0,12.0,12.0,12.0,12.0,12.0,59.70334828063136,43.6481044811042,12.0,77.10959012268765,75.56601234829202,87.14100960830989,9.99999999E8,12.0,43.242211887100424,12.0,47.610665929013024,
12.0,12.0,12.0,12.0,12.0,12.0,12.0,12.0,12.0,12.0,12.0,12.0,51.647846034466916,54.288324916341104,68.66504852462342,12.0,84.02761450856498,43.52872614722374,84.66108905512614,12.0,12.0,70.67452786463373,12.0,12.0,
12.0,12.0,12.0,12.0,12.0,12.0,12.0,12.0,12.0,12.0,12.0,12.0,48.443529084946746,57.78311941119905,12.0,76.44239661339772,78.89385273898087,12.0,12.0,113.96295694459475,12.0,56.02987541281446,12.0,59.96248827392005,
12.0,12.0,12.0,12.0,12.0,12.0,12.0,12.0,12.0,12.0,12.0,12.0,57.052957854961384,53.51531452667441,86.5253720015118,62.25752966509352,105.8940770560637,12.0,24.253865671269807,64.90377492873584,118.0,12.0,75.77085338190552,58.63991814455405,
12.0,12.0,12.0,12.0,12.0,12.0,12.0,12.0,12.0,12.0,12.0,12.0,12.0,42.949870291127674,9.99999999E8,42.244999704106995,9.99999999E8,54.8170920447894,9.99999999E8,69.6419413859206,83.22259308625273,12.0,65.78415884964674,12.0,
12.0,12.0,12.0,12.0,12.0,12.0,12.0,12.0,12.0,12.0,12.0,12.0,43.79078274090593,55.17698795693727,37.21075113458475,42.03617489734289,12.0,46.46547105109341,34.72391107003933,46.70653059262698,44.68825349015108,12.0,39.198214245039274,80.74789298936673,
12.0,12.0,12.0,12.0,12.0,12.0,12.0,12.0,12.0,12.0,12.0,12.0,68.33889142818059,12.0,56.98684058622657,12.0,80.8,65.89048152469032,31.244999599935987,12.0,12.0,54.115616969595756,51.894122981316485,12.0,
12.0,12.0,12.0,12.0,12.0,12.0,12.0,12.0,12.0,12.0,12.0,12.0,92.59287229587383,105.8940770560637,65.34707338511802,12.0,54.25403210822215,105.8940770560637,67.21896227173467,113.96295694459475,12.0,12.0,57.78311941119905,30.245255995016496,
12.0,12.0,12.0,12.0,12.0,12.0,12.0,12.0,12.0,12.0,12.0,12.0,12.0,12.0,118.0,62.25752966509352,12.0,66.8842283352361,12.0,12.0,12.0,12.0,12.0,44.61190673152429,
12.0,12.0,12.0,12.0,12.0,12.0,12.0,12.0,12.0,12.0,12.0,12.0,75.35176765603372,12.0,62.928530890209096,12.0,98.45811292118086,9.99999999E8,9.99999999E8,29.41700188666411,12.0,12.0,12.0,12.0,
12.0,12.0,12.0,12.0,12.0,12.0,12.0,12.0,12.0,12.0,12.0,12.0,69.6419413859206,54.91666413758213,46.338129248192814,12.0,9.99999999E8,12.0,80.67862170364587,44.61190673152429,24.27211985940115,12.0,12.0,9.99999999E8,
12.0,12.0,12.0,12.0,12.0,12.0,12.0,12.0,12.0,12.0,12.0,12.0,50.28558441541671,63.436757658491835,57.16820866209341,69.27842376959799,92.87755380068964,12.0,12.0,57.61558431149992,52.04325124355702,49.199141817267055,12.0,12.0,
12.0,12.0,12.0,12.0,12.0,12.0,12.0,12.0,12.0,12.0,12.0,12.0,12.0,57.863824815010474,57.31526847184788,12.0,12.0,55.28688813814719,9.99999999E8,33.51636822174369,12.0,30.99780484688301,9.99999999E8,88.77218032694702,
12.0,12.0,12.0,12.0,12.0,12.0,12.0,12.0,12.0,12.0,12.0,12.0,106.862060620222,12.0,12.0,53.33124995930831,54.300092080953235,39.31615444063674,12.0,55.43139904422402,93.75262959275092,65.19050904185211,87.3492351934972,9.99999999E8,
12.0,12.0,12.0,12.0,12.0,12.0,12.0,12.0,12.0,12.0,12.0,12.0,47.67861155696546,75.39378105800387,60.71647054892409,12.0,81.63026399565298,12.0,12.0,74.31016081263719,51.2897650608774,51.464162287945584,12.0,12.0,
12.0,12.0,12.0,12.0,12.0,12.0,12.0,12.0,12.0,12.0,12.0,12.0,12.0,12.0,44.61190673152429,56.07930891950158,103.18376271918412,76.60939890117922,12.0,12.0,12.0,12.0,68.81496930174423,103.18376271918412,
12.0,12.0,12.0,12.0,12.0,12.0,12.0,12.0,12.0,12.0,12.0,12.0,52.547597471245055,9.99999999E8,56.98684058622657,68.71596828627725,106.84984271812893,12.0,54.25403210822215,12.0,56.98684058622657,32.8129754521697,12.0,103.18376271918412,
12.0,12.0,12.0,12.0,12.0,12.0,12.0,12.0,12.0,12.0,12.0,12.0,44.61190673152429,103.18376271918412,61.99596761080514,51.62495329265815,97.89535229008577,12.0,58.479816081182136,64.0,89.22723799378753,88.75371666709076,56.073612332361826,82.38882428671342,
12.0,12.0,12.0,12.0,12.0,12.0,12.0,12.0,12.0,12.0,12.0,12.0,55.56389960014965,12.0,144.0,85.89202524099662,12.0,12.0,43.0969481376061,102.9691215850655,12.0,9.99999999E8,81.63026399565298,12.0,
12.0,12.0,12.0,12.0,12.0,12.0,12.0,12.0,12.0,12.0,12.0,12.0,12.0,12.0,9.99999999E8,56.07930891950158,12.0,88.11640028961692,103.6412080207482,82.50145329579574,51.33284742238439,81.63026399565298,91.0659101969557,98.41869741060384,
12.0,12.0,12.0,12.0,12.0,12.0,12.0,12.0,12.0,12.0,12.0,12.0,12.0,12.0,65.11098217658831,12.0,49.25694787114044,69.6419413859206,9.99999999E8,12.0,12.0,12.0,12.0,140.0,
12.0,12.0,12.0,12.0,12.0,12.0,12.0,12.0,12.0,12.0,12.0,12.0,44.61190673152429,103.18376271918412,102.91501348199883,81.63026399565298,12.0,79.68619007637955,103.18376271918412,45.19955751995809,103.18376271918412,12.0,56.29067418320729,72.5044059963868,
12.0,12.0,12.0,12.0,12.0,12.0,12.0,12.0,12.0,12.0,12.0,12.0,57.863824815010474,75.00499983334444,57.9041353349559,12.0,61.30660649554826,44.61190673152429,74.35201558950652,35.380079140668975,72.21538080277493,44.61190673152429,81.61801271778185,95.58765610684259,
12.0,12.0,12.0,12.0,12.0,12.0,12.0,12.0,12.0,12.0,12.0,12.0,65.62392856268207,80.74789298936673,9.99999999E8,122.882961480517,86.96487157978726,12.0,74.6370642377143,9.99999999E8,12.0,12.0,99.0667563929607,12.0,
12.0,12.0,12.0,12.0,12.0,12.0,12.0,12.0,12.0,12.0,12.0,12.0,12.0,12.0,82.38882428671342,81.63026399565298,12.0,12.0,55.43139904422402,39.52214569073901,9.99999999E8,93.88941485717238,9.99999999E8,12.0,
12.0,12.0,12.0,12.0,12.0,12.0,12.0,12.0,12.0,12.0,12.0,12.0,99.4697050474275,12.0,82.39402593758895,88.11640028961692,12.0,65.364363379444,100.50621871307267,105.25313402565372,81.63026399565298,12.0,113.96295694459475,12.0,
12.0,12.0,12.0,12.0,12.0,12.0,12.0,12.0,12.0,12.0,12.0,12.0,49.18220093579474,78.278349497163,78.28793010419933,92.47399634491849,67.49444421580193,72.5044059963868,44.83581157958446,12.0,88.77218032694702,12.0,49.54347137167072,12.0,
12.0,12.0,12.0,12.0,12.0,12.0,12.0,12.0,12.0,12.0,12.0,12.0,86.55922827752106,12.0,70.67452786463373,31.689179251483512,46.014550339813226,55.17698795693727,12.0,64.01749760807587,12.0,12.0,44.61190673152429,12.0,
12.0,12.0,12.0,12.0,12.0,12.0,12.0,12.0,12.0,12.0,12.0,12.0,119.0,55.43139904422402,61.08007457595384,12.0,44.61190673152429,103.18376271918412,99.4697050474275,83.67699803410731,12.0,51.894122981316485,38.39560159995182,66.63812722458518,
12.0,12.0,12.0,12.0,12.0,12.0,12.0,12.0,12.0,12.0,12.0,12.0,12.0,12.0,12.0,12.0,12.0,88.11640028961692,65.34707338511802,12.0,91.76176884859088,12.0,92.29060383135194,12.0,
12.0,12.0,12.0,12.0,12.0,12.0,12.0,12.0,12.0,12.0,12.0,12.0,45.75174556475657,82.33678970408981,9.99999999E8,33.27995726492983,98.45811292118086,64.96337429659884,65.62392856268207,75.27177425834998,12.0,61.05916984550496,12.0,72.58443359288546,
12.0,12.0,12.0,12.0,12.0,12.0,12.0,12.0,12.0,12.0,12.0,12.0,9.99999999E8,12.0,9.99999999E8,55.553777749332426,84.25886039791634,64.0,12.0,12.0,65.89048152469032,118.0,75.00833287042181,57.052957854961384,
12.0,12.0,12.0,12.0,12.0,12.0,12.0,12.0,12.0,12.0,12.0,12.0,63.33640343435993,71.79860722883139,80.74789298936673,71.30961523167683,12.0,40.13726448077895,12.0,76.79771408635084,12.0,84.62564623091512,12.0,62.51064106944977,
12.0,12.0,12.0,12.0,12.0,12.0,12.0,12.0,12.0,12.0,12.0,12.0,98.16058272035674,87.33206105943502,12.0,12.0,96.44630054537545,57.241205049820145,12.0,9.99999999E8,38.39560159995182,46.00842868653614,12.0,12.0,
12.0,12.0,12.0,12.0,12.0,12.0,12.0,12.0,12.0,12.0,12.0,12.0,44.61190673152429,12.0,12.0,12.0,81.14322043290014,65.62392856268207,45.19955751995809,12.0,12.0,12.0,64.55144373977151,92.29060383135194,
12.0,12.0,12.0,12.0,12.0,12.0,12.0,12.0,12.0,12.0,12.0,12.0,78.27444595069893,9.99999999E8,78.27444595069893,54.646500345401805,12.0,78.4693570765047,71.24254346947475,56.21585383343583,53.38747252139047,44.61190673152429,12.0,86.55922827752106,
12.0,12.0,12.0,12.0,12.0,12.0,12.0,12.0,12.0,12.0,12.0,12.0,71.79860722883139,12.0,44.233019340759455,12.0,9.99999999E8,81.26449635201672,9.99999999E8,12.0,12.0,47.68899244060415,43.508619835614184,93.7484693752601,
12.0,12.0,12.0,12.0,12.0,12.0,12.0,12.0,12.0,12.0,12.0,12.0,87.80091115700337,71.72335742280892,12.0,12.0,74.35201558950652,84.25886039791634,42.69379345993982,12.0,59.43904440685432,78.85429601486528,54.17620533490506,122.98170595661779,
12.0,12.0,12.0,12.0,12.0,12.0,12.0,12.0,12.0,12.0,12.0,12.0,49.122296363260546,45.233004447615734,32.975142152839915,100.42161121989629,12.0,44.61190673152429,92.29060383135194,12.0,51.30925842379716,12.0,75.71886778587957,38.399218742052554,
12.0,12.0,12.0,12.0,12.0,12.0,12.0,12.0,12.0,12.0,12.0,12.0,68.66504852462342,83.74867163125633,12.0,9.99999999E8,54.75324983365771,44.61190673152429,107.09341716464182,84.25886039791634,9.99999999E8,44.61190673152429,12.0,85.95476846703866,
12.0,12.0,12.0,12.0,12.0,12.0,12.0,12.0,12.0,12.0,12.0,12.0,12.0,12.0,12.0,12.0,54.34276219027825,57.052957854961384,12.0,12.0,105.25313402565372,55.5687762047077,74.24614330669552,12.0,
12.0,12.0,12.0,12.0,12.0,12.0,12.0,12.0,12.0,12.0,12.0,12.0,52.05339139341025,12.0,43.13415764281894,110.24316557299848,12.0,12.0,64.0,12.0,48.83532419149983,25.714241622537156,66.56200117183978,52.51666402200353,
12.0,12.0,12.0,12.0,12.0,12.0,12.0,12.0,12.0,12.0,12.0,12.0,64.0,99.85309209033038,79.76684775017752,56.98684058622657,95.4203332628848,12.0,113.96271320041481,40.326445692897636,9.99999999E8,12.0,12.0,12.0,
12.0,12.0,12.0,12.0,12.0,12.0,12.0,12.0,12.0,12.0,12.0,12.0,79.67276824612033,53.32840113248229,12.0,53.649065436615224,62.11904305608773,12.0,12.0,12.0,79.48232507922752,118.0,55.17698795693727,103.18376271918412,
12.0,12.0,12.0,12.0,12.0,12.0,12.0,12.0,12.0,12.0,12.0,12.0,101.63168797181321,85.63083556756877,54.02304874697805,65.33176868874743,12.0,87.53650667007452,103.18376271918412,12.0,45.95650117230423,56.66470584842816,44.61190673152429,12.0,
12.0,12.0,12.0,12.0,12.0,12.0,12.0,12.0,12.0,12.0,12.0,12.0,71.99943310434422,33.354007194314256,37.199999999999996,12.0,9.99999999E8,70.46630400411249,144.0,38.399218742052554,12.0,79.77117273802611,43.591742337282184,43.508619835614184,
12.0,12.0,12.0,12.0,12.0,12.0,12.0,12.0,12.0,12.0,12.0,12.0,12.0,49.23438525419023,117.85796536509528,42.9298871022458,12.0,65.95471697580109,12.0,92.29060383135194,87.01468586138523,105.87275381324507,12.0,12.0,
12.0,12.0,12.0,12.0,12.0,12.0,12.0,12.0,12.0,12.0,12.0,12.0,100.55098209366231,12.0,92.51606467107332,68.77681295320393,65.84512318246189,52.933543240557775,12.0,45.13956409751406,9.99999999E8,12.0,50.28558441541671,12.0,
12.0,12.0,12.0,12.0,12.0,12.0,12.0,12.0,12.0,12.0,12.0,12.0,106.02942987680355,12.0,12.0,55.59876097740149,46.185075776594715,12.0,12.0,12.0,103.18376271918412,44.61190673152429,12.0,52.04325124355702,
12.0,12.0,12.0,12.0,12.0,12.0,12.0,12.0,12.0,12.0,12.0,12.0,12.0,67.4203233454127,50.28558441541671,58.56483586590164,38.399218742052554,12.0,84.18729120241368,47.07971962533337,59.3129386505004,12.0,12.0,111.28342194594845,
12.0,12.0,12.0,12.0,12.0,12.0,12.0,12.0,12.0,12.0,12.0,12.0,93.31428377025436,106.84984271812893,51.27158579763339,87.28401915585694,12.0,53.153992688936455,37.199999999999996,63.37586291325744,41.63628521990861,35.47142825179474,72.91928566725144,113.96295694459475,
12.0,12.0,12.0,12.0,12.0,12.0,12.0,12.0,12.0,12.0,12.0,12.0,87.24040857818635,12.0,50.712424513130905,12.0,87.92178342140245,12.0,12.0,37.85792152538518,12.0,53.649065436615224,38.399218742052554,12.0,
12.0,12.0,12.0,12.0,12.0,12.0,12.0,12.0,12.0,12.0,12.0,12.0,40.326445692897636,103.09335575098912,12.0,143.0,48.71857961804716,56.166181995930614,98.40477630684397,9.99999999E8,12.0,78.44424771772626,81.34016364762381,53.38747252139047,
12.0,12.0,12.0,12.0,12.0,12.0,12.0,12.0,12.0,12.0,12.0,12.0,12.0,56.98684058622657,12.0,9.99999999E8,12.0,42.76084419089931,12.0,12.0,94.41927769264072,12.0,57.863824815010474,36.37390856767796,
12.0,12.0,12.0,12.0,12.0,12.0,12.0,12.0,12.0,12.0,12.0,12.0,57.052957854961384,12.0,56.95120718650308,57.863824815010474,47.619666662642906,53.19983291536001,32.1844683038263,12.0,77.17440565944703,12.0,12.0,58.25324025322539,
12.0,12.0,12.0,12.0,12.0,12.0,12.0,12.0,12.0,12.0,12.0,12.0,43.508619835614184,68.66504852462342,97.89535229008577,27.175168737624563,70.34372750999196,92.81939452506678,140.0,12.0,100.74968982582527,81.63026399565298,12.0,12.0,
12.0,12.0,12.0,12.0,12.0,12.0,12.0,12.0,12.0,12.0,12.0,12.0,133.41747345165183,90.86742479507653,113.29116862707741,118.32816890138864,12.0,12.0,84.01095166702969,12.0,84.2466616549285,65.08882819313584,50.28558441541671,92.5194033703201,
12.0,12.0,12.0,12.0,12.0,12.0,12.0,12.0,12.0,12.0,12.0,12.0,87.06830013781645,44.225765876318505,12.0,12.0,12.0,93.08866740908906,12.0,86.64006001844643,27.29761894378336,82.40616184609061,12.0,9.99999999E8,
12.0,12.0,12.0,12.0,12.0,12.0,12.0,12.0,12.0,12.0,12.0,12.0,37.218946787892854,54.25403210822215,43.96984124119065,144.0,140.0,12.0,12.0,64.0,12.0,52.109116284964955,12.0,96.65172298286025,
12.0,12.0,12.0,12.0,12.0,12.0,12.0,12.0,12.0,12.0,12.0,12.0,12.0,12.0,61.82750197121018,144.0,26.93046601899046,12.0,62.83222810699052,50.28558441541671,12.0,79.82380597290509,40.81079098911248,96.85843048261496,
12.0,12.0,12.0,12.0,12.0,12.0,12.0,12.0,12.0,12.0,12.0,12.0,12.0,12.0,9.99999999E8,12.0,80.06897026938712,12.0,93.68327254934873,12.0,55.113519212621505,88.77218032694702,12.0,57.78311941119905,
12.0,12.0,12.0,12.0,12.0,12.0,12.0,12.0,12.0,12.0,12.0,12.0,62.608625603825544,12.0,63.052006752803315,44.61190673152429,44.61190673152429,12.0,12.0,65.41788746206957,50.663354707363006,47.92702786528704,12.0,133.41747345165183,
12.0,12.0,12.0,12.0,12.0,12.0,12.0,12.0,12.0,12.0,12.0,12.0,100.42161121989629,103.67497287195208,89.24964985925715,12.0,12.0,47.85655649960619,55.113519212621505,12.0,12.0,12.0,118.0,55.1200709562517,
12.0,12.0,12.0,12.0,12.0,12.0,12.0,12.0,12.0,12.0,12.0,12.0,57.863824815010474,51.647846034466916,9.99999999E8,12.0,12.0,59.43904440685432,39.40671121635106,50.662017330540635,50.28558441541671,12.0,12.0,22.91833327273168,
12.0,12.0,12.0,12.0,12.0,12.0,12.0,12.0,12.0,12.0,12.0,12.0,48.602880573068916,12.0,49.821722989401444,110.24316557299848,12.0,32.546121120649694,92.29060383135194,54.625253933935525,50.84835843520964,12.0,44.61190673152429,67.61834070723711,
12.0,12.0,12.0,12.0,12.0,12.0,12.0,12.0,12.0,12.0,12.0,12.0,9.99999999E8,54.360474836868335,12.0,12.0,12.0,82.49972170639518,12.0,92.29060383135194,101.63168797181321,12.0,71.66744185627266,96.65172298286025,
12.0,12.0,12.0,12.0,12.0,12.0,12.0,12.0,12.0,12.0,12.0,12.0,53.4063666616631,86.64006001844643,55.1200709562517,66.07942036608952,12.0,84.98376315508746,28.182441342083905,30.298922280471047,95.4245251494604,50.28558441541671,12.0,65.62392856268207,
12.0,12.0,12.0,12.0,12.0,12.0,12.0,12.0,12.0,12.0,12.0,12.0,55.22865272331612,9.99999999E8,12.0,12.0,67.1532244613433,12.0,81.61801271778185,12.0,44.68825349015108,48.58193163751986,12.0,12.0,
12.0,12.0,12.0,12.0,12.0,12.0,12.0,12.0,12.0,12.0,12.0,12.0,45.07948535642349,12.0,44.61190673152429,9.99999999E8,47.68899244060415,105.50302786597591,12.0,12.0,57.863824815010474,12.0,44.61190673152429,65.22453526089703,
12.0,12.0,12.0,12.0,12.0,12.0,12.0,12.0,12.0,12.0,12.0,12.0,108.03471664238306,32.19068188156318,12.0,12.0,25.714241622537156,12.0,38.621660413053505,38.610562158612524,44.61190673152429,12.0,44.61190673152429,105.25313402565372,
12.0,12.0,12.0,12.0,12.0,12.0,12.0,12.0,12.0,12.0,12.0,12.0,12.0,22.537044334760022,55.59352480280415,32.19068188156318,12.0,12.0,43.36461455978096,44.61190673152429,87.53650667007452,9.99999999E8,144.0,12.0,
12.0,12.0,12.0,12.0,12.0,12.0,12.0,12.0,12.0,12.0,12.0,12.0,67.89125291392274,12.0,23.199616855073756,55.520266569965244,117.95290962451452,51.56549233741495,12.0,92.29060383135194,98.04407172287368,12.0,81.61801271778185,84.2466616549285,
12.0,12.0,12.0,12.0,12.0,12.0,12.0,12.0,12.0,12.0,12.0,12.0,12.0,113.96295694459475,84.2466616549285,43.84294791220879,34.722221315192726,12.0,61.826287256460475,49.244695145771786,117.85796536509528,96.65172298286025,12.0,9.99999999E8,
12.0,12.0,12.0,12.0,12.0,12.0,12.0,12.0,12.0,12.0,12.0,12.0,12.0,105.87275381324507,46.34891824220089,12.0,86.39583323285909,9.99999999E8,47.81426650731613,140.0,96.55796186747108,12.0,78.27444595069893,9.99999999E8,
12.0,12.0,12.0,12.0,12.0,12.0,12.0,12.0,12.0,12.0,12.0,12.0,49.047249189544,12.0,55.20643078482796,32.19068188156318,55.59352480280415,50.28558441541671,63.4025937078988,12.0,12.0,54.15754795040115,55.92709540106655,12.0,
12.0,12.0,12.0,12.0,12.0,12.0,12.0,12.0,12.0,12.0,12.0,12.0,69.82148666420673,12.0,12.0,27.29029131394533,93.88941485717238,53.46234396490882,44.61190673152429,25.466753926552077,66.69520222624713,35.05367313135672,81.61801271778185,87.53650667007452,
12.0,12.0,12.0,12.0,12.0,12.0,12.0,12.0,12.0,12.0,12.0,12.0,53.39513086415277,12.0,12.0,40.53116714584076,48.708315511830214,94.41927769264072,83.9919043717905,56.95120718650308,54.83283687718519,81.15725475889386,53.46234396490882,90.95185539613801,
12.0,12.0,12.0,12.0,12.0,12.0,12.0,12.0,12.0,12.0,12.0,12.0,51.30109617869586,12.0,12.0,12.0,140.0,12.0,92.81939452506678,12.0,118.0,96.52719823966714,12.0,12.0,
12.0,12.0,12.0,12.0,12.0,12.0,12.0,12.0,12.0,12.0,12.0,12.0,12.0,33.84113210609571,12.0,12.0,48.586417855198995,93.10477968396681,44.61190673152429,61.99596761080514,83.67699803410731,12.0,83.03914739446691,12.0,
12.0,12.0,12.0,12.0,12.0,12.0,12.0,12.0,12.0,12.0,12.0,12.0,9.99999999E8,80.16632709560791,9.99999999E8,9.99999999E8,47.89050010179472,44.61190673152429,78.61195837784479,89.23564310296643,30.97983214931934,67.1532244613433,41.0687228922449,84.2466616549285,
12.0,12.0,12.0,12.0,12.0,12.0,12.0,12.0,12.0,12.0,12.0,12.0,12.0,35.490217744549774,56.98684058622657,12.0,12.0,73.27972685093019,9.99999999E8,12.0,103.18376271918412,12.0,12.0,53.649065436615224,
12.0,12.0,12.0,12.0,12.0,12.0,12.0,12.0,12.0,12.0,12.0,12.0,90.86742479507653,61.17915403868289,12.0,12.0,43.660304880087835,12.0,12.0,81.14322043290014,44.61190673152429,12.0,110.546370361039,12.0,
12.0,12.0,12.0,12.0,12.0,12.0,12.0,12.0,12.0,12.0,12.0,12.0,96.70284380513326,12.0,38.949197681081955,12.0,12.0,12.0,75.03087799740334,44.61190673152429,65.89048152469032,49.18685737852653,12.0,78.24640566824779,
12.0,12.0,12.0,12.0,12.0,12.0,12.0,12.0,12.0,12.0,12.0,12.0,12.0,12.0,53.38747252139047,12.0,62.928530890209096,9.99999999E8,62.16823054333209,9.99999999E8,12.0,12.0,90.86742479507653,12.0,
12.0,12.0,12.0,12.0,12.0,12.0,12.0,12.0,12.0,12.0,12.0,12.0,52.711382033848885,12.0,103.18376271918412,12.0,9.99999999E8,48.12021982031624,12.0,46.58325879540846,48.708315511830214,83.67699803410731,12.0,12.0,
12.0,12.0,12.0,12.0,12.0,12.0,12.0,12.0,12.0,12.0,12.0,12.0,12.0,12.0,92.93782868132867,122.882961480517,44.61190673152429,12.0,12.0,49.18220093579474,48.59053405757134,12.0,44.61190673152429,12.0,
12.0,12.0,12.0,12.0,12.0,12.0,12.0,12.0,12.0,12.0,12.0,12.0,110.24316557299848,63.36841133842284,48.84695170998928,12.0,57.863824815010474,12.0,96.40136006417244,49.41547216094256,95.40207311979943,71.66744185627266,12.0,77.3096081364023,
12.0,12.0,12.0,12.0,12.0,12.0,12.0,12.0,12.0,12.0,12.0,12.0,32.02950029096441,74.74623736349542,12.0,98.15294188153507,99.9371802684066,90.31334342166721,12.0,12.0,12.0,12.0,49.86231041578399,93.08866740908906,
12.0,12.0,12.0,12.0,12.0,12.0,12.0,12.0,12.0,12.0,12.0,12.0,74.31016081263719,44.77767300787302,12.0,63.305256934598695,46.023951173629726,78.45916135162291,12.0,96.31977990008075,12.0,9.99999999E8,33.20285758885996,64.95382975621992,
12.0,12.0,12.0,12.0,12.0,12.0,12.0,12.0,12.0,12.0,12.0,12.0,44.369358796358554,12.0,44.61190673152429,44.61190673152429,86.64006001844643,36.83831191151131,54.28167278188836,9.99999999E8,35.10970461317912,77.67596510862002,12.0,122.882961480517,
12.0,12.0,12.0,12.0,12.0,12.0,12.0,12.0,12.0,12.0,12.0,12.0,50.88958636106212,43.6314391160645,72.13528956065818,12.0,72.969552249932,22.537044334760022,113.96295694459475,61.117484722258574,24.423349483639626,9.99999999E8,12.0,12.0,
12.0,12.0,12.0,12.0,12.0,12.0,12.0,12.0,12.0,12.0,12.0,12.0,9.99999999E8,12.0,122.882961480517,75.32522080212503,12.0,133.40747938386198,92.29060383135194,12.0,12.0,72.13528956065818,34.93923296238771,118.0,
12.0,12.0,12.0,12.0,12.0,12.0,12.0,12.0,12.0,12.0,12.0,12.0,43.28458796795409,56.067419733349205,12.0,82.52915378513096,12.0,56.61307269527066,54.28167278188836,12.0,12.0,135.52941460148872,44.61190673152429,72.14568594171102,
12.0,12.0,12.0,12.0,12.0,12.0,12.0,12.0,12.0,12.0,12.0,12.0,12.0,47.65034685661328,12.0,78.60941419448437,26.07110429841519,103.18376271918412,61.09410606530198,42.76084419089931,37.653021127128696,80.06897026938712,9.99999999E8,12.0,
12.0,12.0,12.0,12.0,12.0,12.0,12.0,12.0,12.0,12.0,12.0,12.0,12.0,12.0,12.0,12.0,47.68899244060415,24.17031405738562,74.8682175559162,12.0,12.0,79.68619007637955,44.77767300787302,44.61190673152429,
12.0,12.0,12.0,12.0,12.0,12.0,12.0,12.0,12.0,12.0,12.0,12.0,98.64836541980814,45.91901082945446,80.16632709560791,12.0,9.99999999E8,12.0,12.0,44.61190673152429,12.0,12.0,32.19068188156318,44.61190673152429,
12.0,12.0,12.0,12.0,12.0,12.0,12.0,12.0,12.0,12.0,12.0,12.0,77.60083046520114,12.0,24.08088222820935,12.0,92.39826838204274,44.61190673152429,54.25403210822215,12.0,144.0,12.0,53.03772242470448,56.064447042865076,
12.0,12.0,12.0,12.0,12.0,12.0,12.0,12.0,12.0,12.0,12.0,12.0,43.508619835614184,35.049818771548125,86.18004409374598,55.59352480280415,86.55634003352961,57.53189000325766,53.65668644260471,12.0,92.44154909995828,9.99999999E8,12.0,54.25403210822215,
12.0,12.0,12.0,12.0,12.0,12.0,12.0,12.0,12.0,12.0,12.0,12.0,12.0,12.0,44.424717844411305,56.61307269527066,12.0,12.0,73.04737070796551,86.55634003352961,73.46087393980554,12.0,29.038288899696244,66.61497996363548,
12.0,12.0,12.0,12.0,12.0,12.0,12.0,12.0,12.0,12.0,12.0,12.0,109.39327625082306,45.44621023464287,64.0,83.67699803410731,9.99999999E8,47.94413415632824,9.99999999E8,42.5901205368914,12.0,31.212533095252336,12.0,92.29060383135194,
12.0,12.0,12.0,12.0,12.0,12.0,12.0,12.0,12.0,12.0,12.0,12.0,12.0,12.0,44.61190673152429,130.0,12.0,12.0,38.01607846980304,12.0,78.27444595069893,12.0,51.44900387762624,12.0,
12.0,12.0,12.0,12.0,12.0,12.0,12.0,12.0,12.0,12.0,12.0,12.0,51.647846034466916,107.14242857057143,12.0,102.91501348199883,77.64591997580355,62.608625603825544,103.5398474018578,44.61190673152429,144.0,12.0,12.0,57.052957854961384,
12.0,12.0,12.0,12.0,12.0,12.0,12.0,12.0,12.0,12.0,12.0,12.0,12.0,26.656247964699674,9.99999999E8,136.23590650860817,44.61190673152429,42.79278236130741,12.0,117.85796536509528,44.68825349015108,106.13932143911396,12.0,62.51064106944977,
12.0,12.0,12.0,12.0,12.0,12.0,12.0,12.0,12.0,12.0,12.0,12.0,12.0,12.0,12.0,12.0,130.0,64.86053413971311,119.0,12.0,12.0,12.0,12.0,12.0,
12.0,12.0,12.0,12.0,12.0,12.0,12.0,12.0,12.0,12.0,12.0,12.0,91.85616776001248,12.0,12.0,124.70765814495917,119.0,12.0,46.19403520898439,44.61190673152429,12.0,12.0,140.0,12.0,
12.0,12.0,12.0,12.0,12.0,12.0,12.0,12.0,12.0,12.0,12.0,12.0,44.42558556801727,118.03201072402163,61.02640594220032,32.19068188156318,55.520766885513716,9.99999999E8,12.0,52.51860700392436,12.0,48.58465946986218,46.07048725505697,12.0,
12.0,12.0,12.0,12.0,12.0,12.0,12.0,12.0,12.0,12.0,12.0,12.0,12.0,52.48595536144962,83.74867163125633,12.0,12.0,12.0,96.21850133939938,35.979932678585655,12.0,12.0,12.0,56.166181995930614,
12.0,12.0,12.0,12.0,12.0,12.0,12.0,12.0,12.0,12.0,12.0,12.0,72.8834686331544,92.44154909995828,57.863824815010474,87.33206105943502,12.0,144.0,12.0,12.0,41.0687228922449,86.44211936319007,42.67737134233267,105.50302786597591,
12.0,12.0,12.0,12.0,12.0,12.0,12.0,12.0,12.0,12.0,12.0,12.0,84.2466616549285,9.99999999E8,12.0,12.0,141.0,12.0,57.47556002336993,136.23590650860817,45.16082373030855,141.0,70.58958059720209,96.21850133939938,
12.0,12.0,12.0,12.0,12.0,12.0,12.0,12.0,12.0,12.0,12.0,12.0,28.43395498199938,12.0,44.61190673152429,9.99999999E8,44.61190673152429,12.0,87.33206105943502,98.16058272035674,54.54865310487103,12.0,12.0,12.0,
12.0,12.0,12.0,12.0,12.0,12.0,12.0,12.0,12.0,12.0,12.0,12.0,71.05272546439275,48.295962564173,12.0,26.699979192667712,126.37861985144305,113.96295694459475,103.18376271918412,12.0,65.48465469100375,12.0,105.87275381324507,12.0,
12.0,12.0,12.0,12.0,12.0,12.0,12.0,12.0,12.0,12.0,12.0,12.0,12.0,86.64006001844643,100.46392387319938,52.3396599148294,12.0,63.10485101972924,12.0,46.19069437574608,12.0,12.0,91.34671434825788,12.0,
12.0,12.0,12.0,12.0,12.0,12.0,12.0,12.0,12.0,12.0,12.0,12.0,12.0,83.52577779078477,50.28558441541671,119.0,107.00934538627924,12.0,107.09341716464182,44.61190673152429,67.1532244613433,53.649065436615224,105.50302786597591,12.0,
12.0,12.0,12.0,12.0,12.0,12.0,12.0,12.0,12.0,12.0,12.0,12.0,12.0,53.4063666616631,43.489618747185055,27.838103383671807,71.2101740546173,113.80087873122949,9.99999999E8,12.0,12.0,54.15754795040115,65.21119535785247,47.84712048572526,
12.0,12.0,12.0,12.0,12.0,12.0,12.0,12.0,12.0,12.0,12.0,12.0,98.04407172287368,12.0,54.4905700302559,79.68828158658098,103.18376271918412,9.99999999E8,78.55342131314205,83.43284724855073,78.24800316941001,54.01440137181524,12.0,87.33206105943502,
12.0,12.0,12.0,12.0,12.0,12.0,12.0,12.0,12.0,12.0,12.0,12.0,110.24316557299848,90.22106184256533,99.92116892831068,12.0,65.62392856268207,12.0,90.26538650003111,12.0,43.70171621343949,48.708315511830214,29.845862530744217,12.0,
12.0,12.0,12.0,12.0,12.0,12.0,12.0,12.0,12.0,12.0,12.0,12.0,71.4968703450424,113.96295694459475,12.0,12.0,12.0,58.71115737234278,9.99999999E8,81.63026399565298,12.0,12.0,48.708315511830214,44.93817975841923,
12.0,12.0,12.0,12.0,12.0,12.0,12.0,12.0,12.0,12.0,12.0,12.0,33.27995726492983,12.0,12.0,54.25403210822215,12.0,44.37967502760195,99.12057752499675,12.0,53.664870887266076,83.74867163125633,50.10544437040306,12.0,
12.0,12.0,12.0,12.0,12.0,12.0,12.0,12.0,12.0,12.0,12.0,12.0,12.0,9.99999999E8,30.3021818063027,66.82095479712932,86.64006001844643,119.0,105.8940770560637,35.193913823954475,12.0,103.18376271918412,113.96295694459475,55.03837045391354,
12.0,12.0,12.0,12.0,12.0,12.0,12.0,12.0,12.0,12.0,12.0,12.0,100.6056658444245,64.33160619443258,38.000324884900984,43.94567353246759,107.04905417611124,56.98280442379087,90.33404673765035,55.17698795693727,48.708315511830214,9.99999999E8,12.0,110.24316557299848,
12.0,12.0,12.0,12.0,12.0,12.0,12.0,12.0,12.0,12.0,12.0,12.0,68.66504852462342,26.407537270471813,44.61190673152429,12.0,88.11640028961692,9.99999999E8,99.90715690079465,12.0,12.0,75.39378105800387,9.99999999E8,55.92709540106655,
12.0,12.0,12.0,12.0,12.0,12.0,12.0,12.0,12.0,12.0,12.0,12.0,12.0,9.99999999E8,35.43303543305315,12.0,52.44273066879717,114.44867845458069,53.649065436615224,12.0,67.8638342565464,89.05553822693392,118.0,68.66504852462342,
12.0,12.0,12.0,12.0,12.0,12.0,12.0,12.0,12.0,12.0,12.0,12.0,12.0,12.0,82.78309006071227,12.0,12.0,144.0,44.28568868406838,12.0,12.0,64.19934232961857,9.99999999E8,12.0,
12.0,12.0,12.0,12.0,12.0,12.0,12.0,12.0,12.0,12.0,12.0,12.0,12.0,50.471248634995256,12.0,12.0,12.0,12.0,40.326445692897636,12.0,33.32856715236573,43.017319720298325,35.89645603058268,40.53116714584076,
12.0,12.0,12.0,12.0,12.0,12.0,12.0,12.0,12.0,12.0,12.0,12.0,46.12505459245576,12.0,71.73911067193404,12.0,12.0,88.33817211750096,12.0,12.0,96.55796186747108,34.741905532080416,144.0,34.586847211042524,
12.0,12.0,12.0,12.0,12.0,12.0,12.0,12.0,12.0,12.0,12.0,12.0,12.0,27.538336914200173,12.0,48.97591244683451,12.0,12.0,12.0,84.04711992297499,12.0,65.30421119652239,47.859168400631454,9.99999999E8,
12.0,12.0,12.0,12.0,12.0,12.0,12.0,12.0,12.0,12.0,12.0,12.0,65.3348299148318,25.714241622537156,81.34835926775386,12.0,113.96295694459475,65.2398651132879,12.0,83.03914739446691,9.99999999E8,12.0,93.88586451407664,61.17915403868289,
12.0,12.0,12.0,12.0,12.0,12.0,12.0,12.0,12.0,12.0,12.0,12.0,113.96271320041481,12.0,12.0,12.0,12.0,64.15574798878119,54.5298083620326,93.71528987073324,12.0,82.50145329579574,12.0,12.0,
12.0,12.0,12.0,12.0,12.0,12.0,12.0,12.0,12.0,12.0,12.0,12.0,12.0,59.96248827392005,66.76076692189807,42.37039060476077,12.0,12.0,72.8834686331544,72.5044059963868,12.0,12.0,12.0,41.599946581162285,
12.0,12.0,12.0,12.0,12.0,12.0,12.0,12.0,12.0,12.0,12.0,12.0,100.46392387319938,12.0,100.46392387319938,61.59139550294343,88.11640028961692,12.0,90.97801932335085,44.098654832372056,78.85429601486528,12.0,27.721275868950713,12.0,
12.0,12.0,12.0,12.0,12.0,12.0,12.0,12.0,12.0,12.0,12.0,12.0,55.17698795693727,12.0,12.0,82.41309584857821,81.53867521339524,12.0,58.08183881386677,12.0,12.0,12.0,49.761832763675415,12.0,
12.0,12.0,12.0,12.0,12.0,12.0,12.0,12.0,12.0,12.0,12.0,12.0,79.78370761001271,12.0,68.82949948968103,71.28957905355209,12.0,61.05916984550496,75.53185569340789,78.62498895954701,12.0,87.01468586138523,48.295962564173,52.26428566005237,
12.0,12.0,12.0,12.0,12.0,12.0,12.0,12.0,12.0,12.0,12.0,12.0,99.86911434472621,42.20262106184633,42.20262106184633,65.2398651132879,12.0,144.0,42.20262106184633,114.45304714161175,12.0,12.0,84.2466616549285,12.0,
12.0,12.0,12.0,12.0,12.0,12.0,12.0,12.0,12.0,12.0,12.0,12.0,62.981267056165194,12.0,98.15294188153507,12.0,79.38233780606083,12.0,12.0,55.56527692723217,88.26223553832195,12.0,12.0,144.0,
12.0,12.0,12.0,12.0,12.0,12.0,12.0,12.0,12.0,12.0,12.0,12.0,55.285529715454174,87.1180552787742,12.0,65.31845068585139,12.0,81.14322043290014,64.0,12.0,12.0,42.20262106184633,55.49073996823454,12.0,
12.0,12.0,12.0,12.0,12.0,12.0,12.0,12.0,12.0,12.0,12.0,12.0,103.18376271918412,48.97591244683451,12.0,74.99036975209253,39.909397389587326,12.0,62.75221111642202,12.0,103.18376271918412,12.0,69.97320915893454,9.99999999E8,
12.0,12.0,12.0,12.0,12.0,12.0,12.0,12.0,12.0,12.0,12.0,12.0,106.44547900216335,87.14483474206732,12.0,65.68865959965997,12.0,12.0,86.41435066006109,144.0,144.0,55.113519212621505,12.0,44.61190673152429,
12.0,12.0,12.0,12.0,12.0,12.0,12.0,12.0,12.0,12.0,12.0,12.0,12.0,96.46470857261737,84.02761450856498,46.35342490043212,30.706495874470743,82.65252567223823,98.41869741060384,50.631018160807315,144.0,12.0,57.863824815010474,105.87275381324507,
12.0,12.0,12.0,12.0,12.0,12.0,12.0,12.0,12.0,12.0,12.0,12.0,12.0,12.0,55.41860898851777,65.62392856268207,12.0,12.0,65.41788746206957,12.0,54.06005730591087,12.0,12.0,124.70765814495917,
12.0,12.0,12.0,12.0,12.0,12.0,12.0,12.0,12.0,12.0,12.0,12.0,89.22723799378753,44.61190673152429,49.81186828680714,91.5016696872552,72.8834686331544,12.0,12.0,54.54865310487103,42.20262106184633,12.0,12.0,9.99999999E8,
12.0,12.0,12.0,12.0,12.0,12.0,12.0,12.0,12.0,12.0,12.0,12.0,74.6281315905159,90.33271832508971,12.0,46.29794811868016,12.0,50.890101877828876,90.86742479507653,87.48079154242312,81.35860263194189,12.0,12.0,12.0,
12.0,12.0,12.0,12.0,12.0,12.0,12.0,12.0,12.0,12.0,12.0,12.0,103.09335575098912,43.02970550161314,12.0,12.0,12.0,44.61190673152429,75.64537145273478,79.37603892583427,12.0,65.27051401666759,87.33206105943502,47.85655649960619,
12.0,12.0,12.0,12.0,12.0,12.0,12.0,12.0,12.0,12.0,12.0,12.0,12.0,12.0,12.0,12.0,51.647846034466916,26.102468139530533,36.85138655950444,9.99999999E8,48.97591244683451,64.0,40.94844942368491,12.0,
12.0,12.0,12.0,12.0,12.0,12.0,12.0,12.0,12.0,12.0,12.0,12.0,105.25313402565372,12.0,105.25313402565372,94.6205051772606,68.66504852462342,88.09937570720919,12.0,72.5044059963868,57.863824815010474,53.65668644260471,12.0,12.0,
12.0,12.0,12.0,12.0,12.0,12.0,12.0,12.0,12.0,12.0,12.0,12.0,62.25752966509352,9.99999999E8,12.0,44.206380553407136,106.84984271812893,42.49945978048019,141.0,12.0,12.0,12.0,12.0,43.186354609874115,
12.0,12.0,12.0,12.0,12.0,12.0,12.0,12.0,12.0,12.0,12.0,12.0,61.040301173461934,9.99999999E8,49.028155176388196,12.0,12.0,93.64768490939265,38.399218742052554,93.85390538254418,12.0,71.24254346947475,12.0,12.0,
12.0,12.0,12.0,12.0,12.0,12.0,12.0,12.0,12.0,12.0,12.0,12.0,12.0,12.0,32.02950029096441,9.99999999E8,9.99999999E8,55.02272257894914,12.0,70.80847406913949,9.99999999E8,12.0,122.97764024407039,90.95185539613801,
12.0,12.0,12.0,12.0,12.0,12.0,12.0,12.0,12.0,12.0,12.0,12.0,12.0,58.339999619091145,60.024069246335586,105.25313402565372,12.0,113.96295694459475,12.0,118.0,12.0,12.0,93.10477968396681,9.99999999E8,
12.0,12.0,12.0,12.0,12.0,12.0,12.0,12.0,12.0,12.0,12.0,12.0,49.199141817267055,12.0,12.0,12.0,48.97591244683451,98.04407172287368,103.00019417457425,53.33124995930831,42.36153915995027,53.565121321828656,12.0,92.3766204188051,
12.0,12.0,12.0,12.0,12.0,12.0,12.0,12.0,12.0,12.0,12.0,12.0,80.07396580662156,49.199141817267055,12.0,12.0,64.0,12.0,52.55123835896947,12.0,12.0,12.0,63.002753422176,30.80683730099206,
12.0,12.0,12.0,12.0,12.0,12.0,12.0,12.0,12.0,12.0,12.0,12.0,44.61190673152429,12.0,144.0,12.0,67.1532244613433,73.02781130836247,12.0,57.232469416892684,12.0,78.49229261526254,54.373613048227426,79.48514885743681,
12.0,12.0,12.0,12.0,12.0,12.0,12.0,12.0,12.0,12.0,12.0,12.0,95.62687906650514,67.1532244613433,40.504463584251226,45.29042086603106,60.829598058839736,48.97591244683451,29.141417642630604,44.61190673152429,88.64006557133064,84.97670268961957,78.89385273898087,47.67074574621211,
12.0,12.0,12.0,12.0,12.0,12.0,12.0,12.0,12.0,12.0,12.0,12.0,72.14741852623696,105.25313402565372,9.99999999E8,75.03087799740334,12.0,12.0,85.62616422566178,12.0,65.89048152469032,85.95476846703866,90.0,12.0,
12.0,12.0,12.0,12.0,12.0,12.0,12.0,12.0,12.0,12.0,12.0,12.0,12.0,65.62392856268207,79.02303461649647,12.0,64.0,30.394118989301244,12.0,12.0,82.33678970408981,12.0,22.537044334760022,49.39523143876227,
12.0,12.0,12.0,12.0,12.0,12.0,12.0,12.0,12.0,12.0,12.0,12.0,42.321812372216954,51.059181348705536,53.65668644260471,12.0,12.0,12.0,140.0,50.78139423056441,106.84984271812893,9.99999999E8,96.55796186747108,12.0,
12.0,12.0,12.0,12.0,12.0,12.0,12.0,12.0,12.0,12.0,12.0,12.0,63.99936224172033,117.85796536509528,26.941417928535238,122.98170595661779,41.0687228922449,105.25313402565372,12.0,99.12057752499675,12.0,68.24140157476903,106.86907878334125,9.99999999E8,
12.0,12.0,12.0,12.0,12.0,12.0,12.0,12.0,12.0,12.0,12.0,12.0,47.48420790115383,12.0,35.791915630345855,69.40201726174823,65.0126141606381,12.0,53.65668644260471,68.74227229296396,12.0,107.19608201795437,12.0,12.0,
12.0,12.0,12.0,12.0,12.0,12.0,12.0,12.0,12.0,12.0,12.0,12.0,12.0,12.0,12.0,57.052957854961384,50.43312403569701,12.0,79.48232507922752,105.8940770560637,12.0,12.0,12.0,12.0,
12.0,12.0,12.0,12.0,12.0,12.0,12.0,12.0,12.0,12.0,12.0,12.0,12.0,50.78139423056441,50.73022329495067,81.65918333061029,51.34199061197374,83.46256645946133,12.0,38.399218742052554,12.0,12.0,12.0,12.0,
12.0,12.0,12.0,12.0,12.0,12.0,12.0,12.0,12.0,12.0,12.0,12.0,43.706406853000395,75.70943380680468,102.84862663156956,38.456324432905554,104.24250572583144,12.0,12.0,65.55181156917023,34.535363875666505,12.0,12.0,44.61190673152429,
12.0,12.0,12.0,12.0,12.0,12.0,12.0,12.0,12.0,12.0,12.0,12.0,44.61190673152429,38.399218742052554,12.0,73.27972685093019,9.99999999E8,76.62571369977574,12.0,51.647846034466916,64.0,64.0,27.443760675242743,12.0,
12.0,12.0,12.0,12.0,12.0,12.0,12.0,12.0,12.0,12.0,12.0,12.0,50.7444578254611,12.0,12.0,65.62392856268207,144.0,143.0,67.1532244613433,42.69038692495618,42.81062952118317,99.4697050474275,44.61190673152429,38.97403246536815,
12.0,12.0,12.0,12.0,12.0,12.0,12.0,12.0,12.0,12.0,12.0,12.0,12.0,41.0687228922449,103.18376271918412,12.0,118.0,12.0,12.0,12.0,49.18220093579474,84.66108905512614,12.0,65.62392856268207,
12.0,12.0,12.0,12.0,12.0,12.0,12.0,12.0,12.0,12.0,12.0,12.0,12.0,12.0,12.0,12.0,79.01797263914077,12.0,38.399218742052554,42.45910397316553,74.59387986678429,103.18376271918412,74.83240533945765,12.0,
12.0,12.0,12.0,12.0,12.0,12.0,12.0,12.0,12.0,12.0,12.0,12.0,63.04474601423976,12.0,12.0,42.31656127362775,12.0,12.0,38.68135097925416,93.68683056984169,12.0,61.7777451508095,64.0,32.79942787817803,
12.0,12.0,12.0,12.0,12.0,12.0,12.0,12.0,12.0,12.0,12.0,12.0,12.0,118.0,68.06430782723056,48.84001370572607,58.08183881386677,12.0,103.18376271918412,118.0,12.0,83.67699803410731,87.25187040338383,42.53527947480773,
12.0,12.0,12.0,12.0,12.0,12.0,12.0,12.0,12.0,12.0,12.0,12.0,84.97199538671549,12.0,12.0,12.0,12.0,32.0190915271221,96.38752800832458,44.11880705325643,54.2131093416509,12.0,80.9656717380891,28.99568933479596,
12.0,12.0,12.0,12.0,12.0,12.0,12.0,12.0,12.0,12.0,12.0,12.0,46.46547105109341,89.22723799378753,58.68764776339225,143.0,99.12057752499675,64.0,12.0,12.0,87.33206105943502,12.0,12.0,12.0,
12.0,12.0,12.0,12.0,12.0,12.0,12.0,12.0,12.0,12.0,12.0,12.0,64.8308568507312,46.21207153499566,12.0,52.415140358254405,12.0,12.0,64.54068484297328,68.72830746434528,12.0,35.72814016989969,64.0,88.09937570720919,
