54.92443789016889,102.89274350830901,72.29961531709557,141.06972271421913,105.56514576317318,82.83668671951256,126.98503848879206,47.15702624176955,64.32145831680124,92.70644192827163,53.49751746576658,102.85872187941412,45.45571715661543,120.52219712567474,63.90552923391423,96.5090669315583,95.71449893366443,102.55851988011527,85.30679926008243,69.2862420205724,102.78091586800862,132.95182398147082,158.75137794677562,81.33623628699162,
45.45571715661543,47.15702624176955,53.49751746576658,54.92443789016889,63.90552923391423,64.32145831680124,69.2862420205724,72.29961531709557,81.33623628699162,82.83668671951256,85.30679926008243,92.70644192827163,119.7246841716444,50.783701863885426,61.08642255369161,81.4488592103454,61.15378258102227,53.66411030375773,71.33862908691195,70.83490194341582,47.15702624176955,65.6123797388877,52.49747017714282,54.22162276251053,
45.45571715661543,47.15702624176955,47.15702624176955,50.783701863885426,52.49747017714282,53.49751746576658,53.66411030375773,54.22162276251053,54.92443789016889,61.08642255369161,61.15378258102227,63.90552923391423,77.4622488700141,74.84108163301757,112.31512587358837,144.25411605912672,107.8072353787073,119.59096955874219,64.0522745696905,54.36436677640971,116.87942504992057,77.93362560538294,70.81842980467725,53.66411030375773,
45.45571715661543,47.15702624176955,47.15702624176955,50.783701863885426,52.49747017714282,53.49751746576658,53.66411030375773,53.66411030375773,54.22162276251053,54.36436677640971,54.92443789016889,61.08642255369161,149.375993720544,57.19497623150524,50.54618350248282,124.00478821400407,120.52219712567474,104.82560833720598,62.938583604355514,128.280616878259,101.31972907583202,62.89090002633488,76.54859567621081,53.49751746576658,
45.45571715661543,47.15702624176955,47.15702624176955,50.54618350248282,50.783701863885426,52.49747017714282,53.49751746576658,53.49751746576658,53.66411030375773,53.66411030375773,54.22162276251053,54.36436677640971,47.103017046427425,65.00180285961305,72.26063935504584,157.04995224450084,54.534249559336565,82.15343875943356,69.74326095745447,45.453822721526954,69.07676888795538,99.74926900316947,124.67237063599939,54.22162276251053,
45.453822721526954,45.45571715661543,47.103017046427425,47.15702624176955,47.15702624176955,50.54618350248282,50.783701863885426,52.49747017714282,53.49751746576658,53.49751746576658,53.66411030375773,53.66411030375773,51.01851515762575,51.33143935899973,133.02029920279085,89.43852637426447,136.5898971373798,125.90313737155242,87.81571613327537,79.92643101627897,66.37382296508164,93.69890274170771,50.76400668780982,50.54618350248282,
45.453822721526954,45.45571715661543,47.103017046427425,47.15702624176955,47.15702624176955,50.54618350248282,50.54618350248282,50.76400668780982,50.783701863885426,51.01851515762575,51.33143935899973,52.49747017714282,92.25499647715564,68.39773388058994,88.36372989145818,94.3234682709805,120.52219712567474,62.545316904358764,93.49164401164417,133.39665163214056,157.07382818280072,87.62326594400528,77.9349087379975,105.19971288856608,
45.453822721526954,45.45571715661543,47.103017046427425,47.15702624176955,47.15702624176955,50.54618350248282,50.54618350248282,50.76400668780982,50.783701863885426,51.01851515762575,51.33143935899973,52.49747017714282,61.842415662714856,51.33143935899973,95.16608289371447,120.52219712567474,45.10266067539697,54.85116224839725,80.42377990992465,80.91010100379584,51.341179054114704,48.44011193674561,126.85498610618346,80.91284748968417,
45.10266067539697,45.453822721526954,45.45571715661543,47.103017046427425,47.15702624176955,47.15702624176955,48.44011193674561,50.54618350248282,50.54618350248282,50.76400668780982,50.783701863885426,51.01851515762575,183.86408023319834,69.6328541350992,43.12514090154115,50.76400668780982,112.80375658638324,74.68088359814712,105.67118812618698,51.431386331694384,95.16608289371447,97.30664588471505,92.06275588101934,57.941781125540146,
43.12514090154115,45.10266067539697,45.453822721526954,45.45571715661543,47.103017046427425,47.15702624176955,47.15702624176955,48.44011193674561,50.54618350248282,50.54618350248282,50.76400668780982,50.76400668780982,128.35984574624572,46.14311974715191,43.498836310073614,56.58665920515188,68.75560583205804,45.630992757116296,119.79816359193491,87.10530025970482,60.249481325568276,60.362101796850425,51.915646726203846,75.5830668867042,
43.12514090154115,43.498836310073614,45.10266067539697,45.453822721526954,45.45571715661543,45.630992757116296,46.14311974715191,47.103017046427425,47.15702624176955,47.15702624176955,48.44011193674561,50.54618350248282,148.83610952991214,90.59711217634852,87.56457934322277,44.87926871430258,43.034869582700026,45.79907810814051,74.32217114675097,72.63321095293345,56.905486334799036,54.09112681392393,46.71347514722683,96.85246512092503,
43.034869582700026,43.12514090154115,43.498836310073614,44.87926871430258,45.10266067539697,45.453822721526954,45.45571715661543,45.630992757116296,45.79907810814051,46.14311974715191,46.71347514722683,47.103017046427425,35.8679856793522,47.431822416788684,40.88016022473493,56.8995215758055,49.95232101714594,183.8767703291165,57.310421172767526,150.54131492716542,96.48549113726892,93.33764870976056,42.031981870951554,44.94404234321564,
35.8679856793522,40.88016022473493,42.031981870951554,43.034869582700026,43.12514090154115,43.498836310073614,44.87926871430258,44.94404234321564,45.10266067539697,45.453822721526954,45.45571715661543,45.630992757116296,41.5469464621719,54.743847954714404,84.46843591938155,66.9925368977769,68.76691711054734,61.13083994054665,45.45571715661543,55.24929298190159,45.45571715661543,97.8751808192872,50.71927093762729,57.538981351775774,
35.8679856793522,40.88016022473493,41.5469464621719,42.031981870951554,43.034869582700026,43.12514090154115,43.498836310073614,44.87926871430258,44.94404234321564,45.10266067539697,45.453822721526954,45.45571715661543,48.88746644079646,54.447078663597736,95.17567001742255,42.42431478771461,47.94171631538973,44.94404234321564,154.52378457700289,75.11591043181198,88.98813903486739,68.41768478863294,112.25856036400965,41.070008060994795,
35.8679856793522,40.88016022473493,41.070008060994795,41.5469464621719,42.031981870951554,42.42431478771461,43.034869582700026,43.12514090154115,43.498836310073614,44.87926871430258,44.94404234321564,44.94404234321564,40.822175346250226,36.32148124732801,41.83125824866695,59.694639625346596,46.68600789672783,86.4959857771189,63.43761170246241,39.02162861798569,93.48520939164655,44.281779921970745,51.579550211299825,63.651795107507866,
35.8679856793522,36.32148124732801,39.02162861798569,40.822175346250226,40.88016022473493,41.070008060994795,41.5469464621719,41.83125824866695,42.031981870951554,42.42431478771461,43.034869582700026,43.12514090154115,42.708313008125245,56.31656555184767,42.41744534294219,56.508710611727814,41.83125824866695,72.17263254786324,38.57828435361841,87.01979340612367,44.281779921970745,43.71713050967549,43.02615483633182,103.44684625448956,
35.8679856793522,36.32148124732801,38.57828435361841,39.02162861798569,40.822175346250226,40.88016022473493,41.070008060994795,41.5469464621719,41.83125824866695,41.83125824866695,42.031981870951554,42.41744534294219,43.542702513150935,138.21577334009314,49.51788397471497,86.72937434917884,72.7155798681105,97.48322723338993,51.579550211299825,72.47082746411368,45.028916329233645,39.418081180683345,119.79816359193491,42.055766548714814,
35.8679856793522,36.32148124732801,38.57828435361841,39.02162861798569,39.418081180683345,40.822175346250226,40.88016022473493,41.070008060994795,41.5469464621719,41.83125824866695,41.83125824866695,42.031981870951554,46.047047446197865,43.09582346353298,105.56514576317318,39.31416164418522,36.838266126945626,89.03058151244686,99.82351614223975,52.315283511502535,41.29951573565966,119.79816359193491,61.3616329639295,89.20350501029905,
35.8679856793522,36.32148124732801,36.838266126945626,38.57828435361841,39.02162861798569,39.31416164418522,39.418081180683345,40.822175346250226,40.88016022473493,41.070008060994795,41.29951573565966,41.5469464621719,119.79816359193491,94.95777794281379,41.79395141644303,58.1830328027205,102.65760241371963,40.822175346250226,58.87048814983616,93.32952373177525,95.97533696800679,39.418081180683345,88.88069406669695,69.02705538410284,
35.8679856793522,36.32148124732801,36.838266126945626,38.57828435361841,39.02162861798569,39.31416164418522,39.418081180683345,39.418081180683345,40.822175346250226,40.822175346250226,40.88016022473493,41.070008060994795,44.67661580737735,75.56840168571341,108.58176642512315,34.52946602061258,76.4738517403171,95.15615522682187,49.183123038667794,69.68793412969929,35.8679856793522,40.57529009959962,65.16227780686914,40.822175346250226,
34.52946602061258,35.8679856793522,35.8679856793522,36.32148124732801,36.838266126945626,38.57828435361841,39.02162861798569,39.31416164418522,39.418081180683345,39.418081180683345,40.57529009959962,40.822175346250226,51.00769671301521,40.938575233497815,100.66975712695447,144.25411605912672,60.58025208059769,41.29951573565966,57.71468075801858,40.68578785440111,47.23984870620485,89.56065604444349,91.27202930434566,56.819402007100045,
34.52946602061258,35.8679856793522,35.8679856793522,36.32148124732801,36.838266126945626,38.57828435361841,39.02162861798569,39.31416164418522,39.418081180683345,39.418081180683345,40.57529009959962,40.68578785440111,73.22651465814546,39.327683210007,59.009511512802675,41.91002266761496,95.63704535609853,54.75156961220382,65.92251343644125,89.9309920624327,61.147196107726266,83.2421167438695,40.58844031991505,95.00741109653134,
34.52946602061258,35.8679856793522,35.8679856793522,36.32148124732801,36.838266126945626,38.57828435361841,39.02162861798569,39.31416164418522,39.327683210007,39.418081180683345,39.418081180683345,40.57529009959962,42.15032621463326,79.31950159534118,73.1523431348747,114.93578370116072,46.764046371735745,43.692713974275726,46.80224353596737,92.55800546144023,44.74633364869126,113.05124206895444,85.76784041224072,56.49778756730214,
34.52946602061258,35.8679856793522,35.8679856793522,36.32148124732801,36.838266126945626,38.57828435361841,39.02162861798569,39.31416164418522,39.327683210007,39.418081180683345,39.418081180683345,40.57529009959962,39.418081180683345,35.8679856793522,45.15897843544884,91.62005443678802,42.72391992003231,40.51446022845801,138.18533750004013,45.462908321596096,69.25636753717627,36.32148124732801,44.67661580737735,39.418081180683345,
34.52946602061258,35.8679856793522,35.8679856793522,35.8679856793522,36.32148124732801,36.32148124732801,36.838266126945626,38.57828435361841,39.02162861798569,39.31416164418522,39.327683210007,39.418081180683345,38.51242787194435,57.315355708570806,62.3416744641977,83.2421167438695,49.51542969396285,39.55818499375319,39.418081180683345,35.8679856793522,32.95427703652441,108.48594378996756,35.24202037341219,40.61342142691256,
32.95427703652441,34.52946602061258,35.24202037341219,35.8679856793522,35.8679856793522,35.8679856793522,35.8679856793522,36.32148124732801,36.32148124732801,36.838266126945626,38.51242787194435,38.57828435361841,114.93578370116072,50.60982282785296,69.6292637832686,72.16339484500126,96.57736536062681,127.21315773142337,70.22285952594069,38.45587298016607,31.66534189853349,186.68333258935212,75.1681448487323,43.356488833471545,
31.66534189853349,32.95427703652441,34.52946602061258,35.24202037341219,35.8679856793522,35.8679856793522,35.8679856793522,35.8679856793522,36.32148124732801,36.32148124732801,36.838266126945626,38.45587298016607,80.7975865976206,60.929534408735684,36.50608462812786,49.94118990352144,119.7246841716444,42.15032621463326,98.55589939786684,40.822175346250226,89.9309920624327,32.16746123227908,43.84803302315852,52.027396629083796,
31.66534189853349,32.16746123227908,32.95427703652441,34.52946602061258,35.24202037341219,35.8679856793522,35.8679856793522,35.8679856793522,35.8679856793522,36.32148124732801,36.32148124732801,36.50608462812786,91.27202930434566,69.59562500910644,43.9770892056307,35.8679856793522,46.85638519277104,102.8781641878716,42.66438795998368,73.6947533184464,98.55589939786684,92.80732729693275,56.24799316147979,78.28012377211586,
31.66534189853349,32.16746123227908,32.95427703652441,34.52946602061258,35.24202037341219,35.8679856793522,35.8679856793522,35.8679856793522,35.8679856793522,35.8679856793522,36.32148124732801,36.32148124732801,32.16746123227908,107.5434795791916,165.37432287591284,93.04560373816702,92.13893494789993,35.8679856793522,134.35098622637648,114.23960565408129,41.76900764921283,89.03058151244686,72.23855039565305,91.28107347637844,
31.66534189853349,32.16746123227908,32.16746123227908,32.95427703652441,34.52946602061258,35.24202037341219,35.8679856793522,35.8679856793522,35.8679856793522,35.8679856793522,35.8679856793522,35.8679856793522,40.822175346250226,69.22427319950712,32.95427703652441,73.14062496593917,41.99527718428733,81.9553994560456,52.478567053607705,43.74624983927194,89.03058151244686,98.75221516502808,35.8679856793522,95.05743877607195,
31.66534189853349,32.16746123227908,32.16746123227908,32.95427703652441,32.95427703652441,34.52946602061258,35.24202037341219,35.8679856793522,35.8679856793522,35.8679856793522,35.8679856793522,35.8679856793522,40.822175346250226,119.47049845045429,114.25082056598106,114.25082056598106,76.4449915605586,96.85659502584221,122.4352890305732,86.54992136847316,104.85967299399786,38.93308520997202,89.82575725629407,80.00999937507811,
31.66534189853349,32.16746123227908,32.16746123227908,32.95427703652441,32.95427703652441,34.52946602061258,35.24202037341219,35.8679856793522,35.8679856793522,35.8679856793522,35.8679856793522,35.8679856793522,91.29028790986841,42.43877943579433,57.13920623257632,141.06972271421913,47.412913589021294,96.4874952244791,54.88643578638837,149.375993720544,70.22808821974296,44.87926871430258,44.18200991353834,50.408906467405835,
31.66534189853349,32.16746123227908,32.16746123227908,32.95427703652441,32.95427703652441,34.52946602061258,35.24202037341219,35.8679856793522,35.8679856793522,35.8679856793522,35.8679856793522,35.8679856793522,73.22651465814546,35.81230002852837,53.60430474881011,69.35911980410363,99.20929580941495,45.58329446950799,58.953842585157716,45.462622009734545,96.85659502584221,89.17897111364813,93.280490993562,42.6927003908943,
31.66534189853349,32.16746123227908,32.16746123227908,32.95427703652441,32.95427703652441,34.52946602061258,35.24202037341219,35.81230002852837,35.8679856793522,35.8679856793522,35.8679856793522,35.8679856793522,35.8679856793522,39.21798057014155,34.76268753195651,44.34742244540285,32.95427703652441,32.16746123227908,138.18533750004013,34.04929025202532,94.18436110921505,35.69103528899099,40.822175346250226,49.94118990352144,
31.66534189853349,32.16746123227908,32.16746123227908,32.16746123227908,32.95427703652441,32.95427703652441,32.95427703652441,34.04929025202532,34.52946602061258,34.76268753195651,35.24202037341219,35.69103528899099,40.68578785440111,58.3917802434555,40.822175346250226,49.10985418200484,93.09126905891873,125.63405854570912,73.2050516824948,34.82974463172406,41.71954977385702,94.38176024352728,32.16746123227908,169.03309587178484,
31.66534189853349,32.16746123227908,32.16746123227908,32.16746123227908,32.16746123227908,32.95427703652441,32.95427703652441,32.95427703652441,34.04929025202532,34.52946602061258,34.76268753195651,34.82974463172406,127.21315773142337,47.77374360998305,82.72921158200162,54.53195737363551,35.85784605866535,70.30504960527374,47.265209192385896,67.54257916307313,31.66534189853349,48.890023266511136,33.65857109688442,96.76362953093482,
31.66534189853349,31.66534189853349,32.16746123227908,32.16746123227908,32.16746123227908,32.16746123227908,32.95427703652441,32.95427703652441,32.95427703652441,33.65857109688442,34.04929025202532,34.52946602061258,186.68333258935212,32.16746123227908,45.45602270326783,57.647202880972465,71.63239490621544,34.24993213481845,30.136725472788548,96.76362953093482,43.05326158763507,31.66534189853349,82.11833831491786,94.38008264459192,
30.136725472788548,31.66534189853349,31.66534189853349,31.66534189853349,32.16746123227908,32.16746123227908,32.16746123227908,32.16746123227908,32.16746123227908,32.95427703652441,32.95427703652441,32.95427703652441,111.68169053161758,81.9553994560456,97.16437961859617,110.74595553186882,41.9338765200643,41.23939257554602,51.56957909080998,34.76268753195651,32.16746123227908,41.23939257554602,31.66534189853349,102.24284816064154,
30.136725472788548,31.66534189853349,31.66534189853349,31.66534189853349,31.66534189853349,32.16746123227908,32.16746123227908,32.16746123227908,32.16746123227908,32.16746123227908,32.16746123227908,32.95427703652441,61.092803000946006,100.2271638579083,85.60945970999194,54.465442025196126,86.88689966464067,110.3276370634303,120.20648900953725,80.11398130164298,32.16746123227908,34.44198019858905,105.98301750752334,30.136725472788548,
30.136725472788548,30.136725472788548,31.66534189853349,31.66534189853349,31.66534189853349,31.66534189853349,32.16746123227908,32.16746123227908,32.16746123227908,32.16746123227908,32.16746123227908,32.16746123227908,95.08556833780008,36.97324483100358,88.9131911223276,32.16746123227908,30.136725472788548,85.1894946574987,34.44198019858905,80.42819081361348,120.70956880048905,72.417086208988,71.6159898346731,54.72354764328302,
30.136725472788548,30.136725472788548,30.136725472788548,31.66534189853349,31.66534189853349,31.66534189853349,31.66534189853349,32.16746123227908,32.16746123227908,32.16746123227908,32.16746123227908,32.16746123227908,60.54406109052591,94.39491511728797,32.72443871006635,31.29616589935579,186.68333258935212,32.24006029155817,138.18533750004013,33.92264084840945,44.50177707985723,32.40916794159743,70.20256405573802,73.74223122923978,
30.136725472788548,30.136725472788548,30.136725472788548,31.29616589935579,31.66534189853349,31.66534189853349,31.66534189853349,31.66534189853349,32.16746123227908,32.16746123227908,32.16746123227908,32.16746123227908,84.92589807158535,124.21916116284154,32.44771435196425,89.14548034907135,108.43978743985069,108.48594378996756,32.44771435196425,31.66534189853349,34.423532529894935,80.50985489177009,124.53379728678743,31.66534189853349,
30.136725472788548,30.136725472788548,30.136725472788548,31.29616589935579,31.66534189853349,31.66534189853349,31.66534189853349,31.66534189853349,31.66534189853349,31.66534189853349,32.16746123227908,32.16746123227908,31.525386595567706,37.31018627667249,84.8693112968404,141.06972271421913,38.349631222164746,78.25119807389532,74.77689036950743,32.17796587112532,43.85031356786403,31.66534189853349,66.89481793582121,36.67272677193351,
30.136725472788548,30.136725472788548,30.136725472788548,31.29616589935579,31.525386595567706,31.66534189853349,31.66534189853349,31.66534189853349,31.66534189853349,31.66534189853349,31.66534189853349,31.66534189853349,39.069273902458264,30.136725472788548,36.67272677193351,64.10577992980167,120.20648900953725,108.84251870271572,57.16369039871376,74.62897811842261,43.05326158763507,31.66534189853349,136.27430975792907,53.87253474638074,
30.136725472788548,30.136725472788548,30.136725472788548,30.136725472788548,31.29616589935579,31.525386595567706,31.66534189853349,31.66534189853349,31.66534189853349,31.66534189853349,31.66534189853349,31.66534189853349,126.927883067512,30.136725472788548,31.66534189853349,114.23960565408129,60.272169157912344,31.66534189853349,43.94188080736746,30.136725472788548,97.66108488031453,31.66534189853349,31.90274477167979,107.50813922675809,
30.136725472788548,30.136725472788548,30.136725472788548,30.136725472788548,30.136725472788548,30.136725472788548,31.29616589935579,31.525386595567706,31.66534189853349,31.66534189853349,31.66534189853349,31.66534189853349,35.10319607955948,30.136725472788548,69.52157938367051,124.53379728678743,34.423532529894935,30.136725472788548,36.69695718539436,39.520080145337225,57.85555553378127,98.37777950330045,31.66534189853349,47.580633315106965,
30.136725472788548,30.136725472788548,30.136725472788548,30.136725472788548,30.136725472788548,30.136725472788548,30.136725472788548,30.136725472788548,31.29616589935579,31.525386595567706,31.66534189853349,31.66534189853349,45.96449037028476,57.0999124342586,165.37432287591284,46.550879422412635,97.00725830197092,97.00725830197092,71.956777149743,32.396774845779994,107.36474048774113,57.179405164796876,34.3644680835695,99.0500715126782,
30.136725472788548,30.136725472788548,30.136725472788548,30.136725472788548,30.136725472788548,30.136725472788548,30.136725472788548,30.136725472788548,31.29616589935579,31.525386595567706,31.66534189853349,31.66534189853349,68.46360570494697,40.72004971730255,91.35233987151068,30.136725472788548,33.844497337085684,30.136725472788548,37.96782263385084,84.8693112968404,110.79523154600713,38.090079635866694,109.98598395553256,116.40527264690375,
30.136725472788548,30.136725472788548,30.136725472788548,30.136725472788548,30.136725472788548,30.136725472788548,30.136725472788548,30.136725472788548,30.136725472788548,30.136725472788548,31.29616589935579,31.525386595567706,37.96782263385084,37.16928241916375,110.79523154600713,30.195658260382036,31.593075965780727,108.48594378996756,108.48594378996756,103.2872208939712,42.339894504670966,31.593075965780727,91.89124006128114,69.26641852076573,
30.136725472788548,30.136725472788548,30.136725472788548,30.136725472788548,30.136725472788548,30.136725472788548,30.136725472788548,30.136725472788548,30.136725472788548,30.136725472788548,30.195658260382036,31.29616589935579,99.20979454334805,31.29616589935579,49.74418935916033,32.89353089894729,66.20191747639203,99.0500715126782,30.136725472788548,30.136725472788548,108.48594378996756,108.48594378996756,101.81805668282354,128.82425043445818,
30.136725472788548,30.136725472788548,30.136725472788548,30.136725472788548,30.136725472788548,30.136725472788548,30.136725472788548,30.136725472788548,30.136725472788548,30.136725472788548,30.136725472788548,30.136725472788548,44.39219150556398,64.22771987234172,99.0500715126782,30.136725472788548,108.48594378996756,30.136725472788548,30.136725472788548,30.136725472788548,43.03080292069856,128.82425043445818,30.136725472788548,30.30264014900352,
30.136725472788548,30.136725472788548,30.136725472788548,30.136725472788548,30.136725472788548,30.136725472788548,30.136725472788548,30.136725472788548,30.136725472788548,30.136725472788548,30.136725472788548,30.136725472788548,55.766626818077015,30.136725472788548,78.9476685849557,78.34981734216755,64.13007614736371,31.593075965780727,69.61849161681111,70.20256405573802,30.136725472788548,33.85040620140325,84.15155598680276,37.286056375004314,
30.136725472788548,30.136725472788548,30.136725472788548,30.136725472788548,30.136725472788548,30.136725472788548,30.136725472788548,30.136725472788548,30.136725472788548,30.136725472788548,30.136725472788548,30.136725472788548,30.136725472788548,83.13593286499727,35.17789611389516,30.136725472788548,30.136725472788548,35.17789611389516,43.208559242778904,30.136725472788548,132.4016144161392,35.17789611389516,91.89124006128114,108.48594378996756,
30.136725472788548,30.136725472788548,30.136725472788548,30.136725472788548,30.136725472788548,30.136725472788548,30.136725472788548,30.136725472788548,30.136725472788548,30.136725472788548,30.136725472788548,30.136725472788548,30.30264014900352,32.89353089894729,31.448121963004404,31.593075965780727,31.593075965780727,101.31972907583202,108.48594378996756,30.136725472788548,30.136725472788548,88.80065064826697,30.136725472788548,97.12058568226053,
30.136725472788548,30.136725472788548,30.136725472788548,30.136725472788548,30.136725472788548,30.136725472788548,30.136725472788548,30.136725472788548,30.136725472788548,30.136725472788548,30.136725472788548,30.136725472788548,31.244999599935987,30.136725472788548,85.64996594667547,94.39491511728797,120.20648900953725,120.20648900953725,68.35740175723474,99.0500715126782,35.17789611389516,59.33632951236536,82.80096617793781,30.136725472788548,
30.136725472788548,30.136725472788548,30.136725472788548,30.136725472788548,30.136725472788548,30.136725472788548,30.136725472788548,30.136725472788548,30.136725472788548,30.136725472788548,30.136725472788548,30.136725472788548,108.48594378996756,53.20009398487939,74.62897811842261,35.17789611389516,42.32677114493327,108.48594378996756,31.593075965780727,84.15155598680276,30.136725472788548,42.17951056035514,30.136725472788548,58.16829910190054,
30.136725472788548,30.136725472788548,30.136725472788548,30.136725472788548,30.136725472788548,30.136725472788548,30.136725472788548,30.136725472788548,30.136725472788548,30.136725472788548,30.136725472788548,30.136725472788548,83.66673442282537,58.310568930337084,37.96782263385084,95.4529481269303,101.81805668282354,34.813790371058424,42.71977986643581,41.40196189771194,30.136725472788548,35.17789611389516,104.41647379604427,149.9622174638221,
30.136725472788548,30.136725472788548,30.136725472788548,30.136725472788548,30.136725472788548,30.136725472788548,30.136725472788548,30.136725472788548,30.136725472788548,30.136725472788548,30.136725472788548,30.136725472788548,30.136725472788548,35.17789611389516,30.136725472788548,104.28180031794147,97.11470180215996,116.85546628207001,35.77337522515872,75.76223773534323,30.136725472788548,99.75211463923961,101.81805668282354,35.10319607955948,
30.136725472788548,30.136725472788548,30.136725472788548,30.136725472788548,30.136725472788548,30.136725472788548,30.136725472788548,30.136725472788548,30.136725472788548,30.136725472788548,30.136725472788548,30.136725472788548,38.51318353658197,77.30903892818743,57.179405164796876,35.17789611389516,36.69695718539436,72.12893547899715,30.136725472788548,30.136725472788548,40.7267315981367,33.259919155377126,84.8693112968404,37.96782263385084,
30.136725472788548,30.136725472788548,30.136725472788548,30.136725472788548,30.136725472788548,30.136725472788548,30.136725472788548,30.136725472788548,30.136725472788548,30.136725472788548,30.136725472788548,30.136725472788548,87.81571613327537,46.38173461743803,37.74896521760564,37.74896521760564,46.38173461743803,54.69674921784657,32.17796587112532,30.136725472788548,114.23960565408129,35.17789611389516,36.71209307268897,32.17796587112532,
30.136725472788548,30.136725472788548,30.136725472788548,30.136725472788548,30.136725472788548,30.136725472788548,30.136725472788548,30.136725472788548,30.136725472788548,30.136725472788548,30.136725472788548,30.136725472788548,32.845852097334905,35.23470412817454,31.244999599935987,31.244999599935987,36.711501944213616,37.96782263385084,104.41647379604427,74.13391082826992,85.64412803378097,116.40527264690375,30.136725472788548,31.448121963004404,
30.136725472788548,30.136725472788548,30.136725472788548,30.136725472788548,30.136725472788548,30.136725472788548,30.136725472788548,30.136725472788548,30.136725472788548,30.136725472788548,30.136725472788548,30.136725472788548,43.10263025261773,30.136725472788548,31.576098555711408,183.84957619387288,101.81805668282354,37.74896521760564,30.136725472788548,78.37250793486196,41.07614879708174,81.21999445949254,38.090079635866694,35.17789611389516,
30.136725472788548,30.136725472788548,30.136725472788548,30.136725472788548,30.136725472788548,30.136725472788548,30.136725472788548,30.136725472788548,30.136725472788548,30.136725472788548,30.136725472788548,30.136725472788548,37.74896521760564,37.68931380378263,30.136725472788548,86.36116025158532,35.17789611389516,35.17789611389516,53.40526611655064,108.48594378996756,108.48594378996756,51.882345530804386,102.21015931240234,108.48594378996756,
30.136725472788548,30.136725472788548,30.136725472788548,30.136725472788548,30.136725472788548,30.136725472788548,30.136725472788548,30.136725472788548,30.136725472788548,30.136725472788548,30.136725472788548,30.136725472788548,30.136725472788548,30.136725472788548,30.136725472788548,49.74418935916033,54.89581969884558,30.136725472788548,30.136725472788548,50.585735802364944,85.64996594667547,52.376044142336674,30.136725472788548,74.62897811842261,
30.136725472788548,30.136725472788548,30.136725472788548,30.136725472788548,30.136725472788548,30.136725472788548,30.136725472788548,30.136725472788548,30.136725472788548,30.136725472788548,30.136725472788548,30.136725472788548,101.81805668282354,84.8693112968404,31.593075965780727,36.31956925833663,68.35740175723474,87.81571613327537,30.136725472788548,41.0120028162488,30.136725472788548,35.17789611389516,117.0521251408961,30.136725472788548,
30.136725472788548,30.136725472788548,30.136725472788548,30.136725472788548,30.136725472788548,30.136725472788548,30.136725472788548,30.136725472788548,30.136725472788548,30.136725472788548,30.136725472788548,30.136725472788548,69.33914238485119,30.136725472788548,30.136725472788548,57.179405164796876,73.0861363962642,37.16928241916375,31.593075965780727,31.593075965780727,74.62897811842261,35.17789611389516,78.49076378784959,99.92455487349777,
30.136725472788548,30.136725472788548,30.136725472788548,30.136725472788548,30.136725472788548,30.136725472788548,30.136725472788548,30.136725472788548,30.136725472788548,30.136725472788548,30.136725472788548,30.136725472788548,30.136725472788548,38.349631222164746,30.136725472788548,46.80484886794338,116.3902379927114,46.94204464609052,49.60426728955215,82.80096617793781,62.319238602537496,104.7465356691756,35.17789611389516,32.12767498590584,
30.136725472788548,30.136725472788548,30.136725472788548,30.136725472788548,30.136725472788548,30.136725472788548,30.136725472788548,30.136725472788548,30.136725472788548,30.136725472788548,30.136725472788548,30.136725472788548,116.40527264690375,31.525386595567706,30.136725472788548,35.17789611389516,73.0861363962642,30.136725472788548,30.136725472788548,30.136725472788548,35.17789611389516,108.48594378996756,46.550879422412635,94.51897552710713,
30.136725472788548,30.136725472788548,30.136725472788548,30.136725472788548,30.136725472788548,30.136725472788548,30.136725472788548,30.136725472788548,30.136725472788548,30.136725472788548,30.136725472788548,30.136725472788548,33.09153970428091,108.48594378996756,35.16012478646798,30.136725472788548,46.38173461743803,30.136725472788548,74.62897811842261,35.17789611389516,108.48594378996756,123.03530997238151,37.96782263385084,43.03629223085548,
30.136725472788548,30.136725472788548,30.136725472788548,30.136725472788548,30.136725472788548,30.136725472788548,30.136725472788548,30.136725472788548,30.136725472788548,30.136725472788548,30.136725472788548,30.136725472788548,31.244999599935987,68.46360570494697,80.42819081361348,35.17789611389516,42.71977986643581,55.7457023754597,30.136725472788548,32.161010222199124,108.48594378996756,35.17789611389516,33.99951385165324,120.20648900953725,
30.136725472788548,30.136725472788548,30.136725472788548,30.136725472788548,30.136725472788548,30.136725472788548,30.136725472788548,30.136725472788548,30.136725472788548,30.136725472788548,30.136725472788548,30.136725472788548,30.136725472788548,63.28348915791543,82.80096617793781,36.64241622309679,37.96782263385084,30.136725472788548,81.21999445949254,84.8693112968404,49.162835302695875,30.136725472788548,93.49164401164417,37.74896521760564,
30.136725472788548,30.136725472788548,30.136725472788548,30.136725472788548,30.136725472788548,30.136725472788548,30.136725472788548,30.136725472788548,30.136725472788548,30.136725472788548,30.136725472788548,30.136725472788548,116.40790351174614,32.72443871006635,35.17789611389516,30.136725472788548,37.96782263385084,54.68984907491274,108.48594378996756,43.10263025261773,66.29998114630199,66.79912012129795,37.96782263385084,40.04977371971033,
30.136725472788548,30.136725472788548,30.136725472788548,30.136725472788548,30.136725472788548,30.136725472788548,30.136725472788548,30.136725472788548,30.136725472788548,30.136725472788548,30.136725472788548,30.136725472788548,30.195658260382036,31.525386595567706,73.0861363962642,108.48594378996756,30.136725472788548,128.82425043445818,97.11470180215996,116.40527264690375,33.605555096342826,55.7457023754597,102.46422139784534,54.89581969884558,
30.136725472788548,30.136725472788548,30.136725472788548,30.136725472788548,30.136725472788548,30.136725472788548,30.136725472788548,30.136725472788548,30.136725472788548,30.136725472788548,30.136725472788548,30.136725472788548,108.48594378996756,54.89581969884558,72.07557761744881,44.16918231829368,57.64316416540647,30.136725472788548,31.525386595567706,75.06264050777857,30.136725472788548,37.26996109469394,49.74418935916033,97.11470180215996,
30.136725472788548,30.136725472788548,30.136725472788548,30.136725472788548,30.136725472788548,30.136725472788548,30.136725472788548,30.136725472788548,30.136725472788548,30.136725472788548,30.136725472788548,30.136725472788548,54.61441545050171,37.96782263385084,79.63026806332334,57.64316416540647,31.448121963004404,97.11470180215996,30.136725472788548,30.136725472788548,35.17789611389516,116.85546628207001,57.64316416540647,46.550879422412635,
30.136725472788548,30.136725472788548,30.136725472788548,30.136725472788548,30.136725472788548,30.136725472788548,30.136725472788548,30.136725472788548,30.136725472788548,30.136725472788548,30.136725472788548,30.136725472788548,30.136725472788548,30.136725472788548,110.82982450586124,57.189742670051125,101.81805668282354,62.85681818097965,116.40527264690375,30.136725472788548,57.179405164796876,30.136725472788548,84.8693112968404,30.136725472788548,
30.136725472788548,30.136725472788548,30.136725472788548,30.136725472788548,30.136725472788548,30.136725472788548,30.136725472788548,30.136725472788548,30.136725472788548,30.136725472788548,30.136725472788548,30.136725472788548,38.947257783942746,31.593075965780727,92.84521729739232,110.75460863247784,66.3936928403564,99.92455487349777,37.96782263385084,32.89353089894729,31.244999599935987,102.08452380258234,74.13827874317019,82.80096617793781,
30.136725472788548,30.136725472788548,30.136725472788548,30.136725472788548,30.136725472788548,30.136725472788548,30.136725472788548,30.136725472788548,30.136725472788548,30.136725472788548,30.136725472788548,30.136725472788548,30.136725472788548,99.0500715126782,30.136725472788548,35.17789611389516,34.3644680835695,30.136725472788548,30.136725472788548,90.54686286669461,82.80096617793781,35.17789611389516,109.2002174906259,104.04037677748,
30.136725472788548,30.136725472788548,30.136725472788548,30.136725472788548,30.136725472788548,30.136725472788548,30.136725472788548,30.136725472788548,30.136725472788548,30.136725472788548,30.136725472788548,30.136725472788548,30.136725472788548,57.669180460623856,74.62897811842261,70.20256405573802,104.41647379604427,32.41688089046611,55.7457023754597,44.16918231829368,116.85546628207001,63.28348915791543,37.96782263385084,66.81305542332277,
30.136725472788548,30.136725472788548,30.136725472788548,30.136725472788548,30.136725472788548,30.136725472788548,30.136725472788548,30.136725472788548,30.136725472788548,30.136725472788548,30.136725472788548,30.136725472788548,105.24723080364983,116.85546628207001,57.463031594234565,30.136725472788548,30.949151846213816,35.83066751672201,39.14907406312441,30.136725472788548,108.48594378996756,66.81305542332277,35.17789611389516,31.525386595567706,
30.136725472788548,30.136725472788548,30.136725472788548,30.136725472788548,30.136725472788548,30.136725472788548,30.136725472788548,30.136725472788548,30.136725472788548,30.136725472788548,30.136725472788548,30.136725472788548,70.21279608941576,94.31960294657733,39.15660441638789,46.4432943689047,70.82937243827591,116.85546628207001,37.96782263385084,83.04968392474471,98.95411394513452,69.6753184420423,88.89569418393921,38.349631222164746,
30.136725472788548,30.136725472788548,30.136725472788548,30.136725472788548,30.136725472788548,30.136725472788548,30.136725472788548,30.136725472788548,30.136725472788548,30.136725472788548,30.136725472788548,30.136725472788548,35.77337522515872,35.17789611389516,70.17775051016288,99.92455487349777,87.81571613327537,113.65380547962307,64.11246496014098,31.576098555711408,37.16928241916375,57.33222806589676,85.32760397432943,108.48594378996756,
30.136725472788548,30.136725472788548,30.136725472788548,30.136725472788548,30.136725472788548,30.136725472788548,30.136725472788548,30.136725472788548,30.136725472788548,30.136725472788548,30.136725472788548,30.136725472788548,90.54686286669461,48.90353316024882,30.136725472788548,30.136725472788548,30.136725472788548,72.79016529219662,121.25257729219615,99.20979454334805,102.44470052992817,74.12141643951497,114.23960565408129,31.244999599935987,
30.136725472788548,30.136725472788548,30.136725472788548,30.136725472788548,30.136725472788548,30.136725472788548,30.136725472788548,30.136725472788548,30.136725472788548,30.136725472788548,30.136725472788548,30.136725472788548,87.81571613327537,30.136725472788548,43.071000813901584,35.17789611389516,54.70817466339011,41.747766803241724,37.96782263385084,37.96782263385084,53.83293021004894,30.195658260382036,101.31972907583202,49.162835302695875,
30.136725472788548,30.136725472788548,30.136725472788548,30.136725472788548,30.136725472788548,30.136725472788548,30.136725472788548,30.136725472788548,30.136725472788548,30.136725472788548,30.136725472788548,30.136725472788548,88.80940891094316,35.17789611389516,108.24133914544849,30.136725472788548,110.21153902080006,31.541242841714404,30.136725472788548,35.17789611389516,64.13007614736371,64.4948318342899,72.20888067945377,40.04977371971033,
30.136725472788548,30.136725472788548,30.136725472788548,30.136725472788548,30.136725472788548,30.136725472788548,30.136725472788548,30.136725472788548,30.136725472788548,30.136725472788548,30.136725472788548,30.136725472788548,59.78908240640594,30.136725472788548,31.593075965780727,104.88660543653799,85.14252756407927,71.91650975262912,78.7002819245268,30.136725472788548,76.98214078602906,84.8693112968404,83.13994226603721,40.083246708153105,
30.136725472788548,30.136725472788548,30.136725472788548,30.136725472788548,30.136725472788548,30.136725472788548,30.136725472788548,30.136725472788548,30.136725472788548,30.136725472788548,30.136725472788548,30.136725472788548,82.80096617793781,31.721006008987516,56.32703058922954,58.93627384726659,30.136725472788548,31.47459292826517,97.01756626129779,81.21999445949254,92.80732729693275,38.52801789951445,55.7457023754597,30.136725472788548,
30.136725472788548,30.136725472788548,30.136725472788548,30.136725472788548,30.136725472788548,30.136725472788548,30.136725472788548,30.136725472788548,30.136725472788548,30.136725472788548,30.136725472788548,30.136725472788548,147.9617067577509,30.136725472788548,116.25763086651078,96.10714506910156,30.30264014900352,108.43978743985069,73.98152003117028,94.39491511728797,43.85487430149584,99.75211463923961,37.96782263385084,30.136725472788548,
30.136725472788548,30.136725472788548,30.136725472788548,30.136725472788548,30.136725472788548,30.136725472788548,30.136725472788548,30.136725472788548,30.136725472788548,30.136725472788548,30.136725472788548,30.136725472788548,36.31956925833663,87.81571613327537,71.5231120376872,42.16778923514478,108.48594378996756,68.97707397892344,30.136725472788548,57.54635812397978,30.136725472788548,87.81571613327537,101.81805668282354,39.87147319826545,
30.136725472788548,30.136725472788548,30.136725472788548,30.136725472788548,30.136725472788548,30.136725472788548,30.136725472788548,30.136725472788548,30.136725472788548,30.136725472788548,30.136725472788548,30.136725472788548,37.96782263385084,90.54686286669461,41.47288270665544,84.8693112968404,51.28471944916528,98.93221585173019,60.54406109052591,70.68887229731895,30.136725472788548,30.136725472788548,31.47459292826517,34.3644680835695,
30.136725472788548,30.136725472788548,30.136725472788548,30.136725472788548,30.136725472788548,30.136725472788548,30.136725472788548,30.136725472788548,30.136725472788548,30.136725472788548,30.136725472788548,30.136725472788548,44.27188724235731,54.68984907491274,57.47390712314589,74.37013289396938,44.048091615869126,31.244999599935987,87.81571613327537,54.89581969884558,101.81805668282354,95.46342391786735,88.05907108299519,49.637050020059384,
30.136725472788548,30.136725472788548,30.136725472788548,30.136725472788548,30.136725472788548,30.136725472788548,30.136725472788548,30.136725472788548,30.136725472788548,30.136725472788548,30.136725472788548,30.136725472788548,55.7457023754597,31.525386595567706,74.5435065917884,37.68931380378263,108.48594378996756,30.136725472788548,46.38173461743803,45.69285211818011,74.37013289396938,30.136725472788548,99.96457705940973,40.88684843565226,
30.136725472788548,30.136725472788548,30.136725472788548,30.136725472788548,30.136725472788548,30.136725472788548,30.136725472788548,30.136725472788548,30.136725472788548,30.136725472788548,30.136725472788548,30.136725472788548,82.80096617793781,104.88660543653799,54.95304117784453,87.42997197757758,40.09968048501135,42.71977986643581,99.0500715126782,30.136725472788548,104.88660543653799,101.54013984626967,73.0861363962642,74.37013289396938,
30.136725472788548,30.136725472788548,30.136725472788548,30.136725472788548,30.136725472788548,30.136725472788548,30.136725472788548,30.136725472788548,30.136725472788548,30.136725472788548,30.136725472788548,30.136725472788548,31.525386595567706,40.752108841138515,42.32677114493327,117.61462494094857,42.16778923514478,37.74896521760564,99.0500715126782,30.806782552543027,51.882345530804386,104.41647379604427,73.0861363962642,41.56602428666952,
30.136725472788548,30.136725472788548,30.136725472788548,30.136725472788548,30.136725472788548,30.136725472788548,30.136725472788548,30.136725472788548,30.136725472788548,30.136725472788548,30.136725472788548,30.136725472788548,94.39491511728797,69.35298648720094,36.42953624617134,31.525386595567706,74.62897811842261,30.136725472788548,64.13007614736371,35.17789611389516,42.137341581494624,35.17789611389516,30.136725472788548,32.161010222199124,
30.136725472788548,30.136725472788548,30.136725472788548,30.136725472788548,30.136725472788548,30.136725472788548,30.136725472788548,30.136725472788548,30.136725472788548,30.136725472788548,30.136725472788548,30.136725472788548,40.05274300497061,74.37013289396938,77.63761974713033,57.0999124342586,110.79523154600713,85.32760397432943,101.45565533768928,120.20648900953725,30.136725472788548,37.96782263385084,32.161010222199124,30.136725472788548,
30.136725472788548,30.136725472788548,30.136725472788548,30.136725472788548,30.136725472788548,30.136725472788548,30.136725472788548,30.136725472788548,30.136725472788548,30.136725472788548,30.136725472788548,30.136725472788548,43.10263025261773,89.03058151244686,91.27202930434566,30.136725472788548,82.80096617793781,38.36385178741757,92.82098025231149,30.136725472788548,35.17789611389516,108.48594378996756,73.0861363962642,101.81805668282354,
30.136725472788548,30.136725472788548,30.136725472788548,30.136725472788548,30.136725472788548,30.136725472788548,30.136725472788548,30.136725472788548,30.136725472788548,30.136725472788548,30.136725472788548,30.136725472788548,49.74418935916033,63.325527624960145,110.21153902080006,30.136725472788548,91.89124006128114,97.72472792993383,111.69064419189282,73.0861363962642,30.136725472788548,83.04968392474471,30.136725472788548,32.72443871006635,
30.136725472788548,30.136725472788548,30.136725472788548,30.136725472788548,30.136725472788548,30.136725472788548,30.136725472788548,30.136725472788548,30.136725472788548,30.136725472788548,30.136725472788548,30.136725472788548,35.12099621309168,35.17789611389516,81.33623628699162,31.593075965780727,92.82098025231149,90.45155816789449,102.81982623340046,57.32132565633841,73.0861363962642,101.81805668282354,38.40117185711915,47.580633315106965,
30.136725472788548,30.136725472788548,30.136725472788548,30.136725472788548,30.136725472788548,30.136725472788548,30.136725472788548,30.136725472788548,30.136725472788548,30.136725472788548,30.136725472788548,30.136725472788548,104.41647379604427,80.00999937507811,30.136725472788548,68.46360570494697,84.8693112968404,84.8693112968404,31.593075965780727,74.37013289396938,57.463031594234565,82.80096617793781,37.96782263385084,44.059441383204124,
30.136725472788548,30.136725472788548,30.136725472788548,30.136725472788548,30.136725472788548,30.136725472788548,30.136725472788548,30.136725472788548,30.136725472788548,30.136725472788548,30.136725472788548,30.136725472788548,98.62513202357027,35.10319607955948,49.15875642582238,30.136725472788548,66.79912012129795,59.292082274180274,116.85546628207001,116.37305315235139,37.96782263385084,119.7246841716444,30.136725472788548,165.37432287591284,
30.136725472788548,30.136725472788548,30.136725472788548,30.136725472788548,30.136725472788548,30.136725472788548,30.136725472788548,30.136725472788548,30.136725472788548,30.136725472788548,30.136725472788548,30.136725472788548,46.38173461743803,72.18711513723716,90.54686286669461,35.17789611389516,35.17789611389516,63.53651618470192,84.8693112968404,35.38361202590826,68.46360570494697,37.96782263385084,72.18711513723716,101.81314584407392,
30.136725472788548,30.136725472788548,30.136725472788548,30.136725472788548,30.136725472788548,30.136725472788548,30.136725472788548,30.136725472788548,30.136725472788548,30.136725472788548,30.136725472788548,30.136725472788548,96.25324669848804,31.448121963004404,83.13593286499727,71.57898448852262,120.20648900953725,102.89760282274153,125.90790284966229,102.17591040292554,48.80699180424452,87.81571613327537,33.20307883983719,128.82425043445818,
30.136725472788548,30.136725472788548,30.136725472788548,30.136725472788548,30.136725472788548,30.136725472788548,30.136725472788548,30.136725472788548,30.136725472788548,30.136725472788548,30.136725472788548,30.136725472788548,149.375993720544,37.96782263385084,54.68984907491274,30.136725472788548,104.41647379604427,32.4585205386129,110.21153902080006,37.96782263385084,43.10263025261773,30.136725472788548,32.25247621845836,35.17789611389516,
30.136725472788548,30.136725472788548,30.136725472788548,30.136725472788548,30.136725472788548,30.136725472788548,30.136725472788548,30.136725472788548,30.136725472788548,30.136725472788548,30.136725472788548,30.136725472788548,41.737086326191964,63.01428409495739,77.63761974713033,107.060730429042,54.68984907491274,30.136725472788548,101.81805668282354,31.244999599935987,108.43978743985069,101.83115109500302,101.81805668282354,37.68931380378263,
30.136725472788548,30.136725472788548,30.136725472788548,30.136725472788548,30.136725472788548,30.136725472788548,30.136725472788548,30.136725472788548,30.136725472788548,30.136725472788548,30.136725472788548,30.136725472788548,84.8693112968404,30.136725472788548,128.82425043445818,30.136725472788548,39.0697382182738,101.81805668282354,69.6753184420423,87.88012668781644,37.74896521760564,108.48594378996756,74.88981489495083,105.24723080364983,
30.136725472788548,30.136725472788548,30.136725472788548,30.136725472788548,30.136725472788548,30.136725472788548,30.136725472788548,30.136725472788548,30.136725472788548,30.136725472788548,30.136725472788548,30.136725472788548,110.3928590685708,34.60377851627342,67.2517657760746,43.208559242778904,30.136725472788548,183.8767703291165,98.37777950330045,99.0500715126782,30.136725472788548,30.136725472788548,30.136725472788548,76.20498671346908,
30.136725472788548,30.136725472788548,30.136725472788548,30.136725472788548,30.136725472788548,30.136725472788548,30.136725472788548,30.136725472788548,30.136725472788548,30.136725472788548,30.136725472788548,30.136725472788548,101.31972907583202,99.54856436266003,108.48594378996756,71.57898448852262,74.12141643951497,37.286056375004314,126.927883067512,108.48594378996756,97.11470180215996,30.136725472788548,30.753500252455456,31.593075965780727,
30.136725472788548,30.136725472788548,30.136725472788548,30.136725472788548,30.136725472788548,30.136725472788548,30.136725472788548,30.136725472788548,30.136725472788548,30.136725472788548,30.136725472788548,30.136725472788548,37.74896521760564,96.76362953093482,37.16928241916375,31.721006008987516,35.17789611389516,30.136725472788548,31.525386595567706,36.42953624617134,86.64282769991256,37.96782263385084,30.136725472788548,69.60951353802152,
30.136725472788548,30.136725472788548,30.136725472788548,30.136725472788548,30.136725472788548,30.136725472788548,30.136725472788548,30.136725472788548,30.136725472788548,30.136725472788548,30.136725472788548,30.136725472788548,102.24928687607883,30.136725472788548,35.17789611389516,111.69064419189282,123.75252522676053,31.593075965780727,37.16928241916375,87.81571613327537,74.37013289396938,82.80096617793781,52.27092882281699,37.96782263385084,
30.136725472788548,30.136725472788548,30.136725472788548,30.136725472788548,30.136725472788548,30.136725472788548,30.136725472788548,30.136725472788548,30.136725472788548,30.136725472788548,30.136725472788548,30.136725472788548,150.89793736164853,81.21999445949254,116.85546628207001,70.20256405573802,30.136725472788548,105.00476179678711,36.31956925833663,61.28812588911493,112.77937533077579,102.24928687607883,99.0500715126782,31.576098555711408,
30.136725472788548,30.136725472788548,30.136725472788548,30.136725472788548,30.136725472788548,30.136725472788548,30.136725472788548,30.136725472788548,30.136725472788548,30.136725472788548,30.136725472788548,30.136725472788548,30.136725472788548,33.40261030219045,70.82937243827591,38.349631222164746,81.21999445949254,35.83066751672201,88.688711232039,44.16918231829368,31.448121963004404,37.96782263385084,31.244999599935987,35.17789611389516,
30.136725472788548,30.136725472788548,30.136725472788548,30.136725472788548,30.136725472788548,30.136725472788548,30.136725472788548,30.136725472788548,30.136725472788548,30.136725472788548,30.136725472788548,30.136725472788548,37.16928241916375,39.14907406312441,47.087846692352045,59.00951151280268,104.41647379604427,76.5794238896148,30.136725472788548,30.195658260382036,87.81571613327537,37.96782263385084,47.61023393137236,33.79838130018059,
30.136725472788548,30.136725472788548,30.136725472788548,30.136725472788548,30.136725472788548,30.136725472788548,30.136725472788548,30.136725472788548,30.136725472788548,30.136725472788548,30.136725472788548,30.136725472788548,31.525386595567706,37.96782263385084,73.0861363962642,48.01285635118994,30.136725472788548,31.843121313715464,32.89353089894729,73.13281181019438,154.43829674015444,59.52533331382907,73.0861363962642,31.593075965780727,
30.136725472788548,30.136725472788548,30.136725472788548,30.136725472788548,30.136725472788548,30.136725472788548,30.136725472788548,30.136725472788548,30.136725472788548,30.136725472788548,30.136725472788548,30.136725472788548,74.37013289396938,31.721006008987516,31.576098555711408,92.60264575053998,30.136725472788548,73.0861363962642,43.03629223085548,30.136725472788548,56.096345692032386,141.41004207622598,30.136725472788548,40.88684843565226,
30.136725472788548,30.136725472788548,30.136725472788548,30.136725472788548,30.136725472788548,30.136725472788548,30.136725472788548,30.136725472788548,30.136725472788548,30.136725472788548,30.136725472788548,30.136725472788548,30.136725472788548,108.48594378996756,37.16928241916375,33.85040620140325,30.136725472788548,38.349631222164746,37.74896521760564,91.25779076330963,116.40527264690375,101.81805668282354,36.31956925833663,41.2583324917525,
30.136725472788548,30.136725472788548,30.136725472788548,30.136725472788548,30.136725472788548,30.136725472788548,30.136725472788548,30.136725472788548,30.136725472788548,30.136725472788548,30.136725472788548,30.136725472788548,37.16928241916375,30.136725472788548,53.40526611655064,82.80096617793781,80.42463832047733,37.96782263385084,70.20256405573802,82.80096617793781,30.195658260382036,30.136725472788548,58.74450328896029,81.33623628699162,
30.136725472788548,30.136725472788548,30.136725472788548,30.136725472788548,30.136725472788548,30.136725472788548,30.136725472788548,30.136725472788548,30.136725472788548,30.136725472788548,30.136725472788548,30.136725472788548,54.61441545050171,42.71977986643581,29.560953976487294,47.415549928267204,94.82680237664661,31.593075965780727,68.35740175723474,102.86196251935569,37.74896521760564,30.136725472788548,31.448121963004404,62.73144646028816,
29.560953976487294,30.136725472788548,30.136725472788548,30.136725472788548,30.136725472788548,30.136725472788548,30.136725472788548,30.136725472788548,30.136725472788548,30.136725472788548,30.136725472788548,30.136725472788548,108.48594378996756,31.593075965780727,29.560953976487294,99.20979454334805,45.09347500030693,66.05717993078544,62.95434853923913,30.136725472788548,103.62432146943111,59.04165196424187,109.2002174906259,29.560953976487294,
29.560953976487294,29.560953976487294,29.560953976487294,30.136725472788548,30.136725472788548,30.136725472788548,30.136725472788548,30.136725472788548,30.136725472788548,30.136725472788548,30.136725472788548,30.136725472788548,129.31429735338625,122.96713653113447,88.60692693012211,83.13994226603721,31.525386595567706,102.89760282274153,36.236031791574526,42.171672957092895,30.136725472788548,83.13593286499727,115.8619868636819,72.18711513723716,
29.560953976487294,29.560953976487294,29.560953976487294,30.136725472788548,30.136725472788548,30.136725472788548,30.136725472788548,30.136725472788548,30.136725472788548,30.136725472788548,30.136725472788548,30.136725472788548,42.37924020083418,88.89194439192889,66.79912012129795,123.03530997238151,89.14548034907135,30.360914412562447,86.83189378205324,101.09797228431438,67.468511173732,54.68984907491274,33.75870258170477,30.360914412562447,
29.560953976487294,29.560953976487294,29.560953976487294,30.136725472788548,30.136725472788548,30.136725472788548,30.136725472788548,30.136725472788548,30.136725472788548,30.136725472788548,30.136725472788548,30.136725472788548,30.787240322358656,52.376044142336674,70.20256405573802,75.26988478505568,73.0861363962642,35.17789611389516,34.83293460696835,130.6506792940626,39.86206686813919,36.711501944213616,36.69695718539436,108.48594378996756,
29.560953976487294,29.560953976487294,29.560953976487294,30.136725472788548,30.136725472788548,30.136725472788548,30.136725472788548,30.136725472788548,30.136725472788548,30.136725472788548,30.136725472788548,30.136725472788548,32.161010222199124,70.20256405573802,166.9091569287517,37.96782263385084,35.17789611389516,108.48594378996756,32.25247621845836,101.81805668282354,75.06264050777857,99.0500715126782,95.46342391786735,110.21153902080006,
29.560953976487294,29.560953976487294,29.560953976487294,30.136725472788548,30.136725472788548,30.136725472788548,30.136725472788548,30.136725472788548,30.136725472788548,30.136725472788548,30.136725472788548,30.136725472788548,30.30264014900352,91.29028790986841,49.74418935916033,84.8693112968404,85.64996594667547,32.161010222199124,30.136725472788548,88.91560253971178,49.162835302695875,73.0861363962642,110.84335794263903,30.136725472788548,
29.560953976487294,29.560953976487294,29.560953976487294,30.136725472788548,30.136725472788548,30.136725472788548,30.136725472788548,30.136725472788548,30.136725472788548,30.136725472788548,30.136725472788548,30.136725472788548,39.87147319826545,93.61748968542149,108.48594378996756,36.31956925833663,35.17789611389516,34.4344939704361,55.35341001239219,34.83293460696835,32.601779599553325,49.47726750741192,30.136725472788548,30.136725472788548,
29.560953976487294,29.560953976487294,29.560953976487294,30.136725472788548,30.136725472788548,30.136725472788548,30.136725472788548,30.136725472788548,30.136725472788548,30.136725472788548,30.136725472788548,30.136725472788548,42.71977986643581,31.90274477167979,32.161010222199124,98.04726057428861,70.01714075853141,112.94504563429656,42.39171913522344,97.02787312553701,42.339894504670966,30.136725472788548,165.37432287591284,37.736587021086045,
29.560953976487294,29.560953976487294,29.560953976487294,30.136725472788548,30.136725472788548,30.136725472788548,30.136725472788548,30.136725472788548,30.136725472788548,30.136725472788548,30.136725472788548,30.136725472788548,40.97153483415854,57.179405164796876,97.12058568226053,101.81805668282354,186.68333258935212,38.16084380618437,31.576098555711408,108.48594378996756,31.525386595567706,30.136725472788548,40.44317000434066,49.981220963273714,
29.560953976487294,29.560953976487294,29.560953976487294,30.136725472788548,30.136725472788548,30.136725472788548,30.136725472788548,30.136725472788548,30.136725472788548,30.136725472788548,30.136725472788548,30.136725472788548,71.0118828084427,31.448121963004404,31.593075965780727,132.4016144161392,31.525386595567706,30.136725472788548,30.136725472788548,73.0861363962642,101.81805668282354,35.17789611389516,105.28794337628675,37.96782263385084,
29.560953976487294,29.560953976487294,29.560953976487294,30.136725472788548,30.136725472788548,30.136725472788548,30.136725472788548,30.136725472788548,30.136725472788548,30.136725472788548,30.136725472788548,30.136725472788548,54.77858959074266,31.593075965780727,72.06786924682717,72.18711513723716,30.136725472788548,91.89124006128114,87.81571613327537,31.582431825304397,53.17058501757444,30.136725472788548,110.21153902080006,74.37013289396938,
29.560953976487294,29.560953976487294,29.560953976487294,30.136725472788548,30.136725472788548,30.136725472788548,30.136725472788548,30.136725472788548,30.136725472788548,30.136725472788548,30.136725472788548,30.136725472788548,73.51662313756678,47.484043372484614,99.92114078111798,74.37013289396938,99.0500715126782,84.8693112968404,99.25514260396453,101.81805668282354,116.85546628207001,42.89988344972513,108.48594378996756,85.64996594667547,
29.560953976487294,29.560953976487294,29.560953976487294,30.136725472788548,30.136725472788548,30.136725472788548,30.136725472788548,30.136725472788548,30.136725472788548,30.136725472788548,30.136725472788548,30.136725472788548,33.09153970428091,108.48594378996756,99.19131346376388,54.68984907491274,112.77937533077579,65.48014966384851,84.8693112968404,30.136725472788548,100.97153064106733,108.48594378996756,30.136725472788548,44.48015709279813,
29.560953976487294,29.560953976487294,29.560953976487294,30.136725472788548,30.136725472788548,30.136725472788548,30.136725472788548,30.136725472788548,30.136725472788548,30.136725472788548,30.136725472788548,30.136725472788548,130.6506792940626,120.20648900953725,30.136725472788548,103.24202955515096,57.47390712314589,165.37432287591284,80.50985489177009,41.07716316073121,61.690634418848376,84.8693112968404,116.85546628207001,57.875305791055325,
29.560953976487294,29.560953976487294,29.560953976487294,30.136725472788548,30.136725472788548,30.136725472788548,30.136725472788548,30.136725472788548,30.136725472788548,30.136725472788548,30.136725472788548,30.136725472788548,69.51678454397423,31.593075965780727,30.136725472788548,116.85546628207001,108.48594378996756,30.136725472788548,81.74095260842837,120.20648900953725,99.0500715126782,78.63642603781024,30.136725472788548,30.136725472788548,
29.560953976487294,29.560953976487294,29.560953976487294,30.136725472788548,30.136725472788548,30.136725472788548,30.136725472788548,30.136725472788548,30.136725472788548,30.136725472788548,30.136725472788548,30.136725472788548,65.88171218175799,32.161010222199124,147.76057491766875,43.85487430149584,120.20648900953725,37.16928241916375,55.7457023754597,73.0861363962642,36.53286191909963,85.64996594667547,75.06264050777857,84.98774421448464,
29.560953976487294,29.560953976487294,29.560953976487294,30.136725472788548,30.136725472788548,30.136725472788548,30.136725472788548,30.136725472788548,30.136725472788548,30.136725472788548,30.136725472788548,30.136725472788548,36.66060555964672,30.136725472788548,30.136725472788548,89.92728544033044,93.55471326982943,116.85546628207001,37.16928241916375,141.92141311303237,81.21999445949254,102.46422139784534,114.60766408345764,107.060730429042,
29.560953976487294,29.560953976487294,29.560953976487294,30.136725472788548,30.136725472788548,30.136725472788548,30.136725472788548,30.136725472788548,30.136725472788548,30.136725472788548,30.136725472788548,30.136725472788548,70.68887229731895,43.85487430149584,41.737086326191964,87.26969691708571,29.560953976487294,141.06972271421913,71.53961606457409,39.0697382182738,74.37013289396938,37.96782263385084,32.72443871006635,81.82983837806104,
29.560953976487294,29.560953976487294,29.560953976487294,29.560953976487294,30.136725472788548,30.136725472788548,30.136725472788548,30.136725472788548,30.136725472788548,30.136725472788548,30.136725472788548,30.136725472788548,36.02776706930364,78.34981734216755,121.25257729219615,29.560953976487294,108.48594378996756,77.50215050779774,40.185520191455176,30.136725472788548,37.96782263385084,30.143821920917727,49.162835302695875,32.761766334148305,
29.560953976487294,29.560953976487294,29.560953976487294,29.560953976487294,29.560953976487294,30.136725472788548,30.136725472788548,30.136725472788548,30.136725472788548,30.136725472788548,30.136725472788548,30.136725472788548,29.560953976487294,100.32148324262356,200.5,70.68887229731895,48.664508371091145,38.51318353658197,120.20648900953725,110.21153902080006,91.27933318482704,128.22636234409833,120.20648900953725,55.83219837154901,
29.560953976487294,29.560953976487294,29.560953976487294,29.560953976487294,29.560953976487294,29.560953976487294,30.136725472788548,30.136725472788548,30.136725472788548,30.136725472788548,30.136725472788548,30.136725472788548,42.493933390544115,107.85175010170211,93.98714451100923,32.89733081877616,94.41177539551586,166.72788459043076,36.96937076824543,29.560953976487294,42.06765384472968,144.5,70.20256405573802,34.83293460696835,
29.560953976487294,29.560953976487294,29.560953976487294,29.560953976487294,29.560953976487294,29.560953976487294,29.560953976487294,30.136725472788548,30.136725472788548,30.136725472788548,30.136725472788548,30.136725472788548,29.560953976487294,40.72004971730255,131.5826736314474,40.22160834399562,42.71977986643581,30.136725472788548,37.14364010163786,100.32148324262356,82.80096617793781,113.21071798494464,59.04165196424187,30.044870025946743,
29.560953976487294,29.560953976487294,29.560953976487294,29.560953976487294,29.560953976487294,29.560953976487294,29.560953976487294,29.560953976487294,30.044870025946743,30.136725472788548,30.136725472788548,30.136725472788548,29.560953976487294,112.77937533077579,30.136725472788548,39.99958677472507,30.753500252455456,29.560953976487294,32.647358239220516,29.560953976487294,147.9617067577509,30.136725472788548,40.876032097061476,31.593075965780727,
29.560953976487294,29.560953976487294,29.560953976487294,29.560953976487294,29.560953976487294,29.560953976487294,29.560953976487294,29.560953976487294,29.560953976487294,29.560953976487294,29.560953976487294,30.044870025946743,32.94297602557315,99.5987784396308,78.87278787177911,30.195658260382036,29.560953976487294,30.753500252455456,40.185520191455176,29.560953976487294,136.6996708116007,29.560953976487294,29.560953976487294,102.17591040292554,
29.560953976487294,29.560953976487294,29.560953976487294,29.560953976487294,29.560953976487294,29.560953976487294,29.560953976487294,29.560953976487294,29.560953976487294,29.560953976487294,29.560953976487294,29.560953976487294,87.81571613327537,30.30264014900352,43.10263025261773,108.48594378996756,78.87278787177911,54.63272256624229,88.74448339662209,29.560953976487294,40.1990913099881,108.48594378996756,97.07685958387131,42.24275085739564,
29.560953976487294,29.560953976487294,29.560953976487294,29.560953976487294,29.560953976487294,29.560953976487294,29.560953976487294,29.560953976487294,29.560953976487294,29.560953976487294,29.560953976487294,29.560953976487294,34.81698180805198,112.77937533077579,68.35740175723474,69.51678454397423,94.39491511728797,31.715138341177074,85.30445474885822,91.02051623123218,59.96444258892098,57.0999124342586,165.37432287591284,41.56725555883955,
29.560953976487294,29.560953976487294,29.560953976487294,29.560953976487294,29.560953976487294,29.560953976487294,29.560953976487294,29.560953976487294,29.560953976487294,29.560953976487294,29.560953976487294,29.560953976487294,86.47880279775694,123.03530997238151,96.25324669848804,70.17775051016288,29.560953976487294,110.21153902080006,74.62897811842261,104.41647379604427,48.836973698213534,81.54017414747163,129.31429735338625,29.560953976487294,
29.560953976487294,29.560953976487294,29.560953976487294,29.560953976487294,29.560953976487294,29.560953976487294,29.560953976487294,29.560953976487294,29.560953976487294,29.560953976487294,29.560953976487294,29.560953976487294,40.72004971730255,104.41647379604427,30.97159455729536,43.36166942127574,100.70842814779705,110.74595553186882,40.22160834399562,104.67286259229422,29.560953976487294,29.560953976487294,107.060730429042,97.25567678375728,
29.560953976487294,29.560953976487294,29.560953976487294,29.560953976487294,29.560953976487294,29.560953976487294,29.560953976487294,29.560953976487294,29.560953976487294,29.560953976487294,29.560953976487294,29.560953976487294,141.92141311303237,94.62557793746889,34.83293460696835,87.81571613327537,32.601779599553325,90.54686286669461,92.80732729693275,49.74418935916033,141.92141311303237,29.560953976487294,29.560953976487294,50.99004191996708,
29.560953976487294,29.560953976487294,29.560953976487294,29.560953976487294,29.560953976487294,29.560953976487294,29.560953976487294,29.560953976487294,29.560953976487294,29.560953976487294,29.560953976487294,29.560953976487294,88.55836117122614,34.83293460696835,95.37761209470956,84.15155598680276,88.82567196480981,44.02538330327176,40.36396908134778,104.41647379604427,34.83293460696835,39.0697382182738,94.0914448820933,39.92555572562516,
29.560953976487294,29.560953976487294,29.560953976487294,29.560953976487294,29.560953976487294,29.560953976487294,29.560953976487294,29.560953976487294,29.560953976487294,29.560953976487294,29.560953976487294,29.560953976487294,31.244999599935987,30.770995542339325,36.236031791574526,69.74326095745447,110.82681685103717,81.19359580656592,99.61383772682721,74.13391082826992,116.86231214553304,54.90582847020888,29.560953976487294,95.4529481269303,
29.560953976487294,29.560953976487294,29.560953976487294,29.560953976487294,29.560953976487294,29.560953976487294,29.560953976487294,29.560953976487294,29.560953976487294,29.560953976487294,29.560953976487294,29.560953976487294,29.560953976487294,55.66178558939697,32.6352240874744,31.576098555711408,29.560953976487294,77.63761974713033,36.27124626732757,82.80096617793781,112.77937533077579,108.48594378996756,49.20345101552059,34.83293460696835,
29.560953976487294,29.560953976487294,29.560953976487294,29.560953976487294,29.560953976487294,29.560953976487294,29.560953976487294,29.560953976487294,29.560953976487294,29.560953976487294,29.560953976487294,29.560953976487294,102.46422139784534,37.83653400861559,30.753500252455456,116.85546628207001,74.13391082826992,35.77337522515872,32.601779599553325,88.89569418393921,30.753500252455456,107.060730429042,93.280490993562,40.22160834399562,
29.560953976487294,29.560953976487294,29.560953976487294,29.560953976487294,29.560953976487294,29.560953976487294,29.560953976487294,29.560953976487294,29.560953976487294,29.560953976487294,29.560953976487294,29.560953976487294,49.74418935916033,29.560953976487294,94.39491511728797,87.81571613327537,104.41647379604427,49.74418935916033,42.71977986643581,131.5826736314474,47.61023393137236,104.41647379604427,30.753500252455456,115.8619868636819,
29.560953976487294,29.560953976487294,29.560953976487294,29.560953976487294,29.560953976487294,29.560953976487294,29.560953976487294,29.560953976487294,29.560953976487294,29.560953976487294,29.560953976487294,29.560953976487294,29.560953976487294,80.42819081361348,120.20648900953725,165.37432287591284,80.42819081361348,34.83293460696835,112.77937533077579,68.35740175723474,34.81698180805198,77.63761974713033,99.92455487349777,31.593075965780727,
29.560953976487294,29.560953976487294,29.560953976487294,29.560953976487294,29.560953976487294,29.560953976487294,29.560953976487294,29.560953976487294,29.560953976487294,29.560953976487294,29.560953976487294,29.560953976487294,165.37432287591284,68.35740175723474,30.136725472788548,46.550879422412635,66.79912012129795,60.09437022994195,108.48594378996756,30.753500252455456,34.68909530866052,112.77937533077579,30.136725472788548,72.18711513723716,
29.560953976487294,29.560953976487294,29.560953976487294,29.560953976487294,29.560953976487294,29.560953976487294,29.560953976487294,29.560953976487294,29.560953976487294,29.560953976487294,29.560953976487294,29.560953976487294,35.77272005313546,97.16437961859617,49.470529947973404,29.560953976487294,73.0861363962642,40.104964321955286,102.46422139784534,29.560953976487294,30.45658066469583,87.81571613327537,129.31429735338625,49.162835302695875,
29.560953976487294,29.560953976487294,29.560953976487294,29.560953976487294,29.560953976487294,29.560953976487294,29.560953976487294,29.560953976487294,29.560953976487294,29.560953976487294,29.560953976487294,29.560953976487294,36.17578610065025,29.560953976487294,111.21010520631657,30.753500252455456,83.04968392474471,73.0861363962642,43.10263025261773,41.07614879708174,80.91284748968417,84.8693112968404,59.23048201728566,55.975577764972186,
29.560953976487294,29.560953976487294,29.560953976487294,29.560953976487294,29.560953976487294,29.560953976487294,29.560953976487294,29.560953976487294,29.560953976487294,29.560953976487294,29.560953976487294,29.560953976487294,56.33456606146295,120.20648900953725,99.0500715126782,69.58927120373274,29.560953976487294,69.51678454397423,55.46996184122238,42.71977986643581,82.80096617793781,123.75252522676053,42.71977986643581,29.560953976487294,
29.560953976487294,29.560953976487294,29.560953976487294,29.560953976487294,29.560953976487294,29.560953976487294,29.560953976487294,29.560953976487294,29.560953976487294,29.560953976487294,29.560953976487294,29.560953976487294,93.98714451100923,30.136725472788548,102.0926866463346,86.77509243248703,104.41647379604427,130.6506792940626,165.37432287591284,29.560953976487294,30.144555310636665,29.560953976487294,34.72823059126393,67.74892373068865,
29.560953976487294,29.560953976487294,29.560953976487294,29.560953976487294,29.560953976487294,29.560953976487294,29.560953976487294,29.560953976487294,29.560953976487294,29.560953976487294,29.560953976487294,29.560953976487294,83.04968392474471,59.997786417500436,30.144555310636665,122.68328125706452,99.61383772682721,41.117970523847596,35.87362076326652,30.753500252455456,108.48594378996756,133.39665163214056,29.560953976487294,30.888997677405992,
29.560953976487294,29.560953976487294,29.560953976487294,29.560953976487294,29.560953976487294,29.560953976487294,29.560953976487294,29.560953976487294,29.560953976487294,29.560953976487294,29.560953976487294,29.560953976487294,57.647202880972465,62.8702367314349,77.63761974713033,147.76057491766875,49.162835302695875,130.6506792940626,108.48594378996756,104.41647379604427,34.83293460696835,40.72004971730255,31.576098555711408,83.04968392474471,
29.560953976487294,29.560953976487294,29.560953976487294,29.560953976487294,29.560953976487294,29.560953976487294,29.560953976487294,29.560953976487294,29.560953976487294,29.560953976487294,29.560953976487294,29.560953976487294,82.80096617793781,29.844500580107436,108.48594378996756,136.6996708116007,86.49761115021546,62.49733327644201,71.94720286432266,71.55057215005343,85.28071294261089,73.63894266996927,94.34334458066805,57.64316416540647,
29.560953976487294,29.560953976487294,29.560953976487294,29.560953976487294,29.560953976487294,29.560953976487294,29.560953976487294,29.560953976487294,29.560953976487294,29.560953976487294,29.560953976487294,29.560953976487294,104.41647379604427,101.81805668282354,37.818646194701365,90.17352885477229,29.560953976487294,112.77937533077579,31.244999599935987,31.576098555711408,63.28348915791543,104.71652696880356,31.721006008987516,43.85487430149584,
29.560953976487294,29.560953976487294,29.560953976487294,29.560953976487294,29.560953976487294,29.560953976487294,29.560953976487294,29.560953976487294,29.560953976487294,29.560953976487294,29.560953976487294,29.560953976487294,78.7002819245268,107.060730429042,29.560953976487294,30.136725472788548,79.5889439558033,77.63761974713033,30.45658066469583,35.08632212130533,91.02051623123218,47.61023393137236,29.560953976487294,108.48594378996756,
29.560953976487294,29.560953976487294,29.560953976487294,29.560953976487294,29.560953976487294,29.560953976487294,29.560953976487294,29.560953976487294,29.560953976487294,29.560953976487294,29.560953976487294,29.560953976487294,92.66441537910342,93.07515444521164,49.02380374199184,83.04968392474471,94.39491511728797,29.560953976487294,186.68333258935212,58.74450328896029,73.51662313756678,116.28834675854988,30.787240322358656,30.375882125068124,
29.560953976487294,29.560953976487294,29.560953976487294,29.560953976487294,29.560953976487294,29.560953976487294,29.560953976487294,29.560953976487294,29.560953976487294,29.560953976487294,29.560953976487294,29.560953976487294,110.35510862665126,37.96782263385084,30.888997677405992,112.77937533077579,49.60426728955215,99.61383772682721,108.49700456694646,29.560953976487294,29.560953976487294,37.57021204802194,62.73144646028816,29.560953976487294,
29.560953976487294,29.560953976487294,29.560953976487294,29.560953976487294,29.560953976487294,29.560953976487294,29.560953976487294,29.560953976487294,29.560953976487294,29.560953976487294,29.560953976487294,29.560953976487294,73.0861363962642,33.32999983331666,93.98714451100923,82.80096617793781,35.27392804891454,74.62897811842261,65.15814095977058,59.292082274180274,56.63272292696554,105.39507791628408,31.468237955119125,71.57898448852262,
29.560953976487294,29.560953976487294,29.560953976487294,29.560953976487294,29.560953976487294,29.560953976487294,29.560953976487294,29.560953976487294,29.560953976487294,29.560953976487294,29.560953976487294,29.560953976487294,147.76057491766875,110.21153902080006,29.560953976487294,43.10263025261773,40.911298867183376,88.74448339662209,29.560953976487294,84.8693112968404,40.22160834399562,112.77937533077579,104.57455108530888,34.83293460696835,
29.560953976487294,29.560953976487294,29.560953976487294,29.560953976487294,29.560953976487294,29.560953976487294,29.560953976487294,29.560953976487294,29.560953976487294,29.560953976487294,29.560953976487294,29.560953976487294,67.43861610493472,42.493933390544115,116.85546628207001,43.071000813901584,74.12141643951497,30.45658066469583,29.560953976487294,39.436658073421995,54.50407211898043,78.7002819245268,101.83606106548571,104.41647379604427,
29.560953976487294,29.560953976487294,29.560953976487294,29.560953976487294,29.560953976487294,29.560953976487294,29.560953976487294,29.560953976487294,29.560953976487294,29.560953976487294,29.560953976487294,29.560953976487294,128.54060642458475,95.46342391786735,29.560953976487294,108.48594378996756,47.61023393137236,29.560953976487294,116.40527264690375,30.144555310636665,120.20648900953725,30.45658066469583,34.83293460696835,57.54635812397978,
29.560953976487294,29.560953976487294,29.560953976487294,29.560953976487294,29.560953976487294,29.560953976487294,29.560953976487294,29.560953976487294,29.560953976487294,29.560953976487294,29.560953976487294,29.560953976487294,116.85546628207001,54.68984907491274,107.50813922675809,74.12141643951497,32.00703047769349,73.0861363962642,85.4842150365093,30.143821920917727,30.66481010070659,29.560953976487294,29.560953976487294,30.787240322358656,
29.560953976487294,29.560953976487294,29.560953976487294,29.560953976487294,29.560953976487294,29.560953976487294,29.560953976487294,29.560953976487294,29.560953976487294,29.560953976487294,29.560953976487294,29.560953976487294,32.348232768812984,66.79912012129795,40.22160834399562,74.18977321019112,30.144555310636665,29.560953976487294,101.81805668282354,30.45658066469583,43.071000813901584,41.590075438738985,97.96529997912526,36.236031791574526,
29.560953976487294,29.560953976487294,29.560953976487294,29.560953976487294,29.560953976487294,29.560953976487294,29.560953976487294,29.560953976487294,29.560953976487294,29.560953976487294,29.560953976487294,29.560953976487294,61.911061950484545,54.08312467859083,29.560953976487294,29.408332152640007,84.77263709476071,78.7002819245268,87.81571613327537,65.32407194136017,54.68984907491274,82.82511696339462,101.81805668282354,92.82098025231149,
29.408332152640007,29.560953976487294,29.560953976487294,29.560953976487294,29.560953976487294,29.560953976487294,29.560953976487294,29.560953976487294,29.560953976487294,29.560953976487294,29.560953976487294,29.560953976487294,76.33278376655093,58.74450328896029,39.76153407297981,70.49527170905388,119.03439628947592,32.89733081877616,73.98152003117028,29.560953976487294,44.048091615869126,31.941352507368876,40.104964321955286,54.95073551221434,
29.408332152640007,29.560953976487294,29.560953976487294,29.560953976487294,29.560953976487294,29.560953976487294,29.560953976487294,29.560953976487294,29.560953976487294,29.560953976487294,29.560953976487294,29.560953976487294,94.16784660027717,88.74448339662209,57.647202880972465,29.560953976487294,75.53310532475147,29.560953976487294,29.560953976487294,129.31429735338625,41.46063645194077,40.185520191455176,81.19359580656592,29.560953976487294,
29.408332152640007,29.560953976487294,29.560953976487294,29.560953976487294,29.560953976487294,29.560953976487294,29.560953976487294,29.560953976487294,29.560953976487294,29.560953976487294,29.560953976487294,29.560953976487294,165.37432287591284,41.737086326191964,31.29616589935579,29.560953976487294,55.756613957449034,57.0999124342586,29.560953976487294,46.80484886794338,37.59066175580937,109.2002174906259,86.47880279775694,37.818646194701365,
29.408332152640007,29.560953976487294,29.560953976487294,29.560953976487294,29.560953976487294,29.560953976487294,29.560953976487294,29.560953976487294,29.560953976487294,29.560953976487294,29.560953976487294,29.560953976487294,34.83293460696835,29.560953976487294,101.83606106548571,147.9617067577509,103.62432146943111,92.80732729693275,47.767503336473425,40.4830338914693,112.77937533077579,29.560953976487294,97.11470180215996,82.80096617793781,
29.408332152640007,29.560953976487294,29.560953976487294,29.560953976487294,29.560953976487294,29.560953976487294,29.560953976487294,29.560953976487294,29.560953976487294,29.560953976487294,29.560953976487294,29.560953976487294,29.560953976487294,35.17789611389516,30.144555310636665,29.560953976487294,63.28348915791543,131.49752849388463,90.54134069583905,43.85487430149584,29.560953976487294,40.22160834399562,73.0861363962642,60.63208721460939,
29.408332152640007,29.560953976487294,29.560953976487294,29.560953976487294,29.560953976487294,29.560953976487294,29.560953976487294,29.560953976487294,29.560953976487294,29.560953976487294,29.560953976487294,29.560953976487294,149.375993720544,57.647202880972465,58.3099476933396,29.560953976487294,96.85659502584221,99.04891468360469,29.560953976487294,104.41647379604427,73.0861363962642,94.39491511728797,73.13281181019438,38.1046839922438,
29.408332152640007,29.560953976487294,29.560953976487294,29.560953976487294,29.560953976487294,29.560953976487294,29.560953976487294,29.560953976487294,29.560953976487294,29.560953976487294,29.560953976487294,29.560953976487294,29.560953976487294,78.49076378784959,29.408332152640007,45.69285211818011,56.63776774109196,116.85546628207001,154.52507887071278,66.85992820815768,101.81805668282354,32.00703047769349,40.72004971730255,29.560953976487294,
29.408332152640007,29.408332152640007,29.560953976487294,29.560953976487294,29.560953976487294,29.560953976487294,29.560953976487294,29.560953976487294,29.560953976487294,29.560953976487294,29.560953976487294,29.560953976487294,59.04165196424187,38.14249598544909,37.818646194701365,34.83293460696835,32.78888700628783,57.54635812397978,30.479843066087682,82.80096617793781,104.41647379604427,30.813875088329667,74.62897811842261,30.00853872973849,
29.408332152640007,29.408332152640007,29.560953976487294,29.560953976487294,29.560953976487294,29.560953976487294,29.560953976487294,29.560953976487294,29.560953976487294,29.560953976487294,29.560953976487294,29.560953976487294,64.08794977312387,53.18756120247164,30.195658260382036,29.560953976487294,30.195658260382036,117.0521251408961,83.04968392474471,29.560953976487294,49.58410363547307,35.55255792485261,98.37777950330045,40.72004971730255,
29.408332152640007,29.408332152640007,29.560953976487294,29.560953976487294,29.560953976487294,29.560953976487294,29.560953976487294,29.560953976487294,29.560953976487294,29.560953976487294,29.560953976487294,29.560953976487294,99.0500715126782,85.64412803378097,169.6059771942015,75.84513415506628,29.560953976487294,99.74710208823112,66.51622481218628,40.22160834399562,35.57035282366482,133.22312111641884,112.77937533077579,87.81571613327537,
29.408332152640007,29.408332152640007,29.560953976487294,29.560953976487294,29.560953976487294,29.560953976487294,29.560953976487294,29.560953976487294,29.560953976487294,29.560953976487294,29.560953976487294,29.560953976487294,30.392227624838558,30.136725472788548,71.26632366615307,112.77937533077579,130.6506792940626,92.67812241840033,35.57839913777882,39.20758058080095,129.31429735338625,37.818646194701365,30.45658066469583,49.162835302695875,
29.408332152640007,29.408332152640007,29.560953976487294,29.560953976487294,29.560953976487294,29.560953976487294,29.560953976487294,29.560953976487294,29.560953976487294,29.560953976487294,29.560953976487294,29.560953976487294,78.62877574399846,40.09710435652153,107.03270528207722,29.560953976487294,49.47726750741192,34.83293460696835,37.818646194701365,37.78363806974024,39.37321424522006,107.85175010170211,42.71977986643581,57.647202880972465,
29.408332152640007,29.408332152640007,29.560953976487294,29.560953976487294,29.560953976487294,29.560953976487294,29.560953976487294,29.560953976487294,29.560953976487294,29.560953976487294,29.560953976487294,29.560953976487294,105.18449399877235,9.5,42.59676484194545,120.20648900953725,40.22160834399562,104.41647379604427,59.23048201728566,53.15177429880503,95.46342391786735,88.80223383842254,104.41647379604427,43.390487148682716,
9.5,29.408332152640007,29.408332152640007,29.560953976487294,29.560953976487294,29.560953976487294,29.560953976487294,29.560953976487294,29.560953976487294,29.560953976487294,29.560953976487294,29.560953976487294,60.27091614811686,165.37432287591284,61.911061950484545,90.2924934587588,56.0,129.31429735338625,29.560953976487294,29.408332152640007,108.48594378996756,30.136725472788548,35.36735783176346,112.77937533077579,
9.5,29.408332152640007,29.408332152640007,29.408332152640007,29.560953976487294,29.560953976487294,29.560953976487294,29.560953976487294,29.560953976487294,29.560953976487294,29.560953976487294,29.560953976487294,87.81571613327537,9.5,167.32602905704778,30.769230769230766,154.43829674015444,9.5,30.360914412562447,92.80732729693275,37.699469492288614,85.64996594667547,29.560953976487294,68.35740175723474,
9.5,9.5,9.5,29.408332152640007,29.408332152640007,29.408332152640007,29.560953976487294,29.560953976487294,29.560953976487294,29.560953976487294,29.560953976487294,29.560953976487294,66.79912012129795,104.41647379604427,56.63272292696554,57.02738332572863,9.5,110.3276370634303,60.09437022994195,110.21153902080006,46.52670604072461,36.295467303033334,30.590485085689274,71.57898448852262,
9.5,9.5,9.5,9.5,29.408332152640007,29.408332152640007,29.408332152640007,29.560953976487294,29.560953976487294,29.560953976487294,29.560953976487294,29.560953976487294,165.37432287591284,37.38565901518923,52.376044142336674,84.38420395755962,165.37432287591284,165.37432287591284,30.360914412562447,165.37432287591284,165.37432287591284,72.18711513723716,165.37432287591284,36.236031791574526,
9.5,9.5,9.5,9.5,29.408332152640007,29.408332152640007,29.408332152640007,29.560953976487294,29.560953976487294,29.560953976487294,29.560953976487294,29.560953976487294,183.8767703291165,30.195658260382036,92.2366521508668,29.560953976487294,99.0500715126782,99.85583358021704,34.68909530866052,92.64844507599682,87.81571613327537,78.7002819245268,9.5,41.55700151599006,
9.5,9.5,9.5,9.5,9.5,29.408332152640007,29.408332152640007,29.408332152640007,29.560953976487294,29.560953976487294,29.560953976487294,29.560953976487294,78.87278787177911,29.560953976487294,96.85246512092503,76.27287211327605,9.5,31.80958974900494,9.5,77.62399355225162,69.74417538404192,9.5,97.25875439322904,40.47725488796524,
9.5,9.5,9.5,9.5,9.5,9.5,9.5,9.5,29.408332152640007,29.408332152640007,29.408332152640007,29.560953976487294,87.81571613327537,9.5,9.5,77.3408042368322,133.39665163214056,85.4842150365093,68.29836503655609,121.25257729219615,81.9553994560456,39.9380770693833,9.5,82.15343875943356,
9.5,9.5,9.5,9.5,9.5,9.5,9.5,9.5,9.5,9.5,9.5,29.408332152640007,73.11420860544139,121.77848742696716,92.80732729693275,9.5,73.74223122923978,9.5,186.68333258935212,96.69636756362671,72.12893547899715,68.29836503655609,186.68333258935212,51.00229774235667,
9.5,9.5,9.5,9.5,9.5,9.5,9.5,9.5,9.5,9.5,9.5,9.5,101.83115109500302,9.5,9.5,97.25567678375728,9.5,62.35739286118723,104.22475713572088,165.37432287591284,66.88460974251224,77.50927363870726,46.35444288307217,79.30308689979688,
9.5,9.5,9.5,9.5,9.5,9.5,9.5,9.5,9.5,9.5,9.5,9.5,89.82575725629407,107.29486241195335,73.65855913153158,186.68333258935212,87.81571613327537,165.37432287591284,60.192919018768315,85.4842150365093,9.5,80.42819081361348,51.57261264469738,54.61404469137055,
9.5,9.5,9.5,9.5,9.5,9.5,9.5,9.5,9.5,9.5,9.5,9.5,37.66519171153476,9.5,58.05156651633098,147.9617067577509,30.770995542339325,82.33885777687227,57.463031594234565,81.19359580656592,37.66519171153476,9.5,9.5,112.31512587358837,
9.5,9.5,9.5,9.5,9.5,9.5,9.5,9.5,9.5,9.5,9.5,9.5,84.8693112968404,165.37432287591284,37.96782263385084,111.18537448783451,74.13391082826992,83.04968392474471,9.5,61.03368832957018,87.25059694160646,9.5,9.5,9.5,
9.5,9.5,9.5,9.5,9.5,9.5,9.5,9.5,9.5,9.5,9.5,9.5,9.5,201.5,110.74595553186882,9.5,9.5,9.5,141.9372660720221,111.21010520631657,89.01255178344232,30.64888524345815,9.5,73.59291179635895,
9.5,9.5,9.5,9.5,9.5,9.5,9.5,9.5,9.5,9.5,9.5,9.5,111.21010520631657,9.5,69.07182252312926,38.450073644471814,44.749440183025925,68.29836503655609,51.67431059046652,74.13391082826992,9.5,9.5,94.52347592000625,73.92163528538384,
9.5,9.5,9.5,9.5,9.5,9.5,9.5,9.5,9.5,9.5,9.5,9.5,129.31429735338625,186.68333258935212,9.5,79.8785536507349,9.5,45.15234628455093,82.33885777687227,56.96197562116913,93.4430307727655,76.27287211327605,9.5,147.9617067577509,
