<<<<<<< HEAD
118.18629362155326,188.64840901057772,148.2438531609321,137.92751719653333,139.5942533041943,148.95046156356818,117.34457805966154,90.15850240302107,104.85532890606943,76.09040675407117,109.49530685021264,110.61193425666147,121.47839314050874,56.256247938329174,105.45063648311411,49.08632656475021,79.21085784158635,89.84119322448917,140.91329091166511,148.53996919677743,77.88093476583342,91.17554272850113,101.31140113531151,89.83545048178536,
49.08632656475021,56.256247938329174,76.09040675407117,77.88093476583342,79.21085784158635,89.83545048178536,89.84119322448917,90.15850240302107,91.17554272850113,101.31140113531151,104.85532890606943,105.45063648311411,55.269285118870684,100.25088528287418,72.96135963645415,118.60286674444258,48.93848390184938,87.20235088574161,46.962028265029524,122.86476305271582,81.04042830839533,80.88692031194549,106.65488880554163,49.26905722662044,
46.962028265029524,48.93848390184938,49.08632656475021,49.26905722662044,55.269285118870684,56.256247938329174,72.96135963645415,76.09040675407117,77.88093476583342,79.21085784158635,80.88692031194549,81.04042830839533,177.08370901920935,116.18471882691325,83.79472271900872,88.9975030860729,142.1574830953334,80.49743309381907,209.0,113.99342086278489,161.58044436131496,46.962028265029524,70.62262778710203,77.74155902733106,
46.962028265029524,46.962028265029524,48.93848390184938,49.08632656475021,49.26905722662044,55.269285118870684,56.256247938329174,70.62262778710203,72.96135963645415,76.09040675407117,77.74155902733106,77.88093476583342,84.37677405542357,56.76168504271952,83.83846902758238,147.57709849431245,79.20069444139995,129.94999038091538,48.19709534816388,108.21840057135488,188.64840901057772,118.83555397644633,45.76297630180974,49.26905722662044,
45.76297630180974,46.962028265029524,46.962028265029524,48.19709534816388,48.93848390184938,49.08632656475021,49.26905722662044,49.26905722662044,55.269285118870684,56.256247938329174,56.76168504271952,70.62262778710203,62.959008368095176,71.76037221481062,112.72904122139015,88.56866355131089,51.24017521003959,48.93848390184938,137.91968677458632,78.58108967379485,74.11338197943574,102.73861115579781,77.51702321999271,122.45101061240777,
45.76297630180974,46.962028265029524,46.962028265029524,48.19709534816388,48.93848390184938,48.93848390184938,49.08632656475021,49.26905722662044,49.26905722662044,51.24017521003959,55.269285118870684,56.256247938329174,158.42418446128173,45.76297630180974,105.45063648311411,94.3253163584541,87.40846640915284,9.99999999E8,52.227866125278375,63.51881610987408,99.87512202745987,59.80978077658544,189.97010291095808,59.93597406945449,
45.76297630180974,45.76297630180974,46.962028265029524,46.962028265029524,48.19709534816388,48.93848390184938,48.93848390184938,49.08632656475021,49.26905722662044,49.26905722662044,51.24017521003959,52.227866125278375,89.19781387455636,56.99780697535652,51.99189383734149,149.89370383368205,73.40577745154195,51.95151585853872,133.4995222799677,90.55799246891463,57.425206320810496,83.73159255524007,86.73234690702195,47.59084879353266,
45.76297630180974,45.76297630180974,46.962028265029524,46.962028265029524,47.59084879353266,48.19709534816388,48.93848390184938,48.93848390184938,49.08632656475021,49.26905722662044,49.26905722662044,51.24017521003959,102.51124599552752,137.27790143436133,49.26905722662044,180.54239268259286,49.26905722662044,144.25151645650038,80.49361603395776,48.93848390184938,83.44104603410305,93.72854421146207,76.61044315235358,45.67450054461461,
45.67450054461461,45.76297630180974,45.76297630180974,46.962028265029524,46.962028265029524,47.59084879353266,48.19709534816388,48.93848390184938,48.93848390184938,48.93848390184938,49.08632656475021,49.26905722662044,91.90151733725014,119.69416810167078,72.28797286138382,125.33510637043753,9.99999999E8,149.862249674663,114.43229439279806,48.93848390184938,177.99578646698353,103.24028068324668,77.79722465014613,108.40459194866035,
45.67450054461461,45.76297630180974,45.76297630180974,46.962028265029524,46.962028265029524,47.59084879353266,48.19709534816388,48.93848390184938,48.93848390184938,48.93848390184938,48.93848390184938,49.08632656475021,48.93848390184938,97.65500499206377,81.72294659396465,95.12967108630015,77.21398836998384,68.67131861264934,98.56413591610738,9.99999999E8,169.29689896746484,105.15583673767235,104.54039352112187,99.45771329913974,
45.67450054461461,45.76297630180974,45.76297630180974,46.962028265029524,46.962028265029524,47.59084879353266,48.19709534816388,48.93848390184938,48.93848390184938,48.93848390184938,48.93848390184938,48.93848390184938,49.16258740139701,48.67025157557491,51.95151585853872,93.70933784847698,80.26130165409653,158.42418446128173,75.12323209234277,64.95575417158976,114.55806833395964,75.12323209234277,48.93848390184938,48.313789151982505,
45.67450054461461,45.76297630180974,45.76297630180974,46.962028265029524,46.962028265029524,47.59084879353266,48.19709534816388,48.313789151982505,48.67025157557491,48.93848390184938,48.93848390184938,48.93848390184938,86.12188799507786,139.86243241128048,46.962028265029524,75.39296230704892,50.2618145315109,151.9371214973118,12.0,86.2791908019083,52.3044931148367,103.3280885217133,103.38111201272528,50.811777519526686,
12.0,45.67450054461461,45.76297630180974,45.76297630180974,46.962028265029524,46.962028265029524,46.962028265029524,47.59084879353266,48.19709534816388,48.313789151982505,48.67025157557491,48.93848390184938,57.47549128772569,9.99999999E8,161.26202280760342,91.60852825463135,91.90151733725014,48.28963541888558,45.76297630180974,107.15202077215136,91.62568038559087,47.807484304819425,46.09945769746104,119.69416810167078,
12.0,45.67450054461461,45.76297630180974,45.76297630180974,45.76297630180974,46.09945769746104,46.962028265029524,46.962028265029524,46.962028265029524,47.59084879353266,47.807484304819425,48.19709534816388,46.962028265029524,45.76297630180974,52.772720225510454,107.93573295706844,119.69416810167078,9.99999999E8,62.64982043070834,175.202283090147,91.62568038559087,114.55806833395964,93.37547639416216,71.0228690907675,
12.0,45.67450054461461,45.76297630180974,45.76297630180974,45.76297630180974,45.76297630180974,46.09945769746104,46.962028265029524,46.962028265029524,46.962028265029524,46.962028265029524,47.59084879353266,45.76297630180974,94.60357675423208,113.4153428774079,48.53966177706741,70.34249153749445,45.76297630180974,94.68133689146745,46.962028265029524,107.93573295706844,177.2103270128465,64.1248781675256,46.962028265029524,
12.0,45.67450054461461,45.76297630180974,45.76297630180974,45.76297630180974,45.76297630180974,45.76297630180974,45.76297630180974,46.09945769746104,46.962028265029524,46.962028265029524,46.962028265029524,45.76297630180974,93.37547639416216,118.98672194829136,112.35756415222885,149.28793952924963,47.65459054487825,99.49217998190119,119.46361603247892,130.06750384148825,160.5659988914216,46.962028265029524,204.53728266504373,
12.0,45.67450054461461,45.76297630180974,45.76297630180974,45.76297630180974,45.76297630180974,45.76297630180974,45.76297630180974,45.76297630180974,46.09945769746104,46.962028265029524,46.962028265029524,80.18035226219007,46.962028265029524,75.91771861693421,72.73000976892314,112.35756415222885,107.42895136710929,80.62567829172043,162.5713381872709,45.76297630180974,60.626396891123264,45.76297630180974,82.69466828801785,
12.0,45.67450054461461,45.76297630180974,45.76297630180974,45.76297630180974,45.76297630180974,45.76297630180974,45.76297630180974,45.76297630180974,45.76297630180974,45.76297630180974,46.09945769746104,12.0,12.0,45.76297630180974,82.50963580091721,81.8330006782105,45.67450054461461,91.56641394782973,124.17628598085868,45.67450054461461,50.56376051631267,45.76297630180974,57.40778972393602,
12.0,12.0,12.0,45.67450054461461,45.67450054461461,45.67450054461461,45.76297630180974,45.76297630180974,45.76297630180974,45.76297630180974,45.76297630180974,45.76297630180974,71.69265467740665,102.93795326419806,9.99999999E8,93.37547639416216,89.38959671013177,46.52687395473717,12.0,83.88945106507731,102.93795326419806,147.44029300025147,76.63386979658537,45.814574172544376,
12.0,12.0,12.0,12.0,45.67450054461461,45.67450054461461,45.67450054461461,45.76297630180974,45.76297630180974,45.76297630180974,45.76297630180974,45.76297630180974,90.8097360598813,46.962028265029524,43.34060640167955,80.46738469715541,135.11121345025364,56.89366299412342,99.85705833222522,51.52630396215122,209.0,12.0,45.75103304618802,125.17387906428401,
12.0,12.0,12.0,12.0,12.0,43.34060640167955,45.67450054461461,45.67450054461461,45.67450054461461,45.75103304618802,45.76297630180974,45.76297630180974,12.0,152.0193701108148,118.55395396189873,52.84846260772398,101.49137894422363,82.50963580091721,47.29915302141477,99.49217998190119,45.67450054461461,69.66347680097513,72.62315367002174,12.0,
12.0,12.0,12.0,12.0,12.0,12.0,12.0,43.34060640167955,45.67450054461461,45.67450054461461,45.67450054461461,45.67450054461461,12.0,52.772720225510454,52.60031737955344,45.60945321117348,82.12727250365063,12.0,78.53921417524691,12.0,49.13134324327892,92.12431214879646,94.18465904806366,56.68553607402862,
12.0,12.0,12.0,12.0,12.0,12.0,12.0,12.0,12.0,12.0,43.34060640167955,45.60945321117348,102.51124599552752,9.99999999E8,105.289300190921,12.0,89.98641872835897,78.80073321711896,60.84314989289171,12.0,112.35756415222885,206.0458417170531,12.0,12.0,
12.0,12.0,12.0,12.0,12.0,12.0,12.0,12.0,12.0,12.0,12.0,12.0,86.277902983382,93.72854421146207,12.0,12.0,12.0,114.84354574811768,93.72854421146207,87.90834171573184,12.0,90.18437903662819,12.0,12.0,
12.0,12.0,12.0,12.0,12.0,12.0,12.0,12.0,12.0,12.0,12.0,12.0,81.86302923515326,77.25697379525036,12.0,92.12431214879646,12.0,12.0,12.0,12.0,104.85969461883606,93.13013595084152,83.27208415789772,12.0,
12.0,12.0,12.0,12.0,12.0,12.0,12.0,12.0,12.0,12.0,12.0,12.0,12.0,12.0,116.74861883551343,77.25697379525036,83.10535482145539,12.0,94.84460975722342,63.696666365850334,12.0,9.99999999E8,103.14310447140905,108.85566386530174,
12.0,12.0,12.0,12.0,12.0,12.0,12.0,12.0,12.0,12.0,12.0,12.0,84.25259639916149,12.0,12.0,64.56693340161733,112.97123527695004,12.0,92.12431214879646,12.0,102.51124599552752,95.94560959210172,133.5223659999411,112.35756415222885,
12.0,12.0,12.0,12.0,12.0,12.0,12.0,12.0,12.0,12.0,12.0,12.0,12.0,9.99999999E8,52.72957579257874,9.99999999E8,83.33666660000267,9.99999999E8,83.87225736532645,12.0,12.0,76.98629026579272,181.0,12.0,
12.0,12.0,12.0,12.0,12.0,12.0,12.0,12.0,12.0,12.0,12.0,12.0,12.0,12.0,12.0,68.92669213656556,12.0,97.8623523118058,92.12431214879646,77.19132075563937,83.10535482145539,97.26510165521856,167.47686407381767,81.87117251443813,
12.0,12.0,12.0,12.0,12.0,12.0,12.0,12.0,12.0,12.0,12.0,12.0,83.10535482145539,9.99999999E8,115.70583390650621,167.47686407381767,12.0,96.25775582027433,98.56413591610738,181.0,12.0,108.7834396160274,9.99999999E8,89.84119322448917,
12.0,12.0,12.0,12.0,12.0,12.0,12.0,12.0,12.0,12.0,12.0,12.0,92.12431214879646,12.0,49.978838497114566,79.31512396062234,179.57588925019974,12.0,12.0,97.31602213030138,12.0,112.1295679114122,103.14310447140905,93.13013595084152,
12.0,12.0,12.0,12.0,12.0,12.0,12.0,12.0,12.0,12.0,12.0,12.0,93.47181175004972,101.49137894422363,112.1295679114122,12.0,156.1980793735954,151.5263086801174,9.99999999E8,12.0,82.42767124973459,106.96027299890366,83.33666660000267,67.00746227100382,
12.0,12.0,12.0,12.0,12.0,12.0,12.0,12.0,12.0,12.0,12.0,12.0,120.20915106596502,77.20381954324614,58.9130715546219,12.0,90.71383576941281,102.1545669833491,80.49361603395776,91.2194035928581,60.48713811671884,78.80073321711896,103.04314091141094,12.0,
12.0,12.0,12.0,12.0,12.0,12.0,12.0,12.0,12.0,12.0,12.0,12.0,81.65507345173455,56.184962400984126,103.14310447140905,12.0,12.0,58.85764370260011,12.0,209.0,93.70383216958263,87.52072065065437,12.0,112.35756415222885,
12.0,12.0,12.0,12.0,12.0,12.0,12.0,12.0,12.0,12.0,12.0,12.0,12.0,12.0,74.94145863420475,12.0,101.16666386488694,12.0,96.12621910800404,12.0,12.0,111.04753736826206,177.08370901920935,12.0,
12.0,12.0,12.0,12.0,12.0,12.0,12.0,12.0,12.0,12.0,12.0,12.0,59.32098778540976,12.0,92.12431214879646,12.0,164.42492376630605,109.05910731749499,92.12431214879646,147.57709849431245,83.10535482145539,91.2194035928581,78.80073321711896,82.53039019732337,
12.0,12.0,12.0,12.0,12.0,12.0,12.0,12.0,12.0,12.0,12.0,12.0,83.10836299675262,174.30305664432726,82.628812536288,177.21692921388748,9.99999999E8,188.4857790096879,89.05054744357274,97.67292357659824,78.80073321711896,12.0,9.99999999E8,12.0,
12.0,12.0,12.0,12.0,12.0,12.0,12.0,12.0,12.0,12.0,12.0,12.0,179.57588925019974,92.12431214879646,12.0,133.5223659999411,152.61243578278788,12.0,9.99999999E8,87.38558233484514,62.80452342996726,153.7754495649058,103.14310447140905,12.0,
12.0,12.0,12.0,12.0,12.0,12.0,12.0,12.0,12.0,12.0,12.0,12.0,12.0,179.57588925019974,12.0,60.91502277763672,92.12431214879646,12.0,92.12431214879646,92.12431214879646,167.47686407381767,9.99999999E8,9.99999999E8,103.04475834423711,
12.0,12.0,12.0,12.0,12.0,12.0,12.0,12.0,12.0,12.0,12.0,12.0,92.12431214879646,53.16248677404021,70.572006938058,93.72854421146207,89.98641872835897,92.12431214879646,12.0,12.0,105.07254636678412,12.0,105.89542010870915,169.44922543346135,
12.0,12.0,12.0,12.0,12.0,12.0,12.0,12.0,12.0,12.0,12.0,12.0,12.0,12.0,104.85532890606943,64.56693340161733,61.70218796768879,61.28255070089824,59.81847540685068,96.47922056069898,12.0,92.12431214879646,12.0,46.977536002741665,
12.0,12.0,12.0,12.0,12.0,12.0,12.0,12.0,12.0,12.0,12.0,12.0,82.53039019732337,68.04319615663182,77.21677118389576,86.26268022731499,12.0,12.0,45.53997023372862,181.0,12.0,12.0,103.14310447140905,12.0,
12.0,12.0,12.0,12.0,12.0,12.0,12.0,12.0,12.0,12.0,12.0,12.0,110.7815668581897,12.0,45.77359743588242,54.37286237881271,12.0,76.96832107418994,57.31273854912187,9.99999999E8,121.1344523888871,12.0,45.53997023372862,12.0,
12.0,12.0,12.0,12.0,12.0,12.0,12.0,12.0,12.0,12.0,12.0,12.0,99.87512202745987,89.98641872835897,12.0,82.62095510354636,12.0,12.0,96.57660172112084,92.12431214879646,80.23365877236311,9.99999999E8,104.72936550939282,12.0,
12.0,12.0,12.0,12.0,12.0,12.0,12.0,12.0,12.0,12.0,12.0,12.0,60.01563582275769,12.0,89.84119322448917,75.92686539617509,98.56413591610738,93.89270472193247,92.12431214879646,76.25719638171863,83.77807250169202,81.02598272494576,114.84354574811768,90.07157647609422,
12.0,12.0,12.0,12.0,12.0,12.0,12.0,12.0,12.0,12.0,12.0,12.0,86.66394867532865,12.0,110.7815668581897,93.00296242813002,85.96309860043235,127.64403628842203,12.0,12.0,82.72992203550055,12.0,83.33666660000267,68.92669213656556,
12.0,12.0,12.0,12.0,12.0,12.0,12.0,12.0,12.0,12.0,12.0,12.0,12.0,75.31858262665921,51.96768226503853,9.99999999E8,123.28438668379708,103.572512309601,9.99999999E8,112.05105978972266,54.07493657353745,81.65507345173455,88.46375944246253,12.0,
12.0,12.0,12.0,12.0,12.0,12.0,12.0,12.0,12.0,12.0,12.0,12.0,9.99999999E8,93.20139483934777,127.15934885017303,113.27241500029918,92.12431214879646,99.83486364992943,92.12431214879646,82.72992203550055,136.5591745847393,101.840834420951,12.0,74.94145863420475,
12.0,12.0,12.0,12.0,12.0,12.0,12.0,12.0,12.0,12.0,12.0,12.0,90.82400563727631,12.0,89.84119322448917,94.71477650762256,12.0,12.0,147.13334843679124,84.69881279503798,12.0,74.94145863420475,12.0,91.17554272850113,
12.0,12.0,12.0,12.0,12.0,12.0,12.0,12.0,12.0,12.0,12.0,12.0,59.00211860602973,129.67170084486438,12.0,111.69701080253769,59.32098778540976,60.73347969246909,9.99999999E8,83.10535482145539,93.13013595084152,114.69019138531421,9.99999999E8,12.0,
12.0,12.0,12.0,12.0,12.0,12.0,12.0,12.0,12.0,12.0,12.0,12.0,85.13189766474139,112.35756415222885,93.72854421146207,52.84165023918159,104.38816450579485,9.99999999E8,12.0,164.1074809572143,12.0,12.0,12.0,174.30305664432726,
12.0,12.0,12.0,12.0,12.0,12.0,12.0,12.0,12.0,12.0,12.0,12.0,12.0,12.0,12.0,108.87148386974432,104.38816450579485,55.21965118092661,12.0,68.79599471545482,75.5634616378437,77.25697379525036,149.31121860061288,59.479717002469656,
12.0,12.0,12.0,12.0,12.0,12.0,12.0,12.0,12.0,12.0,12.0,12.0,168.38004632378505,64.03319451659428,12.0,9.99999999E8,12.0,163.09334750381453,12.0,111.04753736826206,12.0,9.99999999E8,179.57588925019974,63.860472907738476,
12.0,12.0,12.0,12.0,12.0,12.0,12.0,12.0,12.0,12.0,12.0,12.0,9.99999999E8,12.0,137.76973542835887,12.0,62.643116142158824,92.12431214879646,12.0,103.14310447140905,78.49372781389893,12.0,12.0,77.25697379525036,
12.0,12.0,12.0,12.0,12.0,12.0,12.0,12.0,12.0,12.0,12.0,12.0,12.0,82.41493931455767,45.52166761249221,61.467245116584024,179.57588925019974,12.0,9.99999999E8,209.0,64.56693340161733,205.0,133.5223659999411,55.46370184383857,
12.0,12.0,12.0,12.0,12.0,12.0,12.0,12.0,12.0,12.0,12.0,12.0,122.71853975663171,79.39168722227788,85.33170571364433,62.41762571581844,88.46375944246253,12.0,179.57588925019974,47.905945266080856,62.85874817574895,77.25697379525036,100.93284896405133,54.7452281025479,
12.0,12.0,12.0,12.0,12.0,12.0,12.0,12.0,12.0,12.0,12.0,12.0,89.84119322448917,60.634606913507376,12.0,68.92669213656556,12.0,64.15779159402405,92.12431214879646,97.88977558083023,111.04753736826206,109.17213726750776,206.0458417170531,88.64605151375662,
12.0,12.0,12.0,12.0,12.0,12.0,12.0,12.0,12.0,12.0,12.0,12.0,48.84502773767129,91.56641394782973,228.0,12.0,12.0,12.0,174.30305664432726,112.05105978972266,55.731499172371095,85.52907238022766,64.22421661647576,91.43850392476902,
12.0,12.0,12.0,12.0,12.0,12.0,12.0,12.0,12.0,12.0,12.0,12.0,67.3349834781297,61.71029087599572,198.9745935763883,12.0,12.0,92.12431214879646,12.0,12.0,12.0,132.89093272304171,58.39657524204652,64.646904196738,
12.0,12.0,12.0,12.0,12.0,12.0,12.0,12.0,12.0,12.0,12.0,12.0,169.44214351807523,99.50223051545639,113.95718494241599,12.0,12.0,12.0,85.23051096878395,56.06638921849703,12.0,9.99999999E8,78.80073321711896,12.0,
12.0,12.0,12.0,12.0,12.0,12.0,12.0,12.0,12.0,12.0,12.0,12.0,61.10010001810326,102.15008565830966,137.89448462099162,60.397323903413785,189.62990270524318,59.479717002469656,12.0,12.0,81.87117251443813,103.46516321931745,12.0,12.0,
12.0,12.0,12.0,12.0,12.0,12.0,12.0,12.0,12.0,12.0,12.0,12.0,103.14310447140905,94.87491765477323,128.70524464838255,90.82400563727631,122.73775114265193,92.06519429187124,133.5223659999411,156.1980793735954,87.97025310921167,112.05105978972266,129.65820452250603,67.00746227100382,
12.0,12.0,12.0,12.0,12.0,12.0,12.0,12.0,12.0,12.0,12.0,12.0,86.73234690702195,9.99999999E8,12.0,103.14310447140905,78.80073321711896,97.26510165521856,114.25340257515309,102.51124599552752,158.45153482654842,12.0,77.20381954324614,12.0,
12.0,12.0,12.0,12.0,12.0,12.0,12.0,12.0,12.0,12.0,12.0,12.0,12.0,82.58230279360026,12.0,41.532873628449245,158.64285535616017,109.68974427903458,68.92669213656556,63.696666365850334,12.0,179.57588925019974,9.99999999E8,103.14310447140905,
12.0,12.0,12.0,12.0,12.0,12.0,12.0,12.0,12.0,12.0,12.0,12.0,144.55255099789835,12.0,56.77807675502931,12.0,139.71954416046512,109.23928882147771,92.6039955941427,90.9087903520078,12.0,12.0,12.0,12.0,
12.0,12.0,12.0,12.0,12.0,12.0,12.0,12.0,12.0,12.0,12.0,12.0,90.82400563727631,83.10368356590592,168.38004632378505,181.0,12.0,84.25259639916149,12.0,86.53034149938391,100.18900505890792,83.10535482145539,9.99999999E8,84.25259639916149,
12.0,12.0,12.0,12.0,12.0,12.0,12.0,12.0,12.0,12.0,12.0,12.0,98.56413591610738,12.0,83.83449303372821,81.49921747464569,92.12431214879646,12.0,114.25340257515309,99.49217998190119,181.0,9.99999999E8,12.0,92.12431214879646,
12.0,12.0,12.0,12.0,12.0,12.0,12.0,12.0,12.0,12.0,12.0,12.0,86.33365508305553,104.72936550939282,92.12431214879646,179.57588925019974,189.62990270524318,59.93746741396403,12.0,9.99999999E8,186.3712424168493,12.0,103.28547278726515,12.0,
12.0,12.0,12.0,12.0,12.0,12.0,12.0,12.0,12.0,12.0,12.0,12.0,12.0,12.0,119.14929943375897,12.0,76.6595974262259,81.73518214330961,168.38004632378505,78.29840355971506,12.0,9.99999999E8,83.10535482145539,79.70082949519549,
12.0,12.0,12.0,12.0,12.0,12.0,12.0,12.0,12.0,12.0,12.0,12.0,9.99999999E8,12.0,114.3838027038254,167.47686407381767,12.0,86.53034149938391,91.17554272850113,109.68974427903458,89.84119322448917,86.73234690702195,86.53393813400378,63.93399374007192,
12.0,12.0,12.0,12.0,12.0,12.0,12.0,12.0,12.0,12.0,12.0,12.0,136.8886408727912,79.8733372283893,111.79097558489335,112.97123527695004,9.99999999E8,56.084151939433234,140.38478866632556,92.12431214879646,12.0,62.36585604319081,79.60155879921766,12.0,
12.0,12.0,12.0,12.0,12.0,12.0,12.0,12.0,12.0,12.0,12.0,12.0,55.924240371747786,90.21470987345147,107.02102597153514,78.29840355971506,99.37303457175895,108.83116383748832,85.52907238022766,12.0,12.0,88.38976185056728,78.80073321711896,124.9469887592334,
12.0,12.0,12.0,12.0,12.0,12.0,12.0,12.0,12.0,12.0,12.0,12.0,12.0,12.0,47.617643788831046,102.51124599552752,104.72936550939282,9.99999999E8,66.72516717014877,92.81075764529604,52.490621125325326,90.75295458238315,216.05760548726096,83.77276731259316,
12.0,12.0,12.0,12.0,12.0,12.0,12.0,12.0,12.0,12.0,12.0,12.0,9.99999999E8,12.0,12.0,137.15279395217908,78.80073321711896,12.0,99.46802948128052,70.76694143454273,12.0,104.72936550939282,12.0,12.0,
12.0,12.0,12.0,12.0,12.0,12.0,12.0,12.0,12.0,12.0,12.0,12.0,67.2053569293401,83.10535482145539,129.67170084486438,97.16080599821218,9.99999999E8,92.12431214879646,12.0,91.60718608935588,12.0,77.25697379525036,92.12431214879646,66.43794096749237,
12.0,12.0,12.0,12.0,12.0,12.0,12.0,12.0,12.0,12.0,12.0,12.0,52.28660334052012,103.7496987947435,12.0,68.92669213656556,107.86423817721526,58.356662001865736,104.72936550939282,12.0,12.0,133.22851321955778,92.12431214879646,61.22657819567431,
12.0,12.0,12.0,12.0,12.0,12.0,12.0,12.0,12.0,12.0,12.0,12.0,9.99999999E8,115.70583390650621,92.12431214879646,132.87400046660747,124.39051410778879,12.0,12.0,12.0,12.0,63.62934761217515,105.17234533004493,12.0,
12.0,12.0,12.0,12.0,12.0,12.0,12.0,12.0,12.0,12.0,12.0,12.0,47.60485502784587,90.18437903662819,74.94145863420475,92.12431214879646,12.0,12.0,92.58374587366835,12.0,9.99999999E8,130.7831793465811,12.0,12.0,
12.0,12.0,12.0,12.0,12.0,12.0,12.0,12.0,12.0,12.0,12.0,12.0,178.93450074134824,60.91502277763672,179.57588925019974,12.0,9.99999999E8,9.99999999E8,83.1666632584897,85.34953549889151,12.0,91.76464460782267,12.0,71.08431326134294,
12.0,12.0,12.0,12.0,12.0,12.0,12.0,12.0,12.0,12.0,12.0,12.0,104.72936550939282,109.17213726750776,55.231722858123334,104.53813764469992,130.47323597628156,104.72936550939282,12.0,119.46361603247892,12.0,52.42798754054003,12.0,153.50750976924732,
12.0,12.0,12.0,12.0,12.0,12.0,12.0,12.0,12.0,12.0,12.0,12.0,66.81195053801287,83.45117593798244,12.0,147.9954053340846,12.0,113.40855346930407,12.0,54.290883212561575,89.98641872835897,12.0,131.88267513210369,147.4784353350987,
12.0,12.0,12.0,12.0,12.0,12.0,12.0,12.0,12.0,12.0,12.0,12.0,104.85532890606943,12.0,157.0261832377716,12.0,112.1295679114122,12.0,12.0,103.14310447140905,12.0,185.00870850374105,102.89908756749121,80.18035226219007,
12.0,12.0,12.0,12.0,12.0,12.0,12.0,12.0,12.0,12.0,12.0,12.0,112.1295679114122,88.39321240909848,112.05105978972266,12.0,75.2079783001777,112.35756415222885,12.0,91.2194035928581,209.0,9.99999999E8,98.56413591610738,92.12431214879646,
12.0,12.0,12.0,12.0,12.0,12.0,12.0,12.0,12.0,12.0,12.0,12.0,93.72854421146207,86.33365508305553,12.0,70.94899576456315,92.12431214879646,99.87512202745987,93.99305228340562,92.12431214879646,119.08151898286026,12.0,109.23928882147771,9.99999999E8,
12.0,12.0,12.0,12.0,12.0,12.0,12.0,12.0,12.0,12.0,12.0,12.0,108.60497226186286,63.989374117895544,12.0,179.57588925019974,12.0,12.0,12.0,94.1620942842713,12.0,95.19220322881259,12.0,141.91811019034887,
12.0,12.0,12.0,12.0,12.0,12.0,12.0,12.0,12.0,12.0,12.0,12.0,88.15831718498765,61.25266434114428,106.96027299890366,12.0,104.42966798547027,104.72936550939282,92.69986680746877,85.15159063945754,12.0,105.289300190921,79.57316688990636,89.98641872835897,
12.0,12.0,12.0,12.0,12.0,12.0,12.0,12.0,12.0,12.0,12.0,12.0,12.0,65.81451982965585,64.65206020606682,93.1119755992751,12.0,12.0,12.0,62.31355865168298,56.5795899596312,86.53034149938391,102.93795326419806,78.07662902559255,
12.0,12.0,12.0,12.0,12.0,12.0,12.0,12.0,12.0,12.0,12.0,12.0,12.0,90.92029476415043,92.12431214879646,9.99999999E8,139.71954416046512,78.80073321711896,144.8706319445042,92.12431214879646,188.64840901057772,100.75435474459651,9.99999999E8,12.0,
12.0,12.0,12.0,12.0,12.0,12.0,12.0,12.0,12.0,12.0,12.0,12.0,105.45063648311411,86.53034149938391,131.44871787925038,49.0,12.0,81.82285494797121,93.99001249590081,61.44306307468728,12.0,78.73090597443647,209.0,79.32134985746194,
12.0,12.0,12.0,12.0,12.0,12.0,12.0,12.0,12.0,12.0,12.0,12.0,93.72854421146207,112.1295679114122,112.35756415222885,112.35756415222885,97.97703812628752,130.7831793465811,133.5223659999411,86.53034149938391,92.69986680746877,63.696666365850334,75.01029515138723,110.07371267574389,
12.0,12.0,12.0,12.0,12.0,12.0,12.0,12.0,12.0,12.0,12.0,12.0,57.095436673072996,12.0,80.0079077724349,74.94145863420475,112.35756415222885,47.53828866176073,12.0,181.0,71.42478561395897,12.0,97.26510165521856,89.98641872835897,
12.0,12.0,12.0,12.0,12.0,12.0,12.0,12.0,12.0,12.0,12.0,12.0,109.68974427903458,78.019097609731,12.0,89.98641872835897,103.04475834423711,12.0,12.0,49.0,128.29258612375457,12.0,9.99999999E8,130.3476121760579,
12.0,12.0,12.0,12.0,12.0,12.0,12.0,12.0,12.0,12.0,12.0,12.0,12.0,112.35756415222885,112.05105978972266,12.0,12.0,12.0,12.0,12.0,78.23610987829655,97.40893182865727,103.14310447140905,92.21442403442099,
12.0,12.0,12.0,12.0,12.0,12.0,12.0,12.0,12.0,12.0,12.0,12.0,76.64130015134718,167.47686407381767,93.72854421146207,112.32492550137253,12.0,86.53034149938391,91.65272621271134,12.0,59.9729105513481,12.0,179.7337537087072,12.0,
12.0,12.0,12.0,12.0,12.0,12.0,12.0,12.0,12.0,12.0,12.0,12.0,12.0,12.0,12.0,72.98116195293139,109.23928882147771,171.69304004530878,94.77810342525792,12.0,100.61808982484213,12.0,109.17213726750776,12.0,
12.0,12.0,12.0,12.0,12.0,12.0,12.0,12.0,12.0,12.0,12.0,12.0,12.0,12.0,167.47686407381767,63.91056250730391,87.77334447313717,12.0,12.0,75.36282608524945,112.35756415222885,81.91922851199223,94.1620942842713,12.0,
12.0,12.0,12.0,12.0,12.0,12.0,12.0,12.0,12.0,12.0,12.0,12.0,12.0,112.35756415222885,12.0,12.0,12.0,93.77760926788442,89.89005630336551,91.47540653093596,98.99777775283646,12.0,209.0,112.35756415222885,
12.0,12.0,12.0,12.0,12.0,12.0,12.0,12.0,12.0,12.0,12.0,12.0,12.0,12.0,9.99999999E8,12.0,12.0,133.5223659999411,77.02092067887935,114.25340257515309,158.12223120105534,104.72936550939282,9.99999999E8,9.99999999E8,
12.0,12.0,12.0,12.0,12.0,12.0,12.0,12.0,12.0,12.0,12.0,12.0,12.0,12.0,12.0,12.0,80.71400126372127,92.12431214879646,12.0,144.65864111410556,117.67197575272976,209.0,103.14310447140905,68.9919147257174,
12.0,12.0,12.0,12.0,12.0,12.0,12.0,12.0,12.0,12.0,12.0,12.0,80.11588828413223,83.10535482145539,89.4833241789913,12.0,12.0,86.53034149938391,12.0,12.0,52.190770670779294,12.0,134.49442367622532,137.89448462099162,
12.0,12.0,12.0,12.0,12.0,12.0,12.0,12.0,12.0,12.0,12.0,12.0,114.25340257515309,114.25340257515309,92.12431214879646,59.98240482748994,12.0,91.0971672312099,12.0,152.61352786987428,112.97123527695004,134.75121108505442,12.0,12.0,
12.0,12.0,12.0,12.0,12.0,12.0,12.0,12.0,12.0,12.0,12.0,12.0,81.10914792765993,12.0,116.20456101203601,120.20915106596502,12.0,9.99999999E8,132.50241087953415,86.53034149938391,205.0,9.99999999E8,111.46995568496546,9.99999999E8,
12.0,12.0,12.0,12.0,12.0,12.0,12.0,12.0,12.0,12.0,12.0,12.0,189.97010291095808,110.07371267574389,102.51124599552752,12.0,12.0,92.12431214879646,97.26510165521856,12.0,103.14310447140905,12.0,70.3367990892566,12.0,
12.0,12.0,12.0,12.0,12.0,12.0,12.0,12.0,12.0,12.0,12.0,12.0,112.35756415222885,12.0,12.0,12.0,12.0,94.37557946841969,81.73518214330961,12.0,88.03953657306472,112.35756415222885,57.095436673072996,12.0,
12.0,12.0,12.0,12.0,12.0,12.0,12.0,12.0,12.0,12.0,12.0,12.0,67.0093277089093,48.60599973127333,156.28339643097087,71.42478561395897,12.0,12.0,84.50301769759469,83.10535482145539,12.0,84.51074556352275,46.91012683845569,74.94145863420475,
12.0,12.0,12.0,12.0,12.0,12.0,12.0,12.0,12.0,12.0,12.0,12.0,12.0,92.12431214879646,177.45578479034026,93.72854421146207,12.0,12.0,46.77309292982689,93.13013595084152,12.0,114.25340257515309,99.70400638333894,112.35756415222885,
12.0,12.0,12.0,12.0,12.0,12.0,12.0,12.0,12.0,12.0,12.0,12.0,54.24923586408139,105.289300190921,81.77432359854772,111.04903821685666,136.5445281337385,48.084924872562716,12.0,9.99999999E8,84.83447936357534,12.0,93.5871548640921,103.572512309601,
12.0,12.0,12.0,12.0,12.0,12.0,12.0,12.0,12.0,12.0,12.0,12.0,12.0,73.58460353600488,12.0,83.70428999319752,103.14310447140905,75.88734340381728,59.452024438840965,104.72936550939282,57.095436673072996,12.0,168.38004632378505,58.67329508009205,
12.0,12.0,12.0,12.0,12.0,12.0,12.0,12.0,12.0,12.0,12.0,12.0,109.68974427903458,86.53034149938391,47.570785066432684,141.30477698931483,153.65623970408754,75.12283274744104,104.72936550939282,12.0,51.79044313384468,95.3376384547176,12.0,81.38949563672206,
12.0,12.0,12.0,12.0,12.0,12.0,12.0,12.0,12.0,12.0,12.0,12.0,81.20492595895892,59.231081263592685,85.23051096878395,91.26746408222374,127.51372475149489,12.0,181.0,90.05970242011685,12.0,86.53034149938391,12.0,12.0,
12.0,12.0,12.0,12.0,12.0,12.0,12.0,12.0,12.0,12.0,12.0,12.0,54.42205435299186,12.0,92.12431214879646,104.70561258176397,78.80073321711896,68.92669213656556,92.12431214879646,12.0,12.0,12.0,68.92669213656556,181.0,
12.0,12.0,12.0,12.0,12.0,12.0,12.0,12.0,12.0,12.0,12.0,12.0,110.61444551032002,63.62036639636842,98.8849836931776,12.0,68.92669213656556,159.15261718097997,51.54866929536056,109.68974427903458,89.84119322448917,92.12431214879646,12.0,56.74993881543447,
12.0,12.0,12.0,12.0,12.0,12.0,12.0,12.0,12.0,12.0,12.0,12.0,12.0,71.42478561395897,136.94569160429836,103.45154528677773,100.74169389527303,12.0,83.90543754119629,147.12525276104031,12.0,72.78049189171504,9.99999999E8,127.64403628842203,
12.0,12.0,12.0,12.0,12.0,12.0,12.0,12.0,12.0,12.0,12.0,12.0,90.80198235721508,205.0,12.0,92.12431214879646,174.30305664432726,71.42478561395897,59.24427649588322,89.80280179302059,54.7452281025479,61.514225996918796,12.0,167.47686407381767,
12.0,12.0,12.0,12.0,12.0,12.0,12.0,12.0,12.0,12.0,12.0,12.0,103.14310447140905,120.39195248114478,79.18590886808906,83.83449303372821,168.38004632378505,12.0,114.25340257515309,12.0,63.7808748764079,112.35756415222885,83.79870059984357,12.0,
12.0,12.0,12.0,12.0,12.0,12.0,12.0,12.0,12.0,12.0,12.0,12.0,119.41792160308268,77.22849215153693,76.8,145.0718330162471,97.75602283235546,82.62095510354636,12.0,142.61661894744245,147.57709849431245,109.17213726750776,134.42005058770064,9.99999999E8,
12.0,12.0,12.0,12.0,12.0,12.0,12.0,12.0,12.0,12.0,12.0,12.0,50.321190588282214,12.0,107.15824228163174,97.5019999794876,112.35756415222885,9.99999999E8,119.99062463376045,79.40088160719628,102.29200516652146,112.1295679114122,186.3712424168493,95.04998684902591,
12.0,12.0,12.0,12.0,12.0,12.0,12.0,12.0,12.0,12.0,12.0,12.0,86.53034149938391,112.35756415222885,97.03817889503753,209.0,12.0,12.0,125.49059283025517,71.42478561395897,12.0,82.72992203550055,12.0,159.59601777265274,
12.0,12.0,12.0,12.0,12.0,12.0,12.0,12.0,12.0,12.0,12.0,12.0,93.670913308241,149.65811378073747,12.0,83.83449303372821,179.57588925019974,105.17234533004493,92.12431214879646,85.86035173466273,89.70975420766685,83.32015322768133,83.10535482145539,81.8330006782105,
12.0,12.0,12.0,12.0,12.0,12.0,12.0,12.0,12.0,12.0,12.0,12.0,114.0010526267192,82.91549669293875,12.0,12.0,94.78923989567592,53.70521389958334,112.35756415222885,96.41691875507234,125.20583053516317,82.62095510354636,86.70568922054584,74.94145863420475,
12.0,12.0,12.0,12.0,12.0,12.0,12.0,12.0,12.0,12.0,12.0,12.0,12.0,12.0,161.8722953442003,109.05910731749499,118.80168348975532,12.0,12.0,105.07254636678412,12.0,86.53034149938391,55.75829673080938,86.27572080255256,
12.0,12.0,12.0,12.0,12.0,12.0,12.0,12.0,12.0,12.0,12.0,12.0,12.0,12.0,56.93118653251485,12.0,12.0,220.24279531664345,48.23898838076935,81.20492595895892,12.0,83.79870059984357,107.15202077215136,12.0,
12.0,12.0,12.0,12.0,12.0,12.0,12.0,12.0,12.0,12.0,12.0,12.0,81.58506265842782,111.0535406409399,97.83432708183543,12.0,12.0,12.0,12.0,9.99999999E8,105.7496079985015,59.50999915980507,12.0,179.57588925019974,
12.0,12.0,12.0,12.0,12.0,12.0,12.0,12.0,12.0,12.0,12.0,12.0,12.0,9.99999999E8,77.25697379525036,112.35756415222885,65.37583651472461,78.07190417955887,76.63576188699372,56.28396128135138,92.12431214879646,111.04903821685666,179.57588925019974,12.0,
12.0,12.0,12.0,12.0,12.0,12.0,12.0,12.0,12.0,12.0,12.0,12.0,112.05105978972266,113.70065962869344,12.0,90.37012780781048,147.57709849431245,209.0,167.47686407381767,92.12431214879646,93.20139483934777,96.49740929164886,12.0,12.0,
12.0,12.0,12.0,12.0,12.0,12.0,12.0,12.0,12.0,12.0,12.0,12.0,119.11943586165944,210.78543592952528,109.23928882147771,12.0,83.16783566312694,86.53034149938391,102.74021131187226,168.38004632378505,12.0,12.0,91.90151733725014,84.21615047008501,
12.0,12.0,12.0,12.0,12.0,12.0,12.0,12.0,12.0,12.0,12.0,12.0,109.68974427903458,45.53997023372862,51.89186286980614,85.03521420165288,92.12431214879646,77.25697379525036,12.0,81.87117251443813,78.80073321711896,45.620886730996894,90.75378779973869,109.68974427903458,
12.0,12.0,12.0,12.0,12.0,12.0,12.0,12.0,12.0,12.0,12.0,12.0,140.06744407209297,133.5223659999411,12.0,12.0,12.0,12.0,64.85242273573037,12.0,12.0,228.00633519463642,103.14310447140905,93.72854421146207,
12.0,12.0,12.0,12.0,12.0,12.0,12.0,12.0,12.0,12.0,12.0,12.0,12.0,12.0,56.9166056612655,100.88235722860564,12.0,12.0,97.8241051865825,12.0,78.29840355971506,78.64953909591587,12.0,156.1980793735954,
12.0,12.0,12.0,12.0,12.0,12.0,12.0,12.0,12.0,12.0,12.0,12.0,83.10535482145539,85.60227800707175,12.0,9.99999999E8,181.0,87.48130995725164,9.99999999E8,92.12431214879646,81.87117251443813,80.47613412226823,104.72936550939282,12.0,
12.0,12.0,12.0,12.0,12.0,12.0,12.0,12.0,12.0,12.0,12.0,12.0,42.50588194591426,9.99999999E8,121.47839314050874,92.12431214879646,110.61193425666147,12.0,97.91895857789538,12.0,92.12431214879646,114.25340257515309,12.0,12.0,
12.0,12.0,12.0,12.0,12.0,12.0,12.0,12.0,12.0,12.0,12.0,12.0,89.98641872835897,104.72936550939282,12.0,12.0,81.87117251443813,12.0,158.2968378992104,102.06642717150217,91.04265721132465,78.80073321711896,12.0,74.73285756613352,
12.0,12.0,12.0,12.0,12.0,12.0,12.0,12.0,12.0,12.0,12.0,12.0,56.68553607402862,12.0,103.85673893504563,54.25340633329333,181.0,105.50753527592235,45.50549417378082,79.40088160719628,12.0,12.0,12.0,167.0,
12.0,12.0,12.0,12.0,12.0,12.0,12.0,12.0,12.0,12.0,12.0,12.0,75.77679360450396,76.05590049430748,12.0,12.0,12.0,12.0,9.99999999E8,12.0,12.0,167.47686407381767,78.37020408860047,62.85874817574895,
12.0,12.0,12.0,12.0,12.0,12.0,12.0,12.0,12.0,12.0,12.0,12.0,12.0,12.0,89.98641872835897,86.53034149938391,179.57588925019974,61.467245116584024,95.91532724231305,9.99999999E8,12.0,12.0,72.64599094237754,12.0,
12.0,12.0,12.0,12.0,12.0,12.0,12.0,12.0,12.0,12.0,12.0,12.0,45.53997023372862,93.72854421146207,12.0,12.0,12.0,12.0,9.99999999E8,12.0,106.96027299890366,209.0,125.2007277224147,104.72936550939282,
12.0,12.0,12.0,12.0,12.0,12.0,12.0,12.0,12.0,12.0,12.0,12.0,9.99999999E8,137.89448462099162,9.99999999E8,89.55872616389073,113.4153428774079,12.0,93.13013595084152,12.0,12.0,12.0,63.86912639235368,103.53086496306307,
12.0,12.0,12.0,12.0,12.0,12.0,12.0,12.0,12.0,12.0,12.0,12.0,93.5871548640921,75.65604228806762,112.97123527695004,71.42478561395897,53.207142377692115,12.0,53.24367463735847,89.74408058473828,12.0,84.64632301523794,12.0,12.0,
12.0,12.0,12.0,12.0,12.0,12.0,12.0,12.0,12.0,12.0,12.0,12.0,197.63602910400724,145.53157732945797,52.80214120376634,12.0,12.0,12.0,73.63347668614385,12.0,87.2939860471499,92.12431214879646,92.12431214879646,56.5795899596312,
12.0,12.0,12.0,12.0,12.0,12.0,12.0,12.0,12.0,12.0,12.0,12.0,103.02669556964351,133.5223659999411,114.25340257515309,205.0,12.0,12.0,12.0,12.0,209.0,181.20982313329483,97.65500499206377,101.66198896342723,
12.0,12.0,12.0,12.0,12.0,12.0,12.0,12.0,12.0,12.0,12.0,12.0,60.48713811671884,12.0,209.0,84.25259639916149,101.17231209522632,12.0,181.79170009167697,50.2618145315109,12.0,12.0,12.0,12.0,
12.0,12.0,12.0,12.0,12.0,12.0,12.0,12.0,12.0,12.0,12.0,12.0,111.0535406409399,56.073612332361826,121.56627821892056,49.74342331670898,9.99999999E8,86.53034149938391,113.71992887010711,77.25697379525036,97.26510165521856,77.61077308444641,77.25697379525036,155.0705932434931,
12.0,12.0,12.0,12.0,12.0,12.0,12.0,12.0,12.0,12.0,12.0,12.0,112.35756415222885,205.0,115.12818942378969,205.0,85.23051096878395,12.0,12.0,92.12431214879646,179.57588925019974,74.94145863420475,147.57709849431245,110.7815668581897,
12.0,12.0,12.0,12.0,12.0,12.0,12.0,12.0,12.0,12.0,12.0,12.0,12.0,12.0,83.17187024469271,9.99999999E8,112.35756415222885,102.93795326419806,92.12431214879646,76.13639077340086,80.95579040439293,46.67486700437981,114.25340257515309,93.20139483934777,
12.0,12.0,12.0,12.0,12.0,12.0,12.0,12.0,12.0,12.0,12.0,12.0,168.38004632378505,168.72059743848706,70.0559776179021,179.57588925019974,74.94145863420475,12.0,88.19659857386792,93.64955952912966,12.0,83.10535482145539,73.24445371494008,92.12431214879646,
12.0,12.0,12.0,12.0,12.0,12.0,12.0,12.0,12.0,12.0,12.0,12.0,98.482937044388,96.5126617473118,96.57660172112084,12.0,168.38004632378505,84.38758976367585,9.99999999E8,92.12431214879646,53.207142377692115,12.0,12.0,127.83677092292344,
12.0,12.0,12.0,12.0,12.0,12.0,12.0,12.0,12.0,12.0,12.0,12.0,12.0,86.53034149938391,12.0,92.12431214879646,110.7815668581897,150.87494821871522,89.05054744357274,9.99999999E8,9.99999999E8,12.0,112.97123527695004,159.59601777265274,
12.0,12.0,12.0,12.0,12.0,12.0,12.0,12.0,12.0,12.0,12.0,12.0,85.52932424684793,12.0,86.02418264650935,83.10535482145539,12.0,45.53997023372862,114.96037964833315,81.41713578848129,12.0,85.04410620378111,12.0,102.51124599552752,
12.0,12.0,12.0,12.0,12.0,12.0,12.0,12.0,12.0,12.0,12.0,12.0,205.0,83.47699181969428,133.5223659999411,109.68974427903458,12.0,12.0,61.467245116584024,72.68032575646669,12.0,12.0,81.73518214330961,12.0,
12.0,12.0,12.0,12.0,12.0,12.0,12.0,12.0,12.0,12.0,12.0,12.0,115.98802620194131,121.1344523888871,12.0,12.0,9.99999999E8,9.99999999E8,12.0,12.0,91.94155752433173,79.81993624541568,145.42295807297376,91.2194035928581,
12.0,12.0,12.0,12.0,12.0,12.0,12.0,12.0,12.0,12.0,12.0,12.0,84.21615047008501,77.25697379525036,114.25340257515309,93.98404119849285,110.61080417391422,92.12431214879646,12.0,9.99999999E8,64.55435931153255,78.02403475852809,92.12431214879646,63.89491372558539,
12.0,12.0,12.0,12.0,12.0,12.0,12.0,12.0,12.0,12.0,12.0,12.0,139.71954416046512,12.0,12.0,12.0,87.11050453303551,12.0,9.99999999E8,12.0,12.0,114.25340257515309,81.20492595895892,113.57376457615553,
12.0,12.0,12.0,12.0,12.0,12.0,12.0,12.0,12.0,12.0,12.0,12.0,12.0,12.0,171.241058160711,86.53034149938391,74.94145863420475,12.0,9.99999999E8,57.55649398634354,78.80073321711896,87.5728268357257,65.01922792528376,63.98688137153053,
12.0,12.0,12.0,12.0,12.0,12.0,12.0,12.0,12.0,12.0,12.0,12.0,138.824429486392,12.0,78.80073321711896,12.0,56.789083458002736,90.80198235721508,67.20119046564577,63.7235739546286,101.06378623863688,89.74408058473828,91.02197536858887,12.0,
12.0,12.0,12.0,12.0,12.0,12.0,12.0,12.0,12.0,12.0,12.0,12.0,92.12431214879646,12.0,12.0,12.0,90.043545021284,58.07934121994851,86.73234690702195,12.0,12.0,12.0,78.80073321711896,12.0,
12.0,12.0,12.0,12.0,12.0,12.0,12.0,12.0,12.0,12.0,12.0,12.0,104.72936550939282,56.78520934187,88.901249140636,88.46375944246253,122.53253536192837,55.80223014261069,107.15202077215136,179.57588925019974,220.24279531664345,141.35813541844556,12.0,131.01335809756193,
12.0,12.0,12.0,12.0,12.0,12.0,12.0,12.0,12.0,12.0,12.0,12.0,9.99999999E8,92.12431214879646,12.0,92.12431214879646,112.35756415222885,112.35756415222885,173.52953639078277,109.67370235227003,83.79870059984357,99.95518996030171,12.0,112.35756415222885,
12.0,12.0,12.0,12.0,12.0,12.0,12.0,12.0,12.0,12.0,12.0,12.0,209.0,96.96133249909471,112.1295679114122,86.73234690702195,12.0,12.0,12.0,170.25715843981422,63.53235396237101,205.0,12.0,57.45224103548965,
12.0,12.0,12.0,12.0,12.0,12.0,12.0,12.0,12.0,12.0,12.0,12.0,12.0,103.8471954363718,106.88105538401088,12.0,83.88945106507731,12.0,173.52953639078277,110.16805344563369,191.252596206053,209.0,12.0,188.4857790096879,
12.0,12.0,12.0,12.0,12.0,12.0,12.0,12.0,12.0,12.0,12.0,12.0,74.83463250542641,74.94145863420475,126.05966841143128,209.0,86.53034149938391,12.0,90.98527896123812,12.0,12.0,102.11377097249041,92.12431214879646,87.121881420354,
12.0,12.0,12.0,12.0,12.0,12.0,12.0,12.0,12.0,12.0,12.0,12.0,52.05609219576396,12.0,88.34874079464856,53.525463161112114,189.68790156464908,12.0,12.0,114.25340257515309,104.72936550939282,77.25697379525036,12.0,93.90548439787742,
12.0,12.0,12.0,12.0,12.0,12.0,12.0,12.0,12.0,12.0,12.0,12.0,12.0,9.99999999E8,60.52019396491572,104.72936550939282,78.80073321711896,137.89448462099162,80.18035226219007,73.35529974037323,92.12431214879646,84.15604553447126,127.19661784747555,77.81925683719858,
12.0,12.0,12.0,12.0,12.0,12.0,12.0,12.0,12.0,12.0,12.0,12.0,102.93795326419806,12.0,148.52420678125165,9.99999999E8,81.0586207630009,12.0,104.72936550939282,113.86932081215829,12.0,81.87117251443813,12.0,130.3476121760579,
12.0,12.0,12.0,12.0,12.0,12.0,12.0,12.0,12.0,12.0,12.0,12.0,12.0,101.83940939598212,89.70975420766685,55.041357363424126,104.72936550939282,131.06206661777637,87.99749996448763,85.88493594468254,168.38004632378505,68.95650803223725,12.0,12.0,
12.0,12.0,12.0,12.0,12.0,12.0,12.0,12.0,12.0,12.0,12.0,12.0,92.12431214879646,12.0,73.3092081528644,85.60373823613078,12.0,130.5045593073284,209.0,12.0,137.2074665930717,79.27067553641763,12.0,12.0,
12.0,12.0,12.0,12.0,12.0,12.0,12.0,12.0,12.0,12.0,12.0,12.0,48.79093722768149,48.84502773767129,204.40523476662725,88.1943875765346,78.80073321711896,92.12431214879646,9.99999999E8,92.12431214879646,9.99999999E8,58.656249075060664,86.53034149938391,12.0,
12.0,12.0,12.0,12.0,12.0,12.0,12.0,12.0,12.0,12.0,12.0,12.0,105.10869010074228,102.85096493302491,12.0,168.38004632378505,12.0,12.0,12.0,84.11397030220367,104.72936550939282,54.03793820485843,60.13919040211817,134.4191206636913,
12.0,12.0,12.0,12.0,12.0,12.0,12.0,12.0,12.0,12.0,12.0,12.0,133.5223659999411,220.24279531664345,12.0,9.99999999E8,54.7452281025479,12.0,168.38004632378505,12.0,12.0,168.38004632378505,12.0,139.71954416046512,
12.0,12.0,12.0,12.0,12.0,12.0,12.0,12.0,12.0,12.0,12.0,12.0,121.1344523888871,68.92669213656556,92.12431214879646,12.0,56.98732802611082,77.25697379525036,12.0,57.095436673072996,12.0,12.0,64.56693340161733,135.54519541466604,
12.0,12.0,12.0,12.0,12.0,12.0,12.0,12.0,12.0,12.0,12.0,12.0,9.99999999E8,46.817056023354105,12.0,12.0,118.55395396189873,121.671018466576,225.14044999116047,12.0,78.80073321711896,9.99999999E8,12.0,12.0,
12.0,12.0,12.0,12.0,12.0,12.0,12.0,12.0,12.0,12.0,12.0,12.0,92.12431214879646,12.0,12.0,92.12431214879646,76.55063683601855,12.0,83.02342373624981,104.69267192862907,93.80772297038709,65.33524223228243,83.10368356590592,12.0,
12.0,12.0,12.0,12.0,12.0,12.0,12.0,12.0,12.0,12.0,12.0,12.0,92.12431214879646,181.0,83.83449303372821,92.04102900559165,64.25713650511308,12.0,126.42246635784322,105.50753527592235,12.0,71.42478561395897,88.65093149155844,114.25340257515309,
12.0,12.0,12.0,12.0,12.0,12.0,12.0,12.0,12.0,12.0,12.0,12.0,66.81195053801287,49.83523874135814,9.99999999E8,83.10535482145539,9.99999999E8,89.84119322448917,90.81437110942298,179.57588925019974,114.25340257515309,12.0,12.0,65.1536645170477,
12.0,12.0,12.0,12.0,12.0,12.0,12.0,12.0,12.0,12.0,12.0,12.0,60.0842945284339,113.94015973308095,113.99342086278489,12.0,86.53034149938391,86.73234690702195,12.0,86.53034149938391,12.0,73.40963973901228,102.51124599552752,56.455379518193034,
12.0,12.0,12.0,12.0,12.0,12.0,12.0,12.0,12.0,12.0,12.0,12.0,83.77483048160839,83.10535482145539,117.53399508227398,9.99999999E8,105.10869010074228,92.12431214879646,12.0,12.0,86.16843969807043,12.0,170.25715843981422,74.55856484560802,
12.0,12.0,12.0,12.0,12.0,12.0,12.0,12.0,12.0,12.0,12.0,12.0,61.7917650032933,12.0,12.0,75.80738750280213,12.0,112.97123527695004,60.56266783005747,9.99999999E8,80.0739454173071,92.12431214879646,149.28793952924963,12.0,
12.0,12.0,12.0,12.0,12.0,12.0,12.0,12.0,12.0,12.0,12.0,12.0,52.108207665611076,104.79768869376632,12.0,68.92669213656556,64.56693340161733,204.40523476662725,79.60155879921766,93.14915690492731,48.09121990653559,12.0,148.52420678125165,9.99999999E8,
12.0,12.0,12.0,12.0,12.0,12.0,12.0,12.0,12.0,12.0,12.0,12.0,90.81760145860426,88.46375944246253,12.0,51.710733895391584,46.17960107618466,12.0,186.3712424168493,12.0,104.72936550939282,106.8243417953043,92.12431214879646,12.0,
12.0,12.0,12.0,12.0,12.0,12.0,12.0,12.0,12.0,12.0,12.0,12.0,91.78613118304432,46.867425313916655,12.0,12.0,89.98641872835897,12.0,92.12431214879646,112.45728077808036,87.35559512704381,57.55649398634354,168.38004632378505,78.80073321711896,
12.0,12.0,12.0,12.0,12.0,12.0,12.0,12.0,12.0,12.0,12.0,12.0,185.00870850374105,12.0,12.0,12.0,52.77719297921624,73.58460353600488,12.0,74.94145863420475,12.0,160.5958903583775,12.0,12.0,
12.0,12.0,12.0,12.0,12.0,12.0,12.0,12.0,12.0,12.0,12.0,12.0,79.39168722227788,108.40459194866035,12.0,83.32459213414121,92.12431214879646,103.7142227469309,63.81810088054956,62.97420106678607,12.0,168.52014716347716,120.2174696123654,12.0,
12.0,12.0,12.0,12.0,12.0,12.0,12.0,12.0,12.0,12.0,12.0,12.0,12.0,191.252596206053,12.0,93.68564457802486,12.0,97.26510165521856,110.33685794974508,12.0,86.53034149938391,92.12431214879646,12.0,51.58260784507473,
12.0,12.0,12.0,12.0,12.0,12.0,12.0,12.0,12.0,12.0,12.0,12.0,12.0,205.0,100.93483046005477,12.0,92.12431214879646,86.73234690702195,9.99999999E8,12.0,124.16426793606429,153.06371222468113,12.0,56.83308895353129,
12.0,12.0,12.0,12.0,12.0,12.0,12.0,12.0,12.0,12.0,12.0,12.0,47.02114050425604,9.99999999E8,12.0,12.0,86.53034149938391,48.293374286748694,93.98212596020585,12.0,12.0,12.0,12.0,12.0,
12.0,12.0,12.0,12.0,12.0,12.0,12.0,12.0,12.0,12.0,12.0,12.0,102.12097667742421,77.67373994177962,12.0,75.4715840565176,111.0535406409399,92.12431214879646,77.61077308444641,12.0,100.93483046005477,9.99999999E8,12.0,12.0,
12.0,12.0,12.0,12.0,12.0,12.0,12.0,12.0,12.0,12.0,12.0,12.0,179.57588925019974,12.0,89.98641872835897,52.767491538496564,81.8330006782105,12.0,12.0,12.0,102.6639610033087,12.0,12.0,96.25775582027433,
12.0,12.0,12.0,12.0,12.0,12.0,12.0,12.0,12.0,12.0,12.0,12.0,9.99999999E8,148.68839900947216,92.12431214879646,43.188540146663904,106.96027299890366,220.24279531664345,12.0,12.0,63.62934761217515,64.56693340161733,121.1344523888871,95.83057967058323,
12.0,12.0,12.0,12.0,12.0,12.0,12.0,12.0,12.0,12.0,12.0,12.0,12.0,88.79495036248707,114.25340257515309,93.72032863792145,60.398675482166,12.0,191.252596206053,86.90362478055792,103.04475834423711,9.99999999E8,84.13774420555855,46.817056023354105,
12.0,12.0,12.0,12.0,12.0,12.0,12.0,12.0,12.0,12.0,12.0,12.0,59.131679796497885,12.0,76.67698481291502,105.50753527592235,209.0,84.69290931883783,86.53034149938391,93.07545326239351,78.80073321711896,91.15832381082926,12.0,104.43294499342629,
12.0,12.0,12.0,12.0,12.0,12.0,12.0,12.0,12.0,12.0,12.0,12.0,98.56413591610738,87.44701019381243,12.0,168.38004632378505,109.51965830642258,12.0,53.380708125689004,12.0,12.0,106.96027299890366,81.8330006782105,96.04378253309949,
12.0,12.0,12.0,12.0,12.0,12.0,12.0,12.0,12.0,12.0,12.0,12.0,90.18437903662819,81.8330006782105,49.0,102.93795326419806,86.79078292076872,97.83432708183543,12.0,78.80073321711896,9.99999999E8,103.59457869354881,94.1620942842713,76.4345471629158,
12.0,12.0,12.0,12.0,12.0,12.0,12.0,12.0,12.0,12.0,12.0,12.0,68.92669213656556,168.38004632378505,99.58190375542917,92.12431214879646,91.17554272850113,12.0,92.12431214879646,12.0,12.0,93.571125650788,168.38004632378505,74.17247168293339,
12.0,12.0,12.0,12.0,12.0,12.0,12.0,12.0,12.0,12.0,12.0,12.0,9.99999999E8,12.0,112.97123527695004,9.99999999E8,181.0,12.0,69.47481558089953,12.0,143.37904665748118,12.0,67.3238442158497,12.0,
12.0,12.0,12.0,12.0,12.0,12.0,12.0,12.0,12.0,12.0,12.0,12.0,110.7815668581897,83.10836299675262,138.14565582102907,113.27241500029918,126.59162689530459,125.41531007018241,12.0,99.54005335653696,132.84483429926811,121.30178254658748,82.46114236414628,99.45771329913974,
12.0,12.0,12.0,12.0,12.0,12.0,12.0,12.0,12.0,12.0,12.0,12.0,106.96027299890366,9.99999999E8,12.0,89.98641872835897,48.84502773767129,92.12431214879646,12.0,225.14044999116047,109.17213726750776,89.89005630336551,85.44523912359828,94.31925810235994,
12.0,12.0,12.0,12.0,12.0,12.0,12.0,12.0,12.0,12.0,12.0,12.0,78.07688518377255,64.07460928913696,12.0,75.99140660331943,92.12431214879646,209.0,73.45635938905411,112.35756415222885,87.38558233484514,12.0,105.6198844915104,103.04475834423711,
12.0,12.0,12.0,12.0,12.0,12.0,12.0,12.0,12.0,12.0,12.0,12.0,67.33682450104324,12.0,45.53997023372862,64.56693340161733,92.12431214879646,77.61077308444641,65.26271693871028,12.0,86.1278120005379,93.72854421146207,12.0,139.71954416046512,
12.0,12.0,12.0,12.0,12.0,12.0,12.0,12.0,12.0,12.0,12.0,12.0,52.767491538496564,156.09772580021786,82.166083672781,85.24458927110858,12.0,159.20915663226018,112.97123527695004,92.12431214879646,55.46370184383857,205.0,97.65500499206377,112.05105978972266,
12.0,12.0,12.0,12.0,12.0,12.0,12.0,12.0,12.0,12.0,12.0,12.0,168.38004632378505,12.0,91.10570783436128,12.0,181.0,109.17213726750776,78.80073321711896,94.18200465057006,68.92669213656556,12.0,56.5795899596312,12.0,
12.0,12.0,12.0,12.0,12.0,12.0,12.0,12.0,12.0,12.0,12.0,12.0,85.0338756026091,12.0,143.37904665748118,12.0,12.0,98.52545511756061,106.65488880554163,168.38004632378505,12.0,64.07460928913696,9.99999999E8,120.36403117210723,
=======
103.2289795659253,132.34309153692544,53.99556149496942,71.12664760833313,106.54365781410061,93.82114987179227,174.78145083376427,89.63955600068532,71.42478561395897,99.33410947968704,163.44124326497274,89.24964985925715,126.36751956100112,76.8,81.5557407113393,104.85532890606943,114.23003107764613,106.42157215719078,82.71772616689982,110.11553976966843,109.05910731749499,107.52863880504258,41.532873628449245,127.81823031164217,
41.532873628449245,53.99556149496942,71.12664760833313,71.42478561395897,76.8,81.5557407113393,82.71772616689982,89.24964985925715,89.63955600068532,93.82114987179227,99.33410947968704,103.2289795659253,168.52014716347716,109.3551807440121,75.63570585378311,89.34763567101258,61.92917101190862,158.48308707521093,198.9745935763883,146.02136829930063,144.25151645650038,79.9899401959045,109.3551807440121,81.02197232849865,
41.532873628449245,53.99556149496942,61.92917101190862,71.12664760833313,71.42478561395897,75.63570585378311,76.8,79.9899401959045,81.02197232849865,81.5557407113393,82.71772616689982,89.24964985925715,12.0,111.0709232877804,71.41953514270448,83.08417172865559,70.81779437401309,84.64632301523794,82.03906486098745,66.20800555824046,162.5713381872709,84.14855668302775,71.42478561395897,48.298654225557875,
12.0,41.532873628449245,48.298654225557875,53.99556149496942,61.92917101190862,66.20800555824046,70.81779437401309,71.12664760833313,71.41953514270448,71.42478561395897,71.42478561395897,75.63570585378311,56.24446639448187,167.80126729593687,69.67774145536713,115.83540046117163,110.68156198421356,70.14667173541133,102.51124599552752,50.946550623257735,119.21199604066697,12.0,69.53815898882826,121.1344523888871,
12.0,12.0,41.532873628449245,48.298654225557875,50.946550623257735,53.99556149496942,56.24446639448187,61.92917101190862,66.20800555824046,69.53815898882826,69.67774145536713,70.14667173541133,76.24230380103221,93.13013595084152,76.57885470320329,39.642792792740565,78.43185293970528,53.99556149496942,152.61243578278788,109.68974427903458,64.8247637866888,86.79078292076872,141.14846399762519,67.13410202215404,
12.0,12.0,39.642792792740565,41.532873628449245,48.298654225557875,50.946550623257735,53.99556149496942,53.99556149496942,56.24446639448187,61.92917101190862,64.8247637866888,66.20800555824046,48.298654225557875,148.95046156356818,92.03947688966105,50.94094219620142,63.36844640670939,47.5,105.50753527592235,49.09049340972116,61.85905923853468,97.56086535583616,53.99556149496942,72.02845802481197,
12.0,12.0,39.642792792740565,41.532873628449245,47.5,48.298654225557875,48.298654225557875,49.09049340972116,50.94094219620142,50.946550623257735,53.99556149496942,53.99556149496942,62.81719509815764,86.79078292076872,62.9593245136086,72.21283734593884,43.721287954589855,174.3546832051137,154.5667780892417,129.9596091099077,121.47839314050874,113.4153428774079,113.27241500029918,44.77460700105324,
12.0,12.0,39.642792792740565,41.532873628449245,43.721287954589855,44.77460700105324,47.5,48.298654225557875,48.298654225557875,49.09049340972116,50.94094219620142,50.946550623257735,47.58721687466649,48.298654225557875,44.77460700105324,152.89702416986407,76.63536776082394,78.2494702335852,41.532873628449245,12.0,116.57855720500233,155.7494426599623,12.0,47.50526286633934,
12.0,12.0,12.0,12.0,39.642792792740565,41.532873628449245,41.532873628449245,43.721287954589855,44.77460700105324,44.77460700105324,47.5,47.50526286633934,45.754781170933384,60.28681447878964,89.42907804511908,104.49802263532969,82.3796586741248,41.532873628449245,62.34335471845432,84.25259639916149,135.8095725639397,44.77460700105324,78.37020408860047,55.03876185128485,
12.0,12.0,12.0,12.0,39.642792792740565,41.532873628449245,41.532873628449245,41.532873628449245,43.721287954589855,44.77460700105324,44.77460700105324,44.77460700105324,61.2553852507861,140.19183285769537,164.1527412167692,51.93505559831432,72.99238925318782,112.26504353537659,12.0,41.532873628449245,44.77460700105324,85.52907238022766,59.15140648276158,44.77460700105324,
12.0,12.0,12.0,12.0,12.0,39.642792792740565,41.532873628449245,41.532873628449245,41.532873628449245,41.532873628449245,43.721287954589855,44.77460700105324,46.655052004590246,133.5223659999411,12.0,56.36093998112129,85.52907238022766,99.9160141145713,12.0,9.99999999E8,120.15090511519253,107.93573295706844,92.56762626371471,41.532873628449245,
12.0,12.0,12.0,12.0,12.0,12.0,12.0,39.642792792740565,41.532873628449245,41.532873628449245,41.532873628449245,41.532873628449245,70.0559776179021,12.0,90.01789945462082,109.23928882147771,181.0,85.52907238022766,92.12431214879646,143.36491900043052,209.0,65.08111108768937,84.25259639916149,93.48559009577656,
12.0,12.0,12.0,12.0,12.0,12.0,12.0,12.0,39.642792792740565,41.532873628449245,41.532873628449245,41.532873628449245,104.85532890606943,145.40134463067446,54.22074223845418,104.72936550939282,85.17335264036517,12.0,12.0,39.642792792740565,39.642792792740565,112.1295679114122,12.0,98.56413591610738,
12.0,12.0,12.0,12.0,12.0,12.0,12.0,12.0,12.0,12.0,12.0,39.642792792740565,12.0,12.0,112.1295679114122,111.50455284930051,12.0,78.80073321711896,124.80662593608972,112.1295679114122,9.99999999E8,78.65466010069305,12.0,91.78537767834023,
12.0,12.0,12.0,12.0,12.0,12.0,12.0,12.0,12.0,12.0,12.0,12.0,181.0,12.0,12.0,109.23928882147771,138.71784312048686,168.38004632378505,9.99999999E8,12.0,86.53034149938391,57.09727458847838,102.51124599552752,12.0,
12.0,12.0,12.0,12.0,12.0,12.0,12.0,12.0,12.0,12.0,12.0,12.0,84.25259639916149,12.0,204.544616159898,12.0,48.73931330206679,121.73126139164088,81.5059643352695,47.35240226218729,12.0,94.18200465057006,112.45728077808036,121.53691711666141,
12.0,12.0,12.0,12.0,12.0,12.0,12.0,12.0,12.0,12.0,12.0,12.0,91.2194035928581,77.74155902733106,119.1270330361669,12.0,61.2553852507861,85.17335264036517,12.0,130.7831793465811,60.0842945284339,82.83447965918639,89.91810332809767,93.13013595084152,
12.0,12.0,12.0,12.0,12.0,12.0,12.0,12.0,12.0,12.0,12.0,12.0,124.5050199791157,12.0,181.0,146.07361157991542,12.0,205.0,112.05105978972266,63.52431694221675,156.09772580021786,112.97123527695004,94.05838395292966,84.25259639916149,
12.0,12.0,12.0,12.0,12.0,12.0,12.0,12.0,12.0,12.0,12.0,12.0,113.27241500029918,9.99999999E8,114.61396075522389,179.57588925019974,9.99999999E8,175.26505641456316,9.99999999E8,83.2631971521632,9.99999999E8,58.89957555025333,131.77951282350378,67.08493786900968,
12.0,12.0,12.0,12.0,12.0,12.0,12.0,12.0,12.0,12.0,12.0,12.0,101.49137894422363,148.48706395934062,86.53034149938391,47.66187492102733,12.0,86.53034149938391,98.43017829913751,181.0,12.0,83.35999573469813,60.468240947337854,12.0,
12.0,12.0,12.0,12.0,12.0,12.0,12.0,12.0,12.0,12.0,12.0,12.0,12.0,205.0,12.0,99.49217998190119,127.00803124212266,181.0,89.91810332809767,92.12431214879646,68.41702192355999,90.62141027373167,9.99999999E8,61.30660649554826,
12.0,12.0,12.0,12.0,12.0,12.0,12.0,12.0,12.0,12.0,12.0,12.0,9.99999999E8,225.14044999116047,12.0,136.19358970799993,75.54615954648007,12.0,100.06917607335437,12.0,98.52545511756061,9.99999999E8,97.65500499206377,12.0,
12.0,12.0,12.0,12.0,12.0,12.0,12.0,12.0,12.0,12.0,12.0,12.0,12.0,121.06150870069682,92.12431214879646,79.0125280688875,74.0645058068179,153.06371222468113,65.55150646628954,127.8133013422312,71.42478561395897,9.99999999E8,9.99999999E8,49.13134324327892,
12.0,12.0,12.0,12.0,12.0,12.0,12.0,12.0,12.0,12.0,12.0,12.0,124.59356145305244,77.36278174936577,68.79599471545482,205.0,12.0,93.32650606710763,12.0,87.97363241335441,88.64818103040807,12.0,71.69030617872963,205.0,
12.0,12.0,12.0,12.0,12.0,12.0,12.0,12.0,12.0,12.0,12.0,12.0,12.0,12.0,64.87649805592162,105.10869010074228,83.83048980179088,209.0,84.25259639916149,91.9304621795366,131.77951282350378,103.14310447140905,48.121246045667334,120.86173918986935,
12.0,12.0,12.0,12.0,12.0,12.0,12.0,12.0,12.0,12.0,12.0,12.0,12.0,12.0,12.0,65.08111108768937,112.1295679114122,12.0,118.18629362155326,76.41662122863062,77.10706841788242,12.0,64.61037068458901,87.30804016555989,
12.0,12.0,12.0,12.0,12.0,12.0,12.0,12.0,12.0,12.0,12.0,12.0,99.21301437927498,164.44215463871245,12.0,88.8362344047173,88.56635930193812,12.0,73.65025458204472,88.26027726678564,83.82057557001676,12.0,9.99999999E8,60.29833238895491,
12.0,12.0,12.0,12.0,12.0,12.0,12.0,12.0,12.0,12.0,12.0,12.0,148.52420678125165,73.97803728134453,113.99342086278489,58.63550502024854,209.0,76.41662122863062,85.82112389221227,157.26163620610788,140.8494073667176,111.87741307143081,171.69304004530878,74.5426828753026,
12.0,12.0,12.0,12.0,12.0,12.0,12.0,12.0,12.0,12.0,12.0,12.0,9.99999999E8,9.99999999E8,93.13013595084152,133.5223659999411,12.0,59.867540862971744,60.29833238895491,12.0,144.06470768373495,103.14310447140905,105.289300190921,12.0,
12.0,12.0,12.0,12.0,12.0,12.0,12.0,12.0,12.0,12.0,12.0,12.0,79.27067553641763,12.0,98.5689440680678,78.20326080158038,12.0,12.0,85.80281142817869,209.0,83.33666660000267,9.99999999E8,9.99999999E8,133.5223659999411,
12.0,12.0,12.0,12.0,12.0,12.0,12.0,12.0,12.0,12.0,12.0,12.0,209.0,159.79639823503183,64.56693340161733,54.429249580317965,12.0,12.0,133.5223659999411,209.0,178.4382868731434,12.0,181.0,12.0,
12.0,12.0,12.0,12.0,12.0,12.0,12.0,12.0,12.0,12.0,12.0,12.0,209.0,109.05910731749499,79.27067553641763,89.45138914744793,56.506527537276504,12.0,117.06852694042067,12.0,84.25259639916149,92.12431214879646,12.0,70.8201948599409,
12.0,12.0,12.0,12.0,12.0,12.0,12.0,12.0,12.0,12.0,12.0,12.0,188.4857790096879,12.0,82.6162211675165,44.51140647207689,105.06518870468477,77.25697379525036,133.5223659999411,9.99999999E8,12.0,130.24310080047408,12.0,12.0,
12.0,12.0,12.0,12.0,12.0,12.0,12.0,12.0,12.0,12.0,12.0,12.0,79.27067553641763,66.81195053801287,139.71954416046512,94.81678238699214,101.81955716964312,130.24310080047408,79.9108878689256,12.0,121.1344523888871,12.0,92.12431214879646,79.34033582541034,
12.0,12.0,12.0,12.0,12.0,12.0,12.0,12.0,12.0,12.0,12.0,12.0,91.27672211467718,186.3712424168493,49.2817803813034,12.0,12.0,88.72554436137443,87.85609755475724,12.0,12.0,12.0,86.33365508305553,168.38004632378505,
12.0,12.0,12.0,12.0,12.0,12.0,12.0,12.0,12.0,12.0,12.0,12.0,12.0,12.0,109.3551807440121,94.81678238699214,93.78432704881983,12.0,86.53034149938391,104.72936550939282,92.12431214879646,96.24043964063249,12.0,97.50128204285316,
12.0,12.0,12.0,12.0,12.0,12.0,12.0,12.0,12.0,12.0,12.0,12.0,12.0,12.0,112.04265060929055,85.04410620378111,156.1980793735954,115.11837385925845,87.48130995725164,12.0,98.56413591610738,102.04165815979276,209.0,89.27423418259544,
12.0,12.0,12.0,12.0,12.0,12.0,12.0,12.0,12.0,12.0,12.0,12.0,12.0,12.0,12.0,92.69986680746877,188.64840901057772,9.99999999E8,209.0,90.04669990213581,12.0,91.44883208050769,12.0,12.0,
12.0,12.0,12.0,12.0,12.0,12.0,12.0,12.0,12.0,12.0,12.0,12.0,132.52712929811767,12.0,168.38004632378505,98.8849836931776,94.78923989567592,98.56413591610738,140.8494073667176,94.18200465057006,12.0,116.74861883551343,122.2261110492444,12.0,
12.0,12.0,12.0,12.0,12.0,12.0,12.0,12.0,12.0,12.0,12.0,12.0,89.92763530659936,101.55707754755451,80.66907709897269,12.0,12.0,12.0,104.85532890606943,57.95903725908497,81.20492595895892,156.81677206217452,81.40945890988344,73.42721263643034,
12.0,12.0,12.0,12.0,12.0,12.0,12.0,12.0,12.0,12.0,12.0,12.0,12.0,158.35578788145244,12.0,95.53373162161637,72.35022844162661,112.35756415222885,77.19132075563937,12.0,162.93876150259644,204.40523476662725,84.61218719677576,78.99050575860367,
12.0,12.0,12.0,12.0,12.0,12.0,12.0,12.0,12.0,12.0,12.0,12.0,12.0,89.27423418259544,50.34131438375738,84.34116491230976,90.04669990213581,84.91075747332536,109.23928882147771,154.3000324044036,209.0,83.10836299675262,12.0,92.91985129902059,
12.0,12.0,12.0,12.0,12.0,12.0,12.0,12.0,12.0,12.0,12.0,12.0,167.47686407381767,12.0,168.38004632378505,86.68074192349857,209.0,87.85609755475724,80.74196744025036,83.76753547765387,47.60485502784587,12.0,133.5223659999411,92.12431214879646,
12.0,12.0,12.0,12.0,12.0,12.0,12.0,12.0,12.0,12.0,12.0,12.0,12.0,78.80073321711896,77.40800992145451,106.48062006289967,78.80073321711896,12.0,12.0,83.76753547765387,209.0,181.0,52.576135270672,68.92669213656556,
12.0,12.0,12.0,12.0,12.0,12.0,12.0,12.0,12.0,12.0,12.0,12.0,85.88269170615158,92.12431214879646,99.49217998190119,12.0,74.5259850587672,9.99999999E8,206.0458417170531,83.55537086268004,94.94501332642783,9.99999999E8,78.64953909591587,130.5045593073284,
12.0,12.0,12.0,12.0,12.0,12.0,12.0,12.0,12.0,12.0,12.0,12.0,191.252596206053,84.25259639916149,83.10836299675262,112.97123527695004,92.12431214879646,12.0,53.57760726273618,205.0,63.93399374007192,12.0,112.35756415222885,103.14310447140905,
12.0,12.0,12.0,12.0,12.0,12.0,12.0,12.0,12.0,12.0,12.0,12.0,209.0,12.0,87.35559512704381,92.12431214879646,95.26720317087093,99.93630624614084,57.6183698416562,12.0,94.77810342525792,12.0,12.0,90.80198235721508,
12.0,12.0,12.0,12.0,12.0,12.0,12.0,12.0,12.0,12.0,12.0,12.0,85.46415885609355,12.0,105.50753527592235,135.3074231719461,12.0,168.38004632378505,12.0,81.46634539549915,96.99547643565441,99.64185867395288,89.27423418259544,216.05760548726096,
12.0,12.0,12.0,12.0,12.0,12.0,12.0,12.0,12.0,12.0,12.0,12.0,12.0,84.37677405542357,209.0,12.0,12.0,188.64840901057772,9.99999999E8,9.99999999E8,90.92029476415043,12.0,92.12431214879646,104.72936550939282,
12.0,12.0,12.0,12.0,12.0,12.0,12.0,12.0,12.0,12.0,12.0,12.0,132.89093272304171,12.0,168.38004632378505,115.98698026863505,12.0,9.99999999E8,9.99999999E8,156.1980793735954,90.81437110942298,93.72854421146207,88.93677529571218,76.41662122863062,
12.0,12.0,12.0,12.0,12.0,12.0,12.0,12.0,12.0,12.0,12.0,12.0,132.89093272304171,83.10535482145539,44.64786779640694,92.34164603166187,92.12431214879646,12.0,92.12431214879646,68.92669213656556,104.72936550939282,156.1980793735954,59.15599799483931,83.52171300452282,
12.0,12.0,12.0,12.0,12.0,12.0,12.0,12.0,12.0,12.0,12.0,12.0,85.53946457629952,80.4441750913169,89.98641872835897,84.25259639916149,78.80073321711896,90.04669990213581,12.0,105.74917914049684,12.0,9.99999999E8,103.2289795659253,209.0,
12.0,12.0,12.0,12.0,12.0,12.0,12.0,12.0,12.0,12.0,12.0,12.0,78.80073321711896,84.25259639916149,12.0,84.56062913673242,9.99999999E8,78.80073321711896,204.40523476662725,94.1620942842713,126.85551224781018,109.61313789870263,86.53034149938391,97.23084250737458,
12.0,12.0,12.0,12.0,12.0,12.0,12.0,12.0,12.0,12.0,12.0,12.0,122.71853975663171,12.0,81.65507345173455,12.0,12.0,86.53034149938391,12.0,68.92669213656556,87.54284665236788,12.0,12.0,12.0,
12.0,12.0,12.0,12.0,12.0,12.0,12.0,12.0,12.0,12.0,12.0,12.0,90.82400563727631,59.335435260483436,84.25259639916149,125.09452426065658,12.0,86.53034149938391,12.0,92.12431214879646,71.42478561395897,12.0,95.07497041808638,12.0,
12.0,12.0,12.0,12.0,12.0,12.0,12.0,12.0,12.0,12.0,12.0,12.0,54.7452281025479,9.99999999E8,92.12431214879646,88.46375944246253,12.0,9.99999999E8,99.83476144027557,87.53221629142547,104.43294499342629,171.69304004530878,132.34309153692544,12.0,
12.0,12.0,12.0,12.0,12.0,12.0,12.0,12.0,12.0,12.0,12.0,12.0,209.0,12.0,9.99999999E8,104.85532890606943,81.87117251443813,100.75435474459651,81.8330006782105,104.63766052430644,12.0,209.0,9.99999999E8,92.12431214879646,
12.0,12.0,12.0,12.0,12.0,12.0,12.0,12.0,12.0,12.0,12.0,12.0,12.0,84.85187092810624,148.36194022094227,99.15273725985809,168.38004632378505,83.82057557001676,9.99999999E8,177.16726559948935,12.0,184.83566274456405,12.0,102.93795326419806,
12.0,12.0,12.0,12.0,12.0,12.0,12.0,12.0,12.0,12.0,12.0,12.0,83.67190480872888,12.0,73.93578294709538,12.0,81.20492595895892,61.2553852507861,96.07028676963549,56.06638921849703,12.0,110.57677071710054,88.7707158921229,12.0,
12.0,12.0,12.0,12.0,12.0,12.0,12.0,12.0,12.0,12.0,12.0,12.0,136.5591745847393,12.0,12.0,156.1980793735954,91.44883208050769,12.0,12.0,156.1980793735954,84.85187092810624,76.4345471629158,84.25259639916149,12.0,
12.0,12.0,12.0,12.0,12.0,12.0,12.0,12.0,12.0,12.0,12.0,12.0,84.59445739658257,109.3551807440121,12.0,9.99999999E8,109.68974427903458,104.72936550939282,9.99999999E8,93.48559009577656,109.3551807440121,82.87533401232433,103.14310447140905,120.36403117210723,
12.0,12.0,12.0,12.0,12.0,12.0,12.0,12.0,12.0,12.0,12.0,12.0,209.0,98.27766785999758,61.66135296098839,54.38432054358733,12.0,12.0,71.08431326134294,209.0,9.99999999E8,93.13013595084152,220.24279531664345,85.95670744948039,
12.0,12.0,12.0,12.0,12.0,12.0,12.0,12.0,12.0,12.0,12.0,12.0,64.61037068458901,181.0,104.72936550939282,142.76991980105612,12.0,12.0,12.0,114.25340257515309,92.12431214879646,188.4857790096879,86.73234690702195,12.0,
12.0,12.0,12.0,12.0,12.0,12.0,12.0,12.0,12.0,12.0,12.0,12.0,12.0,181.0,12.0,12.0,156.1980793735954,140.60306619068527,12.0,181.0,9.99999999E8,97.31602213030138,94.7939285444426,74.94145863420475,
12.0,12.0,12.0,12.0,12.0,12.0,12.0,12.0,12.0,12.0,12.0,12.0,110.7815668581897,138.77399692385538,83.38857428321732,12.0,12.0,9.99999999E8,9.99999999E8,97.56672232950355,180.80790911904268,64.56693340161733,77.22849215153693,101.11874208078342,
12.0,12.0,12.0,12.0,12.0,12.0,12.0,12.0,12.0,12.0,12.0,12.0,84.69881279503798,104.79768869376632,76.34198560053373,12.0,93.07545326239351,12.0,75.7429864739964,93.13013595084152,133.5223659999411,55.054406311584074,103.14310447140905,155.39961389913427,
12.0,12.0,12.0,12.0,12.0,12.0,12.0,12.0,12.0,12.0,12.0,12.0,92.12431214879646,55.19686474385136,78.80073321711896,139.71954416046512,56.69215113223346,82.6162211675165,101.49137894422363,225.14044999116047,9.99999999E8,103.14310447140905,83.01421565009213,114.25340257515309,
12.0,12.0,12.0,12.0,12.0,12.0,12.0,12.0,12.0,12.0,12.0,12.0,79.38023823485429,9.99999999E8,209.0,12.0,12.0,9.99999999E8,149.28793952924963,92.01358595337973,12.0,95.46319826101693,12.0,12.0,
12.0,12.0,12.0,12.0,12.0,12.0,12.0,12.0,12.0,12.0,12.0,12.0,109.19656079240266,83.10535482145539,12.0,151.57469739006208,81.12473249399484,86.53034149938391,144.55255099789835,109.23928882147771,12.0,12.0,147.57709849431245,83.83449303372821,
12.0,12.0,12.0,12.0,12.0,12.0,12.0,12.0,12.0,12.0,12.0,12.0,12.0,53.8793057846585,108.40459194866035,50.17967716117751,12.0,12.0,12.0,103.14310447140905,102.93795326419806,147.9954053340846,181.0,78.80073321711896,
12.0,12.0,12.0,12.0,12.0,12.0,12.0,12.0,12.0,12.0,12.0,12.0,115.99377377926609,12.0,154.1975644713265,60.70881319874405,9.99999999E8,133.06864884758713,9.99999999E8,205.0,85.18404186028226,12.0,64.28831662379245,181.0,
12.0,12.0,12.0,12.0,12.0,12.0,12.0,12.0,12.0,12.0,12.0,12.0,70.89605066574583,71.75130660831202,97.26510165521856,90.82400563727631,104.63766052430644,9.99999999E8,78.80073321711896,12.0,81.38932498935117,9.99999999E8,68.92669213656556,101.72236725519122,
12.0,12.0,12.0,12.0,12.0,12.0,12.0,12.0,12.0,12.0,12.0,12.0,181.0,112.1295679114122,81.83859453555856,12.0,12.0,209.0,9.99999999E8,9.99999999E8,92.12431214879646,9.99999999E8,78.53921417524691,181.0,
12.0,12.0,12.0,12.0,12.0,12.0,12.0,12.0,12.0,12.0,12.0,12.0,9.99999999E8,12.0,12.0,56.824290580701486,12.0,93.55865658624126,9.99999999E8,85.81981123260526,136.36864802169634,85.95670744948039,88.28109095615076,12.0,
12.0,12.0,12.0,12.0,12.0,12.0,12.0,12.0,12.0,12.0,12.0,12.0,12.0,9.99999999E8,120.86620702247589,9.99999999E8,147.93593207872115,92.88922522696218,84.25259639916149,12.0,167.04083333125467,12.0,87.77835724140661,83.22593078815974,
12.0,12.0,12.0,12.0,12.0,12.0,12.0,12.0,12.0,12.0,12.0,12.0,12.0,121.1344523888871,12.0,12.0,12.0,122.42646772655004,9.99999999E8,76.8,109.66661037936188,9.99999999E8,209.0,79.55488414822018,
12.0,12.0,12.0,12.0,12.0,12.0,12.0,12.0,12.0,12.0,12.0,12.0,12.0,92.12431214879646,12.0,12.0,12.0,74.87785972870098,12.0,102.89908756749121,12.0,115.67471633853268,12.0,12.0,
12.0,12.0,12.0,12.0,12.0,12.0,12.0,12.0,12.0,12.0,12.0,12.0,12.0,12.0,121.47839314050874,209.0,83.52171300452282,179.57588925019974,77.22849215153693,88.5044631642947,156.1980793735954,12.0,90.18437903662819,103.67858988238604,
12.0,12.0,12.0,12.0,12.0,12.0,12.0,12.0,12.0,12.0,12.0,12.0,103.14310447140905,124.39051410778879,78.2815431631237,101.01603833055422,12.0,112.97123527695004,69.07394499044635,12.0,90.16959329815987,12.0,12.0,12.0,
12.0,12.0,12.0,12.0,12.0,12.0,12.0,12.0,12.0,12.0,12.0,12.0,87.38563955250314,102.93795326419806,92.12431214879646,84.74595296065694,12.0,12.0,9.99999999E8,12.0,12.0,93.57720810940567,97.26510165521856,12.0,
12.0,12.0,12.0,12.0,12.0,12.0,12.0,12.0,12.0,12.0,12.0,12.0,12.0,12.0,12.0,12.0,12.0,12.0,91.18601257259192,83.46582060865718,12.0,86.53034149938391,102.51124599552752,12.0,
12.0,12.0,12.0,12.0,12.0,12.0,12.0,12.0,12.0,12.0,12.0,12.0,12.0,112.45728077808036,12.0,122.71853975663171,86.53034149938391,78.45372938440204,9.99999999E8,12.0,181.0,181.0,83.78602965549865,12.0,
12.0,12.0,12.0,12.0,12.0,12.0,12.0,12.0,12.0,12.0,12.0,12.0,12.0,12.0,75.2079783001777,12.0,71.42478561395897,63.769114781373595,12.0,91.4870968437019,85.53946457629952,100.87863995911127,12.0,58.37892398316449,
12.0,12.0,12.0,12.0,12.0,12.0,12.0,12.0,12.0,12.0,12.0,12.0,112.1295679114122,93.78432704881983,57.504347661720324,83.54033549322739,102.73861115579781,9.99999999E8,92.12431214879646,51.12973694436536,12.0,12.0,85.93077891787144,120.39610551102649,
12.0,12.0,12.0,12.0,12.0,12.0,12.0,12.0,12.0,12.0,12.0,12.0,12.0,9.99999999E8,81.5833316309159,12.0,92.12431214879646,148.52420678125165,189.62990270524318,111.54321534225598,87.72257406164049,12.0,56.667892143611624,92.39318156660696,
12.0,12.0,12.0,12.0,12.0,12.0,12.0,12.0,12.0,12.0,12.0,12.0,45.19911503558449,175.202283090147,209.0,83.83449303372821,93.13013595084152,12.0,48.87134296564098,85.86035173466273,81.04042830839533,48.64935765249116,181.31801405878628,93.8884444433925,
12.0,12.0,12.0,12.0,12.0,12.0,12.0,12.0,12.0,12.0,12.0,12.0,150.3001079473318,89.98641872835897,83.10535482145539,209.0,12.0,12.0,12.0,83.10535482145539,197.63602910400724,68.92669213656556,126.85813988199963,91.87324897678879,
12.0,12.0,12.0,12.0,12.0,12.0,12.0,12.0,12.0,12.0,12.0,12.0,209.0,12.0,121.97803080883048,78.80073321711896,52.38549417539173,114.25340257515309,12.0,156.1980793735954,12.0,12.0,71.42478561395897,83.55537086268004,
12.0,12.0,12.0,12.0,12.0,12.0,12.0,12.0,12.0,12.0,12.0,12.0,114.25340257515309,68.03666404462366,71.42478561395897,12.0,12.0,83.83449303372821,61.950276308454654,195.37205532009946,78.80073321711896,92.12431214879646,109.17213726750776,181.0,
12.0,12.0,12.0,12.0,12.0,12.0,12.0,12.0,12.0,12.0,12.0,12.0,12.0,12.0,83.42221110784854,93.13013595084152,152.62117226067366,102.93795326419806,12.0,91.65997501858793,83.83449303372821,12.0,12.0,12.0,
12.0,12.0,12.0,12.0,12.0,12.0,12.0,12.0,12.0,12.0,12.0,12.0,118.95890980595873,12.0,12.0,90.43771111564432,12.0,63.85138996137829,92.12431214879646,220.24279531664345,61.040642198456595,12.0,107.59285395518712,12.0,
12.0,12.0,12.0,12.0,12.0,12.0,12.0,12.0,12.0,12.0,12.0,12.0,99.49217998190119,133.86499443354816,64.21837743200929,88.46375944246253,74.94145863420475,114.25340257515309,115.16128884733618,88.78188003315893,12.0,83.83449303372821,155.0705932434931,87.8353004207306,
12.0,12.0,12.0,12.0,12.0,12.0,12.0,12.0,12.0,12.0,12.0,12.0,48.87134296564098,120.39610551102649,133.5223659999411,61.20538183388858,12.0,12.0,97.26510165521856,12.0,209.0,86.53034149938391,99.16596638408204,112.97123527695004,
12.0,12.0,12.0,12.0,12.0,12.0,12.0,12.0,12.0,12.0,12.0,12.0,12.0,181.0,12.0,60.83567696538549,186.3712424168493,75.7413361382013,81.53674018502335,69.15923654870693,96.48834126463156,89.98641872835897,105.74917914049684,12.0,
12.0,12.0,12.0,12.0,12.0,12.0,12.0,12.0,12.0,12.0,12.0,12.0,103.14310447140905,89.5837596889079,158.35578788145244,12.0,109.77350419032008,12.0,12.0,56.531053413146296,97.50128204285316,102.73861115579781,133.5223659999411,12.0,
12.0,12.0,12.0,12.0,12.0,12.0,12.0,12.0,12.0,12.0,12.0,12.0,92.12431214879646,97.50128204285316,92.12431214879646,54.7452281025479,132.89093272304171,12.0,92.12431214879646,181.0,9.99999999E8,109.17213726750776,12.0,110.7815668581897,
12.0,12.0,12.0,12.0,12.0,12.0,12.0,12.0,12.0,12.0,12.0,12.0,48.84502773767129,96.38579886177332,12.0,12.0,12.0,179.57588925019974,181.0,12.0,12.0,12.0,12.0,12.0,
12.0,12.0,12.0,12.0,12.0,12.0,12.0,12.0,12.0,12.0,12.0,12.0,85.07855193878184,119.52815397150889,12.0,78.80073321711896,74.94145863420475,103.36612382959689,12.0,179.57588925019974,84.4209031513457,63.60196440789553,9.99999999E8,63.14269553954757,
12.0,12.0,12.0,12.0,12.0,12.0,12.0,12.0,12.0,12.0,12.0,12.0,112.35756415222885,78.80073321711896,181.0,80.11588828413223,9.99999999E8,52.28660334052012,9.99999999E8,92.12431214879646,9.99999999E8,9.99999999E8,9.99999999E8,103.40454535464096,
12.0,12.0,12.0,12.0,12.0,12.0,12.0,12.0,12.0,12.0,12.0,12.0,156.1980793735954,92.12431214879646,48.32458283443789,54.664796715985325,12.0,12.0,92.12431214879646,12.0,103.28547278726515,186.9166659236142,162.93876150259644,12.0,
12.0,12.0,12.0,12.0,12.0,12.0,12.0,12.0,12.0,12.0,12.0,12.0,104.72936550939282,83.10535482145539,84.74726405868273,169.7943534072308,77.1489468495844,89.98641872835897,12.0,141.3884502975792,118.55395396189873,92.12431214879646,114.25340257515309,12.0,
12.0,12.0,12.0,12.0,12.0,12.0,12.0,12.0,12.0,12.0,12.0,12.0,12.0,181.0,56.123870936428546,12.0,104.72936550939282,66.02473253351693,51.232314021523564,12.0,112.35756415222885,78.80073321711896,205.0,12.0,
12.0,12.0,12.0,12.0,12.0,12.0,12.0,12.0,12.0,12.0,12.0,12.0,12.0,12.0,98.56413591610738,12.0,12.0,112.35756415222885,167.47686407381767,74.94145863420475,114.25340257515309,85.8868046318906,114.25340257515309,92.12431214879646,
12.0,12.0,12.0,12.0,12.0,12.0,12.0,12.0,12.0,12.0,12.0,12.0,9.99999999E8,46.426716446460006,89.98641872835897,56.073612332361826,12.0,94.1620942842713,77.25697379525036,9.99999999E8,68.89565712182396,95.63414081220623,9.99999999E8,12.0,
12.0,12.0,12.0,12.0,12.0,12.0,12.0,12.0,12.0,12.0,12.0,12.0,162.1026381837213,12.0,84.1555702256244,52.43329095145564,83.25713182664894,71.42478561395897,80.83865961833416,94.18200465057006,104.72936550939282,86.53034149938391,12.0,12.0,
12.0,12.0,12.0,12.0,12.0,12.0,12.0,12.0,12.0,12.0,12.0,12.0,103.43616388865163,64.80933574725172,92.77331991951614,9.99999999E8,9.99999999E8,12.0,56.26277632680421,12.0,12.0,102.93795326419806,63.12289600454022,77.25697379525036,
12.0,12.0,12.0,12.0,12.0,12.0,12.0,12.0,12.0,12.0,12.0,12.0,188.64840901057772,83.83449303372821,12.0,92.12431214879646,78.52865718958907,108.40459194866035,88.99016799624552,9.99999999E8,9.99999999E8,95.22818996108929,168.38004632378505,56.89366299412342,
12.0,12.0,12.0,12.0,12.0,12.0,12.0,12.0,12.0,12.0,12.0,12.0,99.87512202745987,80.5681216252571,127.64403628842203,64.6317670044882,12.0,81.52725849402162,93.13013595084152,84.25259639916149,76.00657866263946,181.0,51.48762187760831,191.252596206053,
12.0,12.0,12.0,12.0,12.0,12.0,12.0,12.0,12.0,12.0,12.0,12.0,91.70204635733299,12.0,62.71347217174899,12.0,12.0,93.95445705233999,49.16258740139701,85.04410620378111,167.0,94.18200465057006,59.98240482748994,125.09452426065658,
12.0,12.0,12.0,12.0,12.0,12.0,12.0,12.0,12.0,12.0,12.0,12.0,61.467245116584024,62.757813934812475,74.94145863420475,12.0,86.67414933684267,96.50647646660819,54.30981085913995,84.25259639916149,113.57376457615553,77.25697379525036,81.87117251443813,120.36403117210723,
12.0,12.0,12.0,12.0,12.0,12.0,12.0,12.0,12.0,12.0,12.0,12.0,12.0,152.40570855450264,209.0,78.18337419170396,93.41648676759365,52.28660334052012,12.0,46.288659518288064,84.0608245392717,92.12431214879646,12.0,12.0,
12.0,12.0,12.0,12.0,12.0,12.0,12.0,12.0,12.0,12.0,12.0,12.0,12.0,146.07361157991542,105.50753527592235,179.57588925019974,42.03834228680077,79.8733372283893,105.8189695706193,12.0,78.80073321711896,54.61266528815951,132.89093272304171,12.0,
12.0,12.0,12.0,12.0,12.0,12.0,12.0,12.0,12.0,12.0,12.0,12.0,86.73234690702195,92.12431214879646,82.46114236414628,12.0,81.52725849402162,61.13317680378183,12.0,12.0,147.49425600868517,121.5451447908234,100.93483046005477,92.22730909665465,
12.0,12.0,12.0,12.0,12.0,12.0,12.0,12.0,12.0,12.0,12.0,12.0,12.0,92.12431214879646,12.0,12.0,68.92669213656556,12.0,12.0,9.99999999E8,117.53399508227398,84.64632301523794,12.0,63.93399374007192,
12.0,12.0,12.0,12.0,12.0,12.0,12.0,12.0,12.0,12.0,12.0,12.0,61.25266434114428,12.0,54.03793820485843,162.93876150259644,85.76064883668319,78.40556165710078,95.22721366406886,9.99999999E8,12.0,83.10836299675262,117.8058666714957,51.713151131989626,
12.0,12.0,12.0,12.0,12.0,12.0,12.0,12.0,12.0,12.0,12.0,12.0,77.19132075563937,209.0,69.16285130039103,12.0,9.99999999E8,70.0559776179021,141.57344383746553,209.0,60.50425961945792,109.23928882147771,66.81195053801287,51.75354820750087,
12.0,12.0,12.0,12.0,12.0,12.0,12.0,12.0,12.0,12.0,12.0,12.0,9.99999999E8,77.22849215153693,209.0,93.13013595084152,12.0,12.0,168.38004632378505,181.0,12.0,12.0,50.368641037852115,12.0,
12.0,12.0,12.0,12.0,12.0,12.0,12.0,12.0,12.0,12.0,12.0,12.0,46.288659518288064,12.0,12.0,62.03941399536982,12.0,12.0,50.21165080480038,12.0,111.0535406409399,82.39563095213241,12.0,9.99999999E8,
12.0,12.0,12.0,12.0,12.0,12.0,12.0,12.0,12.0,12.0,12.0,12.0,85.23051096878395,91.00241755030467,89.98641872835897,12.0,188.4857790096879,94.61104586674855,12.0,70.26231841058016,12.0,12.0,12.0,68.92669213656556,
12.0,12.0,12.0,12.0,12.0,12.0,12.0,12.0,12.0,12.0,12.0,12.0,12.0,12.0,112.1295679114122,125.2007277224147,105.50753527592235,90.18437903662819,51.377566320210754,12.0,62.07455195166535,189.62990270524318,12.0,177.21692921388748,
12.0,12.0,12.0,12.0,12.0,12.0,12.0,12.0,12.0,12.0,12.0,12.0,12.0,90.82400563727631,12.0,119.70612162941191,89.00280894443725,12.0,68.92669213656556,9.99999999E8,12.0,105.49533310114931,77.12301861312226,167.0,
12.0,12.0,12.0,12.0,12.0,12.0,12.0,12.0,12.0,12.0,12.0,12.0,12.0,9.99999999E8,168.38004632378505,12.0,112.1295679114122,9.99999999E8,97.26510165521856,112.1295679114122,78.80073321711896,109.23928882147771,139.71954416046512,61.94162923348696,
12.0,12.0,12.0,12.0,12.0,12.0,12.0,12.0,12.0,12.0,12.0,12.0,75.23988304084477,12.0,12.0,137.15279395217908,181.0,12.0,12.0,53.70521389958334,12.0,179.57588925019974,12.0,144.8706319445042,
12.0,12.0,12.0,12.0,12.0,12.0,12.0,12.0,12.0,12.0,12.0,12.0,94.18200465057006,125.2007277224147,12.0,71.42478561395897,12.0,12.0,92.12431214879646,12.0,104.85532890606943,63.496771571474405,12.0,92.12431214879646,
12.0,12.0,12.0,12.0,12.0,12.0,12.0,12.0,12.0,12.0,12.0,12.0,12.0,9.99999999E8,166.17126372778444,67.3349834781297,12.0,12.0,12.0,97.26510165521856,74.94145863420475,180.80790911904268,54.37286237881271,78.80073321711896,
12.0,12.0,12.0,12.0,12.0,12.0,12.0,12.0,12.0,12.0,12.0,12.0,12.0,94.09027363036381,12.0,70.0559776179021,9.99999999E8,99.2950149806122,12.0,90.43771111564432,93.72854421146207,77.25697379525036,12.0,97.26510165521856,
12.0,12.0,12.0,12.0,12.0,12.0,12.0,12.0,12.0,12.0,12.0,12.0,12.0,101.14830493803015,12.0,79.68036144496334,12.0,140.9783277276649,92.12431214879646,12.0,128.70524464838255,156.1980793735954,84.64632301523794,78.80073321711896,
12.0,12.0,12.0,12.0,12.0,12.0,12.0,12.0,12.0,12.0,12.0,12.0,12.0,205.0,12.0,68.92669213656556,12.0,95.052032534233,169.96893833874472,121.1344523888871,66.77065963171489,93.20139483934777,12.0,91.65997501858793,
12.0,12.0,12.0,12.0,12.0,12.0,12.0,12.0,12.0,12.0,12.0,12.0,112.35756415222885,137.07013614286018,12.0,91.88443829071385,104.72936550939282,205.0,51.93611460246136,48.84502773767129,9.99999999E8,145.83398444946968,106.96027299890366,104.85969461883606,
12.0,12.0,12.0,12.0,12.0,12.0,12.0,12.0,12.0,12.0,12.0,12.0,109.17213726750776,77.83577688483173,110.57677071710054,12.0,113.35713475560327,12.0,12.0,112.35756415222885,98.56413591610738,101.86047101577509,83.90543754119629,52.37619025972058,
12.0,12.0,12.0,12.0,12.0,12.0,12.0,12.0,12.0,12.0,12.0,12.0,95.64779140157916,65.29806072689968,12.0,44.65142774872938,81.87117251443813,81.38642392930163,84.37677405542357,12.0,156.09772580021786,12.0,12.0,12.0,
12.0,12.0,12.0,12.0,12.0,12.0,12.0,12.0,12.0,12.0,12.0,12.0,93.41648676759365,9.99999999E8,84.39325934114775,66.25614343749474,49.79848279705808,181.0,79.27395536997004,12.0,81.52725849402162,168.38004632378505,148.52420678125165,50.17967716117751,
12.0,12.0,12.0,12.0,12.0,12.0,12.0,12.0,12.0,12.0,12.0,12.0,80.98370206405731,9.99999999E8,12.0,12.0,106.96027299890366,45.53997023372862,12.0,112.26504353537659,56.806510118442716,68.32836476968234,99.16596638408204,179.57588925019974,
12.0,12.0,12.0,12.0,12.0,12.0,12.0,12.0,12.0,12.0,12.0,12.0,209.0,92.12431214879646,12.0,84.64632301523794,91.2194035928581,120.36403117210723,9.99999999E8,159.27300112978625,68.31661584124319,12.0,9.99999999E8,126.09773986872247,
12.0,12.0,12.0,12.0,12.0,12.0,12.0,12.0,12.0,12.0,12.0,12.0,90.12768719988325,12.0,12.0,57.07975793074195,12.0,12.0,56.864361031805814,9.99999999E8,181.0,102.93795326419806,12.0,12.0,
12.0,12.0,12.0,12.0,12.0,12.0,12.0,12.0,12.0,12.0,12.0,12.0,63.09714732061981,92.90767855615529,53.549519329384864,169.5742905041917,86.00290692761496,12.0,12.0,104.85969461883606,118.32253471854895,128.02690689417162,83.85834616913347,96.44802860723604,
12.0,12.0,12.0,12.0,12.0,12.0,12.0,12.0,12.0,12.0,12.0,12.0,88.57482712373759,9.99999999E8,83.52171300452282,198.9745935763883,9.99999999E8,167.47686407381767,61.0794063293924,12.0,110.75768734549511,78.80073321711896,63.42712353559792,12.0,
12.0,12.0,12.0,12.0,12.0,12.0,12.0,12.0,12.0,12.0,12.0,12.0,78.9085265073145,12.0,104.72936550939282,205.0,55.08916705243067,12.0,9.99999999E8,12.0,62.25296859399905,63.10110934048624,209.0,116.3558931792929,
12.0,12.0,12.0,12.0,12.0,12.0,12.0,12.0,12.0,12.0,12.0,12.0,97.50128204285316,92.12431214879646,12.0,12.0,12.0,97.03817889503753,78.80073321711896,12.0,82.74518373959155,64.56693340161733,86.53034149938391,12.0,
12.0,12.0,12.0,12.0,12.0,12.0,12.0,12.0,12.0,12.0,12.0,12.0,12.0,57.374877282743505,98.42199392863817,12.0,146.7768374097221,141.57344383746553,103.8471954363718,12.0,112.1295679114122,92.12431214879646,55.04089388809015,12.0,
12.0,12.0,12.0,12.0,12.0,12.0,12.0,12.0,12.0,12.0,12.0,12.0,12.0,78.80073321711896,9.99999999E8,84.29116205154607,12.0,93.13013595084152,100.93483046005477,104.87329575857386,108.83116383748832,99.87512202745987,60.54851318554067,12.0,
12.0,12.0,12.0,12.0,12.0,12.0,12.0,12.0,12.0,12.0,12.0,12.0,66.06625462367305,97.01669959342051,109.23928882147771,9.99999999E8,12.0,9.99999999E8,97.65500499206377,51.51939376472026,12.0,92.57969539807311,188.4857790096879,130.0921212064743,
12.0,12.0,12.0,12.0,12.0,12.0,12.0,12.0,12.0,12.0,12.0,12.0,9.99999999E8,118.68679604553978,9.99999999E8,81.8330006782105,56.548651619645184,109.3551807440121,45.05370944432742,109.3551807440121,53.8793057846585,12.0,12.0,88.61151166750288,
12.0,12.0,12.0,12.0,12.0,12.0,12.0,12.0,12.0,12.0,12.0,12.0,129.90284831365324,220.24279531664345,71.42478561395897,56.806510118442716,9.99999999E8,12.0,77.25697379525036,12.0,12.0,96.44802860723604,111.04753736826206,48.06492157894916,
12.0,12.0,12.0,12.0,12.0,12.0,12.0,12.0,12.0,12.0,12.0,12.0,50.95192602279229,63.91056250730391,101.41608463267661,103.85673893504563,56.54780562486624,12.0,86.53034149938391,12.0,180.80790911904268,179.04887600875912,83.10535482145539,55.583770612972586,
12.0,12.0,12.0,12.0,12.0,12.0,12.0,12.0,12.0,12.0,12.0,12.0,12.0,112.1295679114122,109.23928882147771,56.24446639448187,12.0,12.0,9.99999999E8,12.0,81.26499861564018,12.0,60.95695202353871,9.99999999E8,
12.0,12.0,12.0,12.0,12.0,12.0,12.0,12.0,12.0,12.0,12.0,12.0,96.2529999532482,86.98563099730897,73.09610112721471,51.12973694436536,74.94145863420475,12.0,97.26510165521856,75.3657747256671,97.26510165521856,12.0,12.0,84.25259639916149,
12.0,12.0,12.0,12.0,12.0,12.0,12.0,12.0,12.0,12.0,12.0,12.0,12.0,143.36491900043052,86.60189887576882,181.0,12.0,85.62948185797521,174.8386557817108,168.38004632378505,105.02302954444743,77.28026915067002,12.0,78.29840355971506,
12.0,12.0,12.0,12.0,12.0,12.0,12.0,12.0,12.0,12.0,12.0,12.0,12.0,12.0,12.0,120.36403117210723,112.05105978972266,12.0,100.75435474459651,97.50128204285316,44.67661580737735,12.0,53.73043830083652,12.0,
12.0,12.0,12.0,12.0,12.0,12.0,12.0,12.0,12.0,12.0,12.0,12.0,78.80073321711896,12.0,94.05838395292966,12.0,163.2955602580793,100.75435474459651,12.0,89.32462644136213,86.00290692761496,12.0,71.42478561395897,110.75768734549511,
12.0,12.0,12.0,12.0,12.0,12.0,12.0,12.0,12.0,12.0,12.0,12.0,92.12431214879646,12.0,12.0,189.68790156464908,108.92607074933389,159.49155324203085,12.0,112.45728077808036,96.94843990493091,67.31426205896645,12.0,12.0,
12.0,12.0,12.0,12.0,12.0,12.0,12.0,12.0,12.0,12.0,12.0,12.0,12.0,57.591318790248245,169.44214351807523,12.0,91.4870968437019,12.0,60.375573509021095,12.0,59.272804102070694,94.18200465057006,115.98802620194131,12.0,
12.0,12.0,12.0,12.0,12.0,12.0,12.0,12.0,12.0,12.0,12.0,12.0,76.76081176109476,12.0,99.37303457175895,68.92669213656556,109.23928882147771,97.08470528358212,9.99999999E8,112.35756415222885,12.0,204.40523476662725,86.83881385553775,12.0,
12.0,12.0,12.0,12.0,12.0,12.0,12.0,12.0,12.0,12.0,12.0,12.0,97.65500499206377,88.48289225732974,93.13013595084152,89.5,9.99999999E8,12.0,95.78225305347542,73.09610112721471,146.7768374097221,102.89908756749121,12.0,95.33886930313365,
12.0,12.0,12.0,12.0,12.0,12.0,12.0,12.0,12.0,12.0,12.0,12.0,86.53034149938391,56.89366299412342,204.40523476662725,105.07254636678412,181.0,12.0,100.75435474459651,12.0,94.00531899844816,168.38004632378505,118.32253471854895,96.44802860723604,
12.0,12.0,12.0,12.0,12.0,12.0,12.0,12.0,12.0,12.0,12.0,12.0,89.70975420766685,112.57096527178854,84.65222974027323,12.0,9.99999999E8,78.80073321711896,109.23928882147771,12.0,12.0,9.99999999E8,71.42478561395897,191.252596206053,
12.0,12.0,12.0,12.0,12.0,12.0,12.0,12.0,12.0,12.0,12.0,12.0,12.0,92.27664705567024,168.38004632378505,92.12431214879646,102.88828893513586,45.2093386096353,181.0,12.0,46.817056023354105,103.36612382959689,12.0,62.50777729388738,
12.0,12.0,12.0,12.0,12.0,12.0,12.0,12.0,12.0,12.0,12.0,12.0,92.12431214879646,131.07623580129518,49.83523874135814,12.0,12.0,12.0,49.79848279705808,100.93483046005477,53.8793057846585,63.989374117895544,132.00462954844508,12.0,
12.0,12.0,12.0,12.0,12.0,12.0,12.0,12.0,12.0,12.0,12.0,12.0,103.14310447140905,12.0,204.53728266504373,84.0608245392717,12.0,9.99999999E8,12.0,12.0,12.0,12.0,12.0,12.0,
12.0,12.0,12.0,12.0,12.0,12.0,12.0,12.0,12.0,12.0,12.0,12.0,83.79870059984357,88.57200460642177,147.30670489194458,135.86298244923083,80.11588828413223,12.0,53.353162980277006,12.0,45.77359743588242,102.51124599552752,12.0,62.31355865168298,
12.0,12.0,12.0,12.0,12.0,12.0,12.0,12.0,12.0,12.0,12.0,12.0,104.72936550939282,9.99999999E8,86.53034149938391,83.10535482145539,12.0,90.08884503644167,115.24852373120544,66.81195053801287,74.94145863420475,71.42478561395897,189.8489926230845,12.0,
12.0,12.0,12.0,12.0,12.0,12.0,12.0,12.0,12.0,12.0,12.0,12.0,74.94145863420475,90.75378779973869,137.89448462099162,55.30287662739892,12.0,12.0,59.16907631387137,92.12431214879646,119.13118819184169,12.0,87.1449367433358,12.0,
12.0,12.0,12.0,12.0,12.0,12.0,12.0,12.0,12.0,12.0,12.0,12.0,12.0,85.91784764069615,64.6317670044882,96.99547643565441,80.0640368704951,168.38004632378505,12.0,62.79498289308796,71.42478561395897,12.0,12.0,53.725302821531926,
12.0,12.0,12.0,12.0,12.0,12.0,12.0,12.0,12.0,12.0,12.0,12.0,12.0,51.38054106371399,103.14310447140905,133.8457839364058,82.41493931455767,205.0,12.0,78.80073321711896,159.21003967933015,12.0,12.0,12.0,
12.0,12.0,12.0,12.0,12.0,12.0,12.0,12.0,12.0,12.0,12.0,12.0,84.25259639916149,112.07959999345947,77.98219169927339,60.38832668653769,85.88102829151595,140.30338556143255,45.52746423863292,86.40231478380657,86.53034149938391,52.05609219576396,115.24852373120544,73.73940601876313,
12.0,12.0,12.0,12.0,12.0,12.0,12.0,12.0,12.0,12.0,12.0,12.0,83.83449303372821,60.05182946607224,170.25715843981422,9.99999999E8,9.99999999E8,12.0,12.0,98.52545511756061,93.13013595084152,12.0,12.0,153.93667529214733,
12.0,12.0,12.0,12.0,12.0,12.0,12.0,12.0,12.0,12.0,12.0,12.0,12.0,86.00290692761496,126.42246635784322,12.0,60.627963845077296,9.99999999E8,94.94501332642783,107.487445873498,12.0,12.0,106.4248561192356,12.0,
12.0,12.0,12.0,12.0,12.0,12.0,12.0,12.0,12.0,12.0,12.0,12.0,12.0,102.11248699351124,65.09866922367829,12.0,92.58509599282165,113.57376457615553,12.0,12.0,12.0,9.99999999E8,12.0,12.0,
12.0,12.0,12.0,12.0,12.0,12.0,12.0,12.0,12.0,12.0,12.0,12.0,52.06495942570204,81.52725849402162,98.56413591610738,83.2113120253466,86.53034149938391,81.80122248475263,90.18437903662819,156.09772580021786,12.0,90.82400563727631,9.99999999E8,76.50725455798293,
12.0,12.0,12.0,12.0,12.0,12.0,12.0,12.0,12.0,12.0,12.0,12.0,67.05937667470523,78.77597553180573,102.11640416700934,173.52953639078277,82.92755628762212,12.0,92.12431214879646,44.716339523804535,84.25259639916149,110.46832125093601,92.12431214879646,9.99999999E8,
12.0,12.0,12.0,12.0,12.0,12.0,12.0,12.0,12.0,12.0,12.0,12.0,12.0,122.99277304875366,76.99244595863856,123.33783775558182,12.0,168.38004632378505,12.0,91.00241755030467,71.42478561395897,12.0,9.99999999E8,72.51034408965386,
12.0,12.0,12.0,12.0,12.0,12.0,12.0,12.0,12.0,12.0,12.0,12.0,12.0,92.11270270706424,82.53039019732337,88.28109095615076,68.92669213656556,92.12431214879646,92.77331991951614,12.0,12.0,12.0,12.0,66.24074829509308,
12.0,12.0,12.0,12.0,12.0,12.0,12.0,12.0,12.0,12.0,12.0,12.0,104.85532890606943,12.0,74.07455703546258,118.80168348975532,87.13718430663737,9.99999999E8,12.0,12.0,110.59611204739522,81.8330006782105,12.0,89.0249403257312,
12.0,12.0,12.0,12.0,12.0,12.0,12.0,12.0,12.0,12.0,12.0,12.0,99.87512202745987,12.0,109.23928882147771,60.48713811671884,12.0,88.28109095615076,81.8330006782105,12.0,93.13013595084152,103.14310447140905,56.19894116132724,115.40664572523985,
12.0,12.0,12.0,12.0,12.0,12.0,12.0,12.0,12.0,12.0,12.0,12.0,12.0,87.11050453303551,12.0,100.93483046005477,92.12431214879646,12.0,209.0,93.80772297038709,12.0,9.99999999E8,12.0,12.0,
12.0,12.0,12.0,12.0,12.0,12.0,12.0,12.0,12.0,12.0,12.0,12.0,83.10535482145539,12.0,45.94834055763059,102.93795326419806,105.00806577378245,12.0,12.0,94.89699679125783,83.56733811723333,92.12431214879646,12.0,86.53034149938391,
12.0,12.0,12.0,12.0,12.0,12.0,12.0,12.0,12.0,12.0,12.0,12.0,79.27067553641763,12.0,49.02385993549678,126.42246635784322,12.0,81.73518214330961,90.82400563727631,12.0,9.99999999E8,84.37677405542357,12.0,92.03555405318394,
12.0,12.0,12.0,12.0,12.0,12.0,12.0,12.0,12.0,12.0,12.0,12.0,73.35011929097321,157.38982036826766,12.0,92.03555405318394,12.0,84.37677405542357,85.83851117068609,12.0,12.0,12.0,49.13134324327892,12.0,
12.0,12.0,12.0,12.0,12.0,12.0,12.0,12.0,12.0,12.0,12.0,12.0,89.37469851526146,12.0,64.56693340161733,12.0,9.99999999E8,55.47060171226726,94.94501332642783,9.99999999E8,134.38538647771725,92.23333266406992,12.0,89.62051514410011,
12.0,12.0,12.0,12.0,12.0,12.0,12.0,12.0,12.0,12.0,12.0,12.0,99.87512202745987,85.95670744948039,12.0,206.0458417170531,12.0,71.69030617872963,99.14121036096309,115.20657774430919,56.09801827445412,12.0,137.78606605894515,93.13013595084152,
12.0,12.0,12.0,12.0,12.0,12.0,12.0,12.0,12.0,12.0,12.0,12.0,66.81195053801287,94.89699679125783,95.63414081220623,82.03384070253058,83.10535482145539,121.97803080883048,185.00870850374105,126.42246635784322,204.40523476662725,57.55649398634354,82.40566653787239,68.92669213656556,
12.0,12.0,12.0,12.0,12.0,12.0,12.0,12.0,12.0,12.0,12.0,12.0,122.87001261495824,46.288659518288064,92.12431214879646,54.885409384146044,92.12431214879646,114.25340257515309,92.12431214879646,121.5451447908234,9.99999999E8,102.93795326419806,64.56693340161733,12.0,
12.0,12.0,12.0,12.0,12.0,12.0,12.0,12.0,12.0,12.0,12.0,12.0,209.0,54.664796715985325,9.99999999E8,96.04378253309949,56.824290580701486,78.55712712556527,204.40523476662725,12.0,93.03982030972172,52.227866125278375,81.8330006782105,89.1852005660132,
12.0,12.0,12.0,12.0,12.0,12.0,12.0,12.0,12.0,12.0,12.0,12.0,126.85813988199963,91.02197536858887,67.00746227100382,9.99999999E8,102.93795326419806,54.106931164130906,12.0,179.57588925019974,70.21395872616783,100.93483046005477,97.03525132651535,86.53034149938391,
12.0,12.0,12.0,12.0,12.0,12.0,12.0,12.0,12.0,12.0,12.0,12.0,12.0,53.9587900198676,62.363106279220794,120.6358155772986,148.35713666689583,82.62095510354636,12.0,93.23208794305866,12.0,9.99999999E8,12.0,9.99999999E8,
12.0,12.0,12.0,12.0,12.0,12.0,12.0,12.0,12.0,12.0,12.0,12.0,9.99999999E8,86.85758458534292,209.0,67.01462526941414,107.04043311285531,9.99999999E8,12.0,89.30776306240055,92.12431214879646,78.80073321711896,169.5742905041917,60.48713811671884,
12.0,12.0,12.0,12.0,12.0,12.0,12.0,12.0,12.0,12.0,12.0,12.0,209.0,84.69881279503798,173.52953639078277,92.12431214879646,91.02197536858887,191.252596206053,54.15501299140058,45.53997023372862,117.05127081753534,75.21801645882455,12.0,12.0,
12.0,12.0,12.0,12.0,12.0,12.0,12.0,12.0,12.0,12.0,12.0,12.0,209.0,57.095436673072996,46.945546088214385,88.3742043811428,68.92669213656556,81.73518214330961,119.49285840533125,81.6617413480756,76.91633408437764,12.0,89.98641872835897,102.93795326419806,
12.0,12.0,12.0,12.0,12.0,12.0,12.0,12.0,12.0,12.0,12.0,12.0,12.0,9.99999999E8,206.0458417170531,66.81195053801287,220.24279531664345,82.80515610486475,122.34468612172014,125.3457259758312,69.6531087285812,12.0,120.36403117210723,102.93795326419806,
12.0,12.0,12.0,12.0,12.0,12.0,12.0,12.0,12.0,12.0,12.0,12.0,156.1980793735954,91.2194035928581,9.99999999E8,12.0,85.93077891787144,12.0,9.99999999E8,12.0,113.27241500029918,12.0,12.0,189.9711557052807,
12.0,12.0,12.0,12.0,12.0,12.0,12.0,12.0,12.0,12.0,12.0,12.0,12.0,112.97123527695004,71.25610218616671,147.9954053340846,103.43616388865163,12.0,12.0,102.88828893513586,108.85566386530174,112.1295679114122,92.39886915113281,126.03868453772436,
12.0,12.0,12.0,12.0,12.0,12.0,12.0,12.0,12.0,12.0,12.0,12.0,44.674788580293,116.04548916504922,96.81712428881347,12.0,12.0,81.8330006782105,83.54033549322739,12.0,149.66575003885785,137.21894912875555,209.0,78.76610162647444,
12.0,12.0,12.0,12.0,12.0,12.0,12.0,12.0,12.0,12.0,12.0,12.0,100.93483046005477,12.0,165.43349116790108,9.99999999E8,12.0,12.0,68.92669213656556,90.30334366761299,113.27241500029918,12.0,63.62036639636842,12.0,
12.0,12.0,12.0,12.0,12.0,12.0,12.0,12.0,12.0,12.0,12.0,12.0,97.52571612719616,102.51124599552752,76.83893688893818,109.23928882147771,12.0,104.72936550939282,112.97123527695004,147.9954053340846,225.14044999116047,12.0,12.0,129.67170084486438,
12.0,12.0,12.0,12.0,12.0,12.0,12.0,12.0,12.0,12.0,12.0,12.0,56.262487108386004,80.24891830354406,12.0,110.77705338000084,90.08329478876757,121.76725876081161,92.12431214879646,12.0,103.14310447140905,133.5223659999411,89.01820038621317,12.0,
12.0,12.0,12.0,12.0,12.0,12.0,12.0,12.0,12.0,12.0,12.0,12.0,12.0,12.0,100.93483046005477,204.40523476662725,117.05127081753534,12.0,79.60803979498553,104.72936550939282,61.091099588889314,84.0608245392717,46.288659518288064,79.9108878689256,
12.0,12.0,12.0,12.0,12.0,12.0,12.0,12.0,12.0,12.0,12.0,12.0,76.4345471629158,110.75768734549511,50.30671358873253,92.26321043622967,12.0,122.2152018185772,68.92669213656556,12.0,106.17641969272381,12.0,92.12431214879646,12.0,
12.0,12.0,12.0,12.0,12.0,12.0,12.0,12.0,12.0,12.0,12.0,12.0,94.32391001225511,12.0,67.05937667470523,83.83449303372821,71.68208275192848,12.0,12.0,181.0,12.0,60.38832668653769,103.14310447140905,12.0,
12.0,12.0,12.0,12.0,12.0,12.0,12.0,12.0,12.0,12.0,12.0,12.0,132.05112646244257,12.0,9.99999999E8,180.73046229122528,12.0,12.0,68.92669213656556,53.725302821531926,12.0,9.99999999E8,12.0,12.0,
12.0,12.0,12.0,12.0,12.0,12.0,12.0,12.0,12.0,12.0,12.0,12.0,133.5223659999411,84.1843215806839,87.2939860471499,147.13980579360432,12.0,12.0,102.93795326419806,12.0,137.40633173183832,103.14310447140905,81.8330006782105,9.99999999E8,
>>>>>>> 19009c9d2ae9451fba7659b51448e3a204429d88
