27.536339626028727,21.423351745233514,27.242613677839355,13.075916481713039,30.825111516424396,20.90405682724611,18.114150517746943,20.03873799439883,27.183021661814323,25.158696309626222,13.8307628133809,43.49353400219393,20.074351591937774,29.494349741377018,30.276847590196706,37.83764659700706,16.923597822723927,11.075498483890767,9.99999999E8,29.794084983432533,9.99999999E8,24.811476679149912,22.177392423228603,18.114150517746943,
11.075498483890767,13.075916481713039,13.8307628133809,16.923597822723927,18.114150517746943,18.114150517746943,20.03873799439883,20.074351591937774,20.90405682724611,21.423351745233514,22.177392423228603,24.811476679149912,14.929500996349475,18.217007849808926,16.746475582773957,21.78439808670416,10.82081327812286,14.975462023253819,19.290475602731828,20.79926380908709,34.47734763580284,29.80247472945829,23.827714955488283,27.271963625672427,
10.82081327812286,11.075498483890767,13.075916481713039,13.8307628133809,14.929500996349475,14.975462023253819,16.746475582773957,16.923597822723927,18.114150517746943,18.114150517746943,18.217007849808926,19.290475602731828,16.33891061240008,16.66911440359085,19.290475602731828,9.99999999E8,23.583627795570383,16.746475582773957,43.36665385600631,38.96357273146291,23.157072353818823,17.281975195754296,26.781809239154267,29.57039335662118,
10.82081327812286,11.075498483890767,13.075916481713039,13.8307628133809,14.929500996349475,14.975462023253819,16.33891061240008,16.66911440359085,16.746475582773957,16.746475582773957,16.923597822723927,17.281975195754296,23.827714955488283,16.746475582773957,43.36665385600631,38.92248707366989,17.265844172817037,13.021349989749739,17.265844172817037,11.766241729815194,36.961601696896196,15.03693369673485,10.71867529128483,23.827714955488283,
10.71867529128483,10.82081327812286,11.075498483890767,11.766241729815194,13.021349989749739,13.075916481713039,13.8307628133809,14.929500996349475,14.975462023253819,15.03693369673485,16.33891061240008,16.66911440359085,13.823530663329104,11.072911767010519,32.88141572377929,11.766241729815194,35.81284685695903,13.986042149228638,22.151611172802316,27.548442182211804,20.608102230700922,12.880864360230902,30.589009464185008,12.692886787488495,
10.71867529128483,10.82081327812286,11.072911767010519,11.075498483890767,11.766241729815194,11.766241729815194,12.692886787488495,12.880864360230902,13.021349989749739,13.075916481713039,13.823530663329104,13.8307628133809,18.20327923754399,12.549501982150526,38.447204059593204,11.71893055416463,13.033010972143007,10.705576817715148,17.71694104522561,19.03286631067428,9.99999999E8,16.505891204186597,16.050214173025854,17.961329989730714,
10.705576817715148,10.71867529128483,10.82081327812286,11.072911767010519,11.075498483890767,11.71893055416463,11.766241729815194,11.766241729815194,12.549501982150526,12.692886787488495,12.880864360230902,13.021349989749739,15.061851645797073,22.6403032959661,21.168902876143388,46.332359102467464,11.766241729815194,41.72753886823425,27.05395842878943,16.864405215284233,23.703095466497146,23.7736724129866,18.016919131749468,22.355312567709717,
10.705576817715148,10.71867529128483,10.82081327812286,11.072911767010519,11.075498483890767,11.71893055416463,11.766241729815194,11.766241729815194,11.766241729815194,12.549501982150526,12.692886787488495,12.880864360230902,38.96357273146291,11.973277537917511,24.358981916328112,32.88141572377929,28.777769197767917,12.709728167142075,54.5,23.827714955488283,31.95724184159905,9.786612170602131,33.37539013504811,25.158696309626222,
9.786612170602131,10.705576817715148,10.71867529128483,10.82081327812286,11.072911767010519,11.075498483890767,11.71893055416463,11.766241729815194,11.766241729815194,11.766241729815194,11.973277537917511,12.549501982150526,11.325390183561773,15.267919799370182,15.999999999999998,17.843995159865575,36.93453668316417,11.333414357188902,22.355312567709717,10.71867529128483,36.47259244967377,10.615554625171498,13.513303630126869,11.766241729815194,
9.786612170602131,10.615554625171498,10.705576817715148,10.71867529128483,10.71867529128483,10.82081327812286,11.072911767010519,11.075498483890767,11.325390183561773,11.333414357188902,11.71893055416463,11.766241729815194,26.177280225416848,12.336429791475327,11.075498483890767,19.051509126575773,44.56455991031439,8.5,46.332359102467464,13.39738780509096,36.47259244967377,16.616539200447246,40.409899777158564,14.31397918120604,
8.5,9.786612170602131,10.615554625171498,10.705576817715148,10.71867529128483,10.71867529128483,10.82081327812286,11.072911767010519,11.075498483890767,11.075498483890767,11.325390183561773,11.333414357188902,10.280442597476044,18.650988579697323,14.68275632615802,14.67192237310602,10.71867529128483,22.507406188482342,10.71867529128483,18.795353311987753,10.52897787061973,17.708284313657643,10.689455683519032,8.5,
8.5,8.5,9.786612170602131,10.280442597476044,10.52897787061973,10.615554625171498,10.689455683519032,10.705576817715148,10.71867529128483,10.71867529128483,10.71867529128483,10.71867529128483,10.71867529128483,23.423634787681152,23.827714955488283,22.824977367715714,10.71867529128483,16.505891204186597,26.867019460555678,19.051509126575773,9.99999999E8,23.13547060251855,14.865382330661216,25.272267409158207,
8.5,8.5,9.786612170602131,10.280442597476044,10.52897787061973,10.615554625171498,10.689455683519032,10.705576817715148,10.71867529128483,10.71867529128483,10.71867529128483,10.71867529128483,34.37785238629483,25.252475126212875,16.898254951567136,14.50676673114087,24.422212112018936,10.762747543907064,24.413111231467404,10.52897787061973,25.497242497964365,15.267919799370182,14.277933148743903,17.795130420052185,
8.5,8.5,9.786612170602131,10.280442597476044,10.52897787061973,10.52897787061973,10.615554625171498,10.689455683519032,10.705576817715148,10.71867529128483,10.71867529128483,10.71867529128483,25.68438241422207,9.786612170602131,13.5,10.635370755695877,11.903255857117413,9.99999999E8,27.07887195070077,22.049036260118037,16.505891204186597,52.5,33.37539013504811,10.982229964811337,
8.5,8.5,9.786612170602131,9.786612170602131,10.280442597476044,10.52897787061973,10.52897787061973,10.615554625171498,10.635370755695877,10.689455683519032,10.705576817715148,10.71867529128483,10.280442597476044,10.793053321465615,9.876792009967774,18.178130939247975,35.43670413568395,19.250541117935708,12.15881304625898,10.210997150617432,14.17603611733548,24.397745797511703,15.587802662233528,54.5,
8.5,8.5,9.786612170602131,9.786612170602131,9.876792009967774,10.210997150617432,10.280442597476044,10.280442597476044,10.52897787061973,10.52897787061973,10.615554625171498,10.635370755695877,11.151653464845472,36.47259244967377,10.498677165349081,26.47010892812243,11.63036139259864,19.636275953788523,29.38005275693017,11.741131404880308,11.973277537917511,44.03029260255565,12.210241602851271,18.258131749990195,
8.5,8.5,9.786612170602131,9.786612170602131,9.876792009967774,10.210997150617432,10.280442597476044,10.280442597476044,10.498677165349081,10.52897787061973,10.52897787061973,10.615554625171498,18.544990338812976,22.627416997969522,9.786612170602131,10.087616170334794,13.086837132112898,10.280442597476044,21.70161284328886,18.282505298782223,36.5042463283383,10.986076531274502,16.37444499760501,12.162099599438687,
8.5,8.5,9.786612170602131,9.786612170602131,9.786612170602131,9.876792009967774,10.087616170334794,10.210997150617432,10.280442597476044,10.280442597476044,10.280442597476044,10.498677165349081,9.99999999E8,10.921996154549772,7.75806032459145,25.158696309626222,14.359230480774379,19.250541117935708,10.210997150617432,8.751190395216717,9.160604055774197,10.281974920435411,18.016919131749468,14.959203781544582,
7.75806032459145,8.5,8.5,8.751190395216717,9.160604055774197,9.786612170602131,9.786612170602131,9.786612170602131,9.876792009967774,10.087616170334794,10.210997150617432,10.210997150617432,43.36665385600631,9.374966666607406,54.5,8.5,38.96357273146291,10.087616170334794,13.149778198382917,24.587801853764805,11.08873302050329,16.616539200447246,10.210997150617432,18.044649483988323,
7.75806032459145,8.5,8.5,8.5,8.751190395216717,9.160604055774197,9.374966666607406,9.786612170602131,9.786612170602131,9.786612170602131,9.876792009967774,10.087616170334794,18.434661230786897,9.346409572709,19.75474626513841,16.70268217493031,23.583627795570383,16.975276139138355,26.771019778857884,13.5,10.361436917725262,9.812746812182612,18.967340351245877,19.250541117935708,
7.75806032459145,8.5,8.5,8.5,8.751190395216717,9.160604055774197,9.346409572709,9.374966666607406,9.786612170602131,9.786612170602131,9.786612170602131,9.812746812182612,9.160604055774197,13.375973484822204,18.988417522268676,28.223807916957863,21.146808269807526,18.26497673143878,9.99999999E8,19.250541117935708,8.5,9.786612170602131,9.99999999E8,33.1762967593833,
7.75806032459145,8.5,8.5,8.5,8.5,8.751190395216717,9.160604055774197,9.160604055774197,9.346409572709,9.374966666607406,9.786612170602131,9.786612170602131,32.920510324112534,19.771612647092464,13.367642931759525,15.633558880347945,14.095881581193154,25.252475126212875,10.69795686062229,9.99999999E8,47.5,26.177280225416848,9.99999999E8,6.339361166552983,
6.339361166552983,7.75806032459145,8.5,8.5,8.5,8.5,8.751190395216717,9.160604055774197,9.160604055774197,9.346409572709,9.374966666607406,9.786612170602131,6.339361166552983,15.368392889303683,20.75112948733153,13.524668819112232,19.031224343168255,22.862359895688808,26.979930812859152,27.02313823374332,23.99499947905813,23.827714955488283,24.041630560342615,47.42010825237187,
6.339361166552983,6.339361166552983,7.75806032459145,8.5,8.5,8.5,8.5,8.751190395216717,9.160604055774197,9.160604055774197,9.346409572709,9.374966666607406,9.459915433025815,8.5,41.72753886823425,20.83266665599966,11.888369666751338,22.403496750879462,17.20820876731776,18.498310733685926,14.411367041332339,22.487496525847426,38.38863764188565,23.5,
6.339361166552983,6.339361166552983,7.75806032459145,8.5,8.5,8.5,8.5,8.5,8.751190395216717,9.160604055774197,9.160604055774197,9.346409572709,21.146808269807526,28.80555501982213,9.389355675444401,38.92248707366989,9.99999999E8,23.920441049445557,9.977525765848128,17.98219605609949,29.743346594938952,16.289854971730104,22.36626924634504,8.5,
6.339361166552983,6.339361166552983,7.75806032459145,8.5,8.5,8.5,8.5,8.5,8.5,8.751190395216717,9.160604055774197,9.160604055774197,37.83764659700706,8.5,22.5,9.99999999E8,21.95449840010015,7.984985911070852,13.047988350699889,20.54263858417414,21.706853756359994,22.824977367715714,24.041630560342615,25.1234452255259,
6.339361166552983,6.339361166552983,7.75806032459145,7.984985911070852,8.5,8.5,8.5,8.5,8.5,8.5,8.5,8.751190395216717,12.504374234642851,11.648497757221744,36.47259244967377,13.149778198382917,6.339361166552983,8.5,8.5,12.9772170847723,17.438732035328716,6.339361166552983,13.816254517375135,13.85051387833237,
6.339361166552983,6.339361166552983,6.339361166552983,6.339361166552983,7.75806032459145,7.984985911070852,8.5,8.5,8.5,8.5,8.5,8.5,6.339361166552983,11.444631572782704,6.339361166552983,13.5,9.99999999E8,25.158696309626222,34.793102764772215,11.034491379306978,6.339361166552983,23.599999999999998,18.544990338812976,9.99999999E8,
6.339361166552983,6.339361166552983,6.339361166552983,6.339361166552983,6.339361166552983,6.339361166552983,6.339361166552983,7.75806032459145,7.984985911070852,8.5,8.5,8.5,10.92520022699813,19.636275953788523,24.041630560342615,22.627416997969522,34.37785238629483,6.339361166552983,8.5,18.282505298782223,21.95449840010015,44.56455991031439,20.83266665599966,6.339361166552983,
6.339361166552983,6.339361166552983,6.339361166552983,6.339361166552983,6.339361166552983,6.339361166552983,6.339361166552983,6.339361166552983,6.339361166552983,7.75806032459145,7.984985911070852,8.5,9.99999999E8,8.5,6.584831053261731,31.63331577098213,22.627416997969522,6.339361166552983,22.203143737694774,15.368392889303683,21.706853756359994,9.99999999E8,22.252808811473667,30.243456592570013,
6.339361166552983,6.339361166552983,6.339361166552983,6.339361166552983,6.339361166552983,6.339361166552983,6.339361166552983,6.339361166552983,6.339361166552983,6.339361166552983,6.584831053261731,7.75806032459145,12.832251036613439,12.832251036613439,6.584831053261731,18.551549800488367,9.99999999E8,33.5,24.39180190145861,15.368392889303683,19.01808349965895,47.5,9.389355675444401,36.029987510405824,
6.339361166552983,6.339361166552983,6.339361166552983,6.339361166552983,6.339361166552983,6.339361166552983,6.339361166552983,6.339361166552983,6.339361166552983,6.339361166552983,6.584831053261731,6.584831053261731,6.339361166552983,34.73590841382061,6.339361166552983,25.252475126212875,11.461239025515523,9.389355675444401,12.832251036613439,12.079597123524719,16.77050983124842,21.706853756359994,9.99999999E8,12.832251036613439,
6.339361166552983,6.339361166552983,6.339361166552983,6.339361166552983,6.339361166552983,6.339361166552983,6.339361166552983,6.339361166552983,6.339361166552983,6.339361166552983,6.339361166552983,6.339361166552983,36.47259244967377,20.54720175595694,6.339361166552983,11.321991874224253,25.301926804099327,6.339361166552983,30.243456592570013,47.42010825237187,8.80814017448254,12.832251036613439,20.54720175595694,6.339361166552983,
6.339361166552983,6.339361166552983,6.339361166552983,6.339361166552983,6.339361166552983,6.339361166552983,6.339361166552983,6.339361166552983,6.339361166552983,6.339361166552983,6.339361166552983,6.339361166552983,6.339361166552983,41.72753886823425,22.355312567709717,9.99999999E8,13.313526955694348,47.42010825237187,11.321991874224253,9.01041064547005,11.310025051549031,6.339361166552983,12.832251036613439,44.56455991031439,
6.339361166552983,6.339361166552983,6.339361166552983,6.339361166552983,6.339361166552983,6.339361166552983,6.339361166552983,6.339361166552983,6.339361166552983,6.339361166552983,6.339361166552983,6.339361166552983,11.856784274554942,12.832251036613439,11.321991874224253,6.339361166552983,22.5,12.832251036613439,22.627416997969522,9.99999999E8,9.99999999E8,6.339361166552983,15.368392889303683,33.5,
6.339361166552983,6.339361166552983,6.339361166552983,6.339361166552983,6.339361166552983,6.339361166552983,6.339361166552983,6.339361166552983,6.339361166552983,6.339361166552983,6.339361166552983,6.339361166552983,6.339361166552983,15.497983739828868,29.473151624260794,28.371817002088534,9.99999999E8,6.339361166552983,36.029987510405824,6.339361166552983,12.732731402946966,19.290475602731828,9.175374651751284,6.339361166552983,
6.339361166552983,6.339361166552983,6.339361166552983,6.339361166552983,6.339361166552983,6.339361166552983,6.339361166552983,6.339361166552983,6.339361166552983,6.339361166552983,6.339361166552983,6.339361166552983,11.77115117564973,6.339361166552983,47.42010825237187,11.923086848631105,24.32248616678265,9.99999999E8,38.91734831665693,18.98441896043453,22.983689869122408,38.738439135652676,33.5,20.049937655763422,
6.339361166552983,6.339361166552983,6.339361166552983,6.339361166552983,6.339361166552983,6.339361166552983,6.339361166552983,6.339361166552983,6.339361166552983,6.339361166552983,6.339361166552983,6.339361166552983,6.339361166552983,6.339361166552983,9.99999999E8,13.505856628341133,23.13784778236731,19.17706964058899,6.339361166552983,15.58717421471897,13.5,13.25745073534124,6.339361166552983,13.313526955694348,
6.339361166552983,6.339361166552983,6.339361166552983,6.339361166552983,6.339361166552983,6.339361166552983,6.339361166552983,6.339361166552983,6.339361166552983,6.339361166552983,6.339361166552983,6.339361166552983,9.99999999E8,19.45989465541887,9.99999999E8,23.827714955488283,6.584831053261731,12.833311246557548,9.51752769017949,24.530796970339143,6.339361166552983,33.1762967593833,12.832251036613439,46.05069670120819,
6.339361166552983,6.339361166552983,6.339361166552983,6.339361166552983,6.339361166552983,6.339361166552983,6.339361166552983,6.339361166552983,6.339361166552983,6.339361166552983,6.339361166552983,6.339361166552983,13.086837132112898,25.252475126212875,33.5,9.99999999E8,15.56438241627338,34.5,6.339361166552983,19.01808349965895,6.339361166552983,12.832251036613439,31.164884084494844,33.1762967593833,
6.339361166552983,6.339361166552983,6.339361166552983,6.339361166552983,6.339361166552983,6.339361166552983,6.339361166552983,6.339361166552983,6.339361166552983,6.339361166552983,6.339361166552983,6.339361166552983,28.087660398592593,37.66519171153476,21.451340284467076,33.5,19.114392483152585,6.339361166552983,9.99999999E8,12.024280990285172,9.99999999E8,22.627416997969522,9.99999999E8,10.424330514074594,
6.339361166552983,6.339361166552983,6.339361166552983,6.339361166552983,6.339361166552983,6.339361166552983,6.339361166552983,6.339361166552983,6.339361166552983,6.339361166552983,6.339361166552983,6.339361166552983,12.9772170847723,12.956055533996448,6.339361166552983,10.240086669555097,10.166612021711067,6.339361166552983,6.339361166552983,33.5,9.99999999E8,32.5,23.599999999999998,9.99999999E8,
6.339361166552983,6.339361166552983,6.339361166552983,6.339361166552983,6.339361166552983,6.339361166552983,6.339361166552983,6.339361166552983,6.339361166552983,6.339361166552983,6.339361166552983,6.339361166552983,21.95449840010015,21.95449840010015,6.339361166552983,12.844438167422297,31.379398762032817,6.339361166552983,20.83266665599966,23.583627795570383,34.5,29.13188402192118,23.080161991438022,24.041630560342615,
6.339361166552983,6.339361166552983,6.339361166552983,6.339361166552983,6.339361166552983,6.339361166552983,6.339361166552983,6.339361166552983,6.339361166552983,6.339361166552983,6.339361166552983,6.339361166552983,21.706853756359994,13.086837132112898,28.435189466574684,6.339361166552983,10.361467077590895,14.488501187723548,29.595889354210435,12.880864360230902,6.339361166552983,14.236104336041748,38.18376618407357,43.36665385600631,
6.339361166552983,6.339361166552983,6.339361166552983,6.339361166552983,6.339361166552983,6.339361166552983,6.339361166552983,6.339361166552983,6.339361166552983,6.339361166552983,6.339361166552983,6.339361166552983,47.5,17.240939649566666,6.584831053261731,6.339361166552983,32.88141572377929,14.455448799674121,10.925200226998129,21.64871050817269,12.737739202856996,6.339361166552983,17.308475765743594,6.339361166552983,
6.339361166552983,6.339361166552983,6.339361166552983,6.339361166552983,6.339361166552983,6.339361166552983,6.339361166552983,6.339361166552983,6.339361166552983,6.339361166552983,6.339361166552983,6.339361166552983,9.99999999E8,12.162099599438687,39.370039370059054,30.40833219146796,31.251999936004097,9.99999999E8,47.42010825237187,21.95449840010015,26.47010892812243,33.1762967593833,9.389355675444401,9.99999999E8,
6.339361166552983,6.339361166552983,6.339361166552983,6.339361166552983,6.339361166552983,6.339361166552983,6.339361166552983,6.339361166552983,6.339361166552983,6.339361166552983,6.339361166552983,6.339361166552983,9.389355675444401,12.832251036613439,6.339361166552983,12.406315595964285,6.339361166552983,29.13188402192118,13.149778198382917,11.321991874224253,6.339361166552983,6.339361166552983,15.368392889303683,16.938614661968867,
6.339361166552983,6.339361166552983,6.339361166552983,6.339361166552983,6.339361166552983,6.339361166552983,6.339361166552983,6.339361166552983,6.339361166552983,6.339361166552983,6.339361166552983,6.339361166552983,44.03029260255565,19.854155736268414,13.5,38.38863764188565,6.339361166552983,33.5,25.272267409158207,15.368392889303683,15.58717421471897,19.79688527689815,6.339361166552983,6.339361166552983,
6.339361166552983,6.339361166552983,6.339361166552983,6.339361166552983,6.339361166552983,6.339361166552983,6.339361166552983,6.339361166552983,6.339361166552983,6.339361166552983,6.339361166552983,6.339361166552983,30.194163343268844,6.339361166552983,30.914195768287424,18.57309882599024,41.72753886823425,12.737739202856996,6.339361166552983,11.08873302050329,54.5,30.06139550985616,6.339361166552983,6.339361166552983,
6.339361166552983,6.339361166552983,6.339361166552983,6.339361166552983,6.339361166552983,6.339361166552983,6.339361166552983,6.339361166552983,6.339361166552983,6.339361166552983,6.339361166552983,6.339361166552983,13.147599590799835,12.956055533996448,12.832251036613439,6.339361166552983,10.361467077590895,38.96357273146291,6.339361166552983,15.20228190108314,10.240086669555097,6.339361166552983,32.5,6.339361166552983,
6.339361166552983,6.339361166552983,6.339361166552983,6.339361166552983,6.339361166552983,6.339361166552983,6.339361166552983,6.339361166552983,6.339361166552983,6.339361166552983,6.339361166552983,6.339361166552983,9.389355675444401,12.162099599438687,12.956055533996448,18.35528988239267,6.339361166552983,47.5,6.339361166552983,9.99999999E8,35.258864133718205,11.461239025515523,6.339361166552983,6.339361166552983,
6.339361166552983,6.339361166552983,6.339361166552983,6.339361166552983,6.339361166552983,6.339361166552983,6.339361166552983,6.339361166552983,6.339361166552983,6.339361166552983,6.339361166552983,6.339361166552983,25.252475126212875,34.5,15.368392889303683,23.084987907007157,31.869852525545205,6.339361166552983,35.449788433783354,21.275964529643932,12.9772170847723,6.339361166552983,6.339361166552983,6.339361166552983,
6.339361166552983,6.339361166552983,6.339361166552983,6.339361166552983,6.339361166552983,6.339361166552983,6.339361166552983,6.339361166552983,6.339361166552983,6.339361166552983,6.339361166552983,6.339361166552983,27.311474999835998,18.016919131749468,6.339361166552983,6.339361166552983,12.832251036613439,15.368392889303683,20.54720175595694,30.243456592570013,20.54263858417414,6.339361166552983,38.91734831665693,33.1762967593833,
6.339361166552983,6.339361166552983,6.339361166552983,6.339361166552983,6.339361166552983,6.339361166552983,6.339361166552983,6.339361166552983,6.339361166552983,6.339361166552983,6.339361166552983,6.339361166552983,6.339361166552983,6.339361166552983,10.361467077590895,6.339361166552983,25.2570122276303,13.81725973797506,30.75910351391262,19.80530232033836,24.437420076595647,9.99999999E8,9.99999999E8,14.236104336041748,
6.339361166552983,6.339361166552983,6.339361166552983,6.339361166552983,6.339361166552983,6.339361166552983,6.339361166552983,6.339361166552983,6.339361166552983,6.339361166552983,6.339361166552983,6.339361166552983,12.9772170847723,9.99999999E8,33.6951035018443,20.54263858417414,24.39180190145861,9.99999999E8,6.339361166552983,33.5,11.461239025515523,16.070158679988197,23.87802336877992,12.832251036613439,
6.339361166552983,6.339361166552983,6.339361166552983,6.339361166552983,6.339361166552983,6.339361166552983,6.339361166552983,6.339361166552983,6.339361166552983,6.339361166552983,6.339361166552983,6.339361166552983,24.779023386727733,22.5,6.339361166552983,20.54263858417414,54.5,21.924111536540465,36.4580238082099,12.832251036613439,35.11353015576759,13.329947486768281,47.5,6.339361166552983,
6.339361166552983,6.339361166552983,6.339361166552983,6.339361166552983,6.339361166552983,6.339361166552983,6.339361166552983,6.339361166552983,6.339361166552983,6.339361166552983,6.339361166552983,6.339361166552983,24.39180190145861,29.785692874264313,12.832251036613439,22.627416997969522,6.339361166552983,40.409899777158564,6.339361166552983,20.61350689879494,6.339361166552983,20.54263858417414,21.706853756359994,6.339361166552983,
6.339361166552983,6.339361166552983,6.339361166552983,6.339361166552983,6.339361166552983,6.339361166552983,6.339361166552983,6.339361166552983,6.339361166552983,6.339361166552983,6.339361166552983,6.339361166552983,41.72753886823425,9.99999999E8,6.339361166552983,20.54263858417414,21.95449840010015,9.99999999E8,6.339361166552983,12.832251036613439,9.99999999E8,24.779023386727733,6.339361166552983,6.339361166552983,
6.339361166552983,6.339361166552983,6.339361166552983,6.339361166552983,6.339361166552983,6.339361166552983,6.339361166552983,6.339361166552983,6.339361166552983,6.339361166552983,6.339361166552983,6.339361166552983,18.30812661087966,41.72753886823425,6.339361166552983,9.99999999E8,10.166612021711067,32.5,32.591218142315576,54.5,25.620463759762547,11.265729744080792,19.497692171126303,6.339361166552983,
6.339361166552983,6.339361166552983,6.339361166552983,6.339361166552983,6.339361166552983,6.339361166552983,6.339361166552983,6.339361166552983,6.339361166552983,6.339361166552983,6.339361166552983,6.339361166552983,13.149778198382917,9.99999999E8,37.49666651850535,6.339361166552983,9.99999999E8,27.274835777079698,6.339361166552983,21.95449840010015,24.39180190145861,6.339361166552983,47.42010825237187,6.584831053261731,
6.339361166552983,6.339361166552983,6.339361166552983,6.339361166552983,6.339361166552983,6.339361166552983,6.339361166552983,6.339361166552983,6.339361166552983,6.339361166552983,6.339361166552983,6.339361166552983,9.99999999E8,15.368392889303683,14.591664287073858,9.99999999E8,12.999215046945515,22.5,32.5,6.339361166552983,6.339361166552983,24.32248616678265,6.339361166552983,12.832251036613439,
6.339361166552983,6.339361166552983,6.339361166552983,6.339361166552983,6.339361166552983,6.339361166552983,6.339361166552983,6.339361166552983,6.339361166552983,6.339361166552983,6.339361166552983,6.339361166552983,11.77115117564973,32.5,12.162099599438687,12.106196760337244,6.339361166552983,43.36665385600631,6.339361166552983,9.99999999E8,29.473151624260794,9.389355675444401,12.92707913644842,11.856784274554942,
6.339361166552983,6.339361166552983,6.339361166552983,6.339361166552983,6.339361166552983,6.339361166552983,6.339361166552983,6.339361166552983,6.339361166552983,6.339361166552983,6.339361166552983,6.339361166552983,29.662041984561302,6.339361166552983,14.321700705960557,6.339361166552983,34.5,24.041630560342615,21.924111536540465,18.551549800488367,6.339361166552983,12.832251036613439,6.339361166552983,23.5,
6.339361166552983,6.339361166552983,6.339361166552983,6.339361166552983,6.339361166552983,6.339361166552983,6.339361166552983,6.339361166552983,6.339361166552983,6.339361166552983,6.339361166552983,6.339361166552983,12.832251036613439,6.339361166552983,10.424330514074594,6.339361166552983,17.19990507804847,30.243456592570013,6.339361166552983,18.434661230786897,32.5,32.88141572377929,23.084987907007157,16.70268217493031,
6.339361166552983,6.339361166552983,6.339361166552983,6.339361166552983,6.339361166552983,6.339361166552983,6.339361166552983,6.339361166552983,6.339361166552983,6.339361166552983,6.339361166552983,6.339361166552983,6.339361166552983,26.771019778857884,6.339361166552983,6.339361166552983,21.95449840010015,12.9772170847723,6.339361166552983,6.339361166552983,26.47010892812243,13.549292724468438,32.88141572377929,22.5,
6.339361166552983,6.339361166552983,6.339361166552983,6.339361166552983,6.339361166552983,6.339361166552983,6.339361166552983,6.339361166552983,6.339361166552983,6.339361166552983,6.339361166552983,6.339361166552983,13.531791270929359,27.651100038395096,21.706853756359994,12.832251036613439,10.709224995301948,6.339361166552983,6.339361166552983,9.99999999E8,12.72239659026553,9.99999999E8,12.106196760337244,32.88141572377929,
6.339361166552983,6.339361166552983,6.339361166552983,6.339361166552983,6.339361166552983,6.339361166552983,6.339361166552983,6.339361166552983,6.339361166552983,6.339361166552983,6.339361166552983,6.339361166552983,23.583627795570383,15.497983739828868,10.361467077590895,24.39180190145861,11.856784274554942,13.549292724468438,9.99999999E8,18.724566083089883,9.99999999E8,16.898254951567136,35.5,11.321991874224253,
6.339361166552983,6.339361166552983,6.339361166552983,6.339361166552983,6.339361166552983,6.339361166552983,6.339361166552983,6.339361166552983,6.339361166552983,6.339361166552983,6.339361166552983,6.339361166552983,6.339361166552983,22.627416997969522,6.339361166552983,26.75661911876511,20.73443191087392,9.99999999E8,11.77115117564973,16.869597900760212,24.39180190145861,54.5,6.339361166552983,12.592987466575726,
6.339361166552983,6.339361166552983,6.339361166552983,6.339361166552983,6.339361166552983,6.339361166552983,6.339361166552983,6.339361166552983,6.339361166552983,6.339361166552983,6.339361166552983,6.339361166552983,18.76832437912346,6.339361166552983,6.339361166552983,12.406315595964285,47.42010825237187,35.5,6.339361166552983,33.1762967593833,34.14908490721237,9.99999999E8,26.887915501206113,6.339361166552983,
6.339361166552983,6.339361166552983,6.339361166552983,6.339361166552983,6.339361166552983,6.339361166552983,6.339361166552983,6.339361166552983,6.339361166552983,6.339361166552983,6.339361166552983,6.339361166552983,33.5,18.551549800488367,20.54720175595694,29.662041984561302,30.914195768287424,34.579762867897166,24.39180190145861,9.402561526802478,21.95449840010015,47.5,10.361467077590895,13.5,
6.339361166552983,6.339361166552983,6.339361166552983,6.339361166552983,6.339361166552983,6.339361166552983,6.339361166552983,6.339361166552983,6.339361166552983,6.339361166552983,6.339361166552983,6.339361166552983,33.1762967593833,6.339361166552983,15.01943185787443,13.022416570411705,9.99999999E8,23.5,6.339361166552983,47.42010825237187,6.339361166552983,6.339361166552983,47.5,23.5,
6.339361166552983,6.339361166552983,6.339361166552983,6.339361166552983,6.339361166552983,6.339361166552983,6.339361166552983,6.339361166552983,6.339361166552983,6.339361166552983,6.339361166552983,6.339361166552983,9.99999999E8,22.906197361216908,22.627416997969522,31.65833223655346,10.361467077590895,6.339361166552983,6.339361166552983,6.339361166552983,6.584831053261731,34.5,21.451340284467076,13.329947486768281,
6.339361166552983,6.339361166552983,6.339361166552983,6.339361166552983,6.339361166552983,6.339361166552983,6.339361166552983,6.339361166552983,6.339361166552983,6.339361166552983,6.339361166552983,6.339361166552983,6.339361166552983,13.7261853136735,33.1762967593833,18.551549800488367,24.252577182641847,6.339361166552983,12.917405892825386,6.339361166552983,14.545904349105742,6.339361166552983,18.551549800488367,11.321991874224253,
6.339361166552983,6.339361166552983,6.339361166552983,6.339361166552983,6.339361166552983,6.339361166552983,6.339361166552983,6.339361166552983,6.339361166552983,6.339361166552983,6.339361166552983,6.339361166552983,13.313526955694348,9.99999999E8,12.621014222319854,6.339361166552983,9.99999999E8,9.99999999E8,17.795715776557007,9.99999999E8,31.04331651096577,6.339361166552983,32.5,11.321991874224253,
6.339361166552983,6.339361166552983,6.339361166552983,6.339361166552983,6.339361166552983,6.339361166552983,6.339361166552983,6.339361166552983,6.339361166552983,6.339361166552983,6.339361166552983,6.339361166552983,46.05069670120819,10.166612021711067,6.584831053261731,12.592987466575726,9.99999999E8,24.779023386727733,32.5,9.99999999E8,6.339361166552983,12.832251036613439,12.162099599438687,22.5,
6.339361166552983,6.339361166552983,6.339361166552983,6.339361166552983,6.339361166552983,6.339361166552983,6.339361166552983,6.339361166552983,6.339361166552983,6.339361166552983,6.339361166552983,6.339361166552983,35.59026084010437,6.339361166552983,22.861904265976328,6.584831053261731,32.5,6.339361166552983,6.339361166552983,6.339361166552983,32.460552983583014,41.72753886823425,6.339361166552983,13.912261513074114,
6.339361166552983,6.339361166552983,6.339361166552983,6.339361166552983,6.339361166552983,6.339361166552983,6.339361166552983,6.339361166552983,6.339361166552983,6.339361166552983,6.339361166552983,6.339361166552983,9.99999999E8,29.549746191803408,6.339361166552983,30.243456592570013,13.173876438169717,21.451340284467076,9.389355675444401,10.92520022699813,22.203143737694774,54.5,15.610493265749165,44.56455991031439,
6.339361166552983,6.339361166552983,6.339361166552983,6.339361166552983,6.339361166552983,6.339361166552983,6.339361166552983,6.339361166552983,6.339361166552983,6.339361166552983,6.339361166552983,6.339361166552983,24.39180190145861,6.339361166552983,6.339361166552983,12.832251036613439,28.547504269200136,25.158696309626222,6.339361166552983,12.298373876248844,20.488045294756645,34.143227732597275,13.313526955694348,21.924111536540465,
6.339361166552983,6.339361166552983,6.339361166552983,6.339361166552983,6.339361166552983,6.339361166552983,6.339361166552983,6.339361166552983,6.339361166552983,6.339361166552983,6.339361166552983,6.339361166552983,21.25294097295713,47.5,6.339361166552983,12.597375820027773,18.713297411199342,6.339361166552983,41.72753886823425,41.72753886823425,21.250490190424628,21.453437952924933,13.5,13.105723940324701,
6.339361166552983,6.339361166552983,6.339361166552983,6.339361166552983,6.339361166552983,6.339361166552983,6.339361166552983,6.339361166552983,6.339361166552983,6.339361166552983,6.339361166552983,6.339361166552983,10.424330514074594,28.80555501982213,12.282482444522362,22.355312567709717,12.832251036613439,21.64871050817269,33.1762967593833,6.339361166552983,24.641174890820444,11.77115117564973,21.924111536540465,33.1762967593833,
6.339361166552983,6.339361166552983,6.339361166552983,6.339361166552983,6.339361166552983,6.339361166552983,6.339361166552983,6.339361166552983,6.339361166552983,6.339361166552983,6.339361166552983,6.339361166552983,34.14908490721237,6.339361166552983,6.339361166552983,21.093047827819163,31.63331577098213,6.339361166552983,20.54263858417414,19.772708463940894,28.058248450722097,11.519282857496833,9.99999999E8,47.42010825237187,
6.339361166552983,6.339361166552983,6.339361166552983,6.339361166552983,6.339361166552983,6.339361166552983,6.339361166552983,6.339361166552983,6.339361166552983,6.339361166552983,6.339361166552983,6.339361166552983,23.155722834755128,9.99999999E8,18.436829083838322,6.339361166552983,6.339361166552983,18.551549800488367,47.5,6.339361166552983,6.339361166552983,10.361467077590895,15.368392889303683,6.339361166552983,
6.339361166552983,6.339361166552983,6.339361166552983,6.339361166552983,6.339361166552983,6.339361166552983,6.339361166552983,6.339361166552983,6.339361166552983,6.339361166552983,6.339361166552983,6.339361166552983,6.339361166552983,30.243456592570013,29.473151624260794,47.42010825237187,34.5,21.64871050817269,9.389355675444401,6.339361166552983,13.549292724468438,43.36665385600631,9.99999999E8,19.497692171126303,
6.339361166552983,6.339361166552983,6.339361166552983,6.339361166552983,6.339361166552983,6.339361166552983,6.339361166552983,6.339361166552983,6.339361166552983,6.339361166552983,6.339361166552983,6.339361166552983,12.832251036613439,6.339361166552983,6.339361166552983,9.389355675444401,10.92520022699813,6.339361166552983,24.779023386727733,9.99999999E8,19.84155991851447,9.99999999E8,6.339361166552983,36.12976612157903,
6.339361166552983,6.339361166552983,6.339361166552983,6.339361166552983,6.339361166552983,6.339361166552983,6.339361166552983,6.339361166552983,6.339361166552983,6.339361166552983,6.339361166552983,6.339361166552983,29.80247472945829,6.339361166552983,6.339361166552983,11.321991874224253,9.99999999E8,11.461239025515523,6.339361166552983,31.883538072177622,38.92248707366989,6.339361166552983,6.493073232299171,24.539508960042376,
6.339361166552983,6.339361166552983,6.339361166552983,6.339361166552983,6.339361166552983,6.339361166552983,6.339361166552983,6.339361166552983,6.339361166552983,6.339361166552983,6.339361166552983,6.339361166552983,6.339361166552983,6.339361166552983,9.389355675444401,9.99999999E8,34.5,6.339361166552983,6.339361166552983,30.243456592570013,12.597375820027773,24.041630560342615,18.25342433627181,33.5,
6.339361166552983,6.339361166552983,6.339361166552983,6.339361166552983,6.339361166552983,6.339361166552983,6.339361166552983,6.339361166552983,6.339361166552983,6.339361166552983,6.339361166552983,6.339361166552983,8.751190395216717,9.99999999E8,37.97367509209505,32.5,33.5,19.981624211320984,12.592987466575726,14.557357818871756,9.99999999E8,47.5,12.832251036613439,8.5,
6.339361166552983,6.339361166552983,6.339361166552983,6.339361166552983,6.339361166552983,6.339361166552983,6.339361166552983,6.339361166552983,6.339361166552983,6.339361166552983,6.339361166552983,6.339361166552983,6.339361166552983,6.339361166552983,6.339361166552983,11.77115117564973,8.5,9.99999999E8,36.237929024711114,6.339361166552983,19.122957407263137,21.35220519446801,6.339361166552983,20.643643089338664,
6.339361166552983,6.339361166552983,6.339361166552983,6.339361166552983,6.339361166552983,6.339361166552983,6.339361166552983,6.339361166552983,6.339361166552983,6.339361166552983,6.339361166552983,6.339361166552983,12.833311246557548,15.368392889303683,37.83764659700706,18.30812661087966,12.106196760337244,9.99999999E8,15.368392889303683,29.80247472945829,17.859999771465137,10.005467255455889,54.5,46.05069670120819,
6.339361166552983,6.339361166552983,6.339361166552983,6.339361166552983,6.339361166552983,6.339361166552983,6.339361166552983,6.339361166552983,6.339361166552983,6.339361166552983,6.339361166552983,6.339361166552983,50.20624131187941,19.577162872143884,6.339361166552983,31.234329404252197,21.70161284328886,12.832251036613439,18.247191564731267,13.080944580232387,16.78044496827582,10.684568311354464,9.389355675444401,22.049036260118037,
6.339361166552983,6.339361166552983,6.339361166552983,6.339361166552983,6.339361166552983,6.339361166552983,6.339361166552983,6.339361166552983,6.339361166552983,6.339361166552983,6.339361166552983,6.339361166552983,12.592987466575726,38.92248707366989,15.122417134836613,12.832251036613439,52.5,20.932271735289508,20.049937655763422,29.785692874264313,12.832251036613439,20.72890493972125,22.5,25.252475126212875,
6.339361166552983,6.339361166552983,6.339361166552983,6.339361166552983,6.339361166552983,6.339361166552983,6.339361166552983,6.339361166552983,6.339361166552983,6.339361166552983,6.339361166552983,6.339361166552983,47.42010825237187,6.339361166552983,22.280219102722175,22.448088263071906,34.665364558879226,26.812621406096543,17.397988389466178,9.99999999E8,26.47010892812243,21.706853756359994,6.339361166552983,9.99999999E8,
6.339361166552983,6.339361166552983,6.339361166552983,6.339361166552983,6.339361166552983,6.339361166552983,6.339361166552983,6.339361166552983,6.339361166552983,6.339361166552983,6.339361166552983,6.339361166552983,34.5,12.832251036613439,13.5,13.5,14.739402972983676,6.339361166552983,44.03029260255565,15.368392889303683,6.339361166552983,22.5,11.461239025515523,6.339361166552983,
6.339361166552983,6.339361166552983,6.339361166552983,6.339361166552983,6.339361166552983,6.339361166552983,6.339361166552983,6.339361166552983,6.339361166552983,6.339361166552983,6.339361166552983,6.339361166552983,12.39175353029407,10.0093706095838,13.853399101544236,6.339361166552983,12.9772170847723,6.339361166552983,6.339361166552983,6.339361166552983,12.592987466575726,6.339361166552983,6.339361166552983,6.339361166552983,
6.339361166552983,6.339361166552983,6.339361166552983,6.339361166552983,6.339361166552983,6.339361166552983,6.339361166552983,6.339361166552983,6.339361166552983,6.339361166552983,6.339361166552983,6.339361166552983,6.339361166552983,15.368392889303683,18.225257199831226,11.856784274554942,29.223278392404914,33.5,17.893783836852393,16.640813281407453,9.99999999E8,6.339361166552983,6.339361166552983,33.1762967593833,
6.339361166552983,6.339361166552983,6.339361166552983,6.339361166552983,6.339361166552983,6.339361166552983,6.339361166552983,6.339361166552983,6.339361166552983,6.339361166552983,6.339361166552983,6.339361166552983,6.339361166552983,6.584831053261731,10.240086669555097,22.627416997969522,24.530796970339143,13.540877811309961,24.779023386727733,32.5,17.893783836852393,21.188676221038442,12.024280990285172,12.833311246557546,
6.339361166552983,6.339361166552983,6.339361166552983,6.339361166552983,6.339361166552983,6.339361166552983,6.339361166552983,6.339361166552983,6.339361166552983,6.339361166552983,6.339361166552983,6.339361166552983,14.538225476308998,43.36665385600631,36.00260407248342,20.83266665599966,13.149778198382917,12.162099599438687,47.5,21.553653982561748,6.339361166552983,34.665364558879226,9.389355675444401,20.54720175595694,
6.339361166552983,6.339361166552983,6.339361166552983,6.339361166552983,6.339361166552983,6.339361166552983,6.339361166552983,6.339361166552983,6.339361166552983,6.339361166552983,6.339361166552983,6.339361166552983,16.335831016510912,23.920441049445557,11.77115117564973,24.45914961727002,21.256451601663848,44.56455991031439,26.812621406096543,26.47010892812243,9.389355675444401,10.361467077590895,22.5,6.339361166552983,
6.339361166552983,6.339361166552983,6.339361166552983,6.339361166552983,6.339361166552983,6.339361166552983,6.339361166552983,6.339361166552983,6.339361166552983,6.339361166552983,6.339361166552983,6.339361166552983,14.514360704718161,6.339361166552983,9.99999999E8,41.72753886823425,7.628073151196179,16.252999723128035,13.149778198382917,11.923086848631105,13.329947486768281,43.36665385600631,36.47259244967377,21.706853756359994,
6.339361166552983,6.339361166552983,6.339361166552983,6.339361166552983,6.339361166552983,6.339361166552983,6.339361166552983,6.339361166552983,6.339361166552983,6.339361166552983,6.339361166552983,6.339361166552983,22.252808811473667,19.2142525225417,29.13188402192118,24.293774922806872,11.034491379306978,7.628073151196179,50.20624131187941,30.243456592570013,17.359723500102184,6.339361166552983,19.72206885699368,12.578641509408806,
6.339361166552983,6.339361166552983,6.339361166552983,6.339361166552983,6.339361166552983,6.339361166552983,6.339361166552983,6.339361166552983,6.339361166552983,6.339361166552983,6.339361166552983,6.339361166552983,13.273563952458284,20.049937655763422,9.99999999E8,11.04158805003459,24.587801853764805,15.368392889303683,6.339361166552983,9.99999999E8,43.36665385600631,13.5,12.364824660660936,34.03762623920769,
6.339361166552983,6.339361166552983,6.339361166552983,6.339361166552983,6.339361166552983,6.339361166552983,6.339361166552983,6.339361166552983,6.339361166552983,6.339361166552983,6.339361166552983,6.339361166552983,22.5,9.99999999E8,6.339361166552983,29.473151624260794,36.07890657988404,26.14880494401226,10.579067381705567,6.339361166552983,46.05069670120819,6.339361166552983,47.42010825237187,11.265729744080792,
6.339361166552983,6.339361166552983,6.339361166552983,6.339361166552983,6.339361166552983,6.339361166552983,6.339361166552983,6.339361166552983,6.339361166552983,6.339361166552983,6.339361166552983,6.339361166552983,13.5,20.72890493972125,24.530796970339143,22.5,22.92945703674642,11.034491379306978,18.952242611363964,17.547554435495183,46.676189504571454,6.339361166552983,12.024280990285172,6.339361166552983,
6.339361166552983,6.339361166552983,6.339361166552983,6.339361166552983,6.339361166552983,6.339361166552983,6.339361166552983,6.339361166552983,6.339361166552983,6.339361166552983,6.339361166552983,6.339361166552983,18.498310733685926,30.235078964672805,15.368392889303683,13.195051155641648,15.58717421471897,12.840906856172149,6.339361166552983,9.99999999E8,6.339361166552983,34.5,10.166612021711067,16.726027621644057,
6.339361166552983,6.339361166552983,6.339361166552983,6.339361166552983,6.339361166552983,6.339361166552983,6.339361166552983,6.339361166552983,6.339361166552983,6.339361166552983,6.339361166552983,6.339361166552983,16.469669092000604,9.389355675444401,11.461239025515523,15.368392889303683,19.742340286804904,34.5,13.775340286178052,6.339361166552983,36.15504805694496,28.72907934480324,25.57655176133014,20.54720175595694,
6.339361166552983,6.339361166552983,6.339361166552983,6.339361166552983,6.339361166552983,6.339361166552983,6.339361166552983,6.339361166552983,6.339361166552983,6.339361166552983,6.339361166552983,6.339361166552983,6.584831053261731,21.706853756359994,50.20624131187941,12.766346064427937,6.339361166552983,17.70564881612645,22.627416997969522,20.54263858417414,12.832251036613439,19.80530232033836,6.339361166552983,16.269219403523945,
6.339361166552983,6.339361166552983,6.339361166552983,6.339361166552983,6.339361166552983,6.339361166552983,6.339361166552983,6.339361166552983,6.339361166552983,6.339361166552983,6.339361166552983,6.339361166552983,18.247191564731267,18.30812661087966,10.280442597476044,13.5,15.104966070799366,33.796264586489436,12.832251036613439,9.99999999E8,18.84090209721219,6.339361166552983,7.628073151196179,17.80756510587565,
6.339361166552983,6.339361166552983,6.339361166552983,6.339361166552983,6.339361166552983,6.339361166552983,6.339361166552983,6.339361166552983,6.339361166552983,6.339361166552983,6.339361166552983,6.339361166552983,14.538225476308998,20.54720175595694,35.5,12.406315595964285,12.238373167123878,15.58717421471897,43.36665385600631,22.627416997969522,15.368392889303683,27.542391568876756,6.339361166552983,16.274500760392005,
6.339361166552983,6.339361166552983,6.339361166552983,6.339361166552983,6.339361166552983,6.339361166552983,6.339361166552983,6.339361166552983,6.339361166552983,6.339361166552983,6.339361166552983,6.339361166552983,12.592987466575726,6.339361166552983,8.5,28.385911998736276,9.389355675444401,43.36665385600631,34.00235285976545,6.339361166552983,15.368392889303683,6.339361166552983,6.584831053261731,15.57776192739723,
6.339361166552983,6.339361166552983,6.339361166552983,6.339361166552983,6.339361166552983,6.339361166552983,6.339361166552983,6.339361166552983,6.339361166552983,6.339361166552983,6.339361166552983,6.339361166552983,52.5,6.339361166552983,22.5,20.54263858417414,9.99999999E8,12.592987466575726,13.013814775076522,35.78669445478305,37.532208390483326,15.368392889303683,13.5,37.532208390483326,
6.339361166552983,6.339361166552983,6.339361166552983,6.339361166552983,6.339361166552983,6.339361166552983,6.339361166552983,6.339361166552983,6.339361166552983,6.339361166552983,6.339361166552983,6.339361166552983,22.79824554653274,16.39867880857073,9.99999999E8,6.339361166552983,15.33836060739377,17.772433007329074,37.06329046374593,21.706853756359994,21.706853756359994,15.368392889303683,12.592987466575726,36.47259244967377,
6.339361166552983,6.339361166552983,6.339361166552983,6.339361166552983,6.339361166552983,6.339361166552983,6.339361166552983,6.339361166552983,6.339361166552983,6.339361166552983,6.339361166552983,6.339361166552983,15.368392889303683,6.339361166552983,6.339361166552983,6.339361166552983,12.868930608251798,47.5,14.720309100015529,24.779023386727733,12.832251036613439,13.429794302222206,6.339361166552983,43.36665385600631,
6.339361166552983,6.339361166552983,6.339361166552983,6.339361166552983,6.339361166552983,6.339361166552983,6.339361166552983,6.339361166552983,6.339361166552983,6.339361166552983,6.339361166552983,6.339361166552983,24.116038922951947,10.950646860650135,15.368392889303683,18.551549800488367,19.6871362400257,9.99999999E8,21.64871050817269,41.215136782497765,21.95449840010015,24.39180190145861,6.339361166552983,6.339361166552983,
6.339361166552983,6.339361166552983,6.339361166552983,6.339361166552983,6.339361166552983,6.339361166552983,6.339361166552983,6.339361166552983,6.339361166552983,6.339361166552983,6.339361166552983,6.339361166552983,6.339361166552983,9.389355675444401,11.321991874224253,13.5,24.293774922806872,47.42010825237187,10.361467077590895,30.291638010073562,16.53027525481654,14.204224723651762,6.339361166552983,11.321991874224253,
6.339361166552983,6.339361166552983,6.339361166552983,6.339361166552983,6.339361166552983,6.339361166552983,6.339361166552983,6.339361166552983,6.339361166552983,6.339361166552983,6.339361166552983,6.339361166552983,9.389355675444401,35.5,41.72753886823425,22.627416997969522,29.785692874264313,23.77498685593748,29.473151624260794,6.339361166552983,12.832251036613439,23.24134247413432,6.339361166552983,6.339361166552983,
6.339361166552983,6.339361166552983,6.339361166552983,6.339361166552983,6.339361166552983,6.339361166552983,6.339361166552983,6.339361166552983,6.339361166552983,6.339361166552983,6.339361166552983,6.339361166552983,22.627416997969522,6.339361166552983,12.832251036613439,13.5,43.36665385600631,47.42010825237187,6.339361166552983,35.967867604293694,12.832251036613439,11.95237947021429,6.339361166552983,38.92248707366989,
6.339361166552983,6.339361166552983,6.339361166552983,6.339361166552983,6.339361166552983,6.339361166552983,6.339361166552983,6.339361166552983,6.339361166552983,6.339361166552983,6.339361166552983,6.339361166552983,19.02917168454791,12.832251036613439,12.832251036613439,33.5,9.417742699342575,6.339361166552983,12.597375820027773,22.627416997969522,15.368392889303683,21.405314760591587,19.854155736268414,11.856784274554942,
6.339361166552983,6.339361166552983,6.339361166552983,6.339361166552983,6.339361166552983,6.339361166552983,6.339361166552983,6.339361166552983,6.339361166552983,6.339361166552983,6.339361166552983,6.339361166552983,12.832251036613439,6.339361166552983,21.924111536540465,15.368392889303683,22.267391735312817,18.551549800488367,32.5,43.36665385600631,36.47259244967377,31.63331577098213,12.719189352225941,6.339361166552983,
6.339361166552983,6.339361166552983,6.339361166552983,6.339361166552983,6.339361166552983,6.339361166552983,6.339361166552983,6.339361166552983,6.339361166552983,6.339361166552983,6.339361166552983,6.339361166552983,12.832251036613439,21.17191535974013,21.146808269807526,34.5,9.389355675444401,22.5,17.795130420052185,12.299999999999999,47.42010825237187,26.47010892812243,19.671298889498882,10.920865630637937,
6.339361166552983,6.339361166552983,6.339361166552983,6.339361166552983,6.339361166552983,6.339361166552983,6.339361166552983,6.339361166552983,6.339361166552983,6.339361166552983,6.339361166552983,6.339361166552983,29.473151624260794,12.592987466575726,9.98436277385793,29.382988275531133,12.832251036613439,21.556611514799815,14.514360704718161,21.706853756359994,9.171116344262568,16.214705259938174,21.924111536540465,6.339361166552983,
6.339361166552983,6.339361166552983,6.339361166552983,6.339361166552983,6.339361166552983,6.339361166552983,6.339361166552983,6.339361166552983,6.339361166552983,6.339361166552983,6.339361166552983,6.339361166552983,6.339361166552983,6.339361166552983,44.56455991031439,13.54810025088991,38.92248707366989,6.339361166552983,18.225257199831226,52.5,20.999047597450698,12.832251036613439,12.832251036613439,36.34097778908359,
6.339361166552983,6.339361166552983,6.339361166552983,6.339361166552983,6.339361166552983,6.339361166552983,6.339361166552983,6.339361166552983,6.339361166552983,6.339361166552983,6.339361166552983,6.339361166552983,6.339361166552983,47.42010825237187,12.106196760337244,12.832251036613439,34.5,38.92248707366989,46.05069670120819,12.832251036613439,8.5,6.339361166552983,18.25342433627181,26.37588861062315,
6.339361166552983,6.339361166552983,6.339361166552983,6.339361166552983,6.339361166552983,6.339361166552983,6.339361166552983,6.339361166552983,6.339361166552983,6.339361166552983,6.339361166552983,6.339361166552983,52.5,17.795130420052185,18.247191564731267,20.72890493972125,10.166612021711067,12.365947867699695,10.92520022699813,25.15074551578939,30.48257699079919,6.339361166552983,21.924111536540465,18.30812661087966,
6.339361166552983,6.339361166552983,6.339361166552983,6.339361166552983,6.339361166552983,6.339361166552983,6.339361166552983,6.339361166552983,6.339361166552983,6.339361166552983,6.339361166552983,6.339361166552983,20.54720175595694,12.832251036613439,21.96967607104544,12.910751333675357,12.766346064427937,47.42010825237187,12.832251036613439,21.700614430625386,9.99999999E8,32.5,29.473151624260794,22.5,
6.339361166552983,6.339361166552983,6.339361166552983,6.339361166552983,6.339361166552983,6.339361166552983,6.339361166552983,6.339361166552983,6.339361166552983,6.339361166552983,6.339361166552983,6.339361166552983,25.158696309626222,6.339361166552983,20.488045294756645,13.84035966135113,23.45207879911715,6.493073232299171,28.80727989588743,6.339361166552983,9.99999999E8,10.166612021711067,12.832251036613439,15.368392889303683,
6.339361166552983,6.339361166552983,6.339361166552983,6.339361166552983,6.339361166552983,6.339361166552983,6.339361166552983,6.339361166552983,6.339361166552983,6.339361166552983,6.339361166552983,6.339361166552983,6.339361166552983,14.538225476308998,12.028611723719408,13.5,12.832251036613439,22.31865697078549,15.368392889303683,28.329489935401238,6.339361166552983,47.42010825237187,21.423351745233514,6.339361166552983,
6.339361166552983,6.339361166552983,6.339361166552983,6.339361166552983,6.339361166552983,6.339361166552983,6.339361166552983,6.339361166552983,6.339361166552983,6.339361166552983,6.339361166552983,6.339361166552983,39.370039370059054,20.740298937093456,6.339361166552983,23.920441049445557,27.271963625672427,6.339361166552983,41.72753886823425,17.417232845661793,17.893783836852393,18.30812661087966,12.685293322058685,6.339361166552983,
6.339361166552983,6.339361166552983,6.339361166552983,6.339361166552983,6.339361166552983,6.339361166552983,6.339361166552983,6.339361166552983,6.339361166552983,6.339361166552983,6.339361166552983,6.339361166552983,6.339361166552983,9.99999999E8,12.907725399930074,37.66519171153476,12.822174669895356,46.69760878960149,18.6656948240698,6.339361166552983,21.924111536540465,15.368392889303683,13.986042149228638,22.5,
6.339361166552983,6.339361166552983,6.339361166552983,6.339361166552983,6.339361166552983,6.339361166552983,6.339361166552983,6.339361166552983,6.339361166552983,6.339361166552983,6.339361166552983,6.339361166552983,3.7416573867739413,42.88574938135044,12.833311246557548,20.124104746217522,54.5,33.5,18.10414317221337,22.5,13.281873484765095,44.56455991031439,35.5,21.64871050817269,
3.7416573867739413,6.339361166552983,6.339361166552983,6.339361166552983,6.339361166552983,6.339361166552983,6.339361166552983,6.339361166552983,6.339361166552983,6.339361166552983,6.339361166552983,6.339361166552983,28.329489935401238,19.2142525225417,18.551549800488367,13.149778198382917,6.339361166552983,6.339361166552983,33.1762967593833,15.814846663815619,6.339361166552983,11.526464115243668,18.247191564731267,6.339361166552983,
3.7416573867739413,6.339361166552983,6.339361166552983,6.339361166552983,6.339361166552983,6.339361166552983,6.339361166552983,6.339361166552983,6.339361166552983,6.339361166552983,6.339361166552983,6.339361166552983,13.329947486768281,6.339361166552983,16.975276139138355,22.627416997969522,13.5,11.4564392373896,16.22545241657221,22.76373211931646,6.339361166552983,18.625699092025155,52.5,14.675127767757253,
3.7416573867739413,6.339361166552983,6.339361166552983,6.339361166552983,6.339361166552983,6.339361166552983,6.339361166552983,6.339361166552983,6.339361166552983,6.339361166552983,6.339361166552983,6.339361166552983,12.884098726725126,14.660036380127666,15.171931320698759,29.709706606876257,12.899928808536352,10.361467077590895,17.893783836852393,32.5,12.180286326683786,18.551549800488367,12.155657119218196,13.149778198382917,
3.7416573867739413,6.339361166552983,6.339361166552983,6.339361166552983,6.339361166552983,6.339361166552983,6.339361166552983,6.339361166552983,6.339361166552983,6.339361166552983,6.339361166552983,6.339361166552983,13.332666649999167,3.7416573867739413,15.89427881891952,6.339361166552983,6.339361166552983,20.740298937093456,12.244046172187797,6.339361166552983,22.627416997969522,6.493073232299171,12.766346064427937,10.361467077590895,
3.7416573867739413,3.7416573867739413,6.339361166552983,6.339361166552983,6.339361166552983,6.339361166552983,6.339361166552983,6.339361166552983,6.339361166552983,6.339361166552983,6.339361166552983,6.339361166552983,12.832251036613439,12.823589374447563,6.339361166552983,20.54263858417414,6.339361166552983,22.627416997969522,35.102528398962946,15.649813630413195,15.58717421471897,12.106196760337244,16.77050983124842,21.706853756359994,
3.7416573867739413,3.7416573867739413,6.339361166552983,6.339361166552983,6.339361166552983,6.339361166552983,6.339361166552983,6.339361166552983,6.339361166552983,6.339361166552983,6.339361166552983,6.339361166552983,19.076599976585626,20.710303393882636,10.986076531274502,12.832251036613439,12.298373876248844,41.72753886823425,8.036375634160796,32.5,6.339361166552983,23.61694307060082,18.589871794429712,38.40138886377245,
3.7416573867739413,3.7416573867739413,6.339361166552983,6.339361166552983,6.339361166552983,6.339361166552983,6.339361166552983,6.339361166552983,6.339361166552983,6.339361166552983,6.339361166552983,6.339361166552983,6.339361166552983,6.339361166552983,10.166612021711067,37.83764659700706,6.339361166552983,13.149778198382917,15.562374497485916,34.184206879785876,54.5,32.88141572377929,26.14880494401226,8.751190395216717,
3.7416573867739413,3.7416573867739413,6.339361166552983,6.339361166552983,6.339361166552983,6.339361166552983,6.339361166552983,6.339361166552983,6.339361166552983,6.339361166552983,6.339361166552983,6.339361166552983,12.832251036613439,13.5,15.562374497485916,10.361467077590895,22.5,6.339361166552983,18.713297411199342,10.245954901166346,12.271240089466644,6.339361166552983,11.321991874224253,13.5,
3.7416573867739413,3.7416573867739413,6.339361166552983,6.339361166552983,6.339361166552983,6.339361166552983,6.339361166552983,6.339361166552983,6.339361166552983,6.339361166552983,6.339361166552983,6.339361166552983,47.5,11.882234638316145,29.017236257093817,20.83266665599966,21.924111536540465,13.5,4.08248290463863,22.5,15.368392889303683,25.158696309626222,12.642655365621478,12.106196760337244,
3.7416573867739413,3.7416573867739413,4.08248290463863,6.339361166552983,6.339361166552983,6.339361166552983,6.339361166552983,6.339361166552983,6.339361166552983,6.339361166552983,6.339361166552983,6.339361166552983,14.710817899264002,9.99999999E8,6.339361166552983,13.149778198382917,13.173876438169717,11.321991874224253,6.339361166552983,6.339361166552983,9.99999999E8,33.1762967593833,26.621185172715357,6.584831053261731,
3.7416573867739413,3.7416573867739413,4.08248290463863,6.339361166552983,6.339361166552983,6.339361166552983,6.339361166552983,6.339361166552983,6.339361166552983,6.339361166552983,6.339361166552983,6.339361166552983,22.5,22.5,21.64871050817269,30.21071829665756,11.53082824431966,6.584831053261731,18.68099547231717,22.627416997969522,20.83266665599966,13.090430665184396,33.5,21.924111536540465,
3.7416573867739413,3.7416573867739413,4.08248290463863,6.339361166552983,6.339361166552983,6.339361166552983,6.339361166552983,6.339361166552983,6.339361166552983,6.339361166552983,6.339361166552983,6.339361166552983,8.5,25.272267409158207,25.272267409158207,22.5,9.99999999E8,12.766346064427937,13.5,21.146808269807526,38.92248707366989,32.04976598978532,13.5,8.417801078666566,
3.7416573867739413,3.7416573867739413,4.08248290463863,6.339361166552983,6.339361166552983,6.339361166552983,6.339361166552983,6.339361166552983,6.339361166552983,6.339361166552983,6.339361166552983,6.339361166552983,4.08248290463863,28.329489935401238,11.321991874224253,9.99999999E8,14.228297313608696,17.383541066192468,25.57655176133014,9.417742699342575,12.832251036613439,21.95449840010015,14.087031072743628,20.910889654016373,
3.7416573867739413,3.7416573867739413,4.08248290463863,4.08248290463863,6.339361166552983,6.339361166552983,6.339361166552983,6.339361166552983,6.339361166552983,6.339361166552983,6.339361166552983,6.339361166552983,38.40138886377245,13.70255450636851,34.47734763580284,29.473151624260794,30.914195768287424,12.9772170847723,4.08248290463863,22.82359889821644,25.06807059319297,16.347782724271816,6.339361166552983,26.771019778857884,
3.7416573867739413,3.7416573867739413,4.08248290463863,4.08248290463863,4.08248290463863,6.339361166552983,6.339361166552983,6.339361166552983,6.339361166552983,6.339361166552983,6.339361166552983,6.339361166552983,21.654483754332883,11.903255857117413,44.03029260255565,14.095881581193153,11.321991874224253,44.56455991031439,11.461239025515523,18.225257199831226,24.304063446263466,13.5,22.79824554653274,9.389355675444401,
3.7416573867739413,3.7416573867739413,4.08248290463863,4.08248290463863,4.08248290463863,6.339361166552983,6.339361166552983,6.339361166552983,6.339361166552983,6.339361166552983,6.339361166552983,6.339361166552983,12.345370114553315,9.99999999E8,13.70255450636851,41.763470880663164,4.08248290463863,47.42010825237187,20.54720175595694,13.5,21.96967607104544,16.859715300087366,19.48743184721886,18.551549800488367,
3.7416573867739413,3.7416573867739413,4.08248290463863,4.08248290463863,4.08248290463863,4.08248290463863,6.339361166552983,6.339361166552983,6.339361166552983,6.339361166552983,6.339361166552983,6.339361166552983,22.252808811473667,33.5,11.034491379306978,14.715977711317723,6.339361166552983,3.7416573867739413,11.53082824431966,6.339361166552983,19.43150363027353,4.08248290463863,22.355312567709717,30.8441242378512,
3.7416573867739413,3.7416573867739413,3.7416573867739413,4.08248290463863,4.08248290463863,4.08248290463863,4.08248290463863,4.08248290463863,6.339361166552983,6.339361166552983,6.339361166552983,6.339361166552983,47.42010825237187,9.99999999E8,31.026870075253587,4.08248290463863,41.72753886823425,4.08248290463863,13.013814775076522,16.580611166861935,16.630093204789922,15.122417134836613,9.99999999E8,15.368392889303683,
3.7416573867739413,3.7416573867739413,3.7416573867739413,4.08248290463863,4.08248290463863,4.08248290463863,4.08248290463863,4.08248290463863,4.08248290463863,4.08248290463863,6.339361166552983,6.339361166552983,4.08248290463863,47.42010825237187,4.08248290463863,14.2884568795934,21.706853756359994,12.592060990957755,28.059935851672932,11.712706775122479,7.35934779718964,3.7416573867739413,4.08248290463863,19.122957407263137,
3.7416573867739413,3.7416573867739413,3.7416573867739413,3.7416573867739413,4.08248290463863,4.08248290463863,4.08248290463863,4.08248290463863,4.08248290463863,4.08248290463863,4.08248290463863,4.08248290463863,12.871965661856,17.405746177627663,8.5,4.08248290463863,14.505452880393156,22.627416997969522,10.03327796219494,3.7416573867739413,15.88238017426859,21.553653982561748,18.25342433627181,14.538225476308998,
3.7416573867739413,3.7416573867739413,3.7416573867739413,3.7416573867739413,3.7416573867739413,4.08248290463863,4.08248290463863,4.08248290463863,4.08248290463863,4.08248290463863,4.08248290463863,4.08248290463863,33.1762967593833,47.5,16.070158679988197,18.551549800488367,9.99999999E8,10.03327796219494,52.5,33.5,23.5,3.7416573867739413,4.08248290463863,22.982330169066845,
3.7416573867739413,3.7416573867739413,3.7416573867739413,3.7416573867739413,3.7416573867739413,3.7416573867739413,4.08248290463863,4.08248290463863,4.08248290463863,4.08248290463863,4.08248290463863,4.08248290463863,47.5,33.1762967593833,31.63331577098213,3.7416573867739413,15.104966070799366,9.389355675444401,40.429692059178485,14.864723340849636,37.83764659700706,17.89553016817328,38.92248707366989,3.7416573867739413,
3.7416573867739413,3.7416573867739413,3.7416573867739413,3.7416573867739413,3.7416573867739413,3.7416573867739413,3.7416573867739413,3.7416573867739413,4.08248290463863,4.08248290463863,4.08248290463863,4.08248290463863,21.924111536540465,13.5,9.508320738453563,20.54720175595694,3.7416573867739413,21.553653982561748,3.7416573867739413,9.99999999E8,10.087616170334794,32.5,47.5,47.5,
3.7416573867739413,3.7416573867739413,3.7416573867739413,3.7416573867739413,3.7416573867739413,3.7416573867739413,3.7416573867739413,3.7416573867739413,3.7416573867739413,3.7416573867739413,4.08248290463863,4.08248290463863,31.04331651096577,3.7416573867739413,3.7416573867739413,3.7416573867739413,11.497282287566918,41.72753886823425,23.5,3.7416573867739413,43.36665385600631,32.88141572377929,15.184202316881846,3.7416573867739413,
3.7416573867739413,3.7416573867739413,3.7416573867739413,3.7416573867739413,3.7416573867739413,3.7416573867739413,3.7416573867739413,3.7416573867739413,3.7416573867739413,3.7416573867739413,3.7416573867739413,3.7416573867739413,44.56455991031439,14.863265679744362,15.065841889411116,25.96150997149434,17.839562774911272,9.99999999E8,10.03327796219494,13.5,3.7416573867739413,24.587801853764805,29.81051268708183,38.96357273146291,
3.7416573867739413,3.7416573867739413,3.7416573867739413,3.7416573867739413,3.7416573867739413,3.7416573867739413,3.7416573867739413,3.7416573867739413,3.7416573867739413,3.7416573867739413,3.7416573867739413,3.7416573867739413,22.5,3.7416573867739413,43.36665385600631,38.96357273146291,14.486523910172515,11.4564392373896,22.5,3.7416573867739413,3.7416573867739413,43.36665385600631,21.894291493446413,14.514360704718161,
3.7416573867739413,3.7416573867739413,3.7416573867739413,3.7416573867739413,3.7416573867739413,3.7416573867739413,3.7416573867739413,3.7416573867739413,3.7416573867739413,3.7416573867739413,3.7416573867739413,3.7416573867739413,18.25342433627181,13.77270852083932,9.99999999E8,9.99999999E8,14.661514246489002,22.5,43.36665385600631,14.661514246489002,38.38863764188565,43.36665385600631,21.96967607104544,46.69760878960149,
3.7416573867739413,3.7416573867739413,3.7416573867739413,3.7416573867739413,3.7416573867739413,3.7416573867739413,3.7416573867739413,3.7416573867739413,3.7416573867739413,3.7416573867739413,3.7416573867739413,3.7416573867739413,22.76373211931646,13.5,3.7416573867739413,15.88238017426859,22.5,13.5,43.36665385600631,14.514360704718161,15.523517379664142,15.104966070799366,3.7416573867739413,37.79219496139381,
3.7416573867739413,3.7416573867739413,3.7416573867739413,3.7416573867739413,3.7416573867739413,3.7416573867739413,3.7416573867739413,3.7416573867739413,3.7416573867739413,3.7416573867739413,3.7416573867739413,3.7416573867739413,43.36665385600631,54.5,23.5,22.252808811473667,37.5,47.5,13.5,23.271943050233975,41.72753886823425,21.179785960517478,41.72753886823425,3.7416573867739413,
3.7416573867739413,3.7416573867739413,3.7416573867739413,3.7416573867739413,3.7416573867739413,3.7416573867739413,3.7416573867739413,3.7416573867739413,3.7416573867739413,3.7416573867739413,3.7416573867739413,3.7416573867739413,14.538225476308998,3.7416573867739413,32.88141572377929,3.7416573867739413,14.661514246489002,3.7416573867739413,14.514360704718161,3.7416573867739413,22.5,3.7416573867739413,13.5,11.882234638316145,
3.7416573867739413,3.7416573867739413,3.7416573867739413,3.7416573867739413,3.7416573867739413,3.7416573867739413,3.7416573867739413,3.7416573867739413,3.7416573867739413,3.7416573867739413,3.7416573867739413,3.7416573867739413,14.702380759591284,30.094642380330754,22.861904265976328,3.7416573867739413,11.712706775122479,19.179660450591925,3.7416573867739413,24.383601046605072,12.592060990957755,8.437268515343103,13.5,38.5,
3.7416573867739413,3.7416573867739413,3.7416573867739413,3.7416573867739413,3.7416573867739413,3.7416573867739413,3.7416573867739413,3.7416573867739413,3.7416573867739413,3.7416573867739413,3.7416573867739413,3.7416573867739413,3.7416573867739413,25.96150997149434,21.706853756359994,28.72907934480324,22.5,44.56455991031439,13.5,32.5,11.321991874224253,3.7416573867739413,9.99999999E8,3.7416573867739413,
3.7416573867739413,3.7416573867739413,3.7416573867739413,3.7416573867739413,3.7416573867739413,3.7416573867739413,3.7416573867739413,3.7416573867739413,3.7416573867739413,3.7416573867739413,3.7416573867739413,3.7416573867739413,43.36665385600631,18.25342433627181,3.7416573867739413,3.7416573867739413,22.627416997969522,20.56962262658214,24.57005290999594,28.994252303976847,21.706853756359994,19.122957407263137,13.5,47.5,
3.7416573867739413,3.7416573867739413,3.7416573867739413,3.7416573867739413,3.7416573867739413,3.7416573867739413,3.7416573867739413,3.7416573867739413,3.7416573867739413,3.7416573867739413,3.7416573867739413,3.7416573867739413,16.207833832780384,32.88141572377929,22.355312567709717,23.6,47.5,11.497282287566918,13.5,22.5,21.93775982461402,12.832251036613439,18.551549800488367,23.27573844156185,
3.7416573867739413,3.7416573867739413,3.7416573867739413,3.7416573867739413,3.7416573867739413,3.7416573867739413,3.7416573867739413,3.7416573867739413,3.7416573867739413,3.7416573867739413,3.7416573867739413,3.7416573867739413,14.042346669983617,33.1762967593833,22.627416997969522,13.5,30.474032661705056,3.7416573867739413,24.39180190145861,14.647866738880444,41.72753886823425,3.7416573867739413,47.5,19.122957407263137,
3.7416573867739413,3.7416573867739413,3.7416573867739413,3.7416573867739413,3.7416573867739413,3.7416573867739413,3.7416573867739413,3.7416573867739413,3.7416573867739413,3.7416573867739413,3.7416573867739413,3.7416573867739413,9.99999999E8,3.7416573867739413,22.5,13.5,3.7416573867739413,22.5,54.5,23.386249521175188,29.337120967584166,47.5,3.7416573867739413,15.01943185787443,
3.7416573867739413,3.7416573867739413,3.7416573867739413,3.7416573867739413,3.7416573867739413,3.7416573867739413,3.7416573867739413,3.7416573867739413,3.7416573867739413,3.7416573867739413,3.7416573867739413,3.7416573867739413,44.56455991031439,14.2884568795934,20.54720175595694,41.763470880663164,24.127992042439004,22.5,33.5,3.7416573867739413,29.4713420121989,25.252475126212875,22.5,3.7416573867739413,
3.7416573867739413,3.7416573867739413,3.7416573867739413,3.7416573867739413,3.7416573867739413,3.7416573867739413,3.7416573867739413,3.7416573867739413,3.7416573867739413,3.7416573867739413,3.7416573867739413,3.7416573867739413,3.7416573867739413,22.5,3.7416573867739413,15.88238017426859,18.225257199831226,11.497282287566918,22.76373211931646,24.779023386727733,3.7416573867739413,3.7416573867739413,3.7416573867739413,32.5,
3.7416573867739413,3.7416573867739413,3.7416573867739413,3.7416573867739413,3.7416573867739413,3.7416573867739413,3.7416573867739413,3.7416573867739413,3.7416573867739413,3.7416573867739413,3.7416573867739413,3.7416573867739413,7.118052168020874,15.702972117829585,20.102471862932678,22.627416997969522,21.553653982561748,15.368392889303683,12.93010054098575,13.5,16.660832312142553,13.287588193498472,36.47259244967377,13.5,
3.7416573867739413,3.7416573867739413,3.7416573867739413,3.7416573867739413,3.7416573867739413,3.7416573867739413,3.7416573867739413,3.7416573867739413,3.7416573867739413,3.7416573867739413,3.7416573867739413,3.7416573867739413,13.5,35.30099148749225,14.15655901924285,14.514360704718161,15.997395621371206,3.7416573867739413,13.65313748796613,3.7416573867739413,33.1762967593833,12.211034968420982,23.5,19.84155991851447,
3.7416573867739413,3.7416573867739413,3.7416573867739413,3.7416573867739413,3.7416573867739413,3.7416573867739413,3.7416573867739413,3.7416573867739413,3.7416573867739413,3.7416573867739413,3.7416573867739413,3.7416573867739413,15.497983739828868,3.7416573867739413,11.582745788456208,32.88141572377929,16.36640996064806,18.247191564731267,22.252808811473667,29.088829471121727,12.93010054098575,20.049937655763422,21.706853756359994,22.5,
3.7416573867739413,3.7416573867739413,3.7416573867739413,3.7416573867739413,3.7416573867739413,3.7416573867739413,3.7416573867739413,3.7416573867739413,3.7416573867739413,3.7416573867739413,3.7416573867739413,3.7416573867739413,36.68361350794112,26.621185172715357,16.849826903166296,21.924111536540465,14.236104336041748,3.7416573867739413,47.5,3.7416573867739413,14.236104336041748,30.357058823413098,3.7416573867739413,18.551549800488367,
3.7416573867739413,3.7416573867739413,3.7416573867739413,3.7416573867739413,3.7416573867739413,3.7416573867739413,3.7416573867739413,3.7416573867739413,3.7416573867739413,3.7416573867739413,3.7416573867739413,3.7416573867739413,21.544372815192368,22.049036260118037,38.92248707366989,26.621185172715357,12.92707913644842,15.104966070799364,10.087616170334794,3.7416573867739413,3.7416573867739413,16.028620235898867,3.7416573867739413,22.982330169066845,
3.7416573867739413,3.7416573867739413,3.7416573867739413,3.7416573867739413,3.7416573867739413,3.7416573867739413,3.7416573867739413,3.7416573867739413,3.7416573867739413,3.7416573867739413,3.7416573867739413,3.7416573867739413,43.36665385600631,22.5,22.5,7.118052168020874,22.382135733660448,3.7416573867739413,12.345370114553315,13.5,3.7416573867739413,11.497282287566918,20.049937655763422,26.621185172715357,
3.7416573867739413,3.7416573867739413,3.7416573867739413,3.7416573867739413,3.7416573867739413,3.7416573867739413,3.7416573867739413,3.7416573867739413,3.7416573867739413,3.7416573867739413,3.7416573867739413,3.7416573867739413,14.702380759591284,33.1762967593833,22.76373211931646,18.247191564731267,18.551549800488367,4.08248290463863,3.7416573867739413,3.7416573867739413,29.634228520412,35.5,19.636275953788523,25.158696309626222,
3.7416573867739413,3.7416573867739413,3.7416573867739413,3.7416573867739413,3.7416573867739413,3.7416573867739413,3.7416573867739413,3.7416573867739413,3.7416573867739413,3.7416573867739413,3.7416573867739413,3.7416573867739413,9.99999999E8,3.7416573867739413,22.5,18.244434082755213,7.118052168020874,4.08248290463863,22.5,15.368392889303683,44.56455991031439,28.491402211895434,22.5,18.247191564731267,
3.7416573867739413,3.7416573867739413,3.7416573867739413,3.7416573867739413,3.7416573867739413,3.7416573867739413,3.7416573867739413,3.7416573867739413,3.7416573867739413,3.7416573867739413,3.7416573867739413,3.7416573867739413,3.7416573867739413,3.7416573867739413,13.845215780189198,13.77270852083932,36.47259244967377,18.225257199831226,9.67923034130297,13.608361400256829,3.7416573867739413,3.7416573867739413,11.497282287566918,31.63331577098213,
3.7416573867739413,3.7416573867739413,3.7416573867739413,3.7416573867739413,3.7416573867739413,3.7416573867739413,3.7416573867739413,3.7416573867739413,3.7416573867739413,3.7416573867739413,3.7416573867739413,3.7416573867739413,20.83266665599966,3.7416573867739413,6.764613810115105,14.852048119142806,9.443913383762052,44.56455991031439,9.99999999E8,3.7416573867739413,21.924111536540465,43.36665385600631,12.336429791475327,11.882234638316145,
3.7416573867739413,3.7416573867739413,3.7416573867739413,3.7416573867739413,3.7416573867739413,3.7416573867739413,3.7416573867739413,3.7416573867739413,3.7416573867739413,3.7416573867739413,3.7416573867739413,3.7416573867739413,3.7416573867739413,41.72753886823425,22.5,21.348536249588633,11.321991874224253,13.5,22.5,31.63331577098213,3.7416573867739413,23.5,3.7416573867739413,19.84155991851447,
3.7416573867739413,3.7416573867739413,3.7416573867739413,3.7416573867739413,3.7416573867739413,3.7416573867739413,3.7416573867739413,3.7416573867739413,3.7416573867739413,3.7416573867739413,3.7416573867739413,3.7416573867739413,7.75806032459145,11.453711188955307,3.7416573867739413,21.95449840010015,4.08248290463863,21.405314760591587,37.83764659700706,22.5,43.36665385600631,25.321680433968044,16.145819892467525,20.54263858417414,
3.7416573867739413,3.7416573867739413,3.7416573867739413,3.7416573867739413,3.7416573867739413,3.7416573867739413,3.7416573867739413,3.7416573867739413,3.7416573867739413,3.7416573867739413,3.7416573867739413,3.7416573867739413,16.104657711357916,21.924111536540465,20.765054779605084,20.670026608594387,22.627416997969522,21.64871050817269,21.96967607104544,43.45327950799571,3.7416573867739413,19.277172380823906,13.5,36.07436763132515,
3.7416573867739413,3.7416573867739413,3.7416573867739413,3.7416573867739413,3.7416573867739413,3.7416573867739413,3.7416573867739413,3.7416573867739413,3.7416573867739413,3.7416573867739413,3.7416573867739413,3.7416573867739413,22.5,21.405314760591587,15.184202316881846,3.7416573867739413,22.5,14.2884568795934,29.532820725423434,17.282762439813272,16.959049943909005,14.953573987512149,11.575836902790225,9.67923034130297,
3.7416573867739413,3.7416573867739413,3.7416573867739413,3.7416573867739413,3.7416573867739413,3.7416573867739413,3.7416573867739413,3.7416573867739413,3.7416573867739413,3.7416573867739413,3.7416573867739413,3.7416573867739413,14.702380759591284,15.521490478258416,21.64871050817269,3.7416573867739413,3.7416573867739413,3.7416573867739413,11.485498102680033,3.7416573867739413,3.7416573867739413,3.7416573867739413,47.42010825237187,29.017236257093817,
3.7416573867739413,3.7416573867739413,3.7416573867739413,3.7416573867739413,3.7416573867739413,3.7416573867739413,3.7416573867739413,3.7416573867739413,3.7416573867739413,3.7416573867739413,3.7416573867739413,3.7416573867739413,8.437268515343103,22.5,15.283433296656002,44.56455991031439,21.821720830401986,3.7416573867739413,18.18130908378162,18.282505298782223,29.634228520412,41.72753886823425,3.7416573867739413,12.952219886953742,
3.7416573867739413,3.7416573867739413,3.7416573867739413,3.7416573867739413,3.7416573867739413,3.7416573867739413,3.7416573867739413,3.7416573867739413,3.7416573867739413,3.7416573867739413,3.7416573867739413,3.7416573867739413,44.56455991031439,41.72753886823425,13.5,22.5,3.7416573867739413,3.7416573867739413,12.336429791475327,41.72753886823425,17.325126262166172,3.7416573867739413,3.7416573867739413,22.049036260118037,
3.7416573867739413,3.7416573867739413,3.7416573867739413,3.7416573867739413,3.7416573867739413,3.7416573867739413,3.7416573867739413,3.7416573867739413,3.7416573867739413,3.7416573867739413,3.7416573867739413,3.7416573867739413,20.361319538117694,3.7416573867739413,21.146808269807526,32.38147618623957,25.96150997149434,3.7416573867739413,21.924111536540465,14.538225476308998,23.5,3.7416573867739413,3.7416573867739413,25.74800963181426,
3.7416573867739413,3.7416573867739413,3.7416573867739413,3.7416573867739413,3.7416573867739413,3.7416573867739413,3.7416573867739413,3.7416573867739413,3.7416573867739413,3.7416573867739413,3.7416573867739413,3.7416573867739413,20.95183981985197,9.196919774214264,20.54720175595694,3.7416573867739413,21.64871050817269,8.613216588476108,3.7416573867739413,10.099504938362077,3.7416573867739413,19.23113971385673,3.7416573867739413,22.355312567709717,
3.7416573867739413,3.7416573867739413,3.7416573867739413,3.7416573867739413,3.7416573867739413,3.7416573867739413,3.7416573867739413,3.7416573867739413,3.7416573867739413,3.7416573867739413,3.7416573867739413,3.7416573867739413,19.250541117935708,22.5,14.566657131957214,11.743118259060537,47.42010825237187,3.7416573867739413,20.54263858417414,13.5,3.7416573867739413,9.99999999E8,11.497282287566918,11.740389035031061,
3.7416573867739413,3.7416573867739413,3.7416573867739413,3.7416573867739413,3.7416573867739413,3.7416573867739413,3.7416573867739413,3.7416573867739413,3.7416573867739413,3.7416573867739413,3.7416573867739413,3.7416573867739413,22.5,14.661514246489002,20.010201479877857,52.5,14.647866738880444,3.7416573867739413,13.5,3.7416573867739413,22.627416997969522,7.118052168020874,22.16275028059469,38.674119253061214,
3.7416573867739413,3.7416573867739413,3.7416573867739413,3.7416573867739413,3.7416573867739413,3.7416573867739413,3.7416573867739413,3.7416573867739413,3.7416573867739413,3.7416573867739413,3.7416573867739413,3.7416573867739413,34.257602562545635,3.7416573867739413,3.7416573867739413,11.453711188955307,15.59696464452135,22.5,25.97999230176945,16.370705543744897,9.99999999E8,3.7416573867739413,28.146935890075138,20.54720175595694,
3.7416573867739413,3.7416573867739413,3.7416573867739413,3.7416573867739413,3.7416573867739413,3.7416573867739413,3.7416573867739413,3.7416573867739413,3.7416573867739413,3.7416573867739413,3.7416573867739413,3.7416573867739413,13.329947486768281,21.924111536540465,3.7416573867739413,26.47010892812243,25.158696309626222,23.5,47.42010825237187,3.7416573867739413,23.83610706470333,47.42010825237187,31.016124838541646,14.861338264099906,
3.7416573867739413,3.7416573867739413,3.7416573867739413,3.7416573867739413,3.7416573867739413,3.7416573867739413,3.7416573867739413,3.7416573867739413,3.7416573867739413,3.7416573867739413,3.7416573867739413,3.7416573867739413,3.7416573867739413,3.7416573867739413,22.5,12.336429791475327,3.7416573867739413,9.99999999E8,21.469979040511426,21.821720830401986,13.608361400256829,47.42010825237187,35.5,14.661514246489002,
3.7416573867739413,3.7416573867739413,3.7416573867739413,3.7416573867739413,3.7416573867739413,3.7416573867739413,3.7416573867739413,3.7416573867739413,3.7416573867739413,3.7416573867739413,3.7416573867739413,3.7416573867739413,13.684491445517768,16.14517471774978,14.729562111617575,3.7416573867739413,19.06786126793808,16.849826903166296,3.7416573867739413,21.894291493446413,46.69760878960149,3.7416573867739413,20.24073862288627,3.7416573867739413,
3.7416573867739413,3.7416573867739413,3.7416573867739413,3.7416573867739413,3.7416573867739413,3.7416573867739413,3.7416573867739413,3.7416573867739413,3.7416573867739413,3.7416573867739413,3.7416573867739413,3.7416573867739413,15.651198037211081,22.5,27.157890573609784,11.08873302050329,3.7416573867739413,33.5,14.84737163421339,12.952219886953742,23.370654676324325,12.9772170847723,3.7416573867739413,38.38863764188565,
3.7416573867739413,3.7416573867739413,3.7416573867739413,3.7416573867739413,3.7416573867739413,3.7416573867739413,3.7416573867739413,3.7416573867739413,3.7416573867739413,3.7416573867739413,3.7416573867739413,3.7416573867739413,26.966414296305693,3.7416573867739413,3.7416573867739413,41.72753886823425,3.7416573867739413,19.452716089669998,3.7416573867739413,13.5,13.86442289539028,3.7416573867739413,13.329947486768281,3.7416573867739413,
3.7416573867739413,3.7416573867739413,3.7416573867739413,3.7416573867739413,3.7416573867739413,3.7416573867739413,3.7416573867739413,3.7416573867739413,3.7416573867739413,3.7416573867739413,3.7416573867739413,3.7416573867739413,3.7416573867739413,3.7416573867739413,46.332359102467464,3.7416573867739413,24.779023386727733,15.104966070799366,3.7416573867739413,21.754309917807092,34.47734763580284,7.826237921249264,13.273563952458284,14.566657131957214,
3.7416573867739413,3.7416573867739413,3.7416573867739413,3.7416573867739413,3.7416573867739413,3.7416573867739413,3.7416573867739413,3.7416573867739413,3.7416573867739413,3.7416573867739413,3.7416573867739413,3.7416573867739413,3.7416573867739413,3.7416573867739413,18.25342433627181,22.627416997969522,3.7416573867739413,3.7416573867739413,26.47010892812243,3.7416573867739413,13.329947486768281,16.277591959500644,10.684568311354464,17.79016582272352,
3.7416573867739413,3.7416573867739413,3.7416573867739413,3.7416573867739413,3.7416573867739413,3.7416573867739413,3.7416573867739413,3.7416573867739413,3.7416573867739413,3.7416573867739413,3.7416573867739413,3.7416573867739413,22.627416997969522,21.146808269807526,13.5,3.7416573867739413,3.7416573867739413,38.92248707366989,13.932783245984696,13.5,10.424330514074594,15.997395621371206,3.7416573867739413,38.92248707366989,
3.7416573867739413,3.7416573867739413,3.7416573867739413,3.7416573867739413,3.7416573867739413,3.7416573867739413,3.7416573867739413,3.7416573867739413,3.7416573867739413,3.7416573867739413,3.7416573867739413,3.7416573867739413,21.924111536540465,23.794116919944727,21.924111536540465,21.64871050817269,22.627416997969522,3.7416573867739413,22.5,21.479292353334177,47.5,21.924111536540465,35.505868059613285,31.63726705432482,
3.7416573867739413,3.7416573867739413,3.7416573867739413,3.7416573867739413,3.7416573867739413,3.7416573867739413,3.7416573867739413,3.7416573867739413,3.7416573867739413,3.7416573867739413,3.7416573867739413,3.7416573867739413,14.872373717735847,3.7416573867739413,25.914301464792818,3.7416573867739413,30.400452299266863,12.832251036613439,18.282505298782223,15.305227865013967,14.042346669983617,3.7416573867739413,13.273563952458284,22.5,
3.7416573867739413,3.7416573867739413,3.7416573867739413,3.7416573867739413,3.7416573867739413,3.7416573867739413,3.7416573867739413,3.7416573867739413,3.7416573867739413,3.7416573867739413,3.7416573867739413,3.7416573867739413,14.90377297799426,22.5,22.5,13.5,20.604853797103246,13.5,10.0093706095838,8.5,7.984985911070852,3.7416573867739413,23.44541533008106,24.779023386727733,
