9.99999999E8,41.78813149548921,41.34677200889515,66.29027077935343,83.39197936385862,105.40082226118226,116.19272782751939,74.44598096359972,49.02571428502623,78.62569554541314,91.93475947648963,128.45102828185793,80.46421438079393,72.56414786625386,53.340299024283695,158.57884474292277,128.41469282497752,133.6216674046541,78.62569554541314,94.21724305502093,82.30161332292069,113.42299374555444,57.97712427134956,44.42221666388715,
41.34677200889515,41.78813149548921,44.42221666388715,49.02571428502623,53.340299024283695,57.97712427134956,66.29027077935343,72.56414786625386,74.44598096359972,78.62569554541314,78.62569554541314,80.46421438079393,57.025593967506715,128.32302988941618,59.58933536203344,87.1217773098819,58.37111871465203,71.81767037281129,44.42221666388715,85.40308835165155,80.05747935077646,66.83645046762366,39.75172952212268,64.87526493202166,
39.75172952212268,41.34677200889515,41.78813149548921,44.42221666388715,44.42221666388715,49.02571428502623,53.340299024283695,57.025593967506715,57.97712427134956,58.37111871465203,59.58933536203344,64.87526493202166,57.988504607953686,57.745041310214404,42.313643715053004,74.2024258363566,53.515589946733634,49.02571428502623,109.62055768270231,45.7230795113365,145.46706385524755,88.0613422564067,90.62560344626678,61.95512488890649,
39.75172952212268,41.34677200889515,41.78813149548921,42.313643715053004,44.42221666388715,44.42221666388715,45.7230795113365,49.02571428502623,49.02571428502623,53.340299024283695,53.515589946733634,57.025593967506715,104.64911609755717,145.46706385524755,71.11214734488054,49.36787923336387,49.02571428502623,41.65739841823066,44.01136216933077,114.6753569865819,171.1899529762188,138.41242718773483,105.75285654140349,47.65081321446676,
39.75172952212268,41.34677200889515,41.65739841823066,41.78813149548921,42.313643715053004,44.01136216933077,44.42221666388715,44.42221666388715,45.7230795113365,47.65081321446676,49.02571428502623,49.02571428502623,139.0,86.39878471367523,147.3185324390655,81.18183168614986,116.19810669714029,68.0653280965345,70.50842148282715,74.45365631569419,132.46257333048203,42.74525733684836,45.7230795113365,103.88690868400296,
39.75172952212268,41.34677200889515,41.65739841823066,41.78813149548921,42.313643715053004,42.74525733684836,44.01136216933077,44.42221666388715,44.42221666388715,45.7230795113365,45.7230795113365,47.65081321446676,121.04274839400959,73.00821871542956,48.3160888777687,71.9289773163624,48.910348825399126,70.76157149187686,44.25431554599443,49.36787923336387,48.434329741627074,100.1180935348912,76.31308865456829,52.170660124036935,
39.75172952212268,41.34677200889515,41.65739841823066,41.78813149548921,42.313643715053004,42.74525733684836,44.01136216933077,44.25431554599443,44.42221666388715,44.42221666388715,45.7230795113365,45.7230795113365,103.88553355319813,103.88690868400296,87.33377067320522,59.39387723546279,103.88690868400296,42.25162718760072,128.51848116127113,65.56247020971678,34.406071815564445,42.49411723991922,40.020402959755714,87.18562572656879,
34.406071815564445,39.75172952212268,40.020402959755714,41.34677200889515,41.65739841823066,41.78813149548921,42.25162718760072,42.313643715053004,42.49411723991922,42.74525733684836,44.01136216933077,44.25431554599443,46.96381585859479,145.42609807046327,56.88780380909621,43.236751342656014,55.837064551942355,46.44710252893428,26.817904466978774,129.20835886272994,84.4866853415377,44.01136216933077,149.05032707109368,91.3892772703669,
26.817904466978774,34.406071815564445,39.75172952212268,40.020402959755714,41.34677200889515,41.65739841823066,41.78813149548921,42.25162718760072,42.313643715053004,42.49411723991922,42.74525733684836,43.236751342656014,109.20724436694768,68.16320284598005,57.82415285208443,116.19810669714029,72.87617923574204,77.98878124448413,77.51902992169084,43.096790290383964,43.41786626621708,114.67644701506931,123.74489888476211,59.66311674728366,
26.817904466978774,34.406071815564445,39.75172952212268,40.020402959755714,41.34677200889515,41.65739841823066,41.78813149548921,42.25162718760072,42.313643715053004,42.49411723991922,42.74525733684836,43.096790290383964,33.42061489559999,36.662275556484374,42.313643715053004,162.5323044812938,34.5078742960176,41.34677200889515,70.7473497736841,29.70830411405763,32.57299494980466,50.68872595336669,40.020402959755714,144.52958174712884,
26.817904466978774,29.70830411405763,32.57299494980466,33.42061489559999,34.406071815564445,34.5078742960176,36.662275556484374,39.75172952212268,40.020402959755714,40.020402959755714,41.34677200889515,41.34677200889515,98.6049567719595,72.87960963122676,47.273345880836814,40.73818847224309,74.73411202389441,77.51902992169084,42.22953153106642,49.293001531657616,29.12795049432761,65.97989799003564,83.87490685538792,32.28949628358941,
26.817904466978774,29.12795049432761,29.70830411405763,32.28949628358941,32.57299494980466,33.42061489559999,34.406071815564445,34.5078742960176,36.662275556484374,39.75172952212268,40.020402959755714,40.020402959755714,109.62055768270231,190.0,61.06912067485498,29.12795049432761,89.74044204691388,48.32636444012729,100.51114264557123,46.45427859734774,48.878534256983514,83.69189526670628,76.12941284418264,103.42245443631982,
26.817904466978774,29.12795049432761,29.12795049432761,29.70830411405763,32.28949628358941,32.57299494980466,33.42061489559999,34.406071815564445,34.5078742960176,36.662275556484374,39.75172952212268,40.020402959755714,103.37149832843997,27.871013408732598,89.43906830225542,120.10550917145031,81.74125429097123,126.14541873039491,92.73753285482637,30.614224949045653,29.12795049432761,76.49400847996746,129.20835886272994,116.19810669714029,
26.817904466978774,27.871013408732598,29.12795049432761,29.12795049432761,29.12795049432761,29.70830411405763,30.614224949045653,32.28949628358941,32.57299494980466,33.42061489559999,34.406071815564445,34.5078742960176,98.94112865121112,77.51902992169084,116.19810669714029,37.183105482642695,51.335630304648156,123.99838708628431,47.96027001592047,74.44406200192826,128.43415952671364,71.88725740893011,116.60474547232916,80.83522334560185,
26.817904466978774,27.871013408732598,29.12795049432761,29.12795049432761,29.12795049432761,29.70830411405763,30.614224949045653,32.28949628358941,32.57299494980466,33.42061489559999,34.406071815564445,34.5078742960176,86.27630033792595,31.327058837123783,34.406071815564445,35.26101023758688,71.33965894770951,35.30502010259227,45.74507154052701,29.12795049432761,26.817904466978774,67.27069896155018,29.87051947797858,67.75136850192989,
26.817904466978774,26.817904466978774,27.871013408732598,29.12795049432761,29.12795049432761,29.12795049432761,29.12795049432761,29.70830411405763,29.87051947797858,30.614224949045653,31.327058837123783,32.28949628358941,86.95976080923866,72.44768227256596,94.55368845264577,36.27035237681682,112.38438503635636,92.82914413049384,29.912693472324264,34.338187359135766,40.020402959755714,116.19810669714029,86.27630033792595,114.71241214445801,
26.817904466978774,26.817904466978774,27.871013408732598,29.12795049432761,29.12795049432761,29.12795049432761,29.12795049432761,29.70830411405763,29.87051947797858,29.912693472324264,30.614224949045653,31.327058837123783,91.02990961461208,83.01003955345803,29.87051947797858,116.19810669714029,129.20526305069774,110.49283536350521,192.0,34.95997711669732,32.31775827621712,93.6888467214748,29.12795049432761,73.64337674750873,
26.817904466978774,26.817904466978774,27.871013408732598,29.12795049432761,29.12795049432761,29.12795049432761,29.12795049432761,29.12795049432761,29.70830411405763,29.87051947797858,29.87051947797858,29.912693472324264,106.87937125563568,132.23766483116677,109.51346949120004,77.51902992169084,77.51902992169084,94.69952481401371,86.31338250816034,128.41469282497752,40.020402959755714,29.12795049432761,31.016124838541646,29.976850572532364,
26.817904466978774,26.817904466978774,27.871013408732598,29.12795049432761,29.12795049432761,29.12795049432761,29.12795049432761,29.12795049432761,29.12795049432761,29.70830411405763,29.87051947797858,29.87051947797858,29.12795049432761,77.28188530256212,48.3367814861979,36.067837319263944,29.12795049432761,78.98523068692442,50.063959092345065,41.8525107139491,77.28188530256212,104.03685244501905,77.51902992169084,29.12795049432761,
26.817904466978774,26.817904466978774,27.871013408732598,29.12795049432761,29.12795049432761,29.12795049432761,29.12795049432761,29.12795049432761,29.12795049432761,29.12795049432761,29.12795049432761,29.12795049432761,48.90724248357229,105.39765968306254,85.04586997614875,124.04165966856995,29.12795049432761,31.36239786751007,48.68180735497541,47.121436226691095,29.12795049432761,77.51902992169084,29.12795049432761,44.052241713674455,
26.817904466978774,26.817904466978774,27.871013408732598,29.12795049432761,29.12795049432761,29.12795049432761,29.12795049432761,29.12795049432761,29.12795049432761,29.12795049432761,29.12795049432761,29.12795049432761,77.51902992169084,78.98523068692442,81.61127373102322,73.64725634636322,132.23766483116677,131.6064208160073,77.51902992169084,147.3185324390655,78.79086241436883,50.063959092345065,100.10239655432015,72.75342757897936,
26.817904466978774,26.817904466978774,27.871013408732598,29.12795049432761,29.12795049432761,29.12795049432761,29.12795049432761,29.12795049432761,29.12795049432761,29.12795049432761,29.12795049432761,29.12795049432761,37.59787228022352,104.05287117614775,30.586852658545233,88.83242651194439,77.51902992169084,123.74489888476211,116.19810669714029,84.73724092746943,116.62932735808776,42.380020241883784,26.817904466978774,77.28188530256212,
26.817904466978774,26.817904466978774,26.817904466978774,27.871013408732598,29.12795049432761,29.12795049432761,29.12795049432761,29.12795049432761,29.12795049432761,29.12795049432761,29.12795049432761,29.12795049432761,48.3367814861979,86.27630033792595,93.6888467214748,33.654294974756695,77.51902992169084,53.901144081859094,95.23621947557557,26.817904466978774,89.30845424706443,34.31248954499674,141.39748936950755,105.75285654140349,
26.817904466978774,26.817904466978774,26.817904466978774,26.817904466978774,27.871013408732598,29.12795049432761,29.12795049432761,29.12795049432761,29.12795049432761,29.12795049432761,29.12795049432761,29.12795049432761,77.51902992169084,26.817904466978774,82.8171932632349,33.34291528945842,77.51902992169084,29.12795049432761,116.19810669714029,116.19810669714029,66.907896893167,147.3185324390655,26.84082249235511,131.5076043428668,
26.817904466978774,26.817904466978774,26.817904466978774,26.817904466978774,26.817904466978774,26.84082249235511,27.871013408732598,29.12795049432761,29.12795049432761,29.12795049432761,29.12795049432761,29.12795049432761,136.30939072565764,48.664026754883324,26.817904466978774,100.10239655432015,94.36465175053634,136.30939072565764,37.329889648337094,26.84082249235511,42.405188361803084,29.12795049432761,71.53763102774109,86.27630033792595,
26.817904466978774,26.817904466978774,26.817904466978774,26.817904466978774,26.817904466978774,26.817904466978774,26.84082249235511,26.84082249235511,27.871013408732598,29.12795049432761,29.12795049432761,29.12795049432761,152.2046319925908,26.817904466978774,132.23766483116677,136.30939072565764,116.19810669714029,43.731424628063515,133.81330277666717,121.64867446873393,105.75285654140349,42.54644520991149,97.30193557512958,90.48314760219165,
26.817904466978774,26.817904466978774,26.817904466978774,26.817904466978774,26.817904466978774,26.817904466978774,26.817904466978774,26.84082249235511,26.84082249235511,27.871013408732598,29.12795049432761,29.12795049432761,77.28188530256212,34.7860045952748,109.53720829015134,127.29964650382969,46.3872587870611,37.891951652032915,72.59629620181889,26.817904466978774,26.84082249235511,60.41522986797286,124.0,71.9041311861332,
26.817904466978774,26.817904466978774,26.817904466978774,26.817904466978774,26.817904466978774,26.817904466978774,26.817904466978774,26.817904466978774,26.84082249235511,26.84082249235511,26.84082249235511,27.871013408732598,51.549329125928814,35.989314653529725,29.87051947797858,26.817904466978774,137.20641384425147,42.733915102644175,48.150155762987936,26.853512081497108,52.323512879010714,100.10239655432015,145.46706385524755,26.817904466978774,
26.817904466978774,26.817904466978774,26.817904466978774,26.817904466978774,26.817904466978774,26.817904466978774,26.817904466978774,26.817904466978774,26.817904466978774,26.817904466978774,26.84082249235511,26.84082249235511,109.62055768270231,32.31775827621712,26.817904466978774,26.817904466978774,69.3825446347999,42.43450836288786,91.5163919743343,93.47325820789602,26.84082249235511,26.817904466978774,73.30885007964591,137.20641384425147,
26.817904466978774,26.817904466978774,26.817904466978774,26.817904466978774,26.817904466978774,26.817904466978774,26.817904466978774,26.817904466978774,26.817904466978774,26.817904466978774,26.817904466978774,26.817904466978774,32.31775827621712,37.59787228022352,135.73043137041893,26.817904466978774,137.20641384425147,26.817904466978774,72.22649560006818,32.31775827621712,30.394078370630027,38.91577443659576,37.59787228022352,26.74696244435992,
26.74696244435992,26.817904466978774,26.817904466978774,26.817904466978774,26.817904466978774,26.817904466978774,26.817904466978774,26.817904466978774,26.817904466978774,26.817904466978774,26.817904466978774,26.817904466978774,26.77478083736427,116.19810669714029,85.77113442178552,26.817904466978774,33.06895153396242,63.22457543373075,135.73043137041893,105.75285654140349,29.05281596855078,26.817904466978774,105.34704552098269,116.19810669714029,
26.74696244435992,26.77478083736427,26.817904466978774,26.817904466978774,26.817904466978774,26.817904466978774,26.817904466978774,26.817904466978774,26.817904466978774,26.817904466978774,26.817904466978774,26.817904466978774,132.23766483116677,26.817904466978774,66.10597552415364,77.51902992169084,95.42896572844117,78.62569554541314,135.8040868309934,97.3053612774411,26.74696244435992,48.37806837814011,26.817904466978774,27.393972914970107,
26.74696244435992,26.74696244435992,26.77478083736427,26.817904466978774,26.817904466978774,26.817904466978774,26.817904466978774,26.817904466978774,26.817904466978774,26.817904466978774,26.817904466978774,26.817904466978774,53.939972758215454,48.286644116152864,43.08647635215073,135.69543102109222,59.60075502877459,26.817904466978774,79.3774244367004,147.3185324390655,27.587622642716482,27.393972914970107,27.393972914970107,82.80499179799891,
26.74696244435992,26.74696244435992,26.77478083736427,26.817904466978774,26.817904466978774,26.817904466978774,26.817904466978774,26.817904466978774,26.817904466978774,26.817904466978774,26.817904466978774,26.817904466978774,123.7077200501246,37.83384727991591,109.51346949120004,37.329889648337094,39.63836525387998,37.5473034983872,26.817904466978774,41.88317084462446,97.30193557512958,116.9461414498144,127.41585458646816,26.817904466978774,
26.74696244435992,26.74696244435992,26.77478083736427,26.817904466978774,26.817904466978774,26.817904466978774,26.817904466978774,26.817904466978774,26.817904466978774,26.817904466978774,26.817904466978774,26.817904466978774,37.133767202731626,98.97070273570861,77.28188530256212,28.28869031963127,61.63873241179878,133.81330277666717,123.38719544588085,32.31775827621712,59.60075502877459,40.85875059274329,71.1297230417777,75.51117466971363,
26.74696244435992,26.74696244435992,26.77478083736427,26.817904466978774,26.817904466978774,26.817904466978774,26.817904466978774,26.817904466978774,26.817904466978774,26.817904466978774,26.817904466978774,26.817904466978774,53.901144081859094,38.887068308534815,89.56338537594479,128.46011054019843,94.85954529373063,30.824565627983247,58.8699130852651,70.94672296871788,133.6216674046541,137.17871555019022,27.65818516482183,42.40789728418654,
26.74696244435992,26.74696244435992,26.77478083736427,26.817904466978774,26.817904466978774,26.817904466978774,26.817904466978774,26.817904466978774,26.817904466978774,26.817904466978774,26.817904466978774,26.817904466978774,77.51902992169084,127.52254702600635,66.1659844633177,139.07072541216814,129.20526305069774,52.13863730478579,90.19793050101907,37.59787228022352,86.27630033792595,116.19810669714029,66.74328930062308,43.407419661074684,
26.74696244435992,26.74696244435992,26.77478083736427,26.817904466978774,26.817904466978774,26.817904466978774,26.817904466978774,26.817904466978774,26.817904466978774,26.817904466978774,26.817904466978774,26.817904466978774,26.817904466978774,47.958315233127195,27.989581394988146,36.013886210738214,49.00354006370876,27.536339626028727,37.59787228022352,99.44690794589845,98.9062055687104,47.33325997646898,31.496031496047245,78.07808591403865,
26.74696244435992,26.74696244435992,26.77478083736427,26.817904466978774,26.817904466978774,26.817904466978774,26.817904466978774,26.817904466978774,26.817904466978774,26.817904466978774,26.817904466978774,26.817904466978774,57.390475400249706,68.66019386968131,51.842710834471866,43.731424628063515,68.8562814854244,110.95353757316619,48.97729586455424,44.27682802550336,39.69046904904669,123.7077200501246,27.53936576369664,74.00330935788188,
26.74696244435992,26.74696244435992,26.77478083736427,26.817904466978774,26.817904466978774,26.817904466978774,26.817904466978774,26.817904466978774,26.817904466978774,26.817904466978774,26.817904466978774,26.817904466978774,135.73043137041893,30.331501776206203,135.73043137041893,26.817904466978774,26.817904466978774,135.73043137041893,42.43450836288786,43.79243973310665,44.39361878051565,26.817904466978774,136.30939072565764,80.31438227366255,
26.74696244435992,26.74696244435992,26.77478083736427,26.817904466978774,26.817904466978774,26.817904466978774,26.817904466978774,26.817904466978774,26.817904466978774,26.817904466978774,26.817904466978774,26.817904466978774,135.73043137041893,100.10239655432015,26.817904466978774,37.59787228022352,26.817904466978774,105.34704552098269,28.014164068016598,84.11064141950173,48.228622207149975,55.14299592876687,66.74495403316185,71.24449296456378,
26.74696244435992,26.74696244435992,26.77478083736427,26.817904466978774,26.817904466978774,26.817904466978774,26.817904466978774,26.817904466978774,26.817904466978774,26.817904466978774,26.817904466978774,26.817904466978774,76.49400847996746,42.43450836288786,29.760609495623914,26.74696244435992,80.31438227366255,60.5,34.269763154516646,81.12726208286104,71.95832127002409,78.73796204288416,32.31775827621712,32.31775827621712,
26.74696244435992,26.74696244435992,26.74696244435992,26.77478083736427,26.817904466978774,26.817904466978774,26.817904466978774,26.817904466978774,26.817904466978774,26.817904466978774,26.817904466978774,26.817904466978774,66.10597552415364,147.23705376025424,47.243183289729096,39.69046904904669,31.61791118483806,91.26396392394487,46.991355588022785,109.51346949120004,34.09138046812159,42.76291227999639,77.77746031681244,44.052241713674455,
26.74696244435992,26.74696244435992,26.74696244435992,26.77478083736427,26.817904466978774,26.817904466978774,26.817904466978774,26.817904466978774,26.817904466978774,26.817904466978774,26.817904466978774,26.817904466978774,26.74696244435992,56.05298832354971,66.06814663663572,133.81330277666717,26.74696244435992,77.51902992169084,116.38155638530817,47.62352359916263,100.10239655432015,167.69615380204758,26.74696244435992,28.28869031963127,
26.74696244435992,26.74696244435992,26.74696244435992,26.74696244435992,26.74696244435992,26.74696244435992,26.77478083736427,26.817904466978774,26.817904466978774,26.817904466978774,26.817904466978774,26.817904466978774,81.09379804666108,116.19810669714029,147.27610125203614,47.280413492269716,36.960564570002624,26.74696244435992,50.063959092345065,116.19810669714029,66.06814663663572,72.48448109768049,95.60292028670953,28.156157954686055,
26.74696244435992,26.74696244435992,26.74696244435992,26.74696244435992,26.74696244435992,26.74696244435992,26.74696244435992,26.77478083736427,26.817904466978774,26.817904466978774,26.817904466978774,26.817904466978774,131.43914941903725,42.736921326230835,31.436410957427974,37.59787228022352,137.17871555019022,137.17871555019022,27.330847162346988,42.43450836288786,49.761305248154414,49.761305248154414,26.74696244435992,26.817904466978774,
26.74696244435992,26.74696244435992,26.74696244435992,26.74696244435992,26.74696244435992,26.74696244435992,26.74696244435992,26.74696244435992,26.77478083736427,26.817904466978774,26.817904466978774,26.817904466978774,74.92514783287236,65.79361671165373,147.27610125203614,116.9461414498144,100.1908383118569,75.88807547961669,137.17871555019022,78.62569554541314,33.349475258240574,29.543188724306656,118.70551798463288,51.23366948490893,
26.74696244435992,26.74696244435992,26.74696244435992,26.74696244435992,26.74696244435992,26.74696244435992,26.74696244435992,26.74696244435992,26.77478083736427,26.817904466978774,26.817904466978774,26.817904466978774,27.570887656255216,26.74696244435992,71.98951170773675,72.11102550927978,147.27610125203614,72.45434875189497,135.73043137041893,28.314171499309452,42.40754649823543,29.73353886326573,60.72341668033291,42.485291572496,
26.74696244435992,26.74696244435992,26.74696244435992,26.74696244435992,26.74696244435992,26.74696244435992,26.74696244435992,26.74696244435992,26.74696244435992,26.77478083736427,26.817904466978774,26.817904466978774,116.19272782751939,37.59787228022352,27.463574674180663,81.09379804666108,78.75066137288414,59.60075502877459,26.74696244435992,69.81180057841225,69.70491740332301,89.58124803774504,116.20097532579778,112.75046193549127,
26.74696244435992,26.74696244435992,26.74696244435992,26.74696244435992,26.74696244435992,26.74696244435992,26.74696244435992,26.74696244435992,26.74696244435992,26.74696244435992,26.77478083736427,26.817904466978774,109.62055768270231,137.17871555019022,76.90470293378249,137.10288107840768,75.8023746329889,129.20526305069774,26.74696244435992,80.31438227366255,88.62053937998797,26.77478083736427,59.60075502877459,69.17866361819951,
26.74696244435992,26.74696244435992,26.74696244435992,26.74696244435992,26.74696244435992,26.74696244435992,26.74696244435992,26.74696244435992,26.74696244435992,26.74696244435992,26.74696244435992,26.77478083736427,126.18557762280125,137.17871555019022,100.10239655432015,73.64725634636322,132.23766483116677,28.86280001125663,27.393972914970107,71.22889550986703,30.331501776206203,99.15770267609068,80.19975062305369,160.83920541957423,
26.74696244435992,26.74696244435992,26.74696244435992,26.74696244435992,26.74696244435992,26.74696244435992,26.74696244435992,26.74696244435992,26.74696244435992,26.74696244435992,26.74696244435992,26.77478083736427,73.40572184782327,48.83416335112215,27.91012731270802,78.85006869580604,72.98858358218313,59.60075502877459,26.74696244435992,26.74696244435992,94.05955560175691,43.731424628063515,26.74696244435992,27.463574674180663,
26.74696244435992,26.74696244435992,26.74696244435992,26.74696244435992,26.74696244435992,26.74696244435992,26.74696244435992,26.74696244435992,26.74696244435992,26.74696244435992,26.74696244435992,26.74696244435992,33.349475258240574,26.74696244435992,26.877499883731744,82.39402593758896,105.31856436545269,94.66607981038756,89.98518396565811,52.13863730478579,84.01651926974885,26.74696244435992,43.887969264410565,53.25870629219571,
26.74696244435992,26.74696244435992,26.74696244435992,26.74696244435992,26.74696244435992,26.74696244435992,26.74696244435992,26.74696244435992,26.74696244435992,26.74696244435992,26.74696244435992,26.74696244435992,26.74696244435992,39.04837397644211,75.8023746329889,39.04837397644211,89.61770658376241,112.75046193549127,37.59787228022352,70.20817260120079,66.74495403316185,27.330847162346988,87.43569065318808,116.19272782751939,
26.74696244435992,26.74696244435992,26.74696244435992,26.74696244435992,26.74696244435992,26.74696244435992,26.74696244435992,26.74696244435992,26.74696244435992,26.74696244435992,26.74696244435992,26.74696244435992,42.43450836288786,90.50606023231543,137.17871555019022,66.74495403316185,37.66076649954609,65.4298190773121,70.13691966432515,137.17871555019022,35.989314653529725,73.33712111429881,129.20526305069774,105.75285654140349,
26.74696244435992,26.74696244435992,26.74696244435992,26.74696244435992,26.74696244435992,26.74696244435992,26.74696244435992,26.74696244435992,26.74696244435992,26.74696244435992,26.74696244435992,26.74696244435992,47.26719263929264,40.4590842704083,26.74696244435992,27.147743920996454,33.51616525399845,90.49974630700714,100.10239655432015,116.19272782751939,135.69543102109222,73.33712111429881,73.32666636360881,47.031904065219386,
26.74696244435992,26.74696244435992,26.74696244435992,26.74696244435992,26.74696244435992,26.74696244435992,26.74696244435992,26.74696244435992,26.74696244435992,26.74696244435992,26.74696244435992,26.74696244435992,121.4221286806212,26.74696244435992,157.4547554061166,63.66579406033772,48.228622207149975,87.43569065318808,66.69832581607027,46.633321420060426,112.75046193549127,41.53729575665116,133.81330277666717,116.19272782751939,
26.74696244435992,26.74696244435992,26.74696244435992,26.74696244435992,26.74696244435992,26.74696244435992,26.74696244435992,26.74696244435992,26.74696244435992,26.74696244435992,26.74696244435992,26.74696244435992,100.10239655432015,48.228622207149975,27.587622642716482,116.19272782751939,69.17866361819951,26.89495943434767,78.85006869580604,126.18557762280125,31.55475367260602,73.74611715825021,26.817904466978774,94.66607981038756,
26.74696244435992,26.74696244435992,26.74696244435992,26.74696244435992,26.74696244435992,26.74696244435992,26.74696244435992,26.74696244435992,26.74696244435992,26.74696244435992,26.74696244435992,26.74696244435992,87.6318054894074,29.812638065588093,28.09952550014561,101.50205252440303,27.083586563766342,73.64725634636322,28.210745361407128,80.19975062305369,37.6592913133296,28.314171499309452,27.330847162346988,30.331501776206203,
26.74696244435992,26.74696244435992,26.74696244435992,26.74696244435992,26.74696244435992,26.74696244435992,26.74696244435992,26.74696244435992,26.74696244435992,26.74696244435992,26.74696244435992,26.74696244435992,26.74696244435992,26.74696244435992,26.74696244435992,190.0,33.349475258240574,100.10239655432015,105.31856436545269,59.60075502877459,137.17871555019022,118.70551798463288,48.228622207149975,56.17532079718519,
26.74696244435992,26.74696244435992,26.74696244435992,26.74696244435992,26.74696244435992,26.74696244435992,26.74696244435992,26.74696244435992,26.74696244435992,26.74696244435992,26.74696244435992,26.74696244435992,137.17871555019022,94.21724305502093,128.40041536796784,37.5473034983872,37.71852992893546,100.10239655432015,68.63080576534126,42.94752374605976,59.60075502877459,171.1899529762188,28.30602001749397,68.63080576534126,
26.74696244435992,26.74696244435992,26.74696244435992,26.74696244435992,26.74696244435992,26.74696244435992,26.74696244435992,26.74696244435992,26.74696244435992,26.74696244435992,26.74696244435992,26.74696244435992,137.17871555019022,81.9654398715296,116.24435470163702,135.69543102109222,68.59436930244348,69.17866361819951,147.27610125203614,128.42896869476138,118.70551798463288,37.5473034983872,27.330847162346988,48.228622207149975,
26.74696244435992,26.74696244435992,26.74696244435992,26.74696244435992,26.74696244435992,26.74696244435992,26.74696244435992,26.74696244435992,26.74696244435992,26.74696244435992,26.74696244435992,26.74696244435992,79.48173965619719,39.637243989852664,26.817904466978774,26.817904466978774,80.31438227366255,28.09952550014561,77.51902992169084,74.7625407540434,37.5473034983872,118.70551798463288,48.100805606559234,64.23913656538876,
26.74696244435992,26.74696244435992,26.74696244435992,26.74696244435992,26.74696244435992,26.74696244435992,26.74696244435992,26.74696244435992,26.74696244435992,26.74696244435992,26.74696244435992,26.74696244435992,33.34291528945842,27.235087662792644,121.05691021252807,109.62055768270231,42.81426426425889,26.74696244435992,123.74489888476211,98.97070273570861,73.64725634636322,26.74696244435992,26.74696244435992,32.24418552235426,
26.74696244435992,26.74696244435992,26.74696244435992,26.74696244435992,26.74696244435992,26.74696244435992,26.74696244435992,26.74696244435992,26.74696244435992,26.74696244435992,26.74696244435992,26.74696244435992,137.17871555019022,65.00085469523545,73.33712111429881,123.99193522161028,28.447588757616153,26.74696244435992,73.64725634636322,44.98798025414053,30.264143261406538,116.19810669714029,139.07072541216814,47.070160399131844,
26.74696244435992,26.74696244435992,26.74696244435992,26.74696244435992,26.74696244435992,26.74696244435992,26.74696244435992,26.74696244435992,26.74696244435992,26.74696244435992,26.74696244435992,26.74696244435992,48.228622207149975,45.91296113299599,99.84654893051304,30.728199137310707,42.79927309870786,98.97070273570861,82.58329128825031,123.99193522161028,32.24418552235426,66.99419543678559,93.42554968172965,42.78083683145995,
26.74696244435992,26.74696244435992,26.74696244435992,26.74696244435992,26.74696244435992,26.74696244435992,26.74696244435992,26.74696244435992,26.74696244435992,26.74696244435992,26.74696244435992,26.74696244435992,98.97070273570861,30.331501776206203,48.228622207149975,129.20526305069774,128.5496013218244,137.17871555019022,26.817904466978774,42.75979419969184,90.62560344626678,69.17866361819951,26.74696244435992,26.74696244435992,
26.74696244435992,26.74696244435992,26.74696244435992,26.74696244435992,26.74696244435992,26.74696244435992,26.74696244435992,26.74696244435992,26.74696244435992,26.74696244435992,26.74696244435992,26.74696244435992,69.17866361819951,123.67699866992245,43.45112196480086,110.27541279300054,26.74696244435992,47.283057219261956,72.55756335489775,52.9169545763232,37.5473034983872,77.51902992169084,116.19810669714029,29.596241315410307,
26.74696244435992,26.74696244435992,26.74696244435992,26.74696244435992,26.74696244435992,26.74696244435992,26.74696244435992,26.74696244435992,26.74696244435992,26.74696244435992,26.74696244435992,26.74696244435992,94.69952481401371,42.94752374605976,69.17866361819951,26.74696244435992,105.75285654140349,64.63745044476924,90.40498451130776,26.74696244435992,27.871013408732598,26.74696244435992,73.48996877264325,51.30972130113357,
26.74696244435992,26.74696244435992,26.74696244435992,26.74696244435992,26.74696244435992,26.74696244435992,26.74696244435992,26.74696244435992,26.74696244435992,26.74696244435992,26.74696244435992,26.74696244435992,109.62055768270231,48.228622207149975,48.228622207149975,116.19272782751939,26.74696244435992,109.62055768270231,44.98798025414053,118.6001686339442,27.147743920996454,118.70551798463288,98.97070273570861,71.24948979409162,
26.74696244435992,26.74696244435992,26.74696244435992,26.74696244435992,26.74696244435992,26.74696244435992,26.74696244435992,26.74696244435992,26.74696244435992,26.74696244435992,26.74696244435992,26.74696244435992,69.17866361819951,70.8638659684892,27.147743920996454,26.74696244435992,39.75200903378623,109.49337879524953,26.74696244435992,27.147743920996454,30.18967814778201,91.76634036775027,128.46011054019843,26.74696244435992,
26.74696244435992,26.74696244435992,26.74696244435992,26.74696244435992,26.74696244435992,26.74696244435992,26.74696244435992,26.74696244435992,26.74696244435992,26.74696244435992,26.74696244435992,26.74696244435992,28.86280001125663,28.86280001125663,77.63590234764669,69.17866361819951,121.0474691842765,67.27803009403094,105.56514576317318,109.59584846151792,31.773503986113266,28.11049626029395,26.74696244435992,26.74696244435992,
26.74696244435992,26.74696244435992,26.74696244435992,26.74696244435992,26.74696244435992,26.74696244435992,26.74696244435992,26.74696244435992,26.74696244435992,26.74696244435992,26.74696244435992,26.74696244435992,37.5473034983872,116.19272782751939,27.083586563766342,32.24418552235426,53.793006050972835,65.79361671165373,135.69543102109222,39.222920594978646,52.13863730478579,54.283207962192755,91.30272449385068,47.280413492269716,
26.74696244435992,26.74696244435992,26.74696244435992,26.74696244435992,26.74696244435992,26.74696244435992,26.74696244435992,26.74696244435992,26.74696244435992,26.74696244435992,26.74696244435992,26.74696244435992,26.74696244435992,32.96873518957013,66.81150932120735,63.66579406033772,28.09952550014561,42.78945547678774,80.83522334560185,137.17871555019022,147.27610125203614,71.90611793107988,26.74696244435992,39.04837397644211,
26.74696244435992,26.74696244435992,26.74696244435992,26.74696244435992,26.74696244435992,26.74696244435992,26.74696244435992,26.74696244435992,26.74696244435992,26.74696244435992,26.74696244435992,26.74696244435992,57.78213833187623,137.17871555019022,37.5473034983872,26.74696244435992,47.40464112299554,116.24435470163702,112.75046193549127,40.34435111222718,123.67699866992245,35.01339029571401,52.13863730478579,44.2965856472031,
26.74696244435992,26.74696244435992,26.74696244435992,26.74696244435992,26.74696244435992,26.74696244435992,26.74696244435992,26.74696244435992,26.74696244435992,26.74696244435992,26.74696244435992,26.74696244435992,77.63598997098903,33.51616525399845,27.91012731270802,29.596241315410307,77.51902992169084,34.60924731917757,80.31438227366255,41.23353103522245,33.061713855711155,129.20526305069774,42.94752374605976,28.86280001125663,
26.74696244435992,26.74696244435992,26.74696244435992,26.74696244435992,26.74696244435992,26.74696244435992,26.74696244435992,26.74696244435992,26.74696244435992,26.74696244435992,26.74696244435992,26.74696244435992,66.81150932120735,41.45122533330774,71.31050062929022,98.97070273570861,26.74696244435992,64.56343779570601,27.90686991458827,26.74696244435992,33.349475258240574,54.08647648696955,123.74489888476211,26.74696244435992,
26.74696244435992,26.74696244435992,26.74696244435992,26.74696244435992,26.74696244435992,26.74696244435992,26.74696244435992,26.74696244435992,26.74696244435992,26.74696244435992,26.74696244435992,26.74696244435992,116.19272782751939,121.4221286806212,47.40464112299554,26.74696244435992,48.100805606559234,29.812638065588093,147.27610125203614,30.049545863649428,147.27610125203614,26.74696244435992,112.75046193549127,109.62055768270231,
26.74696244435992,26.74696244435992,26.74696244435992,26.74696244435992,26.74696244435992,26.74696244435992,26.74696244435992,26.74696244435992,26.74696244435992,26.74696244435992,26.74696244435992,26.74696244435992,100.10239655432015,27.463574674180663,44.128599947577456,91.56061892962231,49.761305248154414,42.90299134870046,46.16051763606808,112.75046193549127,27.871013408732598,85.1539781807051,82.04876598706406,139.07072541216814,
26.74696244435992,26.74696244435992,26.74696244435992,26.74696244435992,26.74696244435992,26.74696244435992,26.74696244435992,26.74696244435992,26.74696244435992,26.74696244435992,26.74696244435992,26.74696244435992,27.587622642716482,42.85782762144802,72.4541234161314,99.79311933528618,65.79361671165373,28.06391514620391,28.084693339967234,135.69543102109222,80.62218987350815,147.27610125203614,110.95353757316619,121.4221286806212,
26.74696244435992,26.74696244435992,26.74696244435992,26.74696244435992,26.74696244435992,26.74696244435992,26.74696244435992,26.74696244435992,26.74696244435992,26.74696244435992,26.74696244435992,26.74696244435992,66.81150932120735,26.74696244435992,88.62053937998797,42.94752374605976,92.63008870412105,71.22141388598212,135.91633455916914,112.75046193549127,26.74696244435992,135.69543102109222,29.812638065588093,48.228622207149975,
26.74696244435992,26.74696244435992,26.74696244435992,26.74696244435992,26.74696244435992,26.74696244435992,26.74696244435992,26.74696244435992,26.74696244435992,26.74696244435992,26.74696244435992,26.74696244435992,27.330847162346988,26.74696244435992,53.13248746755413,33.349475258240574,80.31438227366255,65.79361671165373,95.91836807063251,137.17871555019022,80.31438227366255,78.85006869580604,125.39637155835092,26.74696244435992,
26.74696244435992,26.74696244435992,26.74696244435992,26.74696244435992,26.74696244435992,26.74696244435992,26.74696244435992,26.74696244435992,26.74696244435992,26.74696244435992,26.74696244435992,26.74696244435992,63.66579406033772,26.74696244435992,66.81150932120735,52.13863730478579,27.562700871628003,126.18557762280125,26.74696244435992,88.62053937998797,73.64725634636322,59.60075502877459,137.09121051329294,26.74696244435992,
26.74696244435992,26.74696244435992,26.74696244435992,26.74696244435992,26.74696244435992,26.74696244435992,26.74696244435992,26.74696244435992,26.74696244435992,26.74696244435992,26.74696244435992,26.74696244435992,98.97070273570861,26.817904466978774,26.74696244435992,116.19272782751939,26.74696244435992,26.74696244435992,27.587622642716482,95.43289527201823,118.70551798463288,36.718495800948844,55.485921637835304,27.147743920996454,
26.74696244435992,26.74696244435992,26.74696244435992,26.74696244435992,26.74696244435992,26.74696244435992,26.74696244435992,26.74696244435992,26.74696244435992,26.74696244435992,26.74696244435992,26.74696244435992,86.94314873013923,76.2771530776592,66.32747042766921,26.74696244435992,80.31438227366255,26.74696244435992,28.86280001125663,52.13863730478579,26.74696244435992,30.850895899110903,26.74696244435992,99.15770267609068,
26.74696244435992,26.74696244435992,26.74696244435992,26.74696244435992,26.74696244435992,26.74696244435992,26.74696244435992,26.74696244435992,26.74696244435992,26.74696244435992,26.74696244435992,26.74696244435992,109.98030126648437,61.028169725135946,105.39765968306254,100.10239655432015,139.07072541216814,54.26785420486054,68.63080576534126,26.74696244435992,37.5473034983872,26.74696244435992,71.20536553963228,80.31438227366255,
26.74696244435992,26.74696244435992,26.74696244435992,26.74696244435992,26.74696244435992,26.74696244435992,26.74696244435992,26.74696244435992,26.74696244435992,26.74696244435992,26.74696244435992,26.74696244435992,26.74696244435992,132.23766483116677,28.09952550014561,128.44583813161614,69.17866361819951,32.24418552235426,49.40709690408652,84.94704232638121,105.39765968306254,94.21724305502093,85.19646412850712,72.21495689952324,
26.74696244435992,26.74696244435992,26.74696244435992,26.74696244435992,26.74696244435992,26.74696244435992,26.74696244435992,26.74696244435992,26.74696244435992,26.74696244435992,26.74696244435992,26.74696244435992,40.9172606881524,41.23353103522245,82.04876598706406,51.979980447735244,26.74696244435992,33.349475258240574,118.72994567504863,31.95622005181464,109.97878583314754,44.19205245290153,32.24418552235426,82.58329128825031,
26.74696244435992,26.74696244435992,26.74696244435992,26.74696244435992,26.74696244435992,26.74696244435992,26.74696244435992,26.74696244435992,26.74696244435992,26.74696244435992,26.74696244435992,26.74696244435992,147.27610125203614,116.19272782751939,26.74696244435992,84.01651926974885,30.044411571316665,52.13863730478579,42.736921326230835,42.83819687044625,84.73724092746943,26.77478083736427,27.393972914970107,80.73413156775763,
26.74696244435992,26.74696244435992,26.74696244435992,26.74696244435992,26.74696244435992,26.74696244435992,26.74696244435992,26.74696244435992,26.74696244435992,26.74696244435992,26.74696244435992,26.74696244435992,64.63745044476924,93.15175790075033,52.13863730478579,47.76701267611363,26.74696244435992,48.100805606559234,128.57682528356344,69.17866361819951,26.74696244435992,98.81632793555256,26.77478083736427,119.5271935586208,
26.74696244435992,26.74696244435992,26.74696244435992,26.74696244435992,26.74696244435992,26.74696244435992,26.74696244435992,26.74696244435992,26.74696244435992,26.74696244435992,26.74696244435992,26.74696244435992,80.31438227366255,100.10239655432015,50.793085159300965,32.24418552235426,37.5473034983872,26.74696244435992,34.532445553687154,72.45237704020144,30.663462522753324,26.74696244435992,85.18838667617668,29.596241315410307,
26.74696244435992,26.74696244435992,26.74696244435992,26.74696244435992,26.74696244435992,26.74696244435992,26.74696244435992,26.74696244435992,26.74696244435992,26.74696244435992,26.74696244435992,26.74696244435992,33.349475258240574,45.49816846130549,91.36739024400336,28.09952550014561,27.463574674180663,137.17871555019022,26.74696244435992,78.85006869580604,29.596241315410307,33.349475258240574,26.817904466978774,104.0023547614109,
26.74696244435992,26.74696244435992,26.74696244435992,26.74696244435992,26.74696244435992,26.74696244435992,26.74696244435992,26.74696244435992,26.74696244435992,26.74696244435992,26.74696244435992,26.74696244435992,121.4358541233464,70.13691966432515,116.19810669714029,88.95860078183122,121.4221286806212,80.19975062305369,26.74696244435992,137.17871555019022,55.10161068426222,52.13863730478579,26.74696244435992,31.443401533549135,
26.74696244435992,26.74696244435992,26.74696244435992,26.74696244435992,26.74696244435992,26.74696244435992,26.74696244435992,26.74696244435992,26.74696244435992,26.74696244435992,26.74696244435992,26.74696244435992,32.31775827621712,32.24418552235426,118.61562572724837,26.74696244435992,103.37149832843997,94.21724305502093,31.55475367260602,80.19975062305369,27.147743920996454,42.94752374605976,128.44583813161614,91.56061892962231,
26.74696244435992,26.74696244435992,26.74696244435992,26.74696244435992,26.74696244435992,26.74696244435992,26.74696244435992,26.74696244435992,26.74696244435992,26.74696244435992,26.74696244435992,26.74696244435992,27.235087662792644,72.4541234161314,90.80576798860301,31.65754254518187,129.34450123604017,79.33906666957962,88.69162351447093,40.34435111222718,82.796135175502,98.6049567719595,40.64070209367287,100.27555783938577,
26.74696244435992,26.74696244435992,26.74696244435992,26.74696244435992,26.74696244435992,26.74696244435992,26.74696244435992,26.74696244435992,26.74696244435992,26.74696244435992,26.74696244435992,26.74696244435992,28.86280001125663,71.95775404601603,123.67699866992245,147.36434439850095,27.147743920996454,31.189741903388683,69.17866361819951,31.301757139176708,30.331501776206203,123.46821453313399,26.74696244435992,52.13863730478579,
26.74696244435992,26.74696244435992,26.74696244435992,26.74696244435992,26.74696244435992,26.74696244435992,26.74696244435992,26.74696244435992,26.74696244435992,26.74696244435992,26.74696244435992,26.74696244435992,73.02976748405754,93.15175790075033,42.736921326230835,147.27610125203614,26.74696244435992,105.32647657007551,93.6418709766096,121.4221286806212,26.74696244435992,106.40676670212285,79.51352086280671,42.43450836288786,
26.74696244435992,26.74696244435992,26.74696244435992,26.74696244435992,26.74696244435992,26.74696244435992,26.74696244435992,26.74696244435992,26.74696244435992,26.74696244435992,26.74696244435992,26.74696244435992,125.39637155835092,26.74696244435992,29.812638065588093,80.19975062305369,109.62055768270231,52.13863730478579,29.78699894454708,26.74696244435992,31.066419957561763,31.301757139176708,54.08647648696955,48.228622207149975,
26.74696244435992,26.74696244435992,26.74696244435992,26.74696244435992,26.74696244435992,26.74696244435992,26.74696244435992,26.74696244435992,26.74696244435992,26.74696244435992,26.74696244435992,26.74696244435992,94.66607981038756,43.74420596553966,70.30173065674367,118.70551798463288,31.189741903388683,52.7867828574961,26.74696244435992,123.67699866992245,52.13863730478579,26.74696244435992,26.776392710960344,62.321745803531535,
26.74696244435992,26.74696244435992,26.74696244435992,26.74696244435992,26.74696244435992,26.74696244435992,26.74696244435992,26.74696244435992,26.74696244435992,26.74696244435992,26.74696244435992,26.74696244435992,31.779513841467114,139.07072541216814,34.50603811895343,26.77478083736427,89.29305684094369,76.83911764199274,69.17866361819951,77.63590234764669,26.74696244435992,68.39834305985295,99.84654893051304,27.562700871628003,
26.74696244435992,26.74696244435992,26.74696244435992,26.74696244435992,26.74696244435992,26.74696244435992,26.74696244435992,26.74696244435992,26.74696244435992,26.74696244435992,26.74696244435992,26.74696244435992,29.42526387045924,48.782040752719645,31.064050067748255,29.478805945967352,98.9062055687104,26.77478083736427,147.27610125203614,77.51997767527742,26.74696244435992,26.853512081497108,37.66076649954609,74.25855730710995,
26.74696244435992,26.74696244435992,26.74696244435992,26.74696244435992,26.74696244435992,26.74696244435992,26.74696244435992,26.74696244435992,26.74696244435992,26.74696244435992,26.74696244435992,26.74696244435992,26.877499883731744,47.801019863597055,28.06391514620391,147.23705376025424,48.228622207149975,99.84654893051304,27.463574674180663,80.83522334560185,40.32291532119174,78.62569554541314,98.51268953794734,77.26836351314812,
26.74696244435992,26.74696244435992,26.74696244435992,26.74696244435992,26.74696244435992,26.74696244435992,26.74696244435992,26.74696244435992,26.74696244435992,26.74696244435992,26.74696244435992,26.74696244435992,77.17089437589479,32.31775827621712,33.349475258240574,26.776392710960344,68.59436930244348,80.31438227366255,77.17089437589479,42.736921326230835,44.2965856472031,84.01651926974885,85.18450563336035,26.74696244435992,
26.74696244435992,26.74696244435992,26.74696244435992,26.74696244435992,26.74696244435992,26.74696244435992,26.74696244435992,26.74696244435992,26.74696244435992,26.74696244435992,26.74696244435992,26.74696244435992,123.67699866992245,26.77478083736427,90.16281569102271,26.877499883731744,69.0900680271774,135.69543102109222,100.10239655432015,128.5755290351421,55.975441043371866,37.5473034983872,43.81035195904628,131.48098721868496,
26.74696244435992,26.74696244435992,26.74696244435992,26.74696244435992,26.74696244435992,26.74696244435992,26.74696244435992,26.74696244435992,26.74696244435992,26.74696244435992,26.74696244435992,26.74696244435992,48.100805606559234,100.10239655432015,71.90611793107988,43.74420596553966,31.189741903388683,26.74696244435992,27.330847162346988,93.6418709766096,36.46916505762094,43.46722903521687,137.09121051329294,83.29065573840401,
26.74696244435992,26.74696244435992,26.74696244435992,26.74696244435992,26.74696244435992,26.74696244435992,26.74696244435992,26.74696244435992,26.74696244435992,26.74696244435992,26.74696244435992,26.74696244435992,29.73353886326573,137.17871555019022,26.74696244435992,26.74696244435992,26.776392710960344,52.13863730478579,32.24418552235426,52.13863730478579,26.74696244435992,29.596241315410307,44.2965856472031,40.34435111222718,
26.74696244435992,26.74696244435992,26.74696244435992,26.74696244435992,26.74696244435992,26.74696244435992,26.74696244435992,26.74696244435992,26.74696244435992,26.74696244435992,26.74696244435992,26.74696244435992,29.92908284595437,27.91012731270802,26.74696244435992,29.596241315410307,30.264143261406538,26.74696244435992,52.13863730478579,26.74696244435992,121.06506515093444,48.228622207149975,64.4730603446438,26.74696244435992,
26.74696244435992,26.74696244435992,26.74696244435992,26.74696244435992,26.74696244435992,26.74696244435992,26.74696244435992,26.74696244435992,26.74696244435992,26.74696244435992,26.74696244435992,26.74696244435992,105.7470777111332,76.2299153875957,105.75285654140349,26.74696244435992,109.0,85.30736743550061,77.51902992169084,55.485921637835304,75.97806701059633,109.49337879524953,59.60075502877459,47.280413492269716,
26.74696244435992,26.74696244435992,26.74696244435992,26.74696244435992,26.74696244435992,26.74696244435992,26.74696244435992,26.74696244435992,26.74696244435992,26.74696244435992,26.74696244435992,26.74696244435992,63.66579406033772,137.17871555019022,87.89539237070395,27.463574674180663,139.34848402476433,43.74420596553966,113.27427432780046,26.74696244435992,26.74696244435992,43.74420596553966,78.85006869580604,116.19272782751939,
26.74696244435992,26.74696244435992,26.74696244435992,26.74696244435992,26.74696244435992,26.74696244435992,26.74696244435992,26.74696244435992,26.74696244435992,26.74696244435992,26.74696244435992,26.74696244435992,26.74696244435992,128.57682528356344,48.228622207149975,32.24418552235426,43.928208477013946,30.264143261406538,27.147743920996454,26.74696244435992,114.67971703836734,26.74696244435992,26.74696244435992,31.250599994240112,
26.74696244435992,26.74696244435992,26.74696244435992,26.74696244435992,26.74696244435992,26.74696244435992,26.74696244435992,26.74696244435992,26.74696244435992,26.74696244435992,26.74696244435992,26.74696244435992,48.228622207149975,28.86280001125663,116.19272782751939,184.0,121.4358541233464,30.331501776206203,63.22457543373075,31.189741903388683,99.87158421359568,36.897662527591095,98.81632793555256,80.83522334560185,
26.74696244435992,26.74696244435992,26.74696244435992,26.74696244435992,26.74696244435992,26.74696244435992,26.74696244435992,26.74696244435992,26.74696244435992,26.74696244435992,26.74696244435992,26.74696244435992,66.74495403316185,66.52328117866338,52.13863730478579,26.74696244435992,85.35184532275797,94.66607981038756,26.74696244435992,82.58798647626713,48.100805606559234,27.330847162346988,63.23122250913705,28.226760352544886,
26.74696244435992,26.74696244435992,26.74696244435992,26.74696244435992,26.74696244435992,26.74696244435992,26.74696244435992,26.74696244435992,26.74696244435992,26.74696244435992,26.74696244435992,26.74696244435992,145.42609807046327,26.776392710960344,39.637243989852664,82.58329128825031,121.06506515093444,37.5473034983872,103.88690868400296,26.74696244435992,32.57299494980466,45.474370444756445,64.4730603446438,26.74696244435992,
26.74696244435992,26.74696244435992,26.74696244435992,26.74696244435992,26.74696244435992,26.74696244435992,26.74696244435992,26.74696244435992,26.74696244435992,26.74696244435992,26.74696244435992,26.74696244435992,32.24418552235426,27.330847162346988,147.23705376025424,121.4221286806212,37.5473034983872,87.89539237070395,38.887068308534815,29.60249469736786,105.31856436545269,26.817904466978774,66.25372106950337,71.24948979409162,
26.74696244435992,26.74696244435992,26.74696244435992,26.74696244435992,26.74696244435992,26.74696244435992,26.74696244435992,26.74696244435992,26.74696244435992,26.74696244435992,26.74696244435992,26.74696244435992,93.6418709766096,73.64725634636322,85.99418584997477,67.24416538092935,100.10239655432015,28.210745361407128,26.74696244435992,27.422618401604176,66.44697133805272,105.3138167573467,32.24418552235426,88.62053937998797,
26.74696244435992,26.74696244435992,26.74696244435992,26.74696244435992,26.74696244435992,26.74696244435992,26.74696244435992,26.74696244435992,26.74696244435992,26.74696244435992,26.74696244435992,26.74696244435992,35.976488048553215,31.496031496047245,26.74696244435992,86.69919261446441,26.74696244435992,64.4730603446438,147.27610125203614,48.272375353013466,26.74696244435992,42.81426426425889,71.90611793107988,27.07858932810201,
26.74696244435992,26.74696244435992,26.74696244435992,26.74696244435992,26.74696244435992,26.74696244435992,26.74696244435992,26.74696244435992,26.74696244435992,26.74696244435992,26.74696244435992,26.74696244435992,42.81426426425889,123.67699866992245,26.74696244435992,43.46722903521687,39.04837397644211,128.11245060492755,27.90686991458827,48.228622207149975,109.49337879524953,26.74696244435992,26.74696244435992,73.64725634636322,
26.74696244435992,26.74696244435992,26.74696244435992,26.74696244435992,26.74696244435992,26.74696244435992,26.74696244435992,26.74696244435992,26.74696244435992,26.74696244435992,26.74696244435992,26.74696244435992,75.97806701059633,116.3543438524464,98.97070273570861,26.74696244435992,26.817904466978774,27.989581394988146,82.58329128825031,49.23603863025538,114.64319092074241,26.74696244435992,67.0497327859453,109.8709818517211,
26.74696244435992,26.74696244435992,26.74696244435992,26.74696244435992,26.74696244435992,26.74696244435992,26.74696244435992,26.74696244435992,26.74696244435992,26.74696244435992,26.74696244435992,26.74696244435992,26.74696244435992,47.26719263929264,31.10499415137423,96.40669063918749,121.0474691842765,27.576031259048136,128.4678948220138,48.33908011812664,29.596241315410307,48.100805606559234,26.74696244435992,31.189741903388683,
26.74696244435992,26.74696244435992,26.74696244435992,26.74696244435992,26.74696244435992,26.74696244435992,26.74696244435992,26.74696244435992,26.74696244435992,26.74696244435992,26.74696244435992,26.74696244435992,26.74696244435992,30.331501776206203,67.40363491682032,117.18077202908903,29.87051947797858,71.72942988140301,84.14225078607619,31.189741903388683,67.40363491682032,32.24418552235426,129.20526305069774,32.24418552235426,
26.74696244435992,26.74696244435992,26.74696244435992,26.74696244435992,26.74696244435992,26.74696244435992,26.74696244435992,26.74696244435992,26.74696244435992,26.74696244435992,26.74696244435992,26.74696244435992,135.69543102109222,26.74696244435992,109.62055768270231,26.877499883731744,67.84126693982063,137.17871555019022,116.19272782751939,26.74696244435992,43.11844153027797,105.34704552098269,118.70551798463288,43.45903243285566,
26.74696244435992,26.74696244435992,26.74696244435992,26.74696244435992,26.74696244435992,26.74696244435992,26.74696244435992,26.74696244435992,26.74696244435992,26.74696244435992,26.74696244435992,26.74696244435992,42.736921326230835,29.812638065588093,55.950312778392934,62.842660669325575,26.74696244435992,71.90611793107988,31.189741903388683,26.74696244435992,30.331501776206203,99.84654893051304,27.91012731270802,76.2299153875957,
26.74696244435992,26.74696244435992,26.74696244435992,26.74696244435992,26.74696244435992,26.74696244435992,26.74696244435992,26.74696244435992,26.74696244435992,26.74696244435992,26.74696244435992,26.74696244435992,137.17871555019022,26.74696244435992,31.55475367260602,26.74696244435992,66.25372106950337,30.728199137310707,48.100805606559234,31.308944408906537,63.50328075514419,26.74696244435992,29.812638065588093,128.44583813161614,
26.74696244435992,26.74696244435992,26.74696244435992,26.74696244435992,26.74696244435992,26.74696244435992,26.74696244435992,26.74696244435992,26.74696244435992,26.74696244435992,26.74696244435992,26.74696244435992,101.14511027891231,26.74696244435992,104.0023547614109,109.49337879524953,128.54441515159914,26.74696244435992,30.974788134868653,37.66076649954609,29.968038529962772,77.63590234764669,27.91012731270802,47.10838566539932,
26.74696244435992,26.74696244435992,26.74696244435992,26.74696244435992,26.74696244435992,26.74696244435992,26.74696244435992,26.74696244435992,26.74696244435992,26.74696244435992,26.74696244435992,26.74696244435992,26.74696244435992,26.74696244435992,26.776392710960344,26.74696244435992,128.5755290351421,76.90470293378249,26.74696244435992,76.90470293378249,32.251937926270415,106.27135079596947,30.331501776206203,31.189741903388683,
26.74696244435992,26.74696244435992,26.74696244435992,26.74696244435992,26.74696244435992,26.74696244435992,26.74696244435992,26.74696244435992,26.74696244435992,26.74696244435992,26.74696244435992,26.74696244435992,147.27610125203614,48.228622207149975,65.79361671165373,128.54441515159914,33.349475258240574,116.19810669714029,147.27610125203614,26.74696244435992,99.84654893051304,66.99419543678559,26.74696244435992,29.812638065588093,
26.74696244435992,26.74696244435992,26.74696244435992,26.74696244435992,26.74696244435992,26.74696244435992,26.74696244435992,26.74696244435992,26.74696244435992,26.74696244435992,26.74696244435992,26.74696244435992,48.47679857416328,27.083586563766342,121.02150255897773,95.19978991573458,31.189741903388683,26.817904466978774,75.46124833316766,26.74696244435992,73.35146556136421,137.17871555019022,27.65818516482183,26.74696244435992,
26.74696244435992,26.74696244435992,26.74696244435992,26.74696244435992,26.74696244435992,26.74696244435992,26.74696244435992,26.74696244435992,26.74696244435992,26.74696244435992,26.74696244435992,26.74696244435992,44.389688492311414,26.77478083736427,27.91012731270802,128.42896869476138,38.887068308534815,31.189741903388683,116.06320117361345,26.74696244435992,48.93760199364992,48.228622207149975,57.91027542673234,104.0023547614109,
26.74696244435992,26.74696244435992,26.74696244435992,26.74696244435992,26.74696244435992,26.74696244435992,26.74696244435992,26.74696244435992,26.74696244435992,26.74696244435992,26.74696244435992,26.74696244435992,29.596241315410307,89.29305684094369,118.70551798463288,90.88866816055784,128.41469282497752,121.03330626108581,137.17871555019022,100.10239655432015,118.70551798463288,109.49337879524953,123.67699866992245,26.74696244435992,
26.74696244435992,26.74696244435992,26.74696244435992,26.74696244435992,26.74696244435992,26.74696244435992,26.74696244435992,26.74696244435992,26.74696244435992,26.74696244435992,26.74696244435992,26.74696244435992,32.31775827621712,77.17089437589479,26.74696244435992,43.09421203724592,26.74696244435992,137.17871555019022,27.91012731270802,54.26785420486054,27.235087662792644,104.0023547614109,66.77491212191065,135.69543102109222,
26.74696244435992,26.74696244435992,26.74696244435992,26.74696244435992,26.74696244435992,26.74696244435992,26.74696244435992,26.74696244435992,26.74696244435992,26.74696244435992,26.74696244435992,26.74696244435992,26.776392710960344,112.75046193549127,32.24418552235426,30.00972064737247,37.83384727991591,39.70446378487492,26.74696244435992,190.0,48.100805606559234,26.74696244435992,74.78859093025709,26.817904466978774,
26.74696244435992,26.74696244435992,26.74696244435992,26.74696244435992,26.74696244435992,26.74696244435992,26.74696244435992,26.74696244435992,26.74696244435992,26.74696244435992,26.74696244435992,26.74696244435992,43.79243973310665,57.75988297800345,38.65472157447263,123.67699866992245,85.35184532275797,26.776392710960344,42.736921326230835,85.30736743550061,71.85865756237496,36.00925806881706,29.812638065588093,98.97070273570861,
26.74696244435992,26.74696244435992,26.74696244435992,26.74696244435992,26.74696244435992,26.74696244435992,26.74696244435992,26.74696244435992,26.74696244435992,26.74696244435992,26.74696244435992,26.74696244435992,98.81632793555256,29.87051947797858,105.31856436545269,68.39883039935697,26.74696244435992,32.306152664778885,26.74696244435992,128.392626994959,48.228622207149975,47.0340736236258,71.9041311861332,100.10239655432015,
26.74696244435992,26.74696244435992,26.74696244435992,26.74696244435992,26.74696244435992,26.74696244435992,26.74696244435992,26.74696244435992,26.74696244435992,26.74696244435992,26.74696244435992,26.74696244435992,26.74696244435992,26.74696244435992,112.75046193549127,171.1899529762188,26.74696244435992,82.58329128825031,26.74696244435992,120.99316897567198,28.06391514620391,39.04837397644211,84.303024856763,31.189741903388683,
26.74696244435992,26.74696244435992,26.74696244435992,26.74696244435992,26.74696244435992,26.74696244435992,26.74696244435992,26.74696244435992,26.74696244435992,26.74696244435992,26.74696244435992,26.74696244435992,80.31438227366255,26.74696244435992,63.50328075514419,82.32253640407346,26.77478083736427,40.4590842704083,29.87051947797858,39.637243989852664,80.83522334560185,26.74696244435992,26.74696244435992,93.6888467214748,
26.74696244435992,26.74696244435992,26.74696244435992,26.74696244435992,26.74696244435992,26.74696244435992,26.74696244435992,26.74696244435992,26.74696244435992,26.74696244435992,26.74696244435992,26.74696244435992,31.192947920964443,26.74696244435992,78.85006869580604,29.596241315410307,136.30939072565764,48.3091893719795,32.24418552235426,32.24418552235426,41.23353103522245,68.39883039935697,85.22286958322866,28.86280001125663,
26.74696244435992,26.74696244435992,26.74696244435992,26.74696244435992,26.74696244435992,26.74696244435992,26.74696244435992,26.74696244435992,26.74696244435992,26.74696244435992,26.74696244435992,26.74696244435992,62.600123883296604,80.83522334560185,121.12297680541079,31.189741903388683,78.85006869580604,137.17871555019022,71.87967376108492,88.62053937998797,26.74696244435992,121.4221286806212,82.16081791218974,31.55475367260602,
26.74696244435992,26.74696244435992,26.74696244435992,26.74696244435992,26.74696244435992,26.74696244435992,26.74696244435992,26.74696244435992,26.74696244435992,26.74696244435992,26.74696244435992,26.74696244435992,128.57682528356344,41.23353103522245,81.04525484772896,31.189741903388683,26.74696244435992,69.17866361819951,27.330847162346988,28.167083899200772,80.15193904911679,83.62615220930192,43.6770820911837,69.0900680271774,
26.74696244435992,26.74696244435992,26.74696244435992,26.74696244435992,26.74696244435992,26.74696244435992,26.74696244435992,26.74696244435992,26.74696244435992,26.74696244435992,26.74696244435992,26.74696244435992,136.77444936829394,59.60075502877459,119.78035453835213,26.74696244435992,51.81879485283308,100.10239655432015,100.10525073386408,50.53051883103253,72.4541234161314,28.81821986033085,78.85006869580604,26.74696244435992,
26.74696244435992,26.74696244435992,26.74696244435992,26.74696244435992,26.74696244435992,26.74696244435992,26.74696244435992,26.74696244435992,26.74696244435992,26.74696244435992,26.74696244435992,26.74696244435992,123.99193522161028,65.79361671165373,26.77478083736427,90.19793050101907,77.2633978871058,26.74696244435992,43.55328792282953,37.65721864002278,26.74696244435992,26.74696244435992,120.99553036103002,28.86280001125663,
26.74696244435992,26.74696244435992,26.74696244435992,26.74696244435992,26.74696244435992,26.74696244435992,26.74696244435992,26.74696244435992,26.74696244435992,26.74696244435992,26.74696244435992,26.74696244435992,43.74420596553966,41.23353103522245,40.34435111222718,31.55475367260602,29.812638065588093,26.74696244435992,59.6243341639116,40.636768311167536,29.812638065588093,135.73043137041893,80.31438227366255,127.15974205698909,
26.74696244435992,26.74696244435992,26.74696244435992,26.74696244435992,26.74696244435992,26.74696244435992,26.74696244435992,26.74696244435992,26.74696244435992,26.74696244435992,26.74696244435992,26.74696244435992,26.74696244435992,39.04837397644211,93.15175790075033,31.189741903388683,137.17871555019022,48.228622207149975,116.19272782751939,137.17871555019022,47.283057219261956,42.94440850939994,43.74420596553966,77.17089437589479,
26.74696244435992,26.74696244435992,26.74696244435992,26.74696244435992,26.74696244435992,26.74696244435992,26.74696244435992,26.74696244435992,26.74696244435992,26.74696244435992,26.74696244435992,26.74696244435992,71.90611793107988,82.58329128825031,26.74696244435992,31.189741903388683,38.47713341607412,135.73043137041893,26.74696244435992,28.86280001125663,109.62055768270231,71.3034886944531,50.8350674400325,48.228622207149975,
26.74696244435992,26.74696244435992,26.74696244435992,26.74696244435992,26.74696244435992,26.74696244435992,26.74696244435992,26.74696244435992,26.74696244435992,26.74696244435992,26.74696244435992,26.74696244435992,26.74696244435992,59.60075502877459,33.349475258240574,31.548991156219348,26.74696244435992,26.74696244435992,28.09952550014561,26.74696244435992,53.86650164991226,26.74696244435992,100.10239655432015,43.41658669218482,
26.74696244435992,26.74696244435992,26.74696244435992,26.74696244435992,26.74696244435992,26.74696244435992,26.74696244435992,26.74696244435992,26.74696244435992,26.74696244435992,26.74696244435992,26.74696244435992,109.59584846151792,28.09952550014561,26.74696244435992,30.044411571316665,125.14791248758407,52.13863730478579,39.69046904904669,147.27610125203614,26.74696244435992,123.74489888476211,26.74696244435992,26.74696244435992,
26.74696244435992,26.74696244435992,26.74696244435992,26.74696244435992,26.74696244435992,26.74696244435992,26.74696244435992,26.74696244435992,26.74696244435992,26.74696244435992,26.74696244435992,26.74696244435992,26.74696244435992,48.161402192596356,31.655699855370965,31.55475367260602,26.74696244435992,59.6243341639116,125.39637155835092,74.25855730710995,43.74420596553966,121.4221286806212,26.77478083736427,125.39637155835092,
26.74696244435992,26.74696244435992,26.74696244435992,26.74696244435992,26.74696244435992,26.74696244435992,26.74696244435992,26.74696244435992,26.74696244435992,26.74696244435992,26.74696244435992,26.74696244435992,74.25855730710995,68.29497845107393,47.801019863597055,47.0340736236258,56.90635582545533,39.04837397644211,100.45894683899488,109.62055768270231,98.81632793555256,75.97806701059633,35.47179067772443,80.986267417409,
26.74696244435992,26.74696244435992,26.74696244435992,26.74696244435992,26.74696244435992,26.74696244435992,26.74696244435992,26.74696244435992,26.74696244435992,26.74696244435992,26.74696244435992,26.74696244435992,66.16976273193066,51.57518783291051,26.919633479426622,39.382737335030434,45.49816846130549,98.97070273570861,62.94193752975833,27.673755341367702,26.74696244435992,26.74696244435992,28.137208094244944,33.349475258240574,
26.74696244435992,26.74696244435992,26.74696244435992,26.74696244435992,26.74696244435992,26.74696244435992,26.74696244435992,26.74696244435992,26.74696244435992,26.74696244435992,26.74696244435992,26.74696244435992,104.8198454492278,27.91012731270802,52.646297619692355,62.600123883296604,26.77478083736427,32.24418552235426,100.50972132899709,33.349475258240574,80.31438227366255,27.330847162346988,48.100805606559234,29.381116384507923,
26.74696244435992,26.74696244435992,26.74696244435992,26.74696244435992,26.74696244435992,26.74696244435992,26.74696244435992,26.74696244435992,26.74696244435992,26.74696244435992,26.74696244435992,26.74696244435992,98.81632793555256,28.09952550014561,31.320523728245195,48.47679857416328,80.31438227366255,77.63590234764669,26.77478083736427,114.6753569865819,62.06501523163013,76.86351540230254,52.13863730478579,34.977671449083054,
26.74696244435992,26.74696244435992,26.74696244435992,26.74696244435992,26.74696244435992,26.74696244435992,26.74696244435992,26.74696244435992,26.74696244435992,26.74696244435992,26.74696244435992,26.74696244435992,137.0,41.50180718956706,105.31856436545269,110.49283536350521,26.74696244435992,27.587622642716482,110.93782042207248,32.292413969847466,27.989581394988146,44.78211138389971,31.189741903388683,71.24948979409162,
26.74696244435992,26.74696244435992,26.74696244435992,26.74696244435992,26.74696244435992,26.74696244435992,26.74696244435992,26.74696244435992,26.74696244435992,26.74696244435992,26.74696244435992,26.74696244435992,43.74420596553966,26.77478083736427,42.506470095739544,26.74696244435992,26.77478083736427,26.74696244435992,31.189741903388683,26.74696244435992,123.67699866992245,48.228622207149975,31.525325594609708,128.45751567476825,
26.74696244435992,26.74696244435992,26.74696244435992,26.74696244435992,26.74696244435992,26.74696244435992,26.74696244435992,26.74696244435992,26.74696244435992,26.74696244435992,26.74696244435992,26.74696244435992,31.189741903388683,30.044411571316665,47.84697830932831,125.39637155835092,31.189741903388683,129.25169244539896,32.24418552235426,30.331501776206203,48.239622972094175,26.74696244435992,39.04837397644211,31.250599994240112,
26.74696244435992,26.74696244435992,26.74696244435992,26.74696244435992,26.74696244435992,26.74696244435992,26.74696244435992,26.74696244435992,26.74696244435992,26.74696244435992,26.74696244435992,26.74696244435992,137.17871555019022,26.74696244435992,109.62055768270231,50.836338708972086,66.16976273193066,77.5306391048081,51.57518783291051,137.17871555019022,39.27609413177351,52.59911279353167,27.147743920996454,50.8350674400325,
26.74696244435992,26.74696244435992,26.74696244435992,26.74696244435992,26.74696244435992,26.74696244435992,26.74696244435992,26.74696244435992,26.74696244435992,26.74696244435992,26.74696244435992,26.74696244435992,72.4541234161314,26.74696244435992,52.13863730478579,26.74696244435992,68.44852080213275,80.31438227366255,28.023897712045812,48.100805606559234,52.13863730478579,44.19205245290153,26.74696244435992,32.24418552235426,
26.74696244435992,26.74696244435992,26.74696244435992,26.74696244435992,26.74696244435992,26.74696244435992,26.74696244435992,26.74696244435992,26.74696244435992,26.74696244435992,26.74696244435992,26.74696244435992,26.77478083736427,97.3053612774411,73.43662233518097,41.18980456375097,26.74696244435992,26.776392710960344,29.812638065588093,26.74696244435992,52.13863730478579,52.13863730478579,27.422618401604176,26.74696244435992,
26.74696244435992,26.74696244435992,26.74696244435992,26.74696244435992,26.74696244435992,26.74696244435992,26.74696244435992,26.74696244435992,26.74696244435992,26.74696244435992,26.74696244435992,26.74696244435992,26.74696244435992,98.81632793555256,48.228622207149975,27.871013408732598,27.330847162346988,31.687273996564194,57.740093239853174,26.776392710960344,50.57358500244965,32.24418552235426,45.328660911171866,98.81632793555256,
26.74696244435992,26.74696244435992,26.74696244435992,26.74696244435992,26.74696244435992,26.74696244435992,26.74696244435992,26.74696244435992,26.74696244435992,26.74696244435992,26.74696244435992,26.74696244435992,35.374268091017896,28.167083899200772,26.74696244435992,129.0,125.39637155835092,71.98951170773675,90.8167798372085,26.74696244435992,80.31438227366255,104.0023547614109,31.189741903388683,27.330847162346988,
26.74696244435992,26.74696244435992,26.74696244435992,26.74696244435992,26.74696244435992,26.74696244435992,26.74696244435992,26.74696244435992,26.74696244435992,26.74696244435992,26.74696244435992,26.74696244435992,105.39765968306254,48.68180735497541,65.79361671165373,26.74696244435992,26.74696244435992,66.86802923171382,61.11260099193946,59.726041221564316,27.463574674180663,78.62428236733088,80.83522334560185,108.99082530194916,
26.74696244435992,26.74696244435992,26.74696244435992,26.74696244435992,26.74696244435992,26.74696244435992,26.74696244435992,26.74696244435992,26.74696244435992,26.74696244435992,26.74696244435992,26.74696244435992,46.560910293366675,47.17579416984473,26.74696244435992,80.31438227366255,30.80551236121118,121.06506515093444,115.10343174727676,126.25846506274343,48.100805606559234,41.4031668139313,104.8198454492278,26.74696244435992,
26.74696244435992,26.74696244435992,26.74696244435992,26.74696244435992,26.74696244435992,26.74696244435992,26.74696244435992,26.74696244435992,26.74696244435992,26.74696244435992,26.74696244435992,26.74696244435992,44.734293610086084,31.189741903388683,87.49285685128815,33.01614931669772,26.74696244435992,65.79361671165373,90.48314760219165,47.34553833256097,121.4221286806212,64.11240129647305,66.33082072293224,110.84057313574856,
26.74696244435992,26.74696244435992,26.74696244435992,26.74696244435992,26.74696244435992,26.74696244435992,26.74696244435992,26.74696244435992,26.74696244435992,26.74696244435992,26.74696244435992,26.74696244435992,121.4358541233464,59.60075502877459,77.17089437589479,97.53290043193971,119.6383439091888,106.27135079596947,26.77478083736427,43.45903243285566,62.600123883296604,81.09379804666108,115.57162281459925,26.74696244435992,
26.74696244435992,26.74696244435992,26.74696244435992,26.74696244435992,26.74696244435992,26.74696244435992,26.74696244435992,26.74696244435992,26.74696244435992,26.74696244435992,26.74696244435992,26.74696244435992,48.26626827362174,135.69543102109222,47.84697830932831,47.89108012517107,59.60075502877459,92.84826331170659,121.4221286806212,28.09952550014561,45.784800249474685,110.92339699089638,26.74696244435992,47.283057219261956,
26.74696244435992,26.74696244435992,26.74696244435992,26.74696244435992,26.74696244435992,26.74696244435992,26.74696244435992,26.74696244435992,26.74696244435992,26.74696244435992,26.74696244435992,26.74696244435992,30.044411571316665,72.27667927725331,47.281661937325715,26.74696244435992,62.600123883296604,135.69543102109222,52.13863730478579,27.330847162346988,84.01651926974885,26.74696244435992,125.39637155835092,34.652207869111045,
26.74696244435992,26.74696244435992,26.74696244435992,26.74696244435992,26.74696244435992,26.74696244435992,26.74696244435992,26.74696244435992,26.74696244435992,26.74696244435992,26.74696244435992,26.74696244435992,52.13863730478579,83.84120072360314,26.74696244435992,26.74696244435992,69.17866361819951,42.506470095739544,71.58953292548985,29.596241315410307,42.50808746579879,28.603976996215053,121.06506515093444,48.100805606559234,
26.74696244435992,26.74696244435992,26.74696244435992,26.74696244435992,26.74696244435992,26.74696244435992,26.74696244435992,26.74696244435992,26.74696244435992,26.74696244435992,26.74696244435992,26.74696244435992,108.99082530194916,31.189741903388683,52.13863730478579,28.09952550014561,59.60075502877459,112.75046193549127,71.90611793107988,40.89417236396078,59.60075502877459,126.25846506274343,121.4221286806212,36.94311016183873,
26.74696244435992,26.74696244435992,26.74696244435992,26.74696244435992,26.74696244435992,26.74696244435992,26.74696244435992,26.74696244435992,26.74696244435992,26.74696244435992,26.74696244435992,26.74696244435992,30.331501776206203,123.67699866992245,104.23560439931164,90.80576798860301,26.74696244435992,39.04837397644211,61.588960049671236,27.330847162346988,71.9041311861332,30.850895899110903,26.74696244435992,144.1735065814798,
26.74696244435992,26.74696244435992,26.74696244435992,26.74696244435992,26.74696244435992,26.74696244435992,26.74696244435992,26.74696244435992,26.74696244435992,26.74696244435992,26.74696244435992,26.74696244435992,88.0613422564067,116.19272782751939,42.941821107167776,27.147743920996454,71.90611793107988,27.91012731270802,28.86280001125663,26.74696244435992,100.10239655432015,26.74696244435992,32.58354646136605,27.330847162346988,
26.74696244435992,26.74696244435992,26.74696244435992,26.74696244435992,26.74696244435992,26.74696244435992,26.74696244435992,26.74696244435992,26.74696244435992,26.74696244435992,26.74696244435992,26.74696244435992,48.228622207149975,126.18557762280125,78.85006869580604,90.88866816055784,99.84654893051304,85.30736743550061,66.44697133805272,129.25169244539896,30.044411571316665,97.30193557512958,26.74696244435992,98.6049567719595,
26.74696244435992,26.74696244435992,26.74696244435992,26.74696244435992,26.74696244435992,26.74696244435992,26.74696244435992,26.74696244435992,26.74696244435992,26.74696244435992,26.74696244435992,26.74696244435992,26.74696244435992,77.80544646745496,40.69648733776237,117.0161335466357,105.32647657007551,27.147743920996454,26.817904466978774,26.74696244435992,26.74696244435992,71.9041311861332,116.19272782751939,31.320523728245195,
26.74696244435992,26.74696244435992,26.74696244435992,26.74696244435992,26.74696244435992,26.74696244435992,26.74696244435992,26.74696244435992,26.74696244435992,26.74696244435992,26.74696244435992,26.74696244435992,35.33553452263033,26.74696244435992,26.817904466978774,123.99193522161028,137.17871555019022,128.5496013218244,99.03205005843063,27.584834183352942,112.93830716143125,26.74696244435992,68.46002855830606,26.74696244435992,
26.74696244435992,26.74696244435992,26.74696244435992,26.74696244435992,26.74696244435992,26.74696244435992,26.74696244435992,26.74696244435992,26.74696244435992,26.74696244435992,26.74696244435992,26.74696244435992,59.53321830400783,100.10239655432015,26.74696244435992,29.812638065588093,26.74696244435992,74.25855730710995,127.12198865656563,72.62961671721663,98.81632793555256,126.25846506274343,28.59020811396797,26.74696244435992,
26.74696244435992,26.74696244435992,26.74696244435992,26.74696244435992,26.74696244435992,26.74696244435992,26.74696244435992,26.74696244435992,26.74696244435992,26.74696244435992,26.74696244435992,26.74696244435992,29.596241315410307,27.147743920996454,145.46706385524755,48.100805606559234,73.64337674750873,48.228622207149975,85.35184532275797,98.81632793555256,30.331501776206203,126.25846506274343,31.189741903388683,27.91012731270802,
26.74696244435992,26.74696244435992,26.74696244435992,26.74696244435992,26.74696244435992,26.74696244435992,26.74696244435992,26.74696244435992,26.74696244435992,26.74696244435992,26.74696244435992,26.74696244435992,48.228622207149975,28.83465796571896,29.812638065588093,70.37355682356832,46.560910293366675,135.80592770567858,118.70551798463288,141.39748936950755,43.46722903521687,38.887068308534815,93.6418709766096,65.79361671165373,
26.74696244435992,26.74696244435992,26.74696244435992,26.74696244435992,26.74696244435992,26.74696244435992,26.74696244435992,26.74696244435992,26.74696244435992,26.74696244435992,26.74696244435992,26.74696244435992,116.41162599442835,49.32460508373753,137.17871555019022,63.73529242107547,95.78230525519837,26.74696244435992,26.74696244435992,26.74696244435992,26.74696244435992,43.45903243285566,59.239626377394835,29.596241315410307,
26.74696244435992,26.74696244435992,26.74696244435992,26.74696244435992,26.74696244435992,26.74696244435992,26.74696244435992,26.74696244435992,26.74696244435992,26.74696244435992,26.74696244435992,26.74696244435992,43.74420596553966,45.81266200517058,27.91012731270802,31.436410957427974,118.70551798463288,43.31281565541543,28.137208094244944,112.75046193549127,71.24948979409162,26.77478083736427,28.599272147153304,103.37149832843997,
26.74696244435992,26.74696244435992,26.74696244435992,26.74696244435992,26.74696244435992,26.74696244435992,26.74696244435992,26.74696244435992,26.74696244435992,26.74696244435992,26.74696244435992,26.74696244435992,26.74696244435992,26.74696244435992,59.60075502877459,47.801019863597055,26.74696244435992,27.91012731270802,77.63590234764669,71.24948979409162,71.90611793107988,26.74696244435992,31.189741903388683,42.736921326230835,
26.74696244435992,26.74696244435992,26.74696244435992,26.74696244435992,26.74696244435992,26.74696244435992,26.74696244435992,26.74696244435992,26.74696244435992,26.74696244435992,26.74696244435992,26.74696244435992,47.44233879357216,47.283057219261956,41.871231173682965,40.070346305731185,26.74696244435992,29.596241315410307,32.24418552235426,75.36370147491431,26.877499883731744,121.06506515093444,28.06391514620391,28.253589260878854,
26.74696244435992,26.74696244435992,26.74696244435992,26.74696244435992,26.74696244435992,26.74696244435992,26.74696244435992,26.74696244435992,26.74696244435992,26.74696244435992,26.74696244435992,26.74696244435992,39.27609413177351,29.596241315410307,26.74696244435992,75.97806701059633,33.349475258240574,26.74696244435992,27.330847162346988,40.031110350805506,100.10239655432015,32.24418552235426,26.776392710960344,26.74696244435992,
26.74696244435992,26.74696244435992,26.74696244435992,26.74696244435992,26.74696244435992,26.74696244435992,26.74696244435992,26.74696244435992,26.74696244435992,26.74696244435992,26.74696244435992,26.74696244435992,28.72743124824162,27.60883796693185,109.62055768270231,51.24451190127583,26.74696244435992,26.74696244435992,90.81540342915402,75.28169321510597,108.99082530194916,109.88782158789633,27.91012731270802,26.74696244435992,
26.74696244435992,26.74696244435992,26.74696244435992,26.74696244435992,26.74696244435992,26.74696244435992,26.74696244435992,26.74696244435992,26.74696244435992,26.74696244435992,26.74696244435992,26.74696244435992,26.74696244435992,69.13670730893006,62.238251903471706,65.79361671165373,33.349475258240574,105.31856436545269,99.84654893051304,53.13248746755413,71.24948979409162,26.74696244435992,27.587622642716482,44.18395887901199,
26.74696244435992,26.74696244435992,26.74696244435992,26.74696244435992,26.74696244435992,26.74696244435992,26.74696244435992,26.74696244435992,26.74696244435992,26.74696244435992,26.74696244435992,26.74696244435992,48.29078587059855,114.66227583647553,120.99316897567198,50.08991914547278,41.42019619776353,69.73655784450506,142.06600578604298,26.74696244435992,26.74696244435992,41.23353103522245,28.86280001125663,32.24418552235426,
26.74696244435992,26.74696244435992,26.74696244435992,26.74696244435992,26.74696244435992,26.74696244435992,26.74696244435992,26.74696244435992,26.74696244435992,26.74696244435992,26.74696244435992,26.74696244435992,26.74696244435992,38.887068308534815,49.4488371956308,80.31438227366255,26.74696244435992,49.266494699744975,28.525292420802767,104.8198454492278,49.60332444421813,132.37975676061654,139.07072541216814,27.147743920996454,
26.74696244435992,26.74696244435992,26.74696244435992,26.74696244435992,26.74696244435992,26.74696244435992,26.74696244435992,26.74696244435992,26.74696244435992,26.74696244435992,26.74696244435992,26.74696244435992,77.17089437589479,30.264143261406538,29.596241315410307,59.60075502877459,56.02845259330299,78.85006869580604,127.72626981165621,26.74696244435992,91.6515138991168,26.877499883731744,137.17871555019022,28.86280001125663,
26.74696244435992,26.74696244435992,26.74696244435992,26.74696244435992,26.74696244435992,26.74696244435992,26.74696244435992,26.74696244435992,26.74696244435992,26.74696244435992,26.74696244435992,26.74696244435992,63.66579406033772,80.31438227366255,59.239626377394835,34.47027705139603,137.13788681469464,99.84654893051304,119.71633138381748,57.50208514409166,26.77478083736427,26.74696244435992,135.69543102109222,37.5473034983872,
26.74696244435992,26.74696244435992,26.74696244435992,26.74696244435992,26.74696244435992,26.74696244435992,26.74696244435992,26.74696244435992,26.74696244435992,26.74696244435992,26.74696244435992,26.74696244435992,137.33899664698296,29.812638065588093,62.600123883296604,37.66076649954609,90.88866816055784,28.09952550014561,117.87988236618946,26.74696244435992,59.60075502877459,26.74696244435992,37.5473034983872,99.15644204992432,
26.74696244435992,26.74696244435992,26.74696244435992,26.74696244435992,26.74696244435992,26.74696244435992,26.74696244435992,26.74696244435992,26.74696244435992,26.74696244435992,26.74696244435992,26.74696244435992,126.14541873039491,43.74420596553966,82.20908303425682,44.26285124119322,37.5473034983872,76.49618726882188,50.51292463870564,28.603976996215053,47.76679460322481,27.330847162346988,75.97806701059633,72.4541234161314,
26.74696244435992,26.74696244435992,26.74696244435992,26.74696244435992,26.74696244435992,26.74696244435992,26.74696244435992,26.74696244435992,26.74696244435992,26.74696244435992,26.74696244435992,26.74696244435992,103.37149832843997,34.551089386266504,94.69952481401371,26.74696244435992,26.817904466978774,80.05154589388015,28.210745361407128,56.618306695460475,26.74696244435992,44.62715914477789,59.60075502877459,64.16541124313005,
26.74696244435992,26.74696244435992,26.74696244435992,26.74696244435992,26.74696244435992,26.74696244435992,26.74696244435992,26.74696244435992,26.74696244435992,26.74696244435992,26.74696244435992,26.74696244435992,26.817904466978774,135.69543102109222,80.83522334560185,30.264143261406538,26.74696244435992,47.84697830932831,135.69543102109222,26.74696244435992,26.74696244435992,37.5473034983872,88.80502988757637,31.320523728245195,
26.74696244435992,26.74696244435992,26.74696244435992,26.74696244435992,26.74696244435992,26.74696244435992,26.74696244435992,26.74696244435992,26.74696244435992,26.74696244435992,26.74696244435992,26.74696244435992,28.137208094244944,73.30896317390291,144.1735065814798,26.74696244435992,26.74696244435992,28.09952550014561,26.77478083736427,43.81138550650961,66.68583057891684,105.39765968306254,89.28605714219886,48.228622207149975,
26.74696244435992,26.74696244435992,26.74696244435992,26.74696244435992,26.74696244435992,26.74696244435992,26.74696244435992,26.74696244435992,26.74696244435992,26.74696244435992,26.74696244435992,26.74696244435992,26.74696244435992,26.74696244435992,114.69715558809644,26.74696244435992,94.62346432043164,29.87051947797858,35.97862613360241,87.49285685128815,98.81632793555256,70.09413313537732,107.4333205637196,29.812638065588093,
26.74696244435992,26.74696244435992,26.74696244435992,26.74696244435992,26.74696244435992,26.74696244435992,26.74696244435992,26.74696244435992,26.74696244435992,26.74696244435992,26.74696244435992,26.74696244435992,31.189741903388683,27.91012731270802,26.74696244435992,116.19272782751939,51.95798930926046,27.147743920996454,57.77272280237448,52.13863730478579,112.75046193549127,87.89539237070395,62.600123883296604,26.817904466978774,
26.74696244435992,26.74696244435992,26.74696244435992,26.74696244435992,26.74696244435992,26.74696244435992,26.74696244435992,26.74696244435992,26.74696244435992,26.74696244435992,26.74696244435992,26.74696244435992,123.67699866992245,59.60075502877459,121.06281048130616,26.74696244435992,41.23353103522245,77.77746031681244,45.13436729490191,26.74696244435992,31.189741903388683,171.1899529762188,44.87412951801962,27.91012731270802,
26.74696244435992,26.74696244435992,26.74696244435992,26.74696244435992,26.74696244435992,26.74696244435992,26.74696244435992,26.74696244435992,26.74696244435992,26.74696244435992,26.74696244435992,26.74696244435992,37.5473034983872,26.74696244435992,30.331501776206203,41.89676411102899,31.250599994240112,94.66607981038756,75.97806701059633,74.41396038378821,41.23353103522245,27.147743920996454,31.189741903388683,41.295681775862874,
26.74696244435992,26.74696244435992,26.74696244435992,26.74696244435992,26.74696244435992,26.74696244435992,26.74696244435992,26.74696244435992,26.74696244435992,26.74696244435992,26.74696244435992,26.74696244435992,81.72782573885102,26.74696244435992,98.97070273570861,36.897662527591095,26.74696244435992,26.74696244435992,73.64725634636322,47.80516011199349,87.43569065318808,26.74696244435992,75.97806701059633,48.47679857416328,
26.74696244435992,26.74696244435992,26.74696244435992,26.74696244435992,26.74696244435992,26.74696244435992,26.74696244435992,26.74696244435992,26.74696244435992,26.74696244435992,26.74696244435992,26.74696244435992,31.189741903388683,26.74696244435992,98.81632793555256,37.83384727991591,42.192679723172624,32.24418552235426,43.333012819327486,97.53290043193971,30.812335192257013,41.58525379666852,111.01711579752016,62.16711349258545,
26.74696244435992,26.74696244435992,26.74696244435992,26.74696244435992,26.74696244435992,26.74696244435992,26.74696244435992,26.74696244435992,26.74696244435992,26.74696244435992,26.74696244435992,26.74696244435992,118.70551798463288,73.824115301167,105.75285654140349,29.87051947797858,28.86280001125663,97.53290043193971,85.18838667617668,68.55654600401043,47.904998579364225,29.596241315410307,100.10239655432015,27.932918463424077,
26.74696244435992,26.74696244435992,26.74696244435992,26.74696244435992,26.74696244435992,26.74696244435992,26.74696244435992,26.74696244435992,26.74696244435992,26.74696244435992,26.74696244435992,26.74696244435992,26.95520976236938,48.55087537830806,121.4221286806212,47.95623004365544,125.39637155835092,66.52150863526106,46.66904755831214,116.19272782751939,44.87988504477983,81.04525484772896,65.79361671165373,59.60075502877459,
26.74696244435992,26.74696244435992,26.74696244435992,26.74696244435992,26.74696244435992,26.74696244435992,26.74696244435992,26.74696244435992,26.74696244435992,26.74696244435992,26.74696244435992,26.74696244435992,28.09952550014561,87.67173622857787,27.147743920996454,128.44583813161614,103.37149832843997,80.31438227366255,73.43662233518097,80.23663980593241,71.90611793107988,102.82185241150509,48.100805606559234,37.8549864614954,
26.74696244435992,26.74696244435992,26.74696244435992,26.74696244435992,26.74696244435992,26.74696244435992,26.74696244435992,26.74696244435992,26.74696244435992,26.74696244435992,26.74696244435992,26.74696244435992,39.637243989852664,56.17037574301164,81.32855177201506,51.95798930926046,43.797260188281186,26.74696244435992,75.97806701059633,100.8265837961398,121.4221286806212,82.58329128825031,27.91012731270802,135.69543102109222,
