18.095084933910424,24.507333086241758,33.145738790981866,9.99999999E8,31.70867389217026,13.740653388960641,32.08488740824876,25.228401103165897,60.5,24.402299527344184,22.923180892324307,12.643550727544854,20.53539576776749,55.64969801255788,24.580932086115496,22.519744423258647,18.649545719817294,18.27901663054093,40.36775390773625,14.077908225301087,22.884219453588535,15.987788308581022,15.679181569644431,19.5202459000905,
12.643550727544854,13.740653388960641,14.077908225301087,15.679181569644431,15.987788308581022,18.095084933910424,18.27901663054093,18.649545719817294,19.5202459000905,20.53539576776749,22.519744423258647,22.884219453588535,19.31424344881259,16.825854361666156,25.33155147242269,20.626978019628133,21.78623418583395,14.077908225301087,14.5,41.959980934218734,15.679181569644431,11.983738982471206,31.752515210959622,26.035360569809665,
11.983738982471206,12.643550727544854,13.740653388960641,14.077908225301087,14.077908225301087,14.5,15.679181569644431,15.679181569644431,15.987788308581022,16.825854361666156,18.095084933910424,18.27901663054093,16.563797119018332,14.690473103341498,24.545309576825918,20.725722075613085,18.565933252896833,17.082317042941085,5.5,15.679181569644431,15.20228190108314,41.12751174362755,13.93193329843704,37.04375790872194,
5.5,11.983738982471206,12.643550727544854,13.740653388960641,13.93193329843704,14.077908225301087,14.077908225301087,14.5,14.690473103341498,15.20228190108314,15.679181569644431,15.679181569644431,18.51970820063682,24.498724456591614,11.53730362779796,36.01234356285202,11.825396399275586,26.175157857955487,24.580932086115496,17.338090292762924,41.558860534053245,15.532717280709418,23.00576680144457,10.555012270180866,
5.5,10.555012270180866,11.53730362779796,11.825396399275586,11.983738982471206,12.643550727544854,13.740653388960641,13.93193329843704,14.077908225301087,14.077908225301087,14.5,14.690473103341498,11.709371246996996,36.255650900545454,16.27161430524843,19.136933459209764,21.773809162204458,19.582446788443526,10.503873616278215,14.5,15.785673884886892,18.604366395542524,18.604366395542524,23.938253904577085,
5.5,10.503873616278215,10.555012270180866,11.53730362779796,11.709371246996996,11.825396399275586,11.983738982471206,12.643550727544854,13.740653388960641,13.93193329843704,14.077908225301087,14.077908225301087,41.959980934218734,20.41101112145109,11.244098543952543,20.34221117665323,12.017071190602143,11.18736004575648,32.63721035873011,26.64282267328295,13.80613541147558,31.235996862594284,21.331666601557412,15.859402925615605,
5.5,10.503873616278215,10.555012270180866,11.18736004575648,11.244098543952543,11.53730362779796,11.709371246996996,11.825396399275586,11.983738982471206,12.017071190602143,12.643550727544854,13.740653388960641,26.660936884429915,54.26683046658326,60.5,20.472881792480727,11.90952285752362,13.943032785778927,23.757276006842748,13.008069670139758,10.62099597756988,10.216761826636764,12.336429791475327,11.039466585175532,
5.5,10.216761826636764,10.503873616278215,10.555012270180866,10.62099597756988,11.039466585175532,11.18736004575648,11.244098543952543,11.53730362779796,11.709371246996996,11.825396399275586,11.90952285752362,34.28829975370607,12.720455966670377,25.064716236175506,11.168843071489345,12.5,32.81828758482075,37.7317836843158,15.02031957050182,11.372723639269822,10.849699365943785,26.654684808157498,36.255650900545454,
5.5,10.216761826636764,10.503873616278215,10.555012270180866,10.62099597756988,10.849699365943785,11.039466585175532,11.168843071489345,11.18736004575648,11.244098543952543,11.372723639269822,11.53730362779796,31.85341425969907,11.18736004575648,11.402192771568108,11.116491752746857,15.830716037120176,12.280472303620899,10.216761826636764,27.068318705656996,13.86082425325391,53.26056233274298,57.74849685393455,54.26683046658326,
5.5,10.216761826636764,10.216761826636764,10.503873616278215,10.555012270180866,10.62099597756988,10.849699365943785,11.039466585175532,11.116491752746857,11.168843071489345,11.18736004575648,11.18736004575648,20.362711017936682,32.10358235462204,16.329115101560156,12.5,13.618818679394415,16.828844285927655,17.019233854308904,15.150941238357547,15.13968295572929,10.555012270180866,31.70867389217026,60.5,
5.5,10.216761826636764,10.216761826636764,10.503873616278215,10.555012270180866,10.555012270180866,10.62099597756988,10.849699365943785,11.039466585175532,11.116491752746857,11.168843071489345,11.18736004575648,10.882543455742121,24.324627438051337,17.851820635442202,23.40272420040026,11.967032904743343,25.582654714126566,10.216761826636764,16.044001994514957,10.654607508351717,16.306738552580715,28.274370019507064,11.825396399275586,
5.5,10.216761826636764,10.216761826636764,10.216761826636764,10.503873616278215,10.555012270180866,10.555012270180866,10.62099597756988,10.654607508351717,10.849699365943785,10.882543455742121,11.039466585175532,24.82214513068701,14.15072632607795,32.72443871006635,9.99999999E8,54.26683046658326,11.117975310280196,11.34063490286148,20.220271387891906,7.46240577829965,38.969731844086375,24.580932086115496,5.5,
5.5,5.5,7.46240577829965,10.216761826636764,10.216761826636764,10.216761826636764,10.503873616278215,10.555012270180866,10.555012270180866,10.62099597756988,10.654607508351717,10.849699365943785,7.46240577829965,32.97252644247935,50.97732338991525,21.25294097295713,41.959980934218734,10.594482316543624,53.26056233274298,28.687544450711883,16.435004563431068,12.017071190602143,21.043051109570587,26.43493059486927,
5.5,5.5,7.46240577829965,7.46240577829965,10.216761826636764,10.216761826636764,10.216761826636764,10.503873616278215,10.555012270180866,10.555012270180866,10.594482316543624,10.62099597756988,10.594482316543624,18.442854683830507,11.789302537512032,11.174049176551891,10.628979565864741,12.524351280605316,28.58512506532025,7.46240577829965,38.661188548724155,16.64294608298025,12.8,21.767075034454113,
5.5,5.5,7.46240577829965,7.46240577829965,7.46240577829965,10.216761826636764,10.216761826636764,10.216761826636764,10.503873616278215,10.555012270180866,10.555012270180866,10.594482316543624,5.5,54.26683046658326,10.910545357588685,16.79910711912987,11.825396399275586,20.694034298694774,10.216761826636764,14.689472837542468,17.039934712316242,12.524351280605316,47.662222986344226,10.912212831909432,
5.5,5.5,5.5,7.46240577829965,7.46240577829965,7.46240577829965,10.216761826636764,10.216761826636764,10.216761826636764,10.216761826636764,10.503873616278215,10.555012270180866,13.023440405668543,17.851820635442202,56.5,5.5,39.34216002656127,14.75311224751084,9.5,60.5,9.99999999E8,17.931843753729378,10.654607508351717,7.46240577829965,
5.5,5.5,5.5,5.5,7.46240577829965,7.46240577829965,7.46240577829965,7.46240577829965,9.5,10.216761826636764,10.216761826636764,10.216761826636764,37.47916087641237,11.407843305765068,5.5,55.64969801255788,18.99194243754494,26.042699979499478,12.174152947946727,12.5,60.5,58.5,18.833148966649205,7.46240577829965,
5.5,5.5,5.5,5.5,5.5,7.46240577829965,7.46240577829965,7.46240577829965,7.46240577829965,7.46240577829965,9.5,10.216761826636764,26.599916457680003,20.362711017936682,7.46240577829965,5.5,5.5,20.835999829355174,7.46240577829965,11.825396399275586,5.5,56.5,38.6191662261111,9.99999999E8,
5.5,5.5,5.5,5.5,5.5,5.5,5.5,5.5,7.46240577829965,7.46240577829965,7.46240577829965,7.46240577829965,16.21384867602041,27.34666341621954,5.5,17.923875309833225,20.813156896540228,5.5,7.46240577829965,24.82214513068701,7.46240577829965,7.46240577829965,23.47102232304526,5.5,
5.5,5.5,5.5,5.5,5.5,5.5,5.5,5.5,5.5,5.5,5.5,7.46240577829965,23.40272420040026,5.5,38.661188548724155,5.5,26.43493059486927,24.128561913218117,23.40272420040026,43.5,5.5,5.5,5.5,18.105401281262882,
5.5,5.5,5.5,5.5,5.5,5.5,5.5,5.5,5.5,5.5,5.5,5.5,18.624953392931992,39.20317447463775,20.18789291650229,9.99999999E8,23.40272420040026,5.5,19.22382780706162,5.5,5.5,18.442854683830507,29.89046670763105,5.5,
5.5,5.5,5.5,5.5,5.5,5.5,5.5,5.5,5.5,5.5,5.5,5.5,9.99999999E8,14.077908225301087,5.5,14.077908225301087,9.99999999E8,31.752515210959622,5.5,23.40272420040026,25.17315037892556,26.762660555333433,16.21384867602041,12.5,
5.5,5.5,5.5,5.5,5.5,5.5,5.5,5.5,5.5,5.5,5.5,5.5,7.46240577829965,56.5,28.885279555510625,5.5,7.5,5.5,5.5,5.5,5.5,16.052647756678645,30.5,60.5,
5.5,5.5,5.5,5.5,5.5,5.5,5.5,5.5,5.5,5.5,5.5,5.5,60.5,32.08488740824876,5.5,5.5,9.99999999E8,45.5,5.5,38.661188548724155,9.99999999E8,9.99999999E8,18.624953392931992,14.778638748724664,
5.5,5.5,5.5,5.5,5.5,5.5,5.5,5.5,5.5,5.5,5.5,5.5,43.9054381597542,5.5,5.5,5.5,15.271210709803261,5.5,5.5,5.5,19.39644870130154,27.803596889611242,25.33155147242269,26.280934153869037,
5.5,5.5,5.5,5.5,5.5,5.5,5.5,5.5,5.5,5.5,5.5,5.5,5.5,5.5,9.99999999E8,5.5,5.5,5.5,5.5,12.19858826076016,9.99999999E8,45.84272631023983,12.5,5.5,
5.5,5.5,5.5,5.5,5.5,5.5,5.5,5.5,5.5,5.5,5.5,5.5,5.5,21.463780597812224,5.5,14.310604055376281,5.5,5.5,33.214266513051285,13.078226179417452,17.851820635442202,5.5,14.077908225301087,5.5,
5.5,5.5,5.5,5.5,5.5,5.5,5.5,5.5,5.5,5.5,5.5,5.5,27.045147439050872,15.86838226019135,31.752515210959622,18.942163433873002,44.61712115320754,9.99999999E8,11.825396399275586,5.5,5.5,57.74849685393455,19.591751700495738,27.368595141146724,
5.5,5.5,5.5,5.5,5.5,5.5,5.5,5.5,5.5,5.5,5.5,5.5,50.87457343528515,9.99999999E8,5.5,9.99999999E8,40.22195365165093,16.602840750535865,23.683092891108814,5.5,9.99999999E8,60.5,5.5,7.46240577829965,
5.5,5.5,5.5,5.5,5.5,5.5,5.5,5.5,5.5,5.5,5.5,5.5,23.40272420040026,26.599916457680003,9.99999999E8,5.5,16.052647756678645,5.5,57.74849685393455,34.988887124660344,5.5,50.5,32.610427780082865,21.81296760084596,
5.5,5.5,5.5,5.5,5.5,5.5,5.5,5.5,5.5,5.5,5.5,5.5,41.12751174362755,5.5,19.136933459209764,18.0288657435791,24.097458372201828,5.5,19.136933459209764,23.40272420040026,23.683092891108814,39.20317447463775,5.5,5.5,
5.5,5.5,5.5,5.5,5.5,5.5,5.5,5.5,5.5,5.5,5.5,5.5,5.5,30.83600776689486,14.75311224751084,20.713280763799826,11.783860784988933,23.40272420040026,5.5,37.7317836843158,5.5,9.99999999E8,5.5,20.49932248202906,
5.5,5.5,5.5,5.5,5.5,5.5,5.5,5.5,5.5,5.5,5.5,5.5,9.5,5.5,5.5,5.5,9.5,60.5,18.00617178142601,9.99999999E8,30.5,5.5,43.5,5.5,
5.5,5.5,5.5,5.5,5.5,5.5,5.5,5.5,5.5,5.5,5.5,5.5,5.5,5.5,17.676883838002166,20.342211176653226,31.752515210959622,9.99999999E8,40.36775390773625,24.689178916188272,9.99999999E8,26.660936884429915,50.5,50.962608842169765,
5.5,5.5,5.5,5.5,5.5,5.5,5.5,5.5,5.5,5.5,5.5,5.5,9.99999999E8,5.5,12.5,5.5,31.752515210959622,28.263148365947405,18.99194243754494,17.947405801396478,57.74849685393455,13.199326582148887,14.077908225301087,27.045147439050872,
5.5,5.5,5.5,5.5,5.5,5.5,5.5,5.5,5.5,5.5,5.5,5.5,20.363877332178173,9.99999999E8,24.78386571945547,30.5,5.5,5.5,23.650779585459755,31.088136358138648,5.5,60.5,12.969579792730372,38.661188548724155,
5.5,5.5,5.5,5.5,5.5,5.5,5.5,5.5,5.5,5.5,5.5,5.5,18.624953392931992,26.599916457680003,50.5,23.594225988576103,20.713280763799826,5.5,17.483921184905864,5.5,26.735847762050778,47.536170438940495,14.077908225301087,5.5,
5.5,5.5,5.5,5.5,5.5,5.5,5.5,5.5,5.5,5.5,5.5,5.5,5.5,5.5,47.16872787015661,26.654684808157498,14.077908225301087,57.74849685393455,5.5,17.760630619434657,24.128561913218117,26.799020504488592,27.045147439050872,21.45016025581161,
5.5,5.5,5.5,5.5,5.5,5.5,5.5,5.5,5.5,5.5,5.5,5.5,5.5,57.74849685393455,5.5,23.683092891108814,30.5,5.5,5.5,5.5,50.5,5.5,12.5,10.985786271359915,
5.5,5.5,5.5,5.5,5.5,5.5,5.5,5.5,5.5,5.5,5.5,5.5,5.5,18.624953392931992,45.5,23.472954476093005,5.5,43.87527777689846,14.940210056863654,37.16537778796886,21.767075034454113,20.49932248202906,23.40272420040026,37.7317836843158,
5.5,5.5,5.5,5.5,5.5,5.5,5.5,5.5,5.5,5.5,5.5,5.5,5.5,19.39644870130154,23.491205475536535,5.5,5.5,5.5,14.771171246722448,44.81838350498599,43.9054381597542,5.5,13.335544034417103,27.45614685275412,
5.5,5.5,5.5,5.5,5.5,5.5,5.5,5.5,5.5,5.5,5.5,5.5,21.853044537445015,5.5,5.5,9.99999999E8,5.5,5.5,12.5,5.5,18.469146569346403,23.40272420040026,5.5,19.22382780706162,
5.5,5.5,5.5,5.5,5.5,5.5,5.5,5.5,5.5,5.5,5.5,5.5,7.46240577829965,39.20317447463775,45.5,17.760630619434657,36.18618520927565,9.99999999E8,28.76726534718856,30.094642380330754,56.346152387619945,5.5,58.5,50.5,
5.5,5.5,5.5,5.5,5.5,5.5,5.5,5.5,5.5,5.5,5.5,5.5,38.661188548724155,44.34681499273651,18.756480361612503,7.5,9.99999999E8,38.7756498386315,17.082317042941085,5.5,9.99999999E8,27.078871950700773,5.5,5.5,
5.5,5.5,5.5,5.5,5.5,5.5,5.5,5.5,5.5,5.5,5.5,5.5,18.69628359883759,19.038703270501962,19.22382780706162,21.767075034454113,5.5,5.5,5.5,9.99999999E8,13.001538370516007,5.5,19.22382780706162,5.5,
5.5,5.5,5.5,5.5,5.5,5.5,5.5,5.5,5.5,5.5,5.5,5.5,9.99999999E8,26.660936884429915,5.5,50.5,32.10358235462204,9.99999999E8,27.34666341621954,44.34681499273651,5.5,21.11052630768959,5.5,5.5,
5.5,5.5,5.5,5.5,5.5,5.5,5.5,5.5,5.5,5.5,5.5,5.5,5.5,14.5,30.908888284763655,5.5,18.968541207893544,21.11052630768959,17.760630619434657,44.355833889128945,5.5,12.5,18.624953392931992,5.5,
5.5,5.5,5.5,5.5,5.5,5.5,5.5,5.5,5.5,5.5,5.5,5.5,5.5,47.16872787015661,40.36775390773625,18.54344560754554,45.908120801831515,5.5,14.5,7.46240577829965,45.5,24.0351305384431,5.5,22.22333330555694,
5.5,5.5,5.5,5.5,5.5,5.5,5.5,5.5,5.5,5.5,5.5,5.5,26.599916457680003,25.759484086607078,26.650328328183875,5.5,5.5,9.99999999E8,43.22293629801453,5.5,27.058963394779187,5.5,9.5,25.33388157301513,
5.5,5.5,5.5,5.5,5.5,5.5,5.5,5.5,5.5,5.5,5.5,5.5,12.5,19.136933459209764,5.5,25.16028616689405,25.932069377938625,9.99999999E8,5.5,5.5,32.1658203688325,50.5,15.623999967997952,45.5,
5.5,5.5,5.5,5.5,5.5,5.5,5.5,5.5,5.5,5.5,5.5,5.5,38.661188548724155,26.042699979499478,5.5,17.36116355547634,14.52618325645109,50.5,18.48109900433855,60.5,24.44494948973214,34.39194027029524,5.5,5.5,
5.5,5.5,5.5,5.5,5.5,5.5,5.5,5.5,5.5,5.5,5.5,5.5,16.052647756678645,32.806096994308845,14.5,9.99999999E8,7.5,30.764788675078236,26.673436640639732,5.5,18.430613120566555,17.760630619434657,38.714410179616,22.89889462397694,
5.5,5.5,5.5,5.5,5.5,5.5,5.5,5.5,5.5,5.5,5.5,5.5,19.277172380823906,5.5,50.5,5.5,9.99999999E8,26.43493059486927,26.43493059486927,36.31859028101173,18.624953392931992,16.21384867602041,9.99999999E8,18.624953392931992,
5.5,5.5,5.5,5.5,5.5,5.5,5.5,5.5,5.5,5.5,5.5,5.5,5.5,12.5,16.21384867602041,5.5,38.661188548724155,5.5,5.5,5.5,5.5,5.5,5.5,9.99999999E8,
5.5,5.5,5.5,5.5,5.5,5.5,5.5,5.5,5.5,5.5,5.5,5.5,43.5,18.624953392931992,23.02410421710256,30.5,24.014318645341575,22.926172271009392,5.5,20.725722075613085,18.10688750172155,41.554849964300864,5.5,5.5,
5.5,5.5,5.5,5.5,5.5,5.5,5.5,5.5,5.5,5.5,5.5,5.5,26.673436640639732,5.5,14.077908225301087,5.5,43.22293629801453,44.34681499273651,19.605085437202256,19.136933459209764,36.14813273185767,5.5,5.5,5.5,
5.5,5.5,5.5,5.5,5.5,5.5,5.5,5.5,5.5,5.5,5.5,5.5,5.5,14.870739352462905,5.5,29.504969240393102,9.99999999E8,24.732316915323562,41.84065009055189,50.87457343528515,43.5,24.78386571945547,27.045147439050872,17.23484841824842,
5.5,5.5,5.5,5.5,5.5,5.5,5.5,5.5,5.5,5.5,5.5,5.5,24.190649019817553,44.355833889128945,5.5,27.39867697535777,38.86695254325968,36.49825268392436,19.84155991851447,20.725722075613085,26.042699979499478,38.661188548724155,44.81838350498599,20.771133815947554,
5.5,5.5,5.5,5.5,5.5,5.5,5.5,5.5,5.5,5.5,5.5,5.5,5.5,60.5,5.5,41.59093116961383,9.5,60.5,23.02410421710256,29.40556920040828,29.40556920040828,8.708616422830897,25.792737468567562,5.5,
5.5,5.5,5.5,5.5,5.5,5.5,5.5,5.5,5.5,5.5,5.5,5.5,18.4826777010259,43.5,55.64969801255788,18.624953392931992,32.601976763516795,21.89593795126009,5.5,19.22382780706162,50.5,5.5,24.286621831782206,24.30820620467271,
5.5,5.5,5.5,5.5,5.5,5.5,5.5,5.5,5.5,5.5,5.5,5.5,9.5,18.624953392931992,5.5,16.21384867602041,23.121621374808473,20.725722075613085,9.99999999E8,5.5,14.077908225301087,19.39644870130154,19.39644870130154,12.336429791475327,
5.5,5.5,5.5,5.5,5.5,5.5,5.5,5.5,5.5,5.5,5.5,5.5,58.5,18.624953392931992,20.725722075613085,44.34681499273651,24.343569479433373,9.99999999E8,5.5,5.5,31.088136358138648,33.116368725314985,5.5,45.5,
5.5,5.5,5.5,5.5,5.5,5.5,5.5,5.5,5.5,5.5,5.5,5.5,36.01234356285202,50.5,26.042699979499478,11.825396399275586,5.5,5.5,5.5,5.5,15.071127658171067,5.5,50.5,5.5,
5.5,5.5,5.5,5.5,5.5,5.5,5.5,5.5,5.5,5.5,5.5,5.5,7.5,17.903720559608363,21.035023703866422,14.077908225301087,18.624953392931992,10.892199043352083,5.5,9.99999999E8,14.310604055376281,5.5,24.30820620467271,19.136933459209764,
5.5,5.5,5.5,5.5,5.5,5.5,5.5,5.5,5.5,5.5,5.5,5.5,31.752515210959622,13.078226179417452,7.46240577829965,5.5,14.077908225301087,30.6236110796156,9.5,15.785673884886892,5.5,31.752515210959622,53.26056233274298,24.752525123712125,
5.5,5.5,5.5,5.5,5.5,5.5,5.5,5.5,5.5,5.5,5.5,5.5,9.99999999E8,36.31859028101173,10.892199043352083,41.12751174362755,17.97803872904967,43.5,9.99999999E8,5.5,5.5,30.5,26.042699979499478,14.5,
5.5,5.5,5.5,5.5,5.5,5.5,5.5,5.5,5.5,5.5,5.5,5.5,5.5,7.863841300534999,17.947110225105842,19.39644870130154,5.5,29.37665151648478,5.5,43.87527777689846,5.5,26.042699979499478,18.624953392931992,9.99999999E8,
5.5,5.5,5.5,5.5,5.5,5.5,5.5,5.5,5.5,5.5,5.5,5.5,7.5,9.5,10.910545357588685,23.47102232304526,9.99999999E8,38.46390804666398,34.18779834320361,5.5,9.5,38.661188548724155,5.5,5.5,
5.5,5.5,5.5,5.5,5.5,5.5,5.5,5.5,5.5,5.5,5.5,5.5,5.5,5.5,7.46240577829965,9.5,17.40130901844903,9.99999999E8,5.5,5.5,12.5,19.21298750556219,57.74849685393455,19.382659776202026,
5.5,5.5,5.5,5.5,5.5,5.5,5.5,5.5,5.5,5.5,5.5,5.5,60.5,32.36589285665024,19.22382780706162,5.5,43.5,5.5,27.63489641739227,18.533003594188994,5.5,5.5,5.5,9.99999999E8,
5.5,5.5,5.5,5.5,5.5,5.5,5.5,5.5,5.5,5.5,5.5,5.5,30.5,19.136933459209764,14.077908225301087,38.661188548724155,20.180815298754634,30.87651818129758,5.5,27.429170147855366,32.95735881407975,57.74849685393455,16.21384867602041,5.5,
5.5,5.5,5.5,5.5,5.5,5.5,5.5,5.5,5.5,5.5,5.5,5.5,5.5,18.430613120566555,50.5,5.5,5.5,26.762660555333433,39.18610749242853,9.5,56.346152387619945,57.74849685393455,37.47916087641237,38.661188548724155,
5.5,5.5,5.5,5.5,5.5,5.5,5.5,5.5,5.5,5.5,5.5,5.5,5.5,45.5,9.5,38.99599338393625,5.5,36.24693090456073,60.5,9.5,5.5,5.5,5.5,30.92101833704705,
5.5,5.5,5.5,5.5,5.5,5.5,5.5,5.5,5.5,5.5,5.5,5.5,9.99999999E8,19.136933459209764,60.5,45.84272631023983,43.22293629801453,26.673436640639732,36.069932076453924,21.3910352458428,5.5,21.114846309975302,60.5,44.355833889128945,
5.5,5.5,5.5,5.5,5.5,5.5,5.5,5.5,5.5,5.5,5.5,5.5,36.494383129462534,36.069932076453924,30.914195768287424,5.5,9.99999999E8,24.156800707216245,34.45971883550738,14.077908225301087,5.5,9.99999999E8,37.7317836843158,5.5,
5.5,5.5,5.5,5.5,5.5,5.5,5.5,5.5,5.5,5.5,5.5,5.5,32.31442746239244,17.082317042941085,5.5,20.34221117665323,5.5,31.088136358138648,18.624953392931992,43.61980628109208,17.658992043715294,45.5,30.20609480328939,16.21384867602041,
5.5,5.5,5.5,5.5,5.5,5.5,5.5,5.5,5.5,5.5,5.5,5.5,5.5,5.5,5.5,24.44494948973214,16.547070905618178,14.5,20.751867385852293,5.5,19.136933459209764,18.624953392931992,38.661188548724155,19.136933459209764,
5.5,5.5,5.5,5.5,5.5,5.5,5.5,5.5,5.5,5.5,5.5,5.5,23.013243469793647,37.7317836843158,5.5,43.5,16.21384867602041,19.602243082981538,28.31677947789967,21.927278799603826,26.042699979499478,19.00698045778048,33.31947628640042,17.487296976821646,
5.5,5.5,5.5,5.5,5.5,5.5,5.5,5.5,5.5,5.5,5.5,5.5,17.711225254058512,23.683092891108814,5.5,5.5,38.661188548724155,9.99999999E8,24.272183438843914,15.071127658171067,29.87985200022844,5.5,7.5,5.5,
5.5,5.5,5.5,5.5,5.5,5.5,5.5,5.5,5.5,5.5,5.5,5.5,5.5,12.8,28.778850258865834,28.662711323393033,5.5,19.167941986556617,5.5,50.87457343528515,23.40272420040026,5.5,19.39644870130154,7.46240577829965,
5.5,5.5,5.5,5.5,5.5,5.5,5.5,5.5,5.5,5.5,5.5,5.5,5.5,43.5,20.464847910502534,5.5,9.99999999E8,18.624953392931992,27.52221325079475,14.5,16.21384867602041,45.833257575694965,24.324627438051337,9.99999999E8,
5.5,5.5,5.5,5.5,5.5,5.5,5.5,5.5,5.5,5.5,5.5,5.5,9.99999999E8,26.599916457680003,5.5,24.504534727723808,15.003645390370968,37.7317836843158,20.943734146517425,23.683092891108814,5.5,22.618783676404885,26.599916457680003,30.5,
5.5,5.5,5.5,5.5,5.5,5.5,5.5,5.5,5.5,5.5,5.5,5.5,23.751262050248865,25.91215930793881,14.5,13.655483229172896,16.596385148579795,57.74849685393455,19.136933459209764,37.7317836843158,15.514312023129495,9.99999999E8,5.5,19.136933459209764,
5.5,5.5,5.5,5.5,5.5,5.5,5.5,5.5,5.5,5.5,5.5,5.5,45.5,57.74849685393455,24.30820620467271,5.5,30.914195768287424,33.9050963065371,5.5,5.5,22.401785643113364,34.988887124660344,24.097458372201828,30.791384752881772,
5.5,5.5,5.5,5.5,5.5,5.5,5.5,5.5,5.5,5.5,5.5,5.5,29.306302649771432,18.69628359883759,37.7317836843158,56.346152387619945,5.5,23.326432410027728,34.988887124660344,12.5,24.706439712457684,57.74849685393455,5.5,60.5,
5.5,5.5,5.5,5.5,5.5,5.5,5.5,5.5,5.5,5.5,5.5,5.5,38.661188548724155,5.5,9.99999999E8,5.5,32.33939910842311,33.107740016189446,50.5,11.894209608974538,20.829703387467536,28.18173167142147,41.84065009055189,26.193939164997534,
5.5,5.5,5.5,5.5,5.5,5.5,5.5,5.5,5.5,5.5,5.5,5.5,60.5,28.158282775923837,26.43493059486927,21.276603994787806,16.21384867602041,17.19899867886371,28.18173167142147,5.5,9.5,38.661188548724155,20.713280763799826,5.5,
5.5,5.5,5.5,5.5,5.5,5.5,5.5,5.5,5.5,5.5,5.5,5.5,5.5,23.898512273547254,19.136933459209764,5.5,7.5,5.5,24.511335246280556,26.165626306282064,26.042699979499478,42.860704613900126,5.5,19.39644870130154,
5.5,5.5,5.5,5.5,5.5,5.5,5.5,5.5,5.5,5.5,5.5,5.5,40.90461465409496,10.892199043352083,20.713280763799826,23.769299355192082,20.16531675922796,19.136933459209764,12.5,53.543336549834926,5.5,17.14075714650772,23.326432410027728,5.5,
5.5,5.5,5.5,5.5,5.5,5.5,5.5,5.5,5.5,5.5,5.5,5.5,60.5,5.5,26.042699979499478,18.624953392931992,5.5,12.5,17.760630619434657,24.44494948973214,24.324627438051337,24.014451431398978,47.536170438940495,44.34681499273651,
5.5,5.5,5.5,5.5,5.5,5.5,5.5,5.5,5.5,5.5,5.5,5.5,5.5,60.5,19.818310525843657,5.5,30.914195768287424,41.12751174362755,39.20317447463775,14.077908225301087,30.5,19.22382780706162,60.5,5.5,
5.5,5.5,5.5,5.5,5.5,5.5,5.5,5.5,5.5,5.5,5.5,5.5,5.5,26.042699979499478,5.5,60.5,27.951123521648444,9.5,14.392950524245833,34.18779834320361,25.160286166894046,46.19042709864843,12.5,5.5,
5.5,5.5,5.5,5.5,5.5,5.5,5.5,5.5,5.5,5.5,5.5,5.5,28.18173167142147,30.5,7.46240577829965,37.7317836843158,43.5,24.085731231988618,5.5,16.266837430797665,5.5,5.5,46.19042709864843,30.5,
5.5,5.5,5.5,5.5,5.5,5.5,5.5,5.5,5.5,5.5,5.5,5.5,33.86574801903671,9.5,9.99999999E8,5.5,19.277172380823906,60.5,5.5,30.5,7.5,24.079151886134934,14.077908225301087,23.208619088605854,
5.5,5.5,5.5,5.5,5.5,5.5,5.5,5.5,5.5,5.5,5.5,5.5,25.03385462830326,25.803208241526004,9.99999999E8,60.5,18.624953392931992,18.2923310433635,57.74849685393455,9.99999999E8,43.5,5.5,11.825396399275586,20.474068965401088,
5.5,5.5,5.5,5.5,5.5,5.5,5.5,5.5,5.5,5.5,5.5,5.5,35.40038841594821,22.596667342774243,23.683092891108814,9.99999999E8,5.5,20.34221117665323,10.873004286866726,50.5,30.5,5.5,27.045147439050872,57.74849685393455,
5.5,5.5,5.5,5.5,5.5,5.5,5.5,5.5,5.5,5.5,5.5,5.5,36.20341834689095,30.764788675078236,38.89328348185584,34.988887124660344,24.718001372213223,5.5,26.901440481877547,31.752515210959622,50.5,20.474068965401088,10.892199043352083,56.346152387619945,
5.5,5.5,5.5,5.5,5.5,5.5,5.5,5.5,5.5,5.5,5.5,5.5,5.5,18.3809514171601,16.776173580408614,5.5,5.5,5.5,43.22293629801453,31.640778891944,5.5,14.5,5.5,50.5,
5.5,5.5,5.5,5.5,5.5,5.5,5.5,5.5,5.5,5.5,5.5,5.5,37.47916087641237,7.46240577829965,5.5,60.5,31.752515210959622,43.9054381597542,38.661188548724155,5.5,23.73922956644051,20.489997559785117,17.14075714650772,60.5,
5.5,5.5,5.5,5.5,5.5,5.5,5.5,5.5,5.5,5.5,5.5,5.5,12.5,29.42024847631582,5.5,5.5,24.5,21.377792215287343,9.5,5.5,7.863841300534999,5.5,15.071127658171067,8.73053390247253,
5.5,5.5,5.5,5.5,5.5,5.5,5.5,5.5,5.5,5.5,5.5,5.5,50.5,32.417416443771224,15.330035877322661,37.60614606978788,45.5,24.014451431398978,5.5,18.430613120566555,5.5,23.898512273547254,16.67749648145335,26.62780501656117,
5.5,5.5,5.5,5.5,5.5,5.5,5.5,5.5,5.5,5.5,5.5,5.5,9.99999999E8,37.7317836843158,5.5,60.5,11.825396399275586,26.042699979499478,19.136933459209764,40.36775390773625,32.08488740824876,60.5,5.5,24.286621831782206,
5.5,5.5,5.5,5.5,5.5,5.5,5.5,5.5,5.5,5.5,5.5,5.5,23.062076554378187,5.5,25.200000000000003,50.5,9.99999999E8,16.052647756678645,5.5,16.596385148579795,26.042699979499478,5.5,9.99999999E8,30.5,
5.5,5.5,5.5,5.5,5.5,5.5,5.5,5.5,5.5,5.5,5.5,5.5,5.5,23.121621374808473,24.68908707117708,19.136933459209764,31.752515210959622,5.5,57.74849685393455,13.144026479688995,27.39867697535777,43.5,5.5,19.22382780706162,
5.5,5.5,5.5,5.5,5.5,5.5,5.5,5.5,5.5,5.5,5.5,5.5,26.042699979499478,50.5,30.5,32.10358235462204,11.77454882362802,25.248212257944566,5.5,23.799331151637567,16.052647756678645,5.5,5.5,26.042699979499478,
5.5,5.5,5.5,5.5,5.5,5.5,5.5,5.5,5.5,5.5,5.5,5.5,16.21384867602041,28.18173167142147,19.39644870130154,5.5,5.5,5.5,5.5,9.99999999E8,5.5,43.39226761634945,5.5,5.5,
5.5,5.5,5.5,5.5,5.5,5.5,5.5,5.5,5.5,5.5,5.5,5.5,17.760630619434657,56.5,14.5,30.5,19.136933459209764,9.99999999E8,22.401785643113364,11.825396399275586,60.5,5.5,32.08488740824876,57.74849685393455,
5.5,5.5,5.5,5.5,5.5,5.5,5.5,5.5,5.5,5.5,5.5,5.5,9.99999999E8,28.139039705639487,5.5,25.248212257944566,44.77373672143079,30.5,18.624953392931992,18.430613120566555,19.136933459209764,19.136933459209764,37.7317836843158,34.532191100800745,
5.5,5.5,5.5,5.5,5.5,5.5,5.5,5.5,5.5,5.5,5.5,5.5,38.13426572286691,31.78344694963087,16.052647756678645,16.843025262701474,5.5,47.3168985552613,25.98343489396444,26.042699979499478,5.5,5.5,19.136933459209764,24.097458372201828,
5.5,5.5,5.5,5.5,5.5,5.5,5.5,5.5,5.5,5.5,5.5,5.5,37.16537778796886,47.536170438940495,33.356258783023016,5.5,12.5,41.85020907952551,26.042699979499478,32.08488740824876,25.48637980482037,23.86649063017016,12.5,19.136933459209764,
5.5,5.5,5.5,5.5,5.5,5.5,5.5,5.5,5.5,5.5,5.5,5.5,19.231728341467388,5.5,15.094369811290566,5.5,18.624953392931992,26.042699979499478,5.5,21.28705918836345,26.042699979499478,5.5,60.5,17.352503421696824,
5.5,5.5,5.5,5.5,5.5,5.5,5.5,5.5,5.5,5.5,5.5,5.5,9.99999999E8,57.74849685393455,23.472954476093005,19.136933459209764,5.5,5.5,37.47916087641237,9.5,5.5,39.31673378544504,23.40272420040026,5.5,
5.5,5.5,5.5,5.5,5.5,5.5,5.5,5.5,5.5,5.5,5.5,5.5,26.599916457680003,9.5,26.43493059486927,7.46240577829965,5.5,31.429922048901105,19.39644870130154,12.5,18.624953392931992,5.5,5.5,9.99999999E8,
5.5,5.5,5.5,5.5,5.5,5.5,5.5,5.5,5.5,5.5,5.5,5.5,50.87457343528515,60.5,18.624953392931992,5.5,22.527144120421084,25.294377943637112,5.5,19.22382780706162,43.5,30.5,5.5,57.74849685393455,
5.5,5.5,5.5,5.5,5.5,5.5,5.5,5.5,5.5,5.5,5.5,5.5,20.677416559027762,19.136933459209764,9.99999999E8,5.5,5.5,14.077908225301087,15.061851645797073,14.341809509263467,60.5,14.341809509263467,14.5,5.5,
5.5,5.5,5.5,5.5,5.5,5.5,5.5,5.5,5.5,5.5,5.5,5.5,25.8646397971581,5.5,32.08488740824876,23.40272420040026,5.5,23.842655519514224,14.5,23.40272420040026,5.5,8.73053390247253,17.165080832900262,19.39644870130154,
5.5,5.5,5.5,5.5,5.5,5.5,5.5,5.5,5.5,5.5,5.5,5.5,41.26363411043676,9.99999999E8,9.99999999E8,17.752151669273474,5.5,9.5,19.318640649466253,5.5,9.5,15.624418356521046,5.5,28.18173167142147,
5.5,5.5,5.5,5.5,5.5,5.5,5.5,5.5,5.5,5.5,5.5,5.5,26.09225087177332,5.5,19.136933459209764,5.5,5.5,60.5,6.79869268479038,5.5,5.5,24.86910175744637,5.5,19.136933459209764,
5.5,5.5,5.5,5.5,5.5,5.5,5.5,5.5,5.5,5.5,5.5,5.5,5.5,19.136933459209764,28.541899025818168,5.5,5.5,5.5,17.80756510587565,5.5,29.40556920040828,5.5,23.013243469793647,60.5,
5.5,5.5,5.5,5.5,5.5,5.5,5.5,5.5,5.5,5.5,5.5,5.5,5.5,5.5,17.760630619434657,19.39644870130154,30.5,16.052647756678645,5.5,60.5,5.5,30.5,19.39644870130154,13.001538370516007,
5.5,5.5,5.5,5.5,5.5,5.5,5.5,5.5,5.5,5.5,5.5,5.5,17.5331115321839,23.40272420040026,5.5,54.26683046658326,25.160286166894046,23.40272420040026,5.5,18.780145834125474,7.46240577829965,26.042699979499478,5.5,30.5,
5.5,5.5,5.5,5.5,5.5,5.5,5.5,5.5,5.5,5.5,5.5,5.5,19.39644870130154,9.99999999E8,5.5,19.136933459209764,5.5,41.105808591973954,57.74849685393455,5.5,5.5,5.5,5.5,5.5,
5.5,5.5,5.5,5.5,5.5,5.5,5.5,5.5,5.5,5.5,5.5,5.5,19.136933459209764,5.5,44.40090089176119,27.499818181217126,5.5,28.174633981650942,26.599916457680003,25.25549445170298,23.49054183188535,17.760630619434657,23.997070133664234,37.16537778796886,
5.5,5.5,5.5,5.5,5.5,5.5,5.5,5.5,5.5,5.5,5.5,5.5,26.7242867070386,14.077908225301087,50.5,31.752515210959622,8.73053390247253,5.5,5.5,21.767075034454113,14.819223157777198,5.5,33.06769151637625,32.08488740824876,
5.5,5.5,5.5,5.5,5.5,5.5,5.5,5.5,5.5,5.5,5.5,5.5,31.752515210959622,5.5,43.5,45.5,22.46698538074847,5.5,5.5,28.158282775923837,26.042699979499478,18.624953392931992,26.042699979499478,26.042699979499478,
5.5,5.5,5.5,5.5,5.5,5.5,5.5,5.5,5.5,5.5,5.5,5.5,21.705054134924428,26.673436640639732,26.042699979499478,26.042699979499478,9.99999999E8,5.5,56.346152387619945,26.43493059486927,16.98258411624409,26.113401199809694,34.45971883550738,41.85020907952551,
5.5,5.5,5.5,5.5,5.5,5.5,5.5,5.5,5.5,5.5,5.5,5.5,38.46390804666398,38.46390804666398,5.5,16.815630588793436,19.692779274535006,12.5,5.5,18.624953392931992,32.97252644247935,24.09990779143264,45.5,5.5,
5.5,5.5,5.5,5.5,5.5,5.5,5.5,5.5,5.5,5.5,5.5,5.5,39.20317447463775,14.5,38.661188548724155,15.152866890460036,44.81838350498599,60.5,5.5,9.99999999E8,5.5,9.99999999E8,12.5,5.5,
5.5,5.5,5.5,5.5,5.5,5.5,5.5,5.5,5.5,5.5,5.5,5.5,39.4310227556369,31.752515210959622,5.5,5.5,5.5,31.752515210959622,24.402299527344184,9.5,5.5,18.581316049258973,5.5,37.7317836843158,
5.5,5.5,5.5,5.5,5.5,5.5,5.5,5.5,5.5,5.5,5.5,5.5,4.027681991198191,20.96872671384698,54.26683046658326,44.86855803343807,5.5,14.873125984244531,33.9050963065371,31.78344694963087,5.5,27.78200856669654,26.042699979499478,5.5,
4.027681991198191,5.5,5.5,5.5,5.5,5.5,5.5,5.5,5.5,5.5,5.5,5.5,18.624953392931992,9.99999999E8,5.5,5.5,26.042699979499478,33.0811029894712,57.74849685393455,13.386093530227555,16.21384867602041,30.26751474732592,25.113492389550284,60.5,
4.027681991198191,5.5,5.5,5.5,5.5,5.5,5.5,5.5,5.5,5.5,5.5,5.5,57.74849685393455,5.5,7.46240577829965,15.785673884886892,16.995863467326394,31.752515210959622,25.228401103165897,39.20317447463775,22.244225218144944,9.99999999E8,16.21384867602041,40.22195365165093,
4.027681991198191,5.5,5.5,5.5,5.5,5.5,5.5,5.5,5.5,5.5,5.5,5.5,24.44494948973214,36.01234356285202,57.74849685393455,22.437468662930762,37.47916087641237,5.5,37.16537778796886,14.888059678401827,31.752515210959622,60.5,26.042699979499478,24.703036250631218,
4.027681991198191,5.5,5.5,5.5,5.5,5.5,5.5,5.5,5.5,5.5,5.5,5.5,26.43493059486927,15.152866890460036,30.5,12.5,34.45971883550738,56.5,57.74849685393455,5.5,18.489439553431573,38.45524093742692,7.46240577829965,32.10358235462204,
4.027681991198191,5.5,5.5,5.5,5.5,5.5,5.5,5.5,5.5,5.5,5.5,5.5,31.78344694963087,16.21384867602041,20.813156896540228,23.003019125516737,14.341809509263467,5.5,5.5,30.5,9.5,5.5,26.042699979499478,20.362711017936682,
4.027681991198191,5.5,5.5,5.5,5.5,5.5,5.5,5.5,5.5,5.5,5.5,5.5,5.5,5.5,20.485466091540466,12.5,30.5,5.5,38.661188548724155,6.79869268479038,18.624953392931992,5.5,22.07804339156892,26.042699979499478,
4.027681991198191,5.5,5.5,5.5,5.5,5.5,5.5,5.5,5.5,5.5,5.5,5.5,5.5,43.5,10.910545357588685,18.430613120566555,14.5,45.5,40.85878118593358,25.625914617823888,5.5,5.5,17.931843753729378,9.99999999E8,
4.027681991198191,5.5,5.5,5.5,5.5,5.5,5.5,5.5,5.5,5.5,5.5,5.5,12.5,15.602310686735862,18.460919683362352,28.31677947789967,34.737407790449765,5.5,5.5,28.90095683748981,26.042699979499478,5.5,19.39644870130154,14.911719384430489,
4.027681991198191,5.5,5.5,5.5,5.5,5.5,5.5,5.5,5.5,5.5,5.5,5.5,5.5,24.42278080445022,5.5,43.5,25.79827553167388,9.99999999E8,55.64969801255788,44.81838350498599,5.5,25.80934809288278,28.158282775923837,15.13635937073377,
4.027681991198191,5.5,5.5,5.5,5.5,5.5,5.5,5.5,5.5,5.5,5.5,5.5,5.5,22.32061827100674,32.10358235462204,56.5,5.5,29.371542349696245,26.599916457680003,5.5,28.150883151727623,9.99999999E8,19.80175181644291,56.346152387619945,
4.027681991198191,5.5,5.5,5.5,5.5,5.5,5.5,5.5,5.5,5.5,5.5,5.5,5.5,45.5,5.5,24.324627438051337,5.5,15.514312023129495,25.759484086607078,5.5,15.212166183683374,17.885092764922312,5.5,31.280540631872434,
4.027681991198191,5.5,5.5,5.5,5.5,5.5,5.5,5.5,5.5,5.5,5.5,5.5,54.26683046658326,5.5,5.5,9.99999999E8,5.5,5.5,19.136933459209764,9.5,4.027681991198191,15.785673884886892,25.250940576540906,12.5,
4.027681991198191,4.027681991198191,5.5,5.5,5.5,5.5,5.5,5.5,5.5,5.5,5.5,5.5,23.84716964337697,10.873004286866726,5.5,5.5,57.74849685393455,54.92014404771915,16.052647756678645,34.28516037912353,57.74849685393455,26.042699979499478,5.5,4.027681991198191,
4.027681991198191,4.027681991198191,4.027681991198191,5.5,5.5,5.5,5.5,5.5,5.5,5.5,5.5,5.5,14.182344266336539,7.5,19.39644870130154,13.001538370516007,30.5,25.294377943637112,5.5,21.47414466023941,32.95735881407975,4.027681991198191,31.752515210959622,5.5,
4.027681991198191,4.027681991198191,4.027681991198191,4.027681991198191,5.5,5.5,5.5,5.5,5.5,5.5,5.5,5.5,21.276454121869087,18.624953392931992,18.6763367809524,26.990224567836076,25.248212257944566,16.495416497685007,5.5,23.87696327006431,29.011851026778693,20.725722075613085,25.294377943637112,24.508926945094924,
4.027681991198191,4.027681991198191,4.027681991198191,4.027681991198191,5.5,5.5,5.5,5.5,5.5,5.5,5.5,5.5,30.5,57.74849685393455,58.5,4.027681991198191,5.5,5.5,5.5,45.996603135449035,25.996922894835073,43.83879560389404,15.785673884886892,5.5,
4.027681991198191,4.027681991198191,4.027681991198191,4.027681991198191,4.027681991198191,5.5,5.5,5.5,5.5,5.5,5.5,5.5,5.5,24.5,29.227080289043965,4.027681991198191,5.5,39.20317447463775,12.5,24.5,20.725722075613085,5.5,15.03362896974646,25.67956385922471,
4.027681991198191,4.027681991198191,4.027681991198191,4.027681991198191,4.027681991198191,4.027681991198191,5.5,5.5,5.5,5.5,5.5,5.5,57.74849685393455,45.996603135449035,4.027681991198191,57.74849685393455,24.5,47.16872787015661,56.346152387619945,15.785673884886892,10.873004286866726,37.7317836843158,4.027681991198191,5.5,
4.027681991198191,4.027681991198191,4.027681991198191,4.027681991198191,4.027681991198191,4.027681991198191,4.027681991198191,4.027681991198191,5.5,5.5,5.5,5.5,4.027681991198191,2.5,5.5,29.882764126444773,37.47916087641237,25.625914617823888,17.979580254345453,4.027681991198191,17.151894939043906,4.027681991198191,17.705146772117487,18.833148966649205,
2.5,4.027681991198191,4.027681991198191,4.027681991198191,4.027681991198191,4.027681991198191,4.027681991198191,4.027681991198191,4.027681991198191,4.027681991198191,4.027681991198191,4.027681991198191,4.027681991198191,4.027681991198191,4.027681991198191,57.74849685393455,4.027681991198191,31.058654188486656,15.15933888913219,9.99999999E8,4.027681991198191,26.280934153869037,4.027681991198191,18.14352501582865,
2.5,4.027681991198191,4.027681991198191,4.027681991198191,4.027681991198191,4.027681991198191,4.027681991198191,4.027681991198191,4.027681991198191,4.027681991198191,4.027681991198191,4.027681991198191,16.608431593621358,12.336429791475327,4.027681991198191,38.661188548724155,4.027681991198191,26.32119973624978,18.833148966649205,4.027681991198191,11.166355717063647,15.785673884886892,4.027681991198191,37.47916087641237,
2.5,4.027681991198191,4.027681991198191,4.027681991198191,4.027681991198191,4.027681991198191,4.027681991198191,4.027681991198191,4.027681991198191,4.027681991198191,4.027681991198191,4.027681991198191,4.027681991198191,62.5,20.49688876340973,12.616952880945542,19.754043186705402,18.937792902025304,20.103205935593678,12.5,21.276454121869087,14.311029157805372,18.515008926693923,41.85020907952551,
2.5,4.027681991198191,4.027681991198191,4.027681991198191,4.027681991198191,4.027681991198191,4.027681991198191,4.027681991198191,4.027681991198191,4.027681991198191,4.027681991198191,4.027681991198191,7.46240577829965,23.47102232304526,9.99999999E8,53.26056233274298,4.027681991198191,38.661188548724155,30.754458777450104,23.972640655547316,32.86673427984932,31.884792613407413,4.027681991198191,13.199326582148887,
2.5,4.027681991198191,4.027681991198191,4.027681991198191,4.027681991198191,4.027681991198191,4.027681991198191,4.027681991198191,4.027681991198191,4.027681991198191,4.027681991198191,4.027681991198191,21.91437884129961,20.725722075613085,62.5,62.5,18.06211504780102,23.84716964337697,24.61381725779242,4.027681991198191,4.027681991198191,4.027681991198191,47.61499238685227,26.042699979499478,
2.5,4.027681991198191,4.027681991198191,4.027681991198191,4.027681991198191,4.027681991198191,4.027681991198191,4.027681991198191,4.027681991198191,4.027681991198191,4.027681991198191,4.027681991198191,14.079141387961917,15.13635937073377,18.380424369420854,24.5,4.027681991198191,43.22293629801453,17.151894939043906,4.027681991198191,43.22293629801453,24.5,19.382659776202026,43.970899467716144,
2.5,4.027681991198191,4.027681991198191,4.027681991198191,4.027681991198191,4.027681991198191,4.027681991198191,4.027681991198191,4.027681991198191,4.027681991198191,4.027681991198191,4.027681991198191,23.683092891108814,14.5,26.05723684193577,32.86673427984932,21.744092428877217,60.5,4.027681991198191,4.027681991198191,18.738700298817122,12.5,4.027681991198191,4.027681991198191,
2.5,4.027681991198191,4.027681991198191,4.027681991198191,4.027681991198191,4.027681991198191,4.027681991198191,4.027681991198191,4.027681991198191,4.027681991198191,4.027681991198191,4.027681991198191,17.940439654590406,23.79542439676633,4.027681991198191,15.368392889303683,4.027681991198191,22.116484550870396,4.027681991198191,4.027681991198191,15.198278005122411,33.86574801903671,14.5,32.5287941519447,
2.5,4.027681991198191,4.027681991198191,4.027681991198191,4.027681991198191,4.027681991198191,4.027681991198191,4.027681991198191,4.027681991198191,4.027681991198191,4.027681991198191,4.027681991198191,12.336429791475327,4.027681991198191,18.577914008006626,38.661188548724155,14.5,36.41161292164294,43.05159695063587,7.46240577829965,16.925490309654908,4.027681991198191,18.417043736713012,26.042699979499478,
2.5,4.027681991198191,4.027681991198191,4.027681991198191,4.027681991198191,4.027681991198191,4.027681991198191,4.027681991198191,4.027681991198191,4.027681991198191,4.027681991198191,4.027681991198191,4.027681991198191,4.027681991198191,18.624953392931992,4.027681991198191,24.5,17.722831755453154,25.803875677889938,24.30820620467271,45.5,18.833148966649205,31.752515210959622,24.84028985338134,
2.5,4.027681991198191,4.027681991198191,4.027681991198191,4.027681991198191,4.027681991198191,4.027681991198191,4.027681991198191,4.027681991198191,4.027681991198191,4.027681991198191,4.027681991198191,4.027681991198191,34.532191100800745,4.027681991198191,4.027681991198191,4.027681991198191,12.336429791475327,4.027681991198191,54.26683046658326,23.683092891108814,32.97252644247935,14.077908225301087,18.937792902025304,
2.5,4.027681991198191,4.027681991198191,4.027681991198191,4.027681991198191,4.027681991198191,4.027681991198191,4.027681991198191,4.027681991198191,4.027681991198191,4.027681991198191,4.027681991198191,38.661188548724155,18.2931681236466,11.166355717063647,4.027681991198191,4.027681991198191,60.5,2.5,32.38271143681455,23.683092891108814,4.027681991198191,24.508926945094924,18.624953392931992,
2.5,2.5,4.027681991198191,4.027681991198191,4.027681991198191,4.027681991198191,4.027681991198191,4.027681991198191,4.027681991198191,4.027681991198191,4.027681991198191,4.027681991198191,4.027681991198191,18.624953392931992,21.546229368499723,38.13426572286691,34.120700787384514,26.64282267328295,4.027681991198191,21.276454121869087,15.785673884886892,12.5,4.027681991198191,12.5,
2.5,2.5,4.027681991198191,4.027681991198191,4.027681991198191,4.027681991198191,4.027681991198191,4.027681991198191,4.027681991198191,4.027681991198191,4.027681991198191,4.027681991198191,26.762660555333433,18.105401281262882,4.027681991198191,31.04119127152751,12.968712349342937,31.85341425969907,27.50795339533641,4.027681991198191,17.851820635442202,26.042699979499478,4.027681991198191,4.027681991198191,
2.5,2.5,4.027681991198191,4.027681991198191,4.027681991198191,4.027681991198191,4.027681991198191,4.027681991198191,4.027681991198191,4.027681991198191,4.027681991198191,4.027681991198191,18.380424369420854,4.027681991198191,4.027681991198191,4.027681991198191,14.077908225301087,12.5,27.485854947995016,4.027681991198191,24.5,24.5,26.09225087177332,4.027681991198191,
2.5,2.5,4.027681991198191,4.027681991198191,4.027681991198191,4.027681991198191,4.027681991198191,4.027681991198191,4.027681991198191,4.027681991198191,4.027681991198191,4.027681991198191,4.027681991198191,9.99999999E8,26.09011072324187,18.624953392931992,12.336429791475327,19.31424344881259,32.38271143681455,22.465250944514285,26.750876153875783,4.027681991198191,24.5,14.940210056863654,
2.5,2.5,4.027681991198191,4.027681991198191,4.027681991198191,4.027681991198191,4.027681991198191,4.027681991198191,4.027681991198191,4.027681991198191,4.027681991198191,4.027681991198191,38.661188548724155,20.36195901675475,4.027681991198191,2.5,4.027681991198191,8.339997335464536,4.027681991198191,43.5,55.64969801255788,19.22382780706162,10.873004286866726,19.895728184713423,
2.5,2.5,2.5,4.027681991198191,4.027681991198191,4.027681991198191,4.027681991198191,4.027681991198191,4.027681991198191,4.027681991198191,4.027681991198191,4.027681991198191,8.339997335464536,17.487296976821646,4.027681991198191,22.37604746151563,12.336429791475327,4.027681991198191,39.20317447463775,24.5,24.5,12.633660395942263,39.20317447463775,11.77454882362802,
2.5,2.5,2.5,4.027681991198191,4.027681991198191,4.027681991198191,4.027681991198191,4.027681991198191,4.027681991198191,4.027681991198191,4.027681991198191,4.027681991198191,18.624953392931992,10.892199043352083,11.874763155532829,14.519144449848122,57.74849685393455,4.027681991198191,4.027681991198191,4.027681991198191,26.599916457680003,19.293522228976233,16.21384867602041,25.759484086607078,
2.5,2.5,2.5,4.027681991198191,4.027681991198191,4.027681991198191,4.027681991198191,4.027681991198191,4.027681991198191,4.027681991198191,4.027681991198191,4.027681991198191,40.81283499096822,4.027681991198191,14.079141387961917,60.5,4.027681991198191,18.08832496390973,4.027681991198191,24.743483990739865,9.99999999E8,44.77373672143079,29.137254363387346,29.137254363387346,
2.5,2.5,2.5,4.027681991198191,4.027681991198191,4.027681991198191,4.027681991198191,4.027681991198191,4.027681991198191,4.027681991198191,4.027681991198191,4.027681991198191,4.027681991198191,60.5,4.027681991198191,2.5,9.99999999E8,29.227080289043965,43.22293629801453,4.027681991198191,12.5,9.99999999E8,4.027681991198191,39.20317447463775,
2.5,2.5,2.5,2.5,4.027681991198191,4.027681991198191,4.027681991198191,4.027681991198191,4.027681991198191,4.027681991198191,4.027681991198191,4.027681991198191,14.693001651148792,39.20317447463775,12.29385573727335,26.042699979499478,43.22293629801453,50.97732338991525,25.723287114985908,26.042699979499478,27.853845958751865,45.5,2.5,27.63489641739227,
2.5,2.5,2.5,2.5,2.5,4.027681991198191,4.027681991198191,4.027681991198191,4.027681991198191,4.027681991198191,4.027681991198191,4.027681991198191,23.990644435032653,17.737231322841794,22.116484550870396,4.027681991198191,20.472881792480727,15.797327481430381,18.833148966649205,14.717676447048289,19.895728184713423,15.02179486571609,10.873004286866726,21.767075034454113,
2.5,2.5,2.5,2.5,2.5,4.027681991198191,4.027681991198191,4.027681991198191,4.027681991198191,4.027681991198191,4.027681991198191,4.027681991198191,14.5,57.74849685393455,11.77454882362802,14.519144449848122,24.84028985338134,48.88989897946427,12.22424225731117,15.785673884886892,9.5,26.58270114190806,15.944905142395799,20.472881792480727,
2.5,2.5,2.5,2.5,2.5,4.027681991198191,4.027681991198191,4.027681991198191,4.027681991198191,4.027681991198191,4.027681991198191,4.027681991198191,17.340343133859836,40.36775390773625,18.833148966649205,31.04119127152751,33.37424156441611,4.027681991198191,29.137254363387346,18.895502110290693,20.49932248202906,25.33155147242269,2.5,12.616952880945542,
2.5,2.5,2.5,2.5,2.5,2.5,4.027681991198191,4.027681991198191,4.027681991198191,4.027681991198191,4.027681991198191,4.027681991198191,4.027681991198191,24.437420076595647,20.96872671384698,29.87985200022844,25.248212257944566,16.052647756678645,45.5,2.5,27.78200856669654,4.027681991198191,29.40689429536491,39.20317447463775,
2.5,2.5,2.5,2.5,2.5,2.5,2.5,4.027681991198191,4.027681991198191,4.027681991198191,4.027681991198191,4.027681991198191,14.759403781996074,25.723287114985908,15.797327481430381,43.22293629801453,17.545921890855436,24.997777679003566,18.515008926693923,2.5,17.694896863220198,2.5,45.5,18.624953392931992,
2.5,2.5,2.5,2.5,2.5,2.5,2.5,2.5,2.5,4.027681991198191,4.027681991198191,4.027681991198191,23.683092891108814,14.079141387961917,2.5,2.5,18.06211504780102,26.280934153869037,24.44494948973214,2.5,14.5,2.5,10.873004286866726,4.027681991198191,
2.5,2.5,2.5,2.5,2.5,2.5,2.5,2.5,2.5,2.5,2.5,2.5,2.5,24.5,22.527144120421084,39.20317447463775,24.689178916188272,45.5,60.5,2.5,20.489997559785117,2.5,2.5,2.5,
2.5,2.5,2.5,2.5,2.5,2.5,2.5,2.5,2.5,2.5,2.5,2.5,2.5,2.5,22.58625442362874,18.417043736713012,45.5,43.22293629801453,24.997777679003566,26.280934153869037,21.651918057196585,14.5,2.5,16.608431593621358,
2.5,2.5,2.5,2.5,2.5,2.5,2.5,2.5,2.5,2.5,2.5,2.5,19.393539517065985,2.5,13.199326582148887,21.741524269264573,2.5,4.027681991198191,39.20317447463775,26.398653164297777,20.468990982379538,2.5,7.46240577829965,38.661188548724155,
2.5,2.5,2.5,2.5,2.5,2.5,2.5,2.5,2.5,2.5,2.5,2.5,19.754043186705402,17.760630619434657,14.5,18.244434082755213,2.5,36.31859028101173,60.5,27.824849006278942,19.754043186705402,9.5,13.199326582148887,20.828826179120128,
2.5,2.5,2.5,2.5,2.5,2.5,2.5,2.5,2.5,2.5,2.5,2.5,2.5,14.5,45.5,14.5,2.5,2.5,2.5,37.7317836843158,24.44494948973214,2.5,24.44494948973214,8.339997335464536,
2.5,2.5,2.5,2.5,2.5,2.5,2.5,2.5,2.5,2.5,2.5,2.5,19.754043186705402,14.5,53.543336549834926,20.368821489936252,2.5,2.5,30.811675952469706,56.346152387619945,19.692779274535006,20.363877332178173,31.04119127152751,57.74849685393455,
2.5,2.5,2.5,2.5,2.5,2.5,2.5,2.5,2.5,2.5,2.5,2.5,60.5,23.424215622962073,2.5,2.5,2.5,7.46240577829965,2.5,2.5,33.06769151637625,23.683092891108814,14.5,2.5,
2.5,2.5,2.5,2.5,2.5,2.5,2.5,2.5,2.5,2.5,2.5,2.5,24.443244920063748,2.5,2.5,2.5,20.49932248202906,37.964000133316425,56.5,21.63844315615664,2.5,2.5,13.386093530227555,43.61980628109208,
2.5,2.5,2.5,2.5,2.5,2.5,2.5,2.5,2.5,2.5,2.5,2.5,2.5,2.5,14.5,16.052647756678645,7.46240577829965,24.997777679003566,60.5,24.44494948973214,24.014318645341575,11.166355717063647,18.734664510499986,20.725722075613085,
2.5,2.5,2.5,2.5,2.5,2.5,2.5,2.5,2.5,2.5,2.5,2.5,41.11940607007299,36.01234356285202,27.63489641739227,60.5,14.5,15.13635937073377,14.5,2.5,2.5,19.692779274535006,18.00617178142601,31.70867389217026,
2.5,2.5,2.5,2.5,2.5,2.5,2.5,2.5,2.5,2.5,2.5,2.5,24.5,18.82573141382045,19.826986029147243,14.392320483121855,20.49932248202906,27.045147439050872,7.46240577829965,16.21384867602041,19.754043186705402,44.34681499273651,60.5,32.417416443771224,
2.5,2.5,2.5,2.5,2.5,2.5,2.5,2.5,2.5,2.5,2.5,2.5,36.01234356285202,14.5,20.86719914123599,2.5,38.661188548724155,20.49932248202906,10.328964130056798,19.80175181644291,24.30820620467271,24.5,29.482365518106068,14.392320483121855,
2.5,2.5,2.5,2.5,2.5,2.5,2.5,2.5,2.5,2.5,2.5,2.5,20.105720578979508,2.5,45.5,2.5,24.44494948973214,29.011851026778693,24.57005290999594,24.44494948973214,39.20317447463775,30.26032881513352,7.46240577829965,17.760630619434657,
2.5,2.5,2.5,2.5,2.5,2.5,2.5,2.5,2.5,2.5,2.5,2.5,27.632509034750278,2.5,2.5,2.5,24.44494948973214,2.5,27.485854947995016,31.04119127152751,56.5,2.5,32.87917273898478,20.49932248202906,
2.5,2.5,2.5,2.5,2.5,2.5,2.5,2.5,2.5,2.5,2.5,2.5,20.31486838625888,16.052647756678645,28.29558269412383,18.624953392931992,14.5,23.683092891108814,2.5,58.5,57.74849685393455,25.200000000000003,17.082317042941085,24.30820620467271,
2.5,2.5,2.5,2.5,2.5,2.5,2.5,2.5,2.5,2.5,2.5,2.5,13.199326582148887,19.22382780706162,14.5,39.20317447463775,43.22293629801453,33.31947628640042,2.5,57.74849685393455,2.5,45.996603135449035,18.937792902025304,19.754043186705402,
2.5,2.5,2.5,2.5,2.5,2.5,2.5,2.5,2.5,2.5,2.5,2.5,19.754043186705402,27.824849006278942,14.5,15.797327481430381,2.5,14.844506559667115,7.5,38.661188548724155,9.5,60.5,2.5,23.683092891108814,
2.5,2.5,2.5,2.5,2.5,2.5,2.5,2.5,2.5,2.5,2.5,2.5,26.892145693491994,2.5,22.527144120421084,18.00617178142601,2.5,2.5,2.5,23.79542439676633,21.25294097295713,12.5,21.694238866574693,14.5,
2.5,2.5,2.5,2.5,2.5,2.5,2.5,2.5,2.5,2.5,2.5,2.5,9.99999999E8,2.5,20.49932248202906,2.5,2.5,2.5,56.346152387619945,2.5,25.52817071393875,2.5,2.5,33.443567725681156,
2.5,2.5,2.5,2.5,2.5,2.5,2.5,2.5,2.5,2.5,2.5,2.5,18.624953392931992,9.99999999E8,7.5,2.5,19.84155991851447,2.5,54.26683046658326,18.624953392931992,24.30820620467271,54.93228154332892,19.754043186705402,24.746881889751407,
2.5,2.5,2.5,2.5,2.5,2.5,2.5,2.5,2.5,2.5,2.5,2.5,45.5,39.388732173328734,2.5,25.294377943637112,45.5,45.5,45.5,24.30820620467271,26.654684808157498,20.368821489936252,18.48109900433855,14.077908225301087,
2.5,2.5,2.5,2.5,2.5,2.5,2.5,2.5,2.5,2.5,2.5,2.5,18.223868277618777,22.527144120421084,18.937792902025304,56.5,20.49932248202906,24.5,56.5,2.5,20.997354330698162,45.5,2.5,50.97732338991525,
2.5,2.5,2.5,2.5,2.5,2.5,2.5,2.5,2.5,2.5,2.5,2.5,18.624953392931992,27.63489641739227,30.282668310437902,2.5,2.5,30.5,25.958428303732102,57.74849685393455,20.620075169601105,20.175232340669588,24.156800707216245,11.880188924797825,
