81.91187676738676,59.41006274660511,35.25620512760839,26.603571188846058,26.725456029785533,23.209618491749154,38.781438859330635,41.30240778561086,42.460439103816256,88.16776936928571,28.75760768909681,29.44297690263145,61.61574474109682,61.87212619588889,34.65750794767069,24.170689320377733,88.16776936928571,46.54567649094812,33.98470244095128,34.56234302757201,29.63481436119049,34.62978807648442,37.818646194701365,56.79984350526173,
23.209618491749154,24.170689320377733,26.603571188846058,26.725456029785533,28.75760768909681,29.44297690263145,29.63481436119049,33.98470244095128,34.56234302757201,34.62978807648442,34.65750794767069,35.25620512760839,45.1769852911856,22.234996328499697,25.602734228984215,19.33780280393692,34.62978807648442,35.86864926366757,86.0322936783366,54.40128674948783,55.190578906186516,20.940391591371924,38.3260862714795,41.45948490862964,
19.33780280393692,20.940391591371924,22.234996328499697,23.209618491749154,24.170689320377733,25.602734228984215,26.603571188846058,26.725456029785533,28.75760768909681,29.44297690263145,29.63481436119049,33.98470244095128,43.277707887548765,24.253293018108327,24.170689320377733,36.50875085358151,28.816469056580978,58.16260730820868,88.16776936928571,28.54540243191537,16.142225019229183,88.16776936928571,39.055857435217064,40.6272252137828,
16.142225019229183,19.33780280393692,20.940391591371924,22.234996328499697,23.209618491749154,24.170689320377733,24.170689320377733,24.253293018108327,25.602734228984215,26.603571188846058,26.725456029785533,28.54540243191537,25.528695339054945,34.225136961011565,50.24163833139025,39.01566636906542,21.82109071517737,21.180587431670002,24.170689320377733,44.327067226344774,40.28923208777033,41.9583126448145,30.711923128033227,46.151923036857305,
16.142225019229183,19.33780280393692,20.940391591371924,21.180587431670002,21.82109071517737,22.234996328499697,23.209618491749154,24.170689320377733,24.170689320377733,24.170689320377733,24.253293018108327,25.528695339054945,32.848135411313685,67.08576600144028,37.426594822398684,30.78496850273337,33.98470244095128,28.089855820206697,23.46273641330013,25.918140365388872,37.05401462729781,21.969069165533618,30.417465742928393,32.380549717384355,
16.142225019229183,19.33780280393692,20.940391591371924,21.180587431670002,21.82109071517737,21.969069165533618,22.234996328499697,23.209618491749154,23.46273641330013,24.170689320377733,24.170689320377733,24.170689320377733,21.82109071517737,47.38945030278364,24.212026396446504,59.39042197376798,34.45609122088898,46.09229870596605,30.274930694741954,53.3127564472144,34.95711658589707,47.069098143049224,60.94988834189025,21.180587431670002,
16.142225019229183,19.33780280393692,20.940391591371924,21.180587431670002,21.180587431670002,21.82109071517737,21.82109071517737,21.969069165533618,22.234996328499697,23.209618491749154,23.46273641330013,24.170689320377733,30.446017802004913,86.05553762283724,20.206081121427633,58.06222715520153,36.284370678786146,21.180587431670002,29.614185789921695,18.79468009836826,29.13103643797483,20.910523666326483,21.82109071517737,50.296719574938486,
16.142225019229183,18.79468009836826,19.33780280393692,20.206081121427633,20.910523666326483,20.940391591371924,21.180587431670002,21.180587431670002,21.180587431670002,21.82109071517737,21.82109071517737,21.82109071517737,25.528695339054945,56.408234229488954,34.96982826507572,21.180587431670002,55.02871977431421,62.02329311548113,25.4668411861385,20.206081121427633,20.940391591371924,37.94074327158075,18.213412504572787,45.1769852911856,
16.142225019229183,18.213412504572787,18.79468009836826,19.33780280393692,20.206081121427633,20.206081121427633,20.910523666326483,20.940391591371924,20.940391591371924,21.180587431670002,21.180587431670002,21.180587431670002,21.429470880593907,20.847476680658914,52.30253871042548,21.017849556983702,41.37027918687521,20.940391591371924,37.87809393303734,24.93770015235745,26.972207918522354,21.180587431670002,50.845353770034876,20.940391591371924,
16.142225019229183,18.213412504572787,18.79468009836826,19.33780280393692,20.206081121427633,20.206081121427633,20.847476680658914,20.910523666326483,20.940391591371924,20.940391591371924,20.940391591371924,20.940391591371924,24.16047174749964,25.483888467590095,20.910523666326483,30.95619024178709,57.51714720170171,61.72973351635337,20.940391591371924,17.8947540419594,26.516841009872522,59.717334166889934,23.45912569795381,36.86267953984277,
16.142225019229183,17.8947540419594,18.213412504572787,18.79468009836826,19.33780280393692,20.206081121427633,20.206081121427633,20.847476680658914,20.910523666326483,20.910523666326483,20.940391591371924,20.940391591371924,25.37715508089904,20.815473826393767,20.940391591371924,43.34166586553867,53.45224838248488,33.91984014637386,33.20391543176798,40.28923208777033,45.55611923770505,20.847476680658914,18.130698337963217,33.831515315921465,
16.142225019229183,17.8947540419594,18.130698337963217,18.213412504572787,18.79468009836826,19.33780280393692,20.206081121427633,20.206081121427633,20.815473826393767,20.847476680658914,20.847476680658914,20.910523666326483,44.794642536803444,53.168495266359464,46.04345773288535,19.806203934265504,43.29549630157853,30.904073006564392,20.62159062730128,19.8997487421324,18.461852561430558,61.61574474109682,44.09711504798875,28.66635658747027,
16.142225019229183,17.8947540419594,18.130698337963217,18.213412504572787,18.461852561430558,18.79468009836826,19.33780280393692,19.806203934265504,19.8997487421324,20.206081121427633,20.206081121427633,20.62159062730128,20.170700108254618,18.347132853680908,61.6032466676879,23.680160472429236,21.82109071517737,30.90695714560073,16.3707055437449,20.445048300260872,20.316249653910045,21.03568396796263,22.59557478799776,50.90677754484171,
16.142225019229183,16.3707055437449,17.8947540419594,18.130698337963217,18.213412504572787,18.347132853680908,18.461852561430558,18.79468009836826,19.33780280393692,19.806203934265504,19.8997487421324,20.170700108254618,33.97057550292606,45.32107677449864,41.43152698816964,20.831481399169636,25.37715508089904,18.130698337963217,50.90677754484171,18.599747774740134,31.849569254989856,46.151923036857305,30.20347662107791,42.57417057324781,
16.142225019229183,16.3707055437449,17.8947540419594,18.130698337963217,18.130698337963217,18.213412504572787,18.347132853680908,18.461852561430558,18.599747774740134,18.79468009836826,19.33780280393692,19.806203934265504,30.385029208476993,18.336363385966756,18.477785890862883,22.065558884580486,16.142225019229183,42.46127647633782,18.059589151765845,49.747936066304725,45.55611923770505,50.90677754484171,23.629019838165036,34.45609122088898,
16.142225019229183,16.142225019229183,16.3707055437449,17.8947540419594,18.059589151765845,18.130698337963217,18.130698337963217,18.213412504572787,18.336363385966756,18.347132853680908,18.461852561430558,18.477785890862883,37.48813145516858,48.53584649577803,44.58948555682407,20.940391591371924,17.8947540419594,18.461852561430558,18.347132853680908,20.081930948424358,31.981869864033907,52.30253871042548,18.249383551232626,40.61882431692095,
16.142225019229183,16.142225019229183,16.3707055437449,17.8947540419594,17.8947540419594,18.059589151765845,18.130698337963217,18.130698337963217,18.213412504572787,18.249383551232626,18.336363385966756,18.347132853680908,29.51375490165665,20.78342169335816,17.94126218773052,65.40259933672361,17.67059704707229,45.3596737201669,88.16776936928571,21.091230405075944,17.10263137648707,23.280893453645632,52.11045960265559,25.593749236874224,
16.142225019229183,16.142225019229183,16.3707055437449,17.10263137648707,17.67059704707229,17.8947540419594,17.8947540419594,17.94126218773052,18.059589151765845,18.130698337963217,18.130698337963217,18.213412504572787,39.36641062777105,20.940391591371924,88.16776936928571,26.00427315312278,19.530015043601626,26.5697312234044,33.84113210609571,26.23398982660133,20.940391591371924,20.940391591371924,29.51375490165665,36.05174607507559,
16.142225019229183,16.142225019229183,16.3707055437449,17.10263137648707,17.67059704707229,17.8947540419594,17.8947540419594,17.94126218773052,18.059589151765845,18.130698337963217,18.130698337963217,18.213412504572787,61.35275054958824,44.771642811047265,49.563696391613085,26.435906318058077,36.118631695505236,20.445048300260872,18.03440238603674,17.10263137648707,48.53584649577803,23.4571950582332,18.229936327710984,24.764570471083967,
16.142225019229183,16.142225019229183,16.3707055437449,17.10263137648707,17.10263137648707,17.67059704707229,17.8947540419594,17.8947540419594,17.94126218773052,18.03440238603674,18.059589151765845,18.130698337963217,63.04728384316013,17.67059704707229,18.059589151765845,18.347132853680908,16.5615734242165,17.592612085759182,17.10263137648707,17.978876494375278,16.3707055437449,26.505764572174776,23.059921942625913,81.91187676738676,
16.142225019229183,16.142225019229183,16.3707055437449,16.3707055437449,16.5615734242165,17.10263137648707,17.10263137648707,17.10263137648707,17.592612085759182,17.67059704707229,17.67059704707229,17.8947540419594,17.684739183827393,25.008569959687247,17.10263137648707,17.67059704707229,30.746707140765498,44.98177408684544,31.783014331557666,49.563696391613085,18.336363385966756,65.39877674696982,37.80946383586463,18.213412504572787,
16.142225019229183,16.142225019229183,16.3707055437449,16.3707055437449,16.5615734242165,17.10263137648707,17.10263137648707,17.10263137648707,17.10263137648707,17.592612085759182,17.67059704707229,17.67059704707229,19.963856229585392,16.5615734242165,54.40128674948783,17.10263137648707,59.73742545506962,18.347132853680908,27.360033416855114,56.40527950073075,45.55611923770505,26.752836965717965,49.82469267341245,88.16776936928571,
16.142225019229183,16.142225019229183,16.3707055437449,16.3707055437449,16.5615734242165,16.5615734242165,17.10263137648707,17.10263137648707,17.10263137648707,17.10263137648707,17.10263137648707,17.592612085759182,17.240939649566666,57.921402684058755,46.04345773288535,39.08145340183755,22.59557478799776,35.24258787319683,34.62978807648442,30.566087650952557,17.10263137648707,17.10263137648707,20.597087172704786,16.5615734242165,
16.142225019229183,16.142225019229183,16.3707055437449,16.3707055437449,16.5615734242165,16.5615734242165,16.5615734242165,17.10263137648707,17.10263137648707,17.10263137648707,17.10263137648707,17.10263137648707,33.71307503879509,20.4590182699813,68.75681784376005,33.432234231565886,36.33944902658205,34.77427209878016,17.79374283141738,36.426050332929904,30.05233530264923,16.142225019229183,17.10263137648707,17.240939649566666,
16.142225019229183,16.142225019229183,16.142225019229183,16.3707055437449,16.3707055437449,16.5615734242165,16.5615734242165,16.5615734242165,17.10263137648707,17.10263137648707,17.10263137648707,17.10263137648707,40.28923208777033,19.770107305149935,20.406861591141347,19.86382210380038,51.628480512213414,61.443958205831755,38.429899074251324,38.54036844660414,16.3707055437449,40.647536484050576,17.67059704707229,32.88288233438919,
16.142225019229183,16.142225019229183,16.142225019229183,16.3707055437449,16.3707055437449,16.3707055437449,16.5615734242165,16.5615734242165,16.5615734242165,17.10263137648707,17.10263137648707,17.10263137648707,18.461852561430558,84.0,31.783014331557666,49.563696391613085,18.336363385966756,31.88792100737895,16.3707055437449,31.783014331557666,23.81931988953505,33.20391543176798,19.767397400770797,29.87055406248769,
16.142225019229183,16.142225019229183,16.142225019229183,16.3707055437449,16.3707055437449,16.3707055437449,16.3707055437449,16.5615734242165,16.5615734242165,16.5615734242165,17.10263137648707,17.10263137648707,32.7033052280577,36.7226844818779,33.96689564855758,34.57287883033874,18.336363385966756,17.82652865722719,18.347132853680908,16.142225019229183,88.16776936928571,49.563696391613085,21.05284356618417,33.81156935461917,
16.142225019229183,16.142225019229183,16.142225019229183,16.142225019229183,16.3707055437449,16.3707055437449,16.3707055437449,16.3707055437449,16.5615734242165,16.5615734242165,16.5615734242165,17.10263137648707,30.616335509005648,21.03568396796263,26.537185649993525,20.085531395225058,26.201145013147805,57.76004001229762,34.62978807648442,57.50217387195027,32.47905307869811,88.16776936928571,18.363611361119094,42.10178143499393,
16.142225019229183,16.142225019229183,16.142225019229183,16.142225019229183,16.3707055437449,16.3707055437449,16.3707055437449,16.3707055437449,16.5615734242165,16.5615734242165,16.5615734242165,17.10263137648707,17.79374283141738,35.74113276644392,28.575436226863722,17.684739183827393,24.376673731709626,40.647536484050576,18.347132853680908,18.219511993573008,18.336363385966756,17.48570845004571,88.16776936928571,16.142225019229183,
16.142225019229183,16.142225019229183,16.142225019229183,16.142225019229183,16.142225019229183,16.3707055437449,16.3707055437449,16.3707055437449,16.3707055437449,16.5615734242165,16.5615734242165,16.5615734242165,17.67059704707229,31.34884367883447,19.654152596479815,33.20391543176798,18.262151374892998,16.142225019229183,65.77613549000884,66.2268827591938,28.854038808380977,44.81319250201019,21.05284356618417,18.336363385966756,
16.142225019229183,16.142225019229183,16.142225019229183,16.142225019229183,16.142225019229183,16.142225019229183,16.3707055437449,16.3707055437449,16.3707055437449,16.3707055437449,16.5615734242165,16.5615734242165,28.575436226863722,43.49896550494046,81.91187676738676,16.5615734242165,49.933555851751635,25.037115306223736,35.45419580247167,17.8947540419594,16.142225019229183,17.592612085759182,81.87117251443813,18.461852561430558,
16.142225019229183,16.142225019229183,16.142225019229183,16.142225019229183,16.142225019229183,16.142225019229183,16.142225019229183,16.3707055437449,16.3707055437449,16.3707055437449,16.3707055437449,16.5615734242165,19.4715910275164,34.03359684614182,49.747936066304725,30.05233530264923,17.831169823765087,39.26525181378568,17.67059704707229,21.180587431670002,16.142225019229183,45.21307578811933,30.432876958973168,26.505764572174776,
16.142225019229183,16.142225019229183,16.142225019229183,16.142225019229183,16.142225019229183,16.142225019229183,16.142225019229183,16.142225019229183,16.3707055437449,16.3707055437449,16.3707055437449,16.3707055437449,21.714192889433082,25.528695339054945,17.13913650100261,17.96773514310692,28.50438562747845,54.35596957622436,88.16776936928571,26.23398982660133,19.556073225471415,17.67059704707229,35.61684994493477,41.47891030391228,
16.142225019229183,16.142225019229183,16.142225019229183,16.142225019229183,16.142225019229183,16.142225019229183,16.142225019229183,16.142225019229183,16.3707055437449,16.3707055437449,16.3707055437449,16.3707055437449,37.56623779701958,24.376673731709626,16.142225019229183,25.602734228984215,38.22157622193111,76.27909281054671,46.04345773288535,34.62978807648442,31.783014331557666,18.089776118017603,16.142225019229183,20.940391591371924,
16.142225019229183,16.142225019229183,16.142225019229183,16.142225019229183,16.142225019229183,16.142225019229183,16.142225019229183,16.142225019229183,16.142225019229183,16.142225019229183,16.3707055437449,16.3707055437449,18.023304529770325,95.0,33.831515315921465,16.142225019229183,36.7226844818779,16.3707055437449,16.142225019229183,45.4972526643093,17.856077569635485,31.398867637048458,34.45609122088898,24.376673731709626,
16.142225019229183,16.142225019229183,16.142225019229183,16.142225019229183,16.142225019229183,16.142225019229183,16.142225019229183,16.142225019229183,16.142225019229183,16.142225019229183,16.142225019229183,16.142225019229183,84.0,19.959836214969176,16.142225019229183,19.559027469574133,27.286836177384664,25.85333753557546,30.14232904073605,61.35275054958824,26.272080660317375,30.05233530264923,26.49528259898354,57.50217387195027,
16.142225019229183,16.142225019229183,16.142225019229183,16.142225019229183,16.142225019229183,16.142225019229183,16.142225019229183,16.142225019229183,16.142225019229183,16.142225019229183,16.142225019229183,16.142225019229183,17.8947540419594,26.23398982660133,17.592612085759182,16.142225019229183,16.142225019229183,36.118631695505236,17.684739183827393,22.395436042987768,16.142225019229183,90.27488884266519,16.142225019229183,46.04345773288535,
16.142225019229183,16.142225019229183,16.142225019229183,16.142225019229183,16.142225019229183,16.142225019229183,16.142225019229183,16.142225019229183,16.142225019229183,16.142225019229183,16.142225019229183,16.142225019229183,81.81415253827149,27.208192043678945,21.591036091539767,16.142225019229183,33.56018048648896,21.558061137310098,29.964794157292133,57.51714720170171,24.16047174749964,42.62041764225217,18.347132853680908,16.142225019229183,
16.142225019229183,16.142225019229183,16.142225019229183,16.142225019229183,16.142225019229183,16.142225019229183,16.142225019229183,16.142225019229183,16.142225019229183,16.142225019229183,16.142225019229183,16.142225019229183,18.347132853680908,24.376673731709626,17.684739183827393,40.152487123741444,16.142225019229183,17.603661235347857,16.142225019229183,36.912870384189844,16.5615734242165,88.16776936928571,24.376673731709626,18.347132853680908,
16.142225019229183,16.142225019229183,16.142225019229183,16.142225019229183,16.142225019229183,16.142225019229183,16.142225019229183,16.142225019229183,16.142225019229183,16.142225019229183,16.142225019229183,16.142225019229183,21.387579840378656,17.240939649566666,19.559027469574133,16.142225019229183,53.45224838248488,30.417465742928393,21.037381694769635,20.83952289006911,16.142225019229183,88.16776936928571,33.71307503879509,88.16776936928571,
16.142225019229183,16.142225019229183,16.142225019229183,16.142225019229183,16.142225019229183,16.142225019229183,16.142225019229183,16.142225019229183,16.142225019229183,16.142225019229183,16.142225019229183,16.142225019229183,29.920264407625513,16.142225019229183,32.99621190379283,44.073801742078025,17.8947540419594,30.432876958973168,24.101636643366962,17.60681686165901,30.577115625905595,46.04345773288535,24.376673731709626,16.501082215591627,
16.142225019229183,16.142225019229183,16.142225019229183,16.142225019229183,16.142225019229183,16.142225019229183,16.142225019229183,16.142225019229183,16.142225019229183,16.142225019229183,16.142225019229183,16.142225019229183,24.376673731709626,18.347132853680908,32.844329799829985,16.142225019229183,22.665266063169998,36.99399350645393,16.142225019229183,42.62041764225217,25.249862485874168,18.60875370049575,16.142225019229183,43.49896550494046,
16.142225019229183,16.142225019229183,16.142225019229183,16.142225019229183,16.142225019229183,16.142225019229183,16.142225019229183,16.142225019229183,16.142225019229183,16.142225019229183,16.142225019229183,16.142225019229183,17.684739183827393,22.59557478799776,17.67059704707229,24.376673731709626,16.142225019229183,16.142225019229183,24.376673731709626,29.294368059406914,16.142225019229183,16.142225019229183,24.85385856792232,31.089476604721984,
16.142225019229183,16.142225019229183,16.142225019229183,16.142225019229183,16.142225019229183,16.142225019229183,16.142225019229183,16.142225019229183,16.142225019229183,16.142225019229183,16.142225019229183,16.142225019229183,65.40259933672361,17.98999722067794,16.142225019229183,16.142225019229183,19.559027469574133,16.142225019229183,34.45609122088898,69.05231511124173,88.16776936928571,59.69723611692588,63.54132513569417,21.037381694769635,
16.142225019229183,16.142225019229183,16.142225019229183,16.142225019229183,16.142225019229183,16.142225019229183,16.142225019229183,16.142225019229183,16.142225019229183,16.142225019229183,16.142225019229183,16.142225019229183,24.376673731709626,24.376673731709626,46.04345773288535,36.23337056991998,31.783014331557666,54.35596957622436,55.02871977431421,16.142225019229183,42.10178143499393,38.03892742967393,18.347132853680908,16.142225019229183,
16.142225019229183,16.142225019229183,16.142225019229183,16.142225019229183,16.142225019229183,16.142225019229183,16.142225019229183,16.142225019229183,16.142225019229183,16.142225019229183,16.142225019229183,16.142225019229183,16.142225019229183,26.23398982660133,24.376673731709626,17.684739183827393,42.418863728298994,16.142225019229183,18.347132853680908,26.201145013147805,22.59557478799776,42.845769919561484,65.40259933672361,16.142225019229183,
16.142225019229183,16.142225019229183,16.142225019229183,16.142225019229183,16.142225019229183,16.142225019229183,16.142225019229183,16.142225019229183,16.142225019229183,16.142225019229183,16.142225019229183,16.142225019229183,24.877477542727053,16.142225019229183,36.68635834869535,22.59557478799776,41.033644732097585,37.589892258425,88.16776936928571,49.27198387584701,16.501082215591627,20.940391591371924,39.06770679583989,18.023304529770325,
16.142225019229183,16.142225019229183,16.142225019229183,16.142225019229183,16.142225019229183,16.142225019229183,16.142225019229183,16.142225019229183,16.142225019229183,16.142225019229183,16.142225019229183,16.142225019229183,16.142225019229183,38.436441042323366,16.142225019229183,22.59557478799776,17.8947540419594,16.142225019229183,34.45609122088898,17.8947540419594,53.44690289035866,16.142225019229183,34.45609122088898,61.35275054958824,
16.142225019229183,16.142225019229183,16.142225019229183,16.142225019229183,16.142225019229183,16.142225019229183,16.142225019229183,16.142225019229183,16.142225019229183,16.142225019229183,16.142225019229183,16.142225019229183,17.313289693180785,17.831169823765087,26.201145013147805,25.30928683309745,33.71731221282537,17.240939649566666,17.585505395068974,40.647536484050576,34.45609122088898,16.142225019229183,30.364452901377952,35.705586242055865,
16.142225019229183,16.142225019229183,16.142225019229183,16.142225019229183,16.142225019229183,16.142225019229183,16.142225019229183,16.142225019229183,16.142225019229183,16.142225019229183,16.142225019229183,16.142225019229183,65.40259933672361,42.10178143499393,37.63715658170202,66.2268827591938,25.264317016015184,16.142225019229183,16.142225019229183,24.376673731709626,17.240939649566666,26.24042682579687,23.18404623873926,26.334388164527386,
16.142225019229183,16.142225019229183,16.142225019229183,16.142225019229183,16.142225019229183,16.142225019229183,16.142225019229183,16.142225019229183,16.142225019229183,16.142225019229183,16.142225019229183,16.142225019229183,31.089476604721984,17.240939649566666,95.0,16.142225019229183,26.435906318058077,30.37386094278152,56.45253660278596,18.60875370049575,58.05074408557473,52.35799843385918,16.142225019229183,57.50217387195027,
16.142225019229183,16.142225019229183,16.142225019229183,16.142225019229183,16.142225019229183,16.142225019229183,16.142225019229183,16.142225019229183,16.142225019229183,16.142225019229183,16.142225019229183,16.142225019229183,16.142225019229183,17.592612085759182,27.44521214021651,16.142225019229183,17.10263137648707,36.68635834869535,40.069384267237695,29.643717715563277,24.376673731709626,17.67059704707229,42.62041764225217,30.94234269457585,
16.142225019229183,16.142225019229183,16.142225019229183,16.142225019229183,16.142225019229183,16.142225019229183,16.142225019229183,16.142225019229183,16.142225019229183,16.142225019229183,16.142225019229183,16.142225019229183,38.84768792531747,20.085531395225058,34.45609122088898,24.376673731709626,19.559027469574133,66.2268827591938,16.142225019229183,56.4023246171842,45.582452764194244,19.691368667515217,16.142225019229183,21.465087933665682,
16.142225019229183,16.142225019229183,16.142225019229183,16.142225019229183,16.142225019229183,16.142225019229183,16.142225019229183,16.142225019229183,16.142225019229183,16.142225019229183,16.142225019229183,16.142225019229183,57.62136949276911,39.26525181378568,95.0,16.142225019229183,84.0,25.37715508089904,30.066592756745816,17.95828499606797,16.5615734242165,31.089476604721984,24.101636643366962,18.347132853680908,
16.142225019229183,16.142225019229183,16.142225019229183,16.142225019229183,16.142225019229183,16.142225019229183,16.142225019229183,16.142225019229183,16.142225019229183,16.142225019229183,16.142225019229183,16.142225019229183,17.684739183827393,28.74456470360962,16.142225019229183,24.376673731709626,18.347132853680908,30.334139183434893,44.65671530937114,30.37386094278152,65.26484505459275,34.45609122088898,16.142225019229183,36.43295211755424,
16.142225019229183,16.142225019229183,16.142225019229183,16.142225019229183,16.142225019229183,16.142225019229183,16.142225019229183,16.142225019229183,16.142225019229183,16.142225019229183,16.142225019229183,16.142225019229183,16.142225019229183,95.0,40.647536484050576,26.901938326341572,17.98999722067794,95.0,31.783014331557666,18.264810587167993,63.215680192672316,20.873770280289225,17.580151546419096,22.395436042987768,
16.142225019229183,16.142225019229183,16.142225019229183,16.142225019229183,16.142225019229183,16.142225019229183,16.142225019229183,16.142225019229183,16.142225019229183,16.142225019229183,16.142225019229183,16.142225019229183,45.62345887808157,37.50333318519835,16.142225019229183,66.33417084898417,95.0,40.647536484050576,34.45609122088898,36.61283927804562,17.67059704707229,16.142225019229183,31.783014331557666,24.376673731709626,
16.142225019229183,16.142225019229183,16.142225019229183,16.142225019229183,16.142225019229183,16.142225019229183,16.142225019229183,16.142225019229183,16.142225019229183,16.142225019229183,16.142225019229183,16.142225019229183,30.417465742928393,22.59557478799776,16.142225019229183,38.913824205360676,22.59557478799776,36.17955223603521,19.559027469574133,17.743717371871078,17.684739183827393,16.142225019229183,26.201145013147805,40.647536484050576,
16.142225019229183,16.142225019229183,16.142225019229183,16.142225019229183,16.142225019229183,16.142225019229183,16.142225019229183,16.142225019229183,16.142225019229183,16.142225019229183,16.142225019229183,16.142225019229183,42.14129671579755,60.57135369866592,19.726704163211277,57.50217387195027,17.161002301730512,16.142225019229183,17.86229907920763,39.26525181378568,31.783014331557666,24.077998255669012,36.118631695505236,16.142225019229183,
16.142225019229183,16.142225019229183,16.142225019229183,16.142225019229183,16.142225019229183,16.142225019229183,16.142225019229183,16.142225019229183,16.142225019229183,16.142225019229183,16.142225019229183,16.142225019229183,59.69723611692588,32.87612364882514,17.313289693180785,18.23293722909175,17.67059704707229,16.142225019229183,17.313289693180785,19.51556155628484,16.142225019229183,40.647536484050576,31.63858403911275,19.574035280004406,
16.142225019229183,16.142225019229183,16.142225019229183,16.142225019229183,16.142225019229183,16.142225019229183,16.142225019229183,16.142225019229183,16.142225019229183,16.142225019229183,16.142225019229183,16.142225019229183,39.26525181378568,16.142225019229183,24.376673731709626,81.81415253827149,19.654152596479815,16.142225019229183,44.48033273256845,17.8947540419594,17.8947540419594,36.43295211755424,42.36696826538335,16.142225019229183,
16.142225019229183,16.142225019229183,16.142225019229183,16.142225019229183,16.142225019229183,16.142225019229183,16.142225019229183,16.142225019229183,16.142225019229183,16.142225019229183,16.142225019229183,16.142225019229183,88.16776936928571,20.057061456896278,65.40259933672361,19.20286436967152,53.45224838248488,90.27488884266519,16.142225019229183,30.417465742928393,35.95676416043147,16.142225019229183,38.62066228789397,57.50217387195027,
16.142225019229183,16.142225019229183,16.142225019229183,16.142225019229183,16.142225019229183,16.142225019229183,16.142225019229183,16.142225019229183,16.142225019229183,16.142225019229183,16.142225019229183,16.142225019229183,17.67059704707229,30.208534482088925,19.559027469574133,17.8947540419594,62.37435370406654,37.50333318519835,24.376673731709626,24.077998255669012,32.99621190379283,19.559027469574133,16.142225019229183,43.13029355594769,
16.142225019229183,16.142225019229183,16.142225019229183,16.142225019229183,16.142225019229183,16.142225019229183,16.142225019229183,16.142225019229183,16.142225019229183,16.142225019229183,16.142225019229183,16.142225019229183,24.376673731709626,30.747822222534257,24.077998255669012,17.8947540419594,17.10263137648707,23.019315560826062,26.82216567372164,26.23398982660133,16.142225019229183,24.376673731709626,55.02508518848472,40.60651288757616,
16.142225019229183,16.142225019229183,16.142225019229183,16.142225019229183,16.142225019229183,16.142225019229183,16.142225019229183,16.142225019229183,16.142225019229183,16.142225019229183,16.142225019229183,16.142225019229183,24.756592836836187,56.45253660278596,81.81415253827149,22.59557478799776,42.10178143499393,26.201145013147805,30.417465742928393,16.142225019229183,17.684739183827393,26.81151138703566,30.432876958973168,37.45610764615031,
16.142225019229183,16.142225019229183,16.142225019229183,16.142225019229183,16.142225019229183,16.142225019229183,16.142225019229183,16.142225019229183,16.142225019229183,16.142225019229183,16.142225019229183,16.142225019229183,22.59557478799776,46.151923036857305,28.91281060851661,46.04345773288535,26.201145013147805,24.376673731709626,30.417465742928393,81.81415253827149,45.3596737201669,17.240939649566666,43.34697221260097,17.838784213679535,
16.142225019229183,16.142225019229183,16.142225019229183,16.142225019229183,16.142225019229183,16.142225019229183,16.142225019229183,16.142225019229183,16.142225019229183,16.142225019229183,16.142225019229183,16.142225019229183,26.505764572174776,16.5615734242165,46.04345773288535,16.142225019229183,35.4929570478426,16.142225019229183,59.36235245413451,26.23398982660133,25.342651794948374,16.08903797177267,22.59557478799776,62.104428183503956,
16.08903797177267,16.142225019229183,16.142225019229183,16.142225019229183,16.142225019229183,16.142225019229183,16.142225019229183,16.142225019229183,16.142225019229183,16.142225019229183,16.142225019229183,16.142225019229183,52.30253871042548,35.97066706205056,16.142225019229183,17.8947540419594,27.914552158725783,30.14232904073605,37.50333318519835,72.96726815649755,16.142225019229183,46.04345773288535,46.04345773288535,30.711923128033227,
16.08903797177267,16.142225019229183,16.142225019229183,16.142225019229183,16.142225019229183,16.142225019229183,16.142225019229183,16.142225019229183,16.142225019229183,16.142225019229183,16.142225019229183,16.142225019229183,25.602734228984215,16.142225019229183,40.121689894619344,26.435906318058077,17.8947540419594,33.74695753482294,17.10263137648707,61.35275054958824,59.69723611692588,26.505764572174776,26.505764572174776,26.04803255526221,
16.08903797177267,16.142225019229183,16.142225019229183,16.142225019229183,16.142225019229183,16.142225019229183,16.142225019229183,16.142225019229183,16.142225019229183,16.142225019229183,16.142225019229183,16.142225019229183,25.39606268695996,16.142225019229183,16.142225019229183,22.395436042987768,33.86949744449801,26.23398982660133,68.90936075744717,17.67059704707229,42.83106349368411,59.69723611692588,45.5912272262987,43.01494756809212,
16.08903797177267,16.142225019229183,16.142225019229183,16.142225019229183,16.142225019229183,16.142225019229183,16.142225019229183,16.142225019229183,16.142225019229183,16.142225019229183,16.142225019229183,16.142225019229183,17.684739183827393,24.88832198900865,57.50217387195027,26.23398982660133,42.75230987911647,31.089476604721984,16.142225019229183,31.48897514298545,18.310760514442972,38.70769580181329,26.201145013147805,57.50217387195027,
16.08903797177267,16.142225019229183,16.142225019229183,16.142225019229183,16.142225019229183,16.142225019229183,16.142225019229183,16.142225019229183,16.142225019229183,16.142225019229183,16.142225019229183,16.142225019229183,20.940391591371924,16.142225019229183,30.236567265481707,24.376673731709626,37.45610764615031,18.347132853680908,20.042811322623525,88.16776936928571,30.432876958973168,40.647536484050576,29.643717715563277,26.82216567372164,
16.08903797177267,16.142225019229183,16.142225019229183,16.142225019229183,16.142225019229183,16.142225019229183,16.142225019229183,16.142225019229183,16.142225019229183,16.142225019229183,16.142225019229183,16.142225019229183,16.142225019229183,42.62041764225217,18.347132853680908,16.08903797177267,88.16776936928571,34.45609122088898,34.45609122088898,25.98900866575275,17.313289693180785,37.30355955610075,95.0,31.089476604721984,
16.08903797177267,16.08903797177267,16.142225019229183,16.142225019229183,16.142225019229183,16.142225019229183,16.142225019229183,16.142225019229183,16.142225019229183,16.142225019229183,16.142225019229183,16.142225019229183,30.079062485390065,33.86949744449801,17.8947540419594,24.741867350707384,36.29814810090944,26.505764572174776,42.897811391983886,65.40259933672361,43.49896550494046,17.67059704707229,20.206081121427633,59.69723611692588,
16.08903797177267,16.08903797177267,16.142225019229183,16.142225019229183,16.142225019229183,16.142225019229183,16.142225019229183,16.142225019229183,16.142225019229183,16.142225019229183,16.142225019229183,16.142225019229183,46.151923036857305,63.54132513569417,31.121625207491263,17.8947540419594,22.59557478799776,17.313289693180785,17.743717371871078,16.142225019229183,17.684739183827393,57.62136949276911,45.4770271675711,81.81415253827149,
16.08903797177267,16.08903797177267,16.142225019229183,16.142225019229183,16.142225019229183,16.142225019229183,16.142225019229183,16.142225019229183,16.142225019229183,16.142225019229183,16.142225019229183,16.142225019229183,36.58086931717178,17.8947540419594,17.8947540419594,57.50217387195027,61.35275054958824,17.67059704707229,16.142225019229183,37.45610764615031,54.37699093235247,17.67059704707229,20.445048300260872,26.23398982660133,
16.08903797177267,16.08903797177267,16.142225019229183,16.142225019229183,16.142225019229183,16.142225019229183,16.142225019229183,16.142225019229183,16.142225019229183,16.142225019229183,16.142225019229183,16.142225019229183,60.097920097121495,29.63376452629669,31.783014331557666,58.38569078883018,24.85385856792232,46.04345773288535,17.269916039170543,45.3596737201669,42.62041764225217,59.69723611692588,16.08903797177267,16.142225019229183,
16.08903797177267,16.08903797177267,16.08903797177267,16.142225019229183,16.142225019229183,16.142225019229183,16.142225019229183,16.142225019229183,16.142225019229183,16.142225019229183,16.142225019229183,16.142225019229183,40.069384267237695,57.50217387195027,17.838784213679535,19.654152596479815,59.69723611692588,50.90677754484171,34.45609122088898,33.704599092705436,42.897811391983886,17.67059704707229,16.142225019229183,31.36700318629258,
16.08903797177267,16.08903797177267,16.08903797177267,16.142225019229183,16.142225019229183,16.142225019229183,16.142225019229183,16.142225019229183,16.142225019229183,16.142225019229183,16.142225019229183,16.142225019229183,53.44690289035866,55.159508958759126,59.69723611692588,17.64227876437735,17.998628205614743,20.042811322623525,17.67059704707229,34.45609122088898,22.59557478799776,18.347751905887545,63.54132513569417,16.142225019229183,
16.08903797177267,16.08903797177267,16.08903797177267,16.142225019229183,16.142225019229183,16.142225019229183,16.142225019229183,16.142225019229183,16.142225019229183,16.142225019229183,16.142225019229183,16.142225019229183,16.142225019229183,46.04345773288535,16.142225019229183,17.80622723642102,18.089776118017603,42.62041764225217,34.45609122088898,16.142225019229183,46.04345773288535,17.592612085759182,16.142225019229183,42.62041764225217,
16.08903797177267,16.08903797177267,16.08903797177267,16.142225019229183,16.142225019229183,16.142225019229183,16.142225019229183,16.142225019229183,16.142225019229183,16.142225019229183,16.142225019229183,16.142225019229183,16.449055552566797,30.85269662264368,16.142225019229183,37.21409529854097,17.592612085759182,65.40259933672361,29.643717715563277,41.033644732097585,31.35637450698378,22.13984732346122,18.562635280892327,37.48813145516858,
16.08903797177267,16.08903797177267,16.08903797177267,16.142225019229183,16.142225019229183,16.142225019229183,16.142225019229183,16.142225019229183,16.142225019229183,16.142225019229183,16.142225019229183,16.142225019229183,17.838784213679535,16.142225019229183,17.628102563804195,95.0,56.4023246171842,20.940391591371924,86.0322936783366,52.30253871042548,39.392385050920694,88.16776936928571,40.647536484050576,42.62041764225217,
16.08903797177267,16.08903797177267,16.08903797177267,16.142225019229183,16.142225019229183,16.142225019229183,16.142225019229183,16.142225019229183,16.142225019229183,16.142225019229183,16.142225019229183,16.142225019229183,17.8947540419594,34.45609122088898,38.29046878793729,22.59557478799776,24.376673731709626,17.949173783385486,65.40259933672361,42.418863728298994,20.4590182699813,30.744466530129,46.04345773288535,25.26974475533934,
16.08903797177267,16.08903797177267,16.08903797177267,16.142225019229183,16.142225019229183,16.142225019229183,16.142225019229183,16.142225019229183,16.142225019229183,16.142225019229183,16.142225019229183,16.142225019229183,16.142225019229183,37.45610764615031,57.50217387195027,18.60875370049575,17.67059704707229,18.04794711488618,16.142225019229183,20.085531395225058,69.05231511124173,21.387579840378656,16.08903797177267,17.98999722067794,
16.08903797177267,16.08903797177267,16.08903797177267,16.08903797177267,16.142225019229183,16.142225019229183,16.142225019229183,16.142225019229183,16.142225019229183,16.142225019229183,16.142225019229183,16.142225019229183,61.43419243385559,65.364363379444,33.00545409474016,16.142225019229183,31.36700318629258,31.089476604721984,31.371324485905912,33.86949744449801,16.08903797177267,22.665266063169998,41.24318125460256,16.08903797177267,
16.08903797177267,16.08903797177267,16.08903797177267,16.08903797177267,16.08903797177267,16.08903797177267,16.142225019229183,16.142225019229183,16.142225019229183,16.142225019229183,16.142225019229183,16.142225019229183,20.042811322623525,16.142225019229183,17.240939649566666,41.033644732097585,16.08903797177267,17.8947540419594,70.91234025189128,22.395436042987768,18.067650649710934,17.838784213679535,18.089776118017603,16.08903797177267,
16.08903797177267,16.08903797177267,16.08903797177267,16.08903797177267,16.08903797177267,16.08903797177267,16.08903797177267,16.08903797177267,16.142225019229183,16.142225019229183,16.142225019229183,16.142225019229183,17.11724276862369,31.783014331557666,30.14232904073605,31.089476604721984,16.08903797177267,18.310760514442972,59.69723611692588,26.23398982660133,20.457272545478784,32.882366094914765,16.142225019229183,22.395436042987768,
16.08903797177267,16.08903797177267,16.08903797177267,16.08903797177267,16.08903797177267,16.08903797177267,16.08903797177267,16.08903797177267,16.08903797177267,16.142225019229183,16.142225019229183,16.142225019229183,20.457272545478784,17.269916039170543,16.08903797177267,42.418863728298994,45.16082373030855,37.45610764615031,41.06769479232497,39.96069497465157,31.089476604721984,59.69723611692588,50.094909921068826,24.376673731709626,
16.08903797177267,16.08903797177267,16.08903797177267,16.08903797177267,16.08903797177267,16.08903797177267,16.08903797177267,16.08903797177267,16.08903797177267,16.08903797177267,16.142225019229183,16.142225019229183,17.240939649566666,22.395436042987768,34.45609122088898,17.269916039170543,45.057987329908805,17.628102563804195,49.82469267341245,16.08903797177267,25.603819159562025,45.3596737201669,35.696249413940144,40.88873792242662,
16.08903797177267,16.08903797177267,16.08903797177267,16.08903797177267,16.08903797177267,16.08903797177267,16.08903797177267,16.08903797177267,16.08903797177267,16.08903797177267,16.08903797177267,16.142225019229183,16.08903797177267,61.87212619588889,36.43295211755424,16.08903797177267,19.654152596479815,16.08903797177267,17.628102563804195,42.897811391983886,16.08903797177267,39.049419238410486,16.08903797177267,61.35275054958824,
16.08903797177267,16.08903797177267,16.08903797177267,16.08903797177267,16.08903797177267,16.08903797177267,16.08903797177267,16.08903797177267,16.08903797177267,16.08903797177267,16.08903797177267,16.08903797177267,16.08903797177267,34.45609122088898,65.40259933672361,16.08903797177267,18.310760514442972,41.033644732097585,25.55821242227676,18.089776118017603,18.100828710310477,37.45610764615031,23.38461032388609,37.48813145516858,
16.08903797177267,16.08903797177267,16.08903797177267,16.08903797177267,16.08903797177267,16.08903797177267,16.08903797177267,16.08903797177267,16.08903797177267,16.08903797177267,16.08903797177267,16.08903797177267,34.73071007368295,17.80622723642102,57.86382481501048,46.54567649094812,65.40259933672361,42.418863728298994,33.74695753482294,36.07436763132515,17.838784213679535,16.08903797177267,33.56018048648896,63.215680192672316,
16.08903797177267,16.08903797177267,16.08903797177267,16.08903797177267,16.08903797177267,16.08903797177267,16.08903797177267,16.08903797177267,16.08903797177267,16.08903797177267,16.08903797177267,16.08903797177267,34.45609122088898,19.508240017270357,37.366057086910075,16.08903797177267,16.08903797177267,31.783014331557666,18.310760514442972,95.0,19.53019640015357,17.838784213679535,54.77747190744959,27.286836177384664,
16.08903797177267,16.08903797177267,16.08903797177267,16.08903797177267,16.08903797177267,16.08903797177267,16.08903797177267,16.08903797177267,16.08903797177267,16.08903797177267,16.08903797177267,16.08903797177267,88.16776936928571,17.13913650100261,61.681115424414955,45.3596737201669,19.53019640015357,25.603819159562025,16.08903797177267,29.169455648968544,59.69723611692588,25.96150997149434,17.11724276862369,95.0,
16.08903797177267,16.08903797177267,16.08903797177267,16.08903797177267,16.08903797177267,16.08903797177267,16.08903797177267,16.08903797177267,16.08903797177267,16.08903797177267,16.08903797177267,16.08903797177267,20.904544960366874,16.08903797177267,16.08903797177267,36.24519672610822,36.118631695505236,17.64227876437735,45.16082373030855,28.801148811106586,37.48813145516858,32.78337993557101,57.62136949276911,20.64668773158819,
16.08903797177267,16.08903797177267,16.08903797177267,16.08903797177267,16.08903797177267,16.08903797177267,16.08903797177267,16.08903797177267,16.08903797177267,16.08903797177267,16.08903797177267,16.08903797177267,41.033644732097585,30.78496850273337,30.351642825755285,59.69723611692588,28.829548334007196,17.838784213679535,25.603819159562025,18.089776118017603,16.08903797177267,36.99399350645393,30.73904502239601,16.08903797177267,
16.08903797177267,16.08903797177267,16.08903797177267,16.08903797177267,16.08903797177267,16.08903797177267,16.08903797177267,16.08903797177267,16.08903797177267,16.08903797177267,16.08903797177267,16.08903797177267,17.628102563804195,22.395436042987768,16.08903797177267,16.08903797177267,31.783014331557666,24.417662095749918,29.016385324225872,18.089776118017603,61.87212619588889,18.363611361119094,36.118631695505236,30.317368902047836,
16.08903797177267,16.08903797177267,16.08903797177267,16.08903797177267,16.08903797177267,16.08903797177267,16.08903797177267,16.08903797177267,16.08903797177267,16.08903797177267,16.08903797177267,16.08903797177267,42.897811391983886,42.57417057324781,16.08903797177267,36.43295211755424,27.952817389308006,35.696249413940144,18.089776118017603,42.897811391983886,17.240939649566666,25.603819159562025,36.912870384189844,16.08903797177267,
16.08903797177267,16.08903797177267,16.08903797177267,16.08903797177267,16.08903797177267,16.08903797177267,16.08903797177267,16.08903797177267,16.08903797177267,16.08903797177267,16.08903797177267,16.08903797177267,57.96742380184083,17.91819545587841,45.51219616762082,18.07255609897552,16.08903797177267,16.08903797177267,31.783014331557666,16.08903797177267,37.45610764615031,16.08903797177267,19.654152596479815,17.973918003458834,
16.08903797177267,16.08903797177267,16.08903797177267,16.08903797177267,16.08903797177267,16.08903797177267,16.08903797177267,16.08903797177267,16.08903797177267,16.08903797177267,16.08903797177267,16.08903797177267,26.516841009872522,44.02524528293082,69.44222218666553,44.09711504798875,23.94798891012576,17.79998612844514,16.08903797177267,88.16776936928571,16.08903797177267,16.08903797177267,17.74823934929885,33.71731221282537,
16.08903797177267,16.08903797177267,16.08903797177267,16.08903797177267,16.08903797177267,16.08903797177267,16.08903797177267,16.08903797177267,16.08903797177267,16.08903797177267,16.08903797177267,16.08903797177267,30.351642825755285,18.133946068079062,17.74823934929885,95.0,36.61283927804562,16.142225019229183,17.80622723642102,37.45610764615031,16.08903797177267,17.693376036120284,49.29452928352142,17.64227876437735,
16.08903797177267,16.08903797177267,16.08903797177267,16.08903797177267,16.08903797177267,16.08903797177267,16.08903797177267,16.08903797177267,16.08903797177267,16.08903797177267,16.08903797177267,16.08903797177267,16.08903797177267,41.338709327806654,19.507833184532707,17.838784213679535,16.08903797177267,41.033644732097585,88.16776936928571,18.32593790232849,36.307330144506935,70.97717943113828,17.628102563804195,34.45609122088898,
16.08903797177267,16.08903797177267,16.08903797177267,16.08903797177267,16.08903797177267,16.08903797177267,16.08903797177267,16.08903797177267,16.08903797177267,16.08903797177267,16.08903797177267,16.08903797177267,18.310760514442972,39.392385050920694,30.53129541961821,16.08903797177267,17.269916039170543,16.08903797177267,16.08903797177267,37.5532954612508,17.204650534085253,25.603819159562025,41.176449579826574,88.16776936928571,
16.08903797177267,16.08903797177267,16.08903797177267,16.08903797177267,16.08903797177267,16.08903797177267,16.08903797177267,16.08903797177267,16.08903797177267,16.08903797177267,16.08903797177267,16.08903797177267,95.0,88.16776936928571,29.368350311176826,38.70769580181329,45.3596737201669,42.897811391983886,49.418215265223814,18.056577748842663,25.603819159562025,26.387226346960272,59.69723611692588,26.44671192092831,
16.08903797177267,16.08903797177267,16.08903797177267,16.08903797177267,16.08903797177267,16.08903797177267,16.08903797177267,16.08903797177267,16.08903797177267,16.08903797177267,16.08903797177267,16.08903797177267,16.08903797177267,16.08903797177267,22.395436042987768,88.16776936928571,26.93046601899046,30.351642825755285,36.17955223603521,36.6044927418601,68.03058135868017,59.69723611692588,16.86077442722351,33.498488926078124,
16.08903797177267,16.08903797177267,16.08903797177267,16.08903797177267,16.08903797177267,16.08903797177267,16.08903797177267,16.08903797177267,16.08903797177267,16.08903797177267,16.08903797177267,16.08903797177267,36.118631695505236,16.08903797177267,17.838784213679535,16.08903797177267,24.077998255669012,19.507833184532707,16.08903797177267,45.16082373030855,42.75230987911647,27.286836177384664,26.23398982660133,16.08903797177267,
16.08903797177267,16.08903797177267,16.08903797177267,16.08903797177267,16.08903797177267,16.08903797177267,16.08903797177267,16.08903797177267,16.08903797177267,16.08903797177267,16.08903797177267,16.08903797177267,17.11724276862369,16.08903797177267,36.61283927804562,30.432876958973168,29.368350311176826,71.03872183534835,16.08903797177267,20.794111227181485,21.569654610122992,81.81415253827149,16.08903797177267,23.56446372437285,
16.08903797177267,16.08903797177267,16.08903797177267,16.08903797177267,16.08903797177267,16.08903797177267,16.08903797177267,16.08903797177267,16.08903797177267,16.08903797177267,16.08903797177267,16.08903797177267,19.507833184532707,17.838784213679535,16.08903797177267,65.40259933672361,26.543465402157942,16.08903797177267,25.603819159562025,69.3028779264533,35.74113276644392,21.99431744792277,88.16776936928571,61.35275054958824,
16.08903797177267,16.08903797177267,16.08903797177267,16.08903797177267,16.08903797177267,16.08903797177267,16.08903797177267,16.08903797177267,16.08903797177267,16.08903797177267,16.08903797177267,16.08903797177267,16.08903797177267,17.392527130926087,44.09711504798875,26.468010041473754,17.09532099727876,27.28094573140748,75.64059756506423,16.08903797177267,18.034688796871432,33.71731221282537,16.08903797177267,63.215680192672316,
16.08903797177267,16.08903797177267,16.08903797177267,16.08903797177267,16.08903797177267,16.08903797177267,16.08903797177267,16.08903797177267,16.08903797177267,16.08903797177267,16.08903797177267,16.08903797177267,17.856077569635485,33.71731221282537,16.08903797177267,37.52332607858744,39.26525181378568,25.603819159562025,27.341462205879836,16.08903797177267,16.08903797177267,34.45609122088898,69.05231511124173,30.432876958973168,
16.08903797177267,16.08903797177267,16.08903797177267,16.08903797177267,16.08903797177267,16.08903797177267,16.08903797177267,16.08903797177267,16.08903797177267,16.08903797177267,16.08903797177267,16.08903797177267,16.08903797177267,36.6044927418601,46.04345773288535,16.08903797177267,31.936665719576155,37.45610764615031,16.08903797177267,18.067650649710934,65.40259933672361,47.07610859023927,32.882366094914765,59.69723611692588,
16.08903797177267,16.08903797177267,16.08903797177267,16.08903797177267,16.08903797177267,16.08903797177267,16.08903797177267,16.08903797177267,16.08903797177267,16.08903797177267,16.08903797177267,16.08903797177267,17.628102563804195,46.04345773288535,36.43295211755424,16.08903797177267,16.08903797177267,61.443958205831755,16.08903797177267,81.96069518711731,16.08903797177267,16.08903797177267,69.05231511124173,41.14073407220634,
16.08903797177267,16.08903797177267,16.08903797177267,16.08903797177267,16.08903797177267,16.08903797177267,16.08903797177267,16.08903797177267,16.08903797177267,16.08903797177267,16.08903797177267,16.08903797177267,57.50217387195027,17.838784213679535,45.16082373030855,16.08903797177267,22.395436042987768,40.49965706301996,17.838784213679535,22.395436042987768,16.08903797177267,16.08903797177267,25.603819159562025,30.1093246116785,
16.08903797177267,16.08903797177267,16.08903797177267,16.08903797177267,16.08903797177267,16.08903797177267,16.08903797177267,16.08903797177267,16.08903797177267,16.08903797177267,16.08903797177267,16.08903797177267,25.603819159562025,42.897811391983886,33.00545409474016,45.3596737201669,18.32593790232849,35.696249413940144,65.40259933672361,17.80622723642102,68.90936075744717,36.048663953598975,17.204650534085253,19.96425376946077,
16.08903797177267,16.08903797177267,16.08903797177267,16.08903797177267,16.08903797177267,16.08903797177267,16.08903797177267,16.08903797177267,16.08903797177267,16.08903797177267,16.08903797177267,16.08903797177267,65.364363379444,81.81415253827149,18.310760514442972,29.558658388267315,35.95676416043147,42.655597522482324,16.08903797177267,37.45610764615031,40.64677108947278,16.08903797177267,36.61283927804562,22.395436042987768,
16.08903797177267,16.08903797177267,16.08903797177267,16.08903797177267,16.08903797177267,16.08903797177267,16.08903797177267,16.08903797177267,16.08903797177267,16.08903797177267,16.08903797177267,16.08903797177267,38.41223763333763,17.64227876437735,26.505764572174776,49.82469267341245,17.838784213679535,22.395436042987768,18.310760514442972,59.73742545506962,34.03359684614182,38.781438859330635,16.08903797177267,56.4023246171842,
16.08903797177267,16.08903797177267,16.08903797177267,16.08903797177267,16.08903797177267,16.08903797177267,16.08903797177267,16.08903797177267,16.08903797177267,16.08903797177267,16.08903797177267,16.08903797177267,42.418863728298994,26.267851073127396,42.46127647633782,16.08903797177267,59.69723611692588,69.05231511124173,42.418863728298994,25.603819159562025,22.395436042987768,25.603819159562025,22.59557478799776,26.13700168617007,
16.08903797177267,16.08903797177267,16.08903797177267,16.08903797177267,16.08903797177267,16.08903797177267,16.08903797177267,16.08903797177267,16.08903797177267,16.08903797177267,16.08903797177267,16.08903797177267,36.61283927804562,35.075428925185136,44.09711504798875,16.08903797177267,69.05231511124173,43.04814580377251,46.04345773288535,65.40259933672361,30.351642825755285,46.04345773288535,16.08903797177267,45.55611923770505,
16.08903797177267,16.08903797177267,16.08903797177267,16.08903797177267,16.08903797177267,16.08903797177267,16.08903797177267,16.08903797177267,16.08903797177267,16.08903797177267,16.08903797177267,16.08903797177267,17.628102563804195,59.69723611692588,22.395436042987768,63.215680192672316,65.40259933672361,36.61283927804562,18.089776118017603,88.16776936928571,16.08903797177267,17.838784213679535,20.853228595523113,36.118631695505236,
16.08903797177267,16.08903797177267,16.08903797177267,16.08903797177267,16.08903797177267,16.08903797177267,16.08903797177267,16.08903797177267,16.08903797177267,16.08903797177267,16.08903797177267,16.08903797177267,63.215680192672316,16.08903797177267,20.99659836395274,25.603819159562025,35.314909841918855,29.63376452629669,36.118631695505236,25.603819159562025,46.151923036857305,30.380256746775526,41.033644732097585,17.11724276862369,
16.08903797177267,16.08903797177267,16.08903797177267,16.08903797177267,16.08903797177267,16.08903797177267,16.08903797177267,16.08903797177267,16.08903797177267,16.08903797177267,16.08903797177267,16.08903797177267,19.507833184532707,29.63376452629669,30.195363882556542,20.713805261106945,37.48813145516858,38.389451676209184,46.04345773288535,16.08903797177267,29.95413160150032,34.65750794767069,23.95307913400697,16.08903797177267,
16.08903797177267,16.08903797177267,16.08903797177267,16.08903797177267,16.08903797177267,16.08903797177267,16.08903797177267,16.08903797177267,16.08903797177267,16.08903797177267,16.08903797177267,16.08903797177267,39.26525181378568,65.40259933672361,36.77716682943372,16.08903797177267,17.269916039170543,36.77716682943372,17.549928774784245,19.507833184532707,31.35637450698378,45.3596737201669,36.61283927804562,16.08903797177267,
16.08903797177267,16.08903797177267,16.08903797177267,16.08903797177267,16.08903797177267,16.08903797177267,16.08903797177267,16.08903797177267,16.08903797177267,16.08903797177267,16.08903797177267,16.08903797177267,34.62978807648442,22.395436042987768,17.13913650100261,30.622120855915348,25.30928683309745,36.279777042068794,81.81415253827149,45.55611923770505,34.45609122088898,22.59557478799776,16.08903797177267,16.08903797177267,
16.08903797177267,16.08903797177267,16.08903797177267,16.08903797177267,16.08903797177267,16.08903797177267,16.08903797177267,16.08903797177267,16.08903797177267,16.08903797177267,16.08903797177267,16.08903797177267,16.08903797177267,37.45610764615031,45.3596737201669,25.603819159562025,37.45610764615031,47.38945030278364,16.08903797177267,46.04345773288535,45.582452764194244,33.20391543176798,37.15582801601326,25.603819159562025,
16.08903797177267,16.08903797177267,16.08903797177267,16.08903797177267,16.08903797177267,16.08903797177267,16.08903797177267,16.08903797177267,16.08903797177267,16.08903797177267,16.08903797177267,16.08903797177267,63.54132513569417,17.74823934929885,22.395436042987768,41.79579989531112,22.395436042987768,16.08903797177267,16.08903797177267,45.16082373030855,34.45609122088898,49.69412614021406,76.21351586168952,16.08903797177267,
16.08903797177267,16.08903797177267,16.08903797177267,16.08903797177267,16.08903797177267,16.08903797177267,16.08903797177267,16.08903797177267,16.08903797177267,16.08903797177267,16.08903797177267,16.08903797177267,16.08903797177267,22.395436042987768,17.838784213679535,37.45610764615031,16.08903797177267,17.91819545587841,35.74113276644392,36.118631695505236,16.08903797177267,37.42325480232846,17.81870289441704,46.54567649094812,
16.08903797177267,16.08903797177267,16.08903797177267,16.08903797177267,16.08903797177267,16.08903797177267,16.08903797177267,16.08903797177267,16.08903797177267,16.08903797177267,16.08903797177267,16.08903797177267,16.08903797177267,17.949173783385486,65.40259933672361,18.089776118017603,17.838784213679535,16.08903797177267,25.603819159562025,42.897811391983886,37.45610764615031,45.3596737201669,16.08903797177267,36.118631695505236,
16.08903797177267,16.08903797177267,16.08903797177267,16.08903797177267,16.08903797177267,16.08903797177267,16.08903797177267,16.08903797177267,16.08903797177267,16.08903797177267,16.08903797177267,16.08903797177267,36.43295211755424,88.16776936928571,17.908719167551382,30.14232904073605,36.77716682943372,29.63376452629669,25.603819159562025,16.08903797177267,36.50875085358151,19.507833184532707,17.684739183827393,63.16248886799823,
16.08903797177267,16.08903797177267,16.08903797177267,16.08903797177267,16.08903797177267,16.08903797177267,16.08903797177267,16.08903797177267,16.08903797177267,16.08903797177267,16.08903797177267,16.08903797177267,26.516841009872522,21.694238866574693,19.507833184532707,31.783014331557666,36.118631695505236,56.4023246171842,42.77849927241488,16.08903797177267,31.562988170042175,62.4143858061229,46.04345773288535,25.211901951261034,
16.08903797177267,16.08903797177267,16.08903797177267,16.08903797177267,16.08903797177267,16.08903797177267,16.08903797177267,16.08903797177267,16.08903797177267,16.08903797177267,16.08903797177267,16.08903797177267,20.057061456896278,17.240939649566666,37.45610764615031,36.29814810090944,33.21144381083123,37.182731953899726,88.16776936928571,31.089476604721984,16.08903797177267,37.45610764615031,22.395436042987768,41.26607430915726,
16.08903797177267,16.08903797177267,16.08903797177267,16.08903797177267,16.08903797177267,16.08903797177267,16.08903797177267,16.08903797177267,16.08903797177267,16.08903797177267,16.08903797177267,16.08903797177267,37.48813145516858,46.04345773288535,56.408234229488954,16.08903797177267,16.08903797177267,25.603819159562025,17.64227876437735,42.69613565652048,26.505764572174776,30.95619024178709,42.897811391983886,16.08903797177267,
16.08903797177267,16.08903797177267,16.08903797177267,16.08903797177267,16.08903797177267,16.08903797177267,16.08903797177267,16.08903797177267,16.08903797177267,16.08903797177267,16.08903797177267,16.08903797177267,56.40527950073075,42.77849927241488,37.50333318519835,17.838784213679535,45.5912272262987,42.418863728298994,18.310760514442972,42.32918614856657,17.838784213679535,40.66803276393989,31.783014331557666,16.08903797177267,
16.08903797177267,16.08903797177267,16.08903797177267,16.08903797177267,16.08903797177267,16.08903797177267,16.08903797177267,16.08903797177267,16.08903797177267,16.08903797177267,16.08903797177267,16.08903797177267,26.23398982660133,33.00545409474016,46.04345773288535,59.69723611692588,36.6044927418601,56.76462121975467,58.16260730820868,16.08903797177267,38.29046878793729,17.628102563804195,31.783014331557666,25.39606268695996,
16.08903797177267,16.08903797177267,16.08903797177267,16.08903797177267,16.08903797177267,16.08903797177267,16.08903797177267,16.08903797177267,16.08903797177267,16.08903797177267,16.08903797177267,16.08903797177267,39.26525181378568,66.2268827591938,57.50217387195027,40.069384267237695,37.45610764615031,16.449055552566797,20.71380526110694,17.269916039170543,24.376673731709626,36.77716682943372,76.27909281054671,45.424222613050844,
16.08903797177267,16.08903797177267,16.08903797177267,16.08903797177267,16.08903797177267,16.08903797177267,16.08903797177267,16.08903797177267,16.08903797177267,16.08903797177267,16.08903797177267,16.08903797177267,16.08903797177267,22.59557478799776,29.63376452629669,23.280893453645632,17.838784213679535,30.95157508108432,81.81415253827149,9.99999999E8,45.057987329908805,36.940105963186255,57.50217387195027,23.412817002659036,
16.08903797177267,16.08903797177267,16.08903797177267,16.08903797177267,16.08903797177267,16.08903797177267,16.08903797177267,16.08903797177267,16.08903797177267,16.08903797177267,16.08903797177267,16.08903797177267,18.562635280892327,34.45609122088898,20.99659836395274,30.351642825755285,63.215680192672316,17.80622723642102,16.08903797177267,16.08903797177267,21.99431744792277,17.838784213679535,16.08903797177267,32.21024681681281,
16.08903797177267,16.08903797177267,16.08903797177267,16.08903797177267,16.08903797177267,16.08903797177267,16.08903797177267,16.08903797177267,16.08903797177267,16.08903797177267,16.08903797177267,16.08903797177267,37.45610764615031,16.08903797177267,63.16248886799823,46.04345773288535,36.61283927804562,37.45610764615031,46.54567649094812,25.603819159562025,30.324174441451092,69.05231511124173,37.45610764615031,19.53019640015357,
16.08903797177267,16.08903797177267,16.08903797177267,16.08903797177267,16.08903797177267,16.08903797177267,16.08903797177267,16.08903797177267,16.08903797177267,16.08903797177267,16.08903797177267,16.08903797177267,17.09532099727876,27.639656605753093,26.505764572174776,66.2268827591938,42.75230987911647,20.873770280289225,17.838784213679535,29.63376452629669,16.08903797177267,28.923544536785744,29.63376452629669,29.63376452629669,
16.08903797177267,16.08903797177267,16.08903797177267,16.08903797177267,16.08903797177267,16.08903797177267,16.08903797177267,16.08903797177267,16.08903797177267,16.08903797177267,16.08903797177267,16.08903797177267,37.48813145516858,36.61283927804562,45.16082373030855,51.85074734273364,16.08903797177267,30.390056853443948,34.45609122088898,45.16082373030855,63.215680192672316,16.08903797177267,25.603819159562025,17.64227876437735,
16.08903797177267,16.08903797177267,16.08903797177267,16.08903797177267,16.08903797177267,16.08903797177267,16.08903797177267,16.08903797177267,16.08903797177267,16.08903797177267,16.08903797177267,16.08903797177267,88.16776936928571,17.628102563804195,88.16776936928571,45.16082373030855,95.0,16.08903797177267,17.838784213679535,34.30378987808781,22.395436042987768,18.281745601069453,29.63376452629669,68.90936075744717,
16.08903797177267,16.08903797177267,16.08903797177267,16.08903797177267,16.08903797177267,16.08903797177267,16.08903797177267,16.08903797177267,16.08903797177267,16.08903797177267,16.08903797177267,16.08903797177267,36.77716682943372,36.118631695505236,38.29046878793729,41.36289265620683,18.23293722909175,57.50217387195027,31.276544281973067,24.417662095749918,81.96069518711731,17.64227876437735,23.412817002659036,43.34166586553867,
16.08903797177267,16.08903797177267,16.08903797177267,16.08903797177267,16.08903797177267,16.08903797177267,16.08903797177267,16.08903797177267,16.08903797177267,16.08903797177267,16.08903797177267,16.08903797177267,16.08903797177267,37.45610764615031,49.29452928352142,41.033644732097585,26.018454988719064,29.63376452629669,16.08903797177267,23.96872962841377,31.783014331557666,29.63376452629669,32.99621190379283,36.61283927804562,
16.08903797177267,16.08903797177267,16.08903797177267,16.08903797177267,16.08903797177267,16.08903797177267,16.08903797177267,16.08903797177267,16.08903797177267,16.08903797177267,16.08903797177267,16.08903797177267,42.62041764225217,16.08903797177267,30.711923128033227,46.54567649094812,23.611568623018382,25.603819159562025,42.935167071161736,20.457272545478784,34.46012188022556,30.744466530129,37.45610764615031,17.64227876437735,
16.08903797177267,16.08903797177267,16.08903797177267,16.08903797177267,16.08903797177267,16.08903797177267,16.08903797177267,16.08903797177267,16.08903797177267,16.08903797177267,16.08903797177267,16.08903797177267,31.783014331557666,16.08903797177267,16.08903797177267,30.804040139061122,21.334077367977674,76.27253765281446,17.204650534085253,16.08903797177267,36.118631695505236,41.66799997866735,20.048706124933613,56.408234229488954,
16.08903797177267,16.08903797177267,16.08903797177267,16.08903797177267,16.08903797177267,16.08903797177267,16.08903797177267,16.08903797177267,16.08903797177267,16.08903797177267,16.08903797177267,16.08903797177267,48.28618389928485,67.08576600144028,42.418863728298994,36.18778185459224,16.08903797177267,17.11724276862369,17.838784213679535,24.88832198900865,36.6044927418601,63.215680192672316,44.02524528293082,42.62041764225217,
16.08903797177267,16.08903797177267,16.08903797177267,16.08903797177267,16.08903797177267,16.08903797177267,16.08903797177267,16.08903797177267,16.08903797177267,16.08903797177267,16.08903797177267,16.08903797177267,23.412817002659036,16.509737386507048,24.85385856792232,25.603819159562025,17.838784213679535,16.08903797177267,16.509737386507048,32.288697712976905,16.08903797177267,36.68635834869535,16.08903797177267,81.81415253827149,
16.08903797177267,16.08903797177267,16.08903797177267,16.08903797177267,16.08903797177267,16.08903797177267,16.08903797177267,16.08903797177267,16.08903797177267,16.08903797177267,16.08903797177267,16.08903797177267,33.00545409474016,18.310760514442972,58.52824579257058,20.904544960366874,37.45610764615031,63.54132513569417,16.08903797177267,33.74272408344395,33.81156935461917,62.104428183503956,16.08903797177267,16.08903797177267,
16.08903797177267,16.08903797177267,16.08903797177267,16.08903797177267,16.08903797177267,16.08903797177267,16.08903797177267,16.08903797177267,16.08903797177267,16.08903797177267,16.08903797177267,16.08903797177267,37.45610764615031,16.08903797177267,16.08903797177267,17.269916039170543,18.562635280892327,16.08903797177267,32.12030955196861,22.665266063169998,42.418863728298994,25.32894698868383,17.838784213679535,36.77716682943372,
16.08903797177267,16.08903797177267,16.08903797177267,16.08903797177267,16.08903797177267,16.08903797177267,16.08903797177267,16.08903797177267,16.08903797177267,16.08903797177267,16.08903797177267,16.08903797177267,42.883096903092245,38.35035853808932,65.84999789082929,35.745129538362086,37.45610764615031,36.43295211755424,34.23773097362356,61.443958205831755,36.43295211755424,57.62136949276911,20.042811322623525,42.418863728298994,
16.08903797177267,16.08903797177267,16.08903797177267,16.08903797177267,16.08903797177267,16.08903797177267,16.08903797177267,16.08903797177267,16.08903797177267,16.08903797177267,16.08903797177267,16.08903797177267,59.36796741977576,36.118631695505236,59.69723611692588,37.45610764615031,37.45610764615031,17.64227876437735,16.08903797177267,55.11805511808268,35.97066706205056,36.50875085358151,17.64227876437735,16.08903797177267,
16.08903797177267,16.08903797177267,16.08903797177267,16.08903797177267,16.08903797177267,16.08903797177267,16.08903797177267,16.08903797177267,16.08903797177267,16.08903797177267,16.08903797177267,16.08903797177267,22.59557478799776,65.40259933672361,46.04345773288535,18.310760514442972,20.042811322623525,36.350515814772145,45.51219616762082,27.619549347750763,95.0,45.3596737201669,18.310760514442972,18.100828710310477,
16.08903797177267,16.08903797177267,16.08903797177267,16.08903797177267,16.08903797177267,16.08903797177267,16.08903797177267,16.08903797177267,16.08903797177267,16.08903797177267,16.08903797177267,16.08903797177267,26.334388164527386,46.04345773288535,30.652170486860395,20.112185361118765,36.77732220501417,53.45224838248488,17.269916039170543,26.493185706684823,30.307943324670326,65.40259933672361,16.08903797177267,30.566087650952557,
16.08903797177267,16.08903797177267,16.08903797177267,16.08903797177267,16.08903797177267,16.08903797177267,16.08903797177267,16.08903797177267,16.08903797177267,16.08903797177267,16.08903797177267,16.08903797177267,25.603819159562025,16.8046142987096,17.11724276862369,18.310760514442972,16.08903797177267,16.08903797177267,16.08903797177267,59.69723611692588,17.11724276862369,16.08903797177267,30.432876958973168,17.549928774784245,
16.08903797177267,16.08903797177267,16.08903797177267,16.08903797177267,16.08903797177267,16.08903797177267,16.08903797177267,16.08903797177267,16.08903797177267,16.08903797177267,16.08903797177267,16.08903797177267,17.838784213679535,16.08903797177267,36.118631695505236,35.74113276644392,59.69723611692588,46.04345773288535,34.011027623404736,26.403462976338105,25.603819159562025,22.59557478799776,81.81415253827149,30.738528638455403,
16.08903797177267,16.08903797177267,16.08903797177267,16.08903797177267,16.08903797177267,16.08903797177267,16.08903797177267,16.08903797177267,16.08903797177267,16.08903797177267,16.08903797177267,16.08903797177267,20.853228595523113,38.33478258130018,34.45609122088898,17.930421077041107,25.368396787253932,37.48813145516858,16.08903797177267,57.586649687425144,38.68103181434309,18.310760514442972,21.702534414210707,17.628102563804195,
16.08903797177267,16.08903797177267,16.08903797177267,16.08903797177267,16.08903797177267,16.08903797177267,16.08903797177267,16.08903797177267,16.08903797177267,16.08903797177267,16.08903797177267,16.08903797177267,17.11724276862369,16.08903797177267,28.92049553047795,18.20549367636044,30.432876958973168,59.69723611692588,45.3596737201669,23.451025932439514,17.80622723642102,34.56234302757201,21.82109071517737,41.79579989531112,
16.08903797177267,16.08903797177267,16.08903797177267,16.08903797177267,16.08903797177267,16.08903797177267,16.08903797177267,16.08903797177267,16.08903797177267,16.08903797177267,16.08903797177267,16.08903797177267,46.04345773288535,23.652242418607404,21.447610589527216,22.395436042987768,16.08903797177267,46.04345773288535,42.935998882057,17.240939649566666,32.77956680616753,38.8329756778952,62.104428183503956,20.606243809841164,
16.08903797177267,16.08903797177267,16.08903797177267,16.08903797177267,16.08903797177267,16.08903797177267,16.08903797177267,16.08903797177267,16.08903797177267,16.08903797177267,16.08903797177267,16.08903797177267,35.32299938728711,42.77849927241488,25.249862485874168,36.77716682943372,81.81415253827149,37.45610764615031,36.118631695505236,34.14023367751831,63.09484923510001,19.86382210380038,22.395436042987768,65.40259933672361,
16.08903797177267,16.08903797177267,16.08903797177267,16.08903797177267,16.08903797177267,16.08903797177267,16.08903797177267,16.08903797177267,16.08903797177267,16.08903797177267,16.08903797177267,16.08903797177267,28.819636163064732,16.08903797177267,17.628102563804195,22.395436042987768,16.08903797177267,38.95330537964654,81.81415253827149,41.47891030391228,45.16082373030855,37.182731953899726,45.16082373030855,16.08903797177267,
16.08903797177267,16.08903797177267,16.08903797177267,16.08903797177267,16.08903797177267,16.08903797177267,16.08903797177267,16.08903797177267,16.08903797177267,16.08903797177267,16.08903797177267,16.08903797177267,17.848124706970076,55.017815296501915,23.96872962841377,39.78642984737384,16.08903797177267,37.366057086910075,63.54132513569417,62.065771565332206,30.351642825755285,41.14073407220634,20.042811322623525,29.63376452629669,
16.08903797177267,16.08903797177267,16.08903797177267,16.08903797177267,16.08903797177267,16.08903797177267,16.08903797177267,16.08903797177267,16.08903797177267,16.08903797177267,16.08903797177267,16.08903797177267,22.59557478799776,16.08903797177267,30.668736990157072,46.04345773288535,17.79438113562818,16.08903797177267,20.057061456896278,42.655597522482324,66.2268827591938,16.08903797177267,23.806511714234826,16.08903797177267,
16.08903797177267,16.08903797177267,16.08903797177267,16.08903797177267,16.08903797177267,16.08903797177267,16.08903797177267,16.08903797177267,16.08903797177267,16.08903797177267,16.08903797177267,16.08903797177267,33.56337289367682,34.45609122088898,36.61283927804562,18.310760514442972,63.10435801115482,35.696249413940144,45.51219616762082,17.81870289441704,26.23398982660133,29.368350311176826,66.2268827591938,16.449055552566797,
16.08903797177267,16.08903797177267,16.08903797177267,16.08903797177267,16.08903797177267,16.08903797177267,16.08903797177267,16.08903797177267,16.08903797177267,16.08903797177267,16.08903797177267,16.08903797177267,37.48813145516858,16.08903797177267,31.783014331557666,36.43295211755424,30.195363882556542,22.395436042987768,88.16776936928571,38.704004960727254,30.334139183434893,16.08903797177267,37.45610764615031,17.09532099727876,
16.08903797177267,16.08903797177267,16.08903797177267,16.08903797177267,16.08903797177267,16.08903797177267,16.08903797177267,16.08903797177267,16.08903797177267,16.08903797177267,16.08903797177267,16.08903797177267,30.261526729495984,66.04922406811453,20.057061456896278,22.59557478799776,27.530902950756094,23.207141757903504,45.50340646589,25.388411304597785,22.395436042987768,16.08903797177267,17.64227876437735,29.63376452629669,
16.08903797177267,16.08903797177267,16.08903797177267,16.08903797177267,16.08903797177267,16.08903797177267,16.08903797177267,16.08903797177267,16.08903797177267,16.08903797177267,16.08903797177267,16.08903797177267,59.69723611692588,22.59557478799776,37.182731953899726,95.0,25.603819159562025,16.08903797177267,16.08903797177267,46.04345773288535,16.08903797177267,45.3596737201669,37.1012129181783,17.838784213679535,
16.08903797177267,16.08903797177267,16.08903797177267,16.08903797177267,16.08903797177267,16.08903797177267,16.08903797177267,16.08903797177267,16.08903797177267,16.08903797177267,16.08903797177267,16.08903797177267,18.310760514442972,31.783014331557666,30.195363882556542,46.04345773288535,64.42794424781844,95.0,16.08903797177267,81.81415253827149,16.08903797177267,17.628102563804195,44.81319250201019,45.50340646589,
16.08903797177267,16.08903797177267,16.08903797177267,16.08903797177267,16.08903797177267,16.08903797177267,16.08903797177267,16.08903797177267,16.08903797177267,16.08903797177267,16.08903797177267,16.08903797177267,31.783014331557666,16.08903797177267,33.56337289367682,16.08903797177267,24.796953217863056,16.08903797177267,42.7609635064506,16.08903797177267,31.783014331557666,33.00545409474016,22.749847374335406,39.26525181378568,
16.08903797177267,16.08903797177267,16.08903797177267,16.08903797177267,16.08903797177267,16.08903797177267,16.08903797177267,16.08903797177267,16.08903797177267,16.08903797177267,16.08903797177267,16.08903797177267,17.838784213679535,16.08903797177267,30.711923128033227,29.63376452629669,23.37275581282007,88.16776936928571,45.16082373030855,21.418449990603897,25.603819159562025,19.588626437662384,23.553131426627754,81.81415253827149,
16.08903797177267,16.08903797177267,16.08903797177267,16.08903797177267,16.08903797177267,16.08903797177267,16.08903797177267,16.08903797177267,16.08903797177267,16.08903797177267,16.08903797177267,16.08903797177267,24.567367696917707,36.50875085358151,30.432876958973168,88.16776936928571,17.549928774784245,33.56337289367682,31.536574886242096,35.97066706205056,33.00545409474016,17.79200819344336,31.078753013737355,41.208736937693196,
16.08903797177267,16.08903797177267,16.08903797177267,16.08903797177267,16.08903797177267,16.08903797177267,16.08903797177267,16.08903797177267,16.08903797177267,16.08903797177267,16.08903797177267,16.08903797177267,88.16776936928571,68.75681784376005,39.8138525785041,20.042811322623525,16.449055552566797,20.853228595523113,35.95676416043147,72.84229540589725,16.08903797177267,41.37095062426721,36.93995127230137,25.603819159562025,
16.08903797177267,16.08903797177267,16.08903797177267,16.08903797177267,16.08903797177267,16.08903797177267,16.08903797177267,16.08903797177267,16.08903797177267,16.08903797177267,16.08903797177267,16.08903797177267,22.59557478799776,22.59557478799776,16.449055552566797,16.08903797177267,16.08903797177267,37.15582801601326,45.16082373030855,17.96155015444428,63.215680192672316,67.17514421272202,88.16776936928571,17.269916039170543,
16.08903797177267,16.08903797177267,16.08903797177267,16.08903797177267,16.08903797177267,16.08903797177267,16.08903797177267,16.08903797177267,16.08903797177267,16.08903797177267,16.08903797177267,16.08903797177267,17.838784213679535,35.02652056452572,17.838784213679535,29.021065146238552,16.08903797177267,16.08903797177267,29.63376452629669,42.897811391983886,33.56337289367682,16.08903797177267,45.16082373030855,37.21409529854097,
16.08903797177267,16.08903797177267,16.08903797177267,16.08903797177267,16.08903797177267,16.08903797177267,16.08903797177267,16.08903797177267,16.08903797177267,16.08903797177267,16.08903797177267,16.08903797177267,23.4936292914473,84.0,41.208736937693196,61.87212619588889,16.08903797177267,16.08903797177267,35.185224171518364,28.09359357576029,90.27488884266519,17.64227876437735,40.01943972066021,16.08903797177267,
16.08903797177267,16.08903797177267,16.08903797177267,16.08903797177267,16.08903797177267,16.08903797177267,16.08903797177267,16.08903797177267,16.08903797177267,16.08903797177267,16.08903797177267,16.08903797177267,30.432876958973168,18.562635280892327,16.08903797177267,26.342942456831782,17.838784213679535,17.838784213679535,17.838784213679535,42.7609635064506,37.45610764615031,18.23293722909175,17.09532099727876,30.195363882556542,
16.08903797177267,16.08903797177267,16.08903797177267,16.08903797177267,16.08903797177267,16.08903797177267,16.08903797177267,16.08903797177267,16.08903797177267,16.08903797177267,16.08903797177267,16.08903797177267,57.50217387195027,16.08903797177267,41.033644732097585,34.45609122088898,41.10420362390634,16.08903797177267,41.033644732097585,58.16260730820868,22.59557478799776,16.08903797177267,33.56337289367682,16.08903797177267,
16.08903797177267,16.08903797177267,16.08903797177267,16.08903797177267,16.08903797177267,16.08903797177267,16.08903797177267,16.08903797177267,16.08903797177267,16.08903797177267,16.08903797177267,16.08903797177267,36.17955223603521,34.45609122088898,17.984437717093076,37.366057086910075,34.225136961011565,24.88832198900865,42.62041764225217,16.08903797177267,88.16776936928571,17.81870289441704,17.5,76.26270385975047,
16.08903797177267,16.08903797177267,16.08903797177267,16.08903797177267,16.08903797177267,16.08903797177267,16.08903797177267,16.08903797177267,16.08903797177267,16.08903797177267,16.08903797177267,16.08903797177267,16.08903797177267,25.603819159562025,41.298372311212894,30.317368902047836,22.395436042987768,25.603819159562025,16.08903797177267,36.43295211755424,35.602746460849836,16.08903797177267,16.08903797177267,19.275776393067947,
16.08903797177267,16.08903797177267,16.08903797177267,16.08903797177267,16.08903797177267,16.08903797177267,16.08903797177267,16.08903797177267,16.08903797177267,16.08903797177267,16.08903797177267,16.08903797177267,67.10812171414128,17.71237971199038,20.057061456896278,40.18153251875239,40.069384267237695,35.696249413940144,22.59557478799776,30.472282487532826,36.118631695505236,88.16776936928571,36.93995127230137,16.08903797177267,
16.08903797177267,16.08903797177267,16.08903797177267,16.08903797177267,16.08903797177267,16.08903797177267,16.08903797177267,16.08903797177267,16.08903797177267,16.08903797177267,16.08903797177267,16.08903797177267,16.08903797177267,30.432876958973168,90.27488884266519,19.507833184532707,42.57417057324781,17.11724276862369,34.011027623404736,17.240939649566666,17.74823934929885,40.83331972788889,31.35637450698378,88.16776936928571,
16.08903797177267,16.08903797177267,16.08903797177267,16.08903797177267,16.08903797177267,16.08903797177267,16.08903797177267,16.08903797177267,16.08903797177267,16.08903797177267,16.08903797177267,16.08903797177267,25.30928683309745,24.10522201505437,41.10960958218893,16.08903797177267,19.507833184532707,17.64227876437735,88.16776936928571,63.215680192672316,81.83859453555856,90.27488884266519,57.50217387195027,16.08903797177267,
16.08903797177267,16.08903797177267,16.08903797177267,16.08903797177267,16.08903797177267,16.08903797177267,16.08903797177267,16.08903797177267,16.08903797177267,16.08903797177267,16.08903797177267,16.08903797177267,37.45610764615031,41.033644732097585,41.033644732097585,88.16776936928571,37.45610764615031,81.81415253827149,17.82652865722719,16.08903797177267,21.152507450148114,18.213412504572787,69.05231511124173,45.16082373030855,
16.08903797177267,16.08903797177267,16.08903797177267,16.08903797177267,16.08903797177267,16.08903797177267,16.08903797177267,16.08903797177267,16.08903797177267,16.08903797177267,16.08903797177267,16.08903797177267,31.783014331557666,37.806877681183884,71.03872183534835,20.42057785666214,31.783014331557666,36.93995127230137,45.94717463721635,22.395436042987768,30.18514298695398,90.27488884266519,42.51305681787655,26.543764400917752,
16.08903797177267,16.08903797177267,16.08903797177267,16.08903797177267,16.08903797177267,16.08903797177267,16.08903797177267,16.08903797177267,16.08903797177267,16.08903797177267,16.08903797177267,16.08903797177267,44.58948555682407,19.42292459955503,42.897811391983886,30.303229436575144,26.468010041473754,17.628102563804195,36.43295211755424,72.96726815649755,40.73696110413736,95.0,33.56337289367682,26.9918506219933,
16.08903797177267,16.08903797177267,16.08903797177267,16.08903797177267,16.08903797177267,16.08903797177267,16.08903797177267,16.08903797177267,16.08903797177267,16.08903797177267,16.08903797177267,16.08903797177267,23.188667182791807,88.16776936928571,37.45610764615031,16.142225019229183,41.37825515896,17.628102563804195,31.028212968200407,37.366057086910075,20.873770280289225,35.53670135025398,36.93995127230137,35.95676416043147,
16.08903797177267,16.08903797177267,16.08903797177267,16.08903797177267,16.08903797177267,16.08903797177267,16.08903797177267,16.08903797177267,16.08903797177267,16.08903797177267,16.08903797177267,16.08903797177267,59.69723611692588,25.249862485874168,16.08903797177267,30.351642825755285,16.08903797177267,24.553149347021513,16.08903797177267,16.08903797177267,36.93995127230137,33.00545409474016,18.562635280892327,33.00545409474016,
16.08903797177267,16.08903797177267,16.08903797177267,16.08903797177267,16.08903797177267,16.08903797177267,16.08903797177267,16.08903797177267,16.08903797177267,16.08903797177267,16.08903797177267,16.08903797177267,81.81415253827149,37.45610764615031,26.213409872484295,58.16260730820868,17.96155015444428,37.74770044504551,20.057061456896278,36.69544325329176,17.81870289441704,29.089898972361905,65.40259933672361,16.08903797177267,
16.08903797177267,16.08903797177267,16.08903797177267,16.08903797177267,16.08903797177267,16.08903797177267,16.08903797177267,16.08903797177267,16.08903797177267,16.08903797177267,16.08903797177267,16.08903797177267,16.08903797177267,36.58627550811308,37.45610764615031,40.069384267237695,88.16776936928571,37.50333318519835,95.0,16.08903797177267,17.64227876437735,17.838784213679535,31.783014331557666,20.048706124933613,
16.08903797177267,16.08903797177267,16.08903797177267,16.08903797177267,16.08903797177267,16.08903797177267,16.08903797177267,16.08903797177267,16.08903797177267,16.08903797177267,16.08903797177267,16.08903797177267,36.118631695505236,88.16776936928571,22.395436042987768,29.021065146238552,36.118631695505236,17.11724276862369,90.27488884266519,17.64227876437735,16.08903797177267,35.745129538362086,16.08903797177267,63.215680192672316,
16.08903797177267,16.08903797177267,16.08903797177267,16.08903797177267,16.08903797177267,16.08903797177267,16.08903797177267,16.08903797177267,16.08903797177267,16.08903797177267,16.08903797177267,16.08903797177267,27.310966458345792,41.033644732097585,22.59557478799776,17.09532099727876,63.54132513569417,16.08903797177267,16.08903797177267,42.897811391983886,16.142225019229183,17.838784213679535,81.96069518711731,19.507833184532707,
16.08903797177267,16.08903797177267,16.08903797177267,16.08903797177267,16.08903797177267,16.08903797177267,16.08903797177267,16.08903797177267,16.08903797177267,16.08903797177267,16.08903797177267,16.08903797177267,17.11724276862369,76.26270385975047,27.345200675804154,29.41465998821374,16.08903797177267,54.76182194610715,24.142434484888696,16.08903797177267,88.16776936928571,81.81415253827149,16.08903797177267,16.08903797177267,
16.08903797177267,16.08903797177267,16.08903797177267,16.08903797177267,16.08903797177267,16.08903797177267,16.08903797177267,16.08903797177267,16.08903797177267,16.08903797177267,16.08903797177267,16.08903797177267,61.752408859897926,37.45610764615031,26.543465402157942,23.280893453645632,39.392385050920694,16.08903797177267,17.949173783385486,41.033644732097585,37.45610764615031,58.32571378807883,24.553149347021513,22.59557478799776,
16.08903797177267,16.08903797177267,16.08903797177267,16.08903797177267,16.08903797177267,16.08903797177267,16.08903797177267,16.08903797177267,16.08903797177267,16.08903797177267,16.08903797177267,16.08903797177267,16.08903797177267,32.47905307869811,36.118631695505236,88.16776936928571,55.16986755208214,68.90936075744717,41.033644732097585,22.395436042987768,17.81870289441704,57.50217387195027,27.60724542579357,88.16776936928571,
16.08903797177267,16.08903797177267,16.08903797177267,16.08903797177267,16.08903797177267,16.08903797177267,16.08903797177267,16.08903797177267,16.08903797177267,16.08903797177267,16.08903797177267,16.08903797177267,17.838784213679535,17.949173783385486,19.60229578391266,69.05231511124173,42.77849927241488,23.412817002659036,36.118631695505236,95.0,88.16776936928571,63.215680192672316,30.14232904073605,36.118631695505236,
16.08903797177267,16.08903797177267,16.08903797177267,16.08903797177267,16.08903797177267,16.08903797177267,16.08903797177267,16.08903797177267,16.08903797177267,16.08903797177267,16.08903797177267,16.08903797177267,16.08903797177267,16.08903797177267,17.64227876437735,46.22228899567826,41.27347816697788,17.838784213679535,17.64227876437735,61.87212619588889,27.994897494262872,16.08903797177267,17.628102563804195,16.08903797177267,
16.08903797177267,16.08903797177267,16.08903797177267,16.08903797177267,16.08903797177267,16.08903797177267,16.08903797177267,16.08903797177267,16.08903797177267,16.08903797177267,16.08903797177267,16.08903797177267,25.676525283170307,58.506068061355826,23.412817002659036,57.921402684058755,17.949173783385486,55.02871977431421,31.089476604721984,16.08903797177267,41.033644732097585,33.56337289367682,23.724610489050033,42.418863728298994,
16.08903797177267,16.08903797177267,16.08903797177267,16.08903797177267,16.08903797177267,16.08903797177267,16.08903797177267,16.08903797177267,16.08903797177267,16.08903797177267,16.08903797177267,16.08903797177267,17.838784213679535,45.55611923770505,40.152487123741444,25.878838569655432,88.16776936928571,36.61283927804562,42.46127647633782,17.956614380222124,17.628102563804195,19.5228803495503,17.838784213679535,24.376673731709626,
16.08903797177267,16.08903797177267,16.08903797177267,16.08903797177267,16.08903797177267,16.08903797177267,16.08903797177267,16.08903797177267,16.08903797177267,16.08903797177267,16.08903797177267,16.08903797177267,17.64227876437735,17.11724276862369,16.08903797177267,40.83331972788889,22.558565754251507,21.166010488516726,57.50217387195027,45.16082373030855,26.861786157207707,41.033644732097585,17.949173783385486,16.08903797177267,
16.08903797177267,16.08903797177267,16.08903797177267,16.08903797177267,16.08903797177267,16.08903797177267,16.08903797177267,16.08903797177267,16.08903797177267,16.08903797177267,16.08903797177267,16.08903797177267,69.05231511124173,45.51219616762082,42.897811391983886,16.08903797177267,95.0,37.45610764615031,31.783014331557666,32.00270050333523,37.45610764615031,17.838784213679535,16.08903797177267,17.240939649566666,
16.08903797177267,16.08903797177267,16.08903797177267,16.08903797177267,16.08903797177267,16.08903797177267,16.08903797177267,16.08903797177267,16.08903797177267,16.08903797177267,16.08903797177267,16.08903797177267,17.64227876437735,17.11724276862369,18.310760514442972,17.240939649566666,17.838784213679535,55.82615874301222,30.4591529757477,42.62041764225217,17.838784213679535,16.08903797177267,26.082287366826446,30.86357075906804,
16.08903797177267,16.08903797177267,16.08903797177267,16.08903797177267,16.08903797177267,16.08903797177267,16.08903797177267,16.08903797177267,16.08903797177267,16.08903797177267,16.08903797177267,16.08903797177267,41.36289265620683,18.23293722909175,17.81870289441704,25.342651794948374,68.39753081962989,17.628102563804195,16.08903797177267,16.08903797177267,18.23293722909175,26.29502940535666,30.43937508483963,37.45610764615031,
