54.637441374939954,26.26480534860291,50.460281410233925,24.866309202077684,28.855502074994295,36.368484525295614,18.80082642811654,30.40285074352952,11.0,35.05272995860694,71.0,28.99568933479596,24.428340132986783,46.2238033917591,30.884300218719545,43.289721643826724,16.246153390879947,19.0,31.340708351918277,51.189191567491406,16.332482971061076,26.605201271440844,64.3836159282779,34.259122872601395,
11.0,16.246153390879947,16.332482971061076,18.80082642811654,19.0,24.428340132986783,24.866309202077684,26.26480534860291,26.605201271440844,28.855502074994295,28.99568933479596,30.40285074352952,29.837032706186772,28.51899951494325,14.410644214144858,5.887840577551898,28.349015268024154,17.90716802475106,58.37670768380142,50.460281410233925,28.45065904333325,31.496031496047245,51.40038910358559,11.0,
5.887840577551898,11.0,11.0,14.410644214144858,16.246153390879947,16.332482971061076,17.90716802475106,18.80082642811654,19.0,24.428340132986783,24.866309202077684,26.26480534860291,17.281975195754296,28.3563631894736,24.26245384677046,19.0,24.453220646777797,24.16940214403327,53.94673298727181,23.74166520416516,36.175498153676706,11.0,40.386136235099286,11.534296684236972,
5.887840577551898,11.0,11.0,11.0,11.534296684236972,14.410644214144858,16.246153390879947,16.332482971061076,17.281975195754296,17.90716802475106,18.80082642811654,19.0,30.598202561588483,37.49666651850535,23.96351393264352,41.2583324917525,23.54230235129946,13.063945294843617,32.78210894171799,49.10172697407633,58.208676329220886,17.647591903713096,19.0,33.54161594199063,
5.887840577551898,11.0,11.0,11.0,11.534296684236972,13.063945294843617,14.410644214144858,16.246153390879947,16.332482971061076,17.281975195754296,17.647591903713096,17.90716802475106,17.281975195754296,44.08230937689177,24.725155880870265,27.6479323506353,10.154364141151877,26.275619179484735,10.0,74.95331880577403,25.996922894835073,78.0,29.0,58.208676329220886,
5.887840577551898,10.0,10.154364141151877,11.0,11.0,11.0,11.534296684236972,13.063945294843617,14.410644214144858,16.246153390879947,16.332482971061076,17.281975195754296,10.0,54.57716250105594,20.72561266665387,14.410644214144858,29.32575659723036,28.175166370404984,21.086488564955523,19.0,40.00833246545858,24.200981385059574,26.94141792853524,54.507247224566385,
5.887840577551898,10.0,10.0,10.154364141151877,11.0,11.0,11.0,11.534296684236972,13.063945294843617,14.410644214144858,14.410644214144858,16.246153390879947,29.75315109362368,30.63902739970706,49.721725633771,26.874709300753377,6.137317546507322,62.0,10.154364141151877,15.264337522473747,36.76501960650459,17.281975195754296,25.508168626278653,21.87254359386,
5.887840577551898,6.137317546507322,10.0,10.0,10.154364141151877,10.154364141151877,11.0,11.0,11.0,11.534296684236972,13.063945294843617,14.410644214144858,31.991248803383716,11.0,27.803596889611246,15.92691642053372,27.060118255469618,64.3836159282779,26.94141792853524,29.743346594938952,30.614539029683264,25.2475741408952,27.19681353884434,18.47336748193055,
5.887840577551898,6.137317546507322,10.0,10.0,10.154364141151877,10.154364141151877,11.0,11.0,11.0,11.0,11.534296684236972,13.063945294843617,16.608431593621354,35.739800409813895,40.95424275945045,11.534296684236972,34.68486701718777,24.33789911502908,58.208676329220886,10.0,25.987176324743967,21.761227456376705,29.0,11.0,
5.887840577551898,6.137317546507322,10.0,10.0,10.0,10.154364141151877,10.154364141151877,11.0,11.0,11.0,11.0,11.0,39.88282838515844,11.0,29.0,11.0,30.598202561588483,31.42186075542525,28.373226816842667,9.99999999E8,10.154364141151877,31.96873472629156,16.983652270475996,10.0,
5.887840577551898,6.137317546507322,10.0,10.0,10.0,10.0,10.154364141151877,10.154364141151877,10.154364141151877,11.0,11.0,11.0,20.69396047159654,26.981475126464083,58.208676329220886,23.93741840717165,11.0,31.26099806468117,48.68100245475641,21.97157254271983,10.154364141151877,19.693570897475084,53.09111664550546,47.54618807012818,
5.887840577551898,6.137317546507322,10.0,10.0,10.0,10.0,10.154364141151877,10.154364141151877,10.154364141151877,10.154364141151877,11.0,11.0,5.887840577551898,40.258539466801324,44.08230937689177,16.964014199999298,68.0,14.11067365901115,78.0,50.62854925829892,67.23590310739246,30.614539029683264,10.371113729971338,11.626332079944047,
5.887840577551898,5.887840577551898,6.137317546507322,10.0,10.0,10.0,10.0,10.154364141151877,10.154364141151877,10.154364141151877,10.154364141151877,10.371113729971338,30.516639823585578,25.357444666211933,33.380383460949034,16.608431593621354,27.060118255469618,40.258539466801324,10.0,41.08798148147731,14.980259118763804,15.203946855997623,22.791226382097125,31.96873472629156,
5.887840577551898,5.887840577551898,6.137317546507322,10.0,10.0,10.0,10.0,10.0,10.154364141151877,10.154364141151877,10.154364141151877,10.154364141151877,25.53918557824427,27.084147031209294,10.0,40.43562785465313,34.44198019858905,31.512537187602017,19.27865832122834,71.0,19.0,53.434539391670626,19.56256316414136,17.90716802475106,
5.887840577551898,5.887840577551898,6.137317546507322,10.0,10.0,10.0,10.0,10.0,10.0,10.154364141151877,10.154364141151877,10.154364141151877,19.0,29.196029923010187,28.600699292150182,22.420228961066982,21.673716801693242,79.0,17.707371922681336,21.761227456376705,10.0,25.664502073226878,34.44198019858905,18.887826767524103,
5.887840577551898,5.887840577551898,6.137317546507322,10.0,10.0,10.0,10.0,10.0,10.0,10.0,10.154364141151877,10.154364141151877,25.53918557824427,19.503337285943044,49.03825037661927,67.17638473948018,30.614539029683264,37.58510343207798,9.99999999E8,10.575288870469569,19.1253177170414,30.516639823585578,27.419700946582186,7.0,
5.887840577551898,5.887840577551898,6.137317546507322,7.0,10.0,10.0,10.0,10.0,10.0,10.0,10.0,10.154364141151877,5.887840577551898,21.31509637166422,10.0,9.99999999E8,29.0,5.887840577551898,32.57811126098831,62.0,40.116497022214354,10.424330514074594,27.060118255469618,37.49666651850535,
5.887840577551898,5.887840577551898,5.887840577551898,5.887840577551898,6.137317546507322,7.0,10.0,10.0,10.0,10.0,10.0,10.0,38.07011076071796,26.556543449779003,68.0,30.614539029683264,17.962182495454165,18.887826767524103,10.0,9.99999999E8,19.0,31.054146261006757,31.538336460039655,38.52064381601117,
5.887840577551898,5.887840577551898,5.887840577551898,5.887840577551898,6.137317546507322,7.0,10.0,10.0,10.0,10.0,10.0,10.0,23.03620339089466,29.017236257093817,36.48650854935902,27.76040345528141,25.429117169103613,43.0,5.887840577551898,30.15876357558717,10.0,33.72002372478406,15.57776192739723,58.208676329220886,
5.887840577551898,5.887840577551898,5.887840577551898,5.887840577551898,5.887840577551898,6.137317546507322,7.0,10.0,10.0,10.0,10.0,10.0,37.49666651850535,15.57776192739723,35.31288716601915,25.974747351995553,17.90716802475106,31.538336460039655,40.258539466801324,25.53918557824427,9.99999999E8,29.0,15.57776192739723,37.49666651850535,
5.887840577551898,5.887840577551898,5.887840577551898,5.887840577551898,5.887840577551898,6.137317546507322,7.0,10.0,10.0,10.0,10.0,10.0,26.556543449779003,25.2938288477205,27.060118255469618,30.614539029683264,19.0,31.385346899468868,20.72561266665387,37.04375790872194,68.0,26.74766344935572,5.887840577551898,22.055485586231026,
5.887840577551898,5.887840577551898,5.887840577551898,5.887840577551898,5.887840577551898,5.887840577551898,6.137317546507322,7.0,10.0,10.0,10.0,10.0,23.03620339089466,35.61249780624774,23.03620339089466,39.517928420739196,26.552589327596657,33.436506994600975,30.614539029683264,37.467809312713726,5.887840577551898,21.602468994692867,7.0,28.175166370404984,
5.887840577551898,5.887840577551898,5.887840577551898,5.887840577551898,5.887840577551898,5.887840577551898,5.887840577551898,6.137317546507322,7.0,7.0,10.0,10.0,15.239750654128171,32.75728926513914,5.887840577551898,29.0,37.87809393303734,28.30265005260108,28.87623131043727,78.0,71.0,25.366119135571367,49.03825037661927,34.292856398964496,
5.887840577551898,5.887840577551898,5.887840577551898,5.887840577551898,5.887840577551898,5.887840577551898,5.887840577551898,5.887840577551898,6.137317546507322,7.0,7.0,10.0,19.0,5.887840577551898,16.17675801883678,5.887840577551898,30.614539029683264,5.887840577551898,5.887840577551898,21.82292372712694,5.887840577551898,5.887840577551898,29.0,15.57776192739723,
5.887840577551898,5.887840577551898,5.887840577551898,5.887840577551898,5.887840577551898,5.887840577551898,5.887840577551898,5.887840577551898,5.887840577551898,5.887840577551898,5.887840577551898,5.887840577551898,5.887840577551898,39.752358420601915,27.325202042558928,9.99999999E8,5.887840577551898,5.887840577551898,5.887840577551898,5.887840577551898,5.887840577551898,78.0,58.208676329220886,40.31674590043199,
5.887840577551898,5.887840577551898,5.887840577551898,5.887840577551898,5.887840577551898,5.887840577551898,5.887840577551898,5.887840577551898,5.887840577551898,5.887840577551898,5.887840577551898,5.887840577551898,18.741664813991314,19.0,5.887840577551898,5.887840577551898,5.887840577551898,5.887840577551898,67.17638473948018,19.0,19.0,19.0,5.887840577551898,30.614539029683264,
5.887840577551898,5.887840577551898,5.887840577551898,5.887840577551898,5.887840577551898,5.887840577551898,5.887840577551898,5.887840577551898,5.887840577551898,5.887840577551898,5.887840577551898,5.887840577551898,5.887840577551898,19.0,41.2583324917525,19.0,5.887840577551898,67.17638473948018,68.0,15.57776192739723,23.408545448190495,24.11776661854631,5.887840577551898,27.060118255469618,
5.887840577551898,5.887840577551898,5.887840577551898,5.887840577551898,5.887840577551898,5.887840577551898,5.887840577551898,5.887840577551898,5.887840577551898,5.887840577551898,5.887840577551898,5.887840577551898,5.887840577551898,23.942639787625758,49.10172697407633,35.27378630087788,5.887840577551898,5.887840577551898,31.554293992858646,18.741664813991314,45.833257575694965,21.82292372712694,5.887840577551898,5.887840577551898,
5.887840577551898,5.887840577551898,5.887840577551898,5.887840577551898,5.887840577551898,5.887840577551898,5.887840577551898,5.887840577551898,5.887840577551898,5.887840577551898,5.887840577551898,5.887840577551898,43.649169522454834,40.386136235099286,21.82292372712694,5.887840577551898,71.0,5.887840577551898,5.887840577551898,5.887840577551898,32.38312317653544,28.373226816842667,15.57776192739723,5.887840577551898,
5.887840577551898,5.887840577551898,5.887840577551898,5.887840577551898,5.887840577551898,5.887840577551898,5.887840577551898,5.887840577551898,5.887840577551898,5.887840577551898,5.887840577551898,5.887840577551898,16.475436261295176,5.887840577551898,62.71164166245371,19.0,5.887840577551898,5.887840577551898,33.81321240777535,5.887840577551898,52.05125678918169,22.37618996949705,5.887840577551898,15.57776192739723,
5.887840577551898,5.887840577551898,5.887840577551898,5.887840577551898,5.887840577551898,5.887840577551898,5.887840577551898,5.887840577551898,5.887840577551898,5.887840577551898,5.887840577551898,5.887840577551898,39.392385050920694,53.0,19.0,53.0,40.00833246545858,21.7349525710388,29.0,5.887840577551898,24.743686063317245,5.887840577551898,17.851820635442202,22.25109235770485,
5.887840577551898,5.887840577551898,5.887840577551898,5.887840577551898,5.887840577551898,5.887840577551898,5.887840577551898,5.887840577551898,5.887840577551898,5.887840577551898,5.887840577551898,5.887840577551898,23.03620339089466,34.93923296238771,68.0,23.03620339089466,5.887840577551898,26.556543449779003,31.538336460039655,5.887840577551898,23.03620339089466,23.956992716115266,5.887840577551898,62.99735444180705,
5.887840577551898,5.887840577551898,5.887840577551898,5.887840577551898,5.887840577551898,5.887840577551898,5.887840577551898,5.887840577551898,5.887840577551898,5.887840577551898,5.887840577551898,5.887840577551898,19.0,19.0,68.0,61.141229951645556,19.245990836153542,24.19008061168875,5.887840577551898,17.348763409440306,62.0,37.416573867739416,40.00833246545858,5.887840577551898,
5.887840577551898,5.887840577551898,5.887840577551898,5.887840577551898,5.887840577551898,5.887840577551898,5.887840577551898,5.887840577551898,5.887840577551898,5.887840577551898,5.887840577551898,5.887840577551898,62.0,23.0,49.10172697407633,13.294735800308331,48.119019108872116,37.34635189680513,5.887840577551898,23.03620339089466,5.887840577551898,5.887840577551898,23.0,5.887840577551898,
5.887840577551898,5.887840577551898,5.887840577551898,5.887840577551898,5.887840577551898,5.887840577551898,5.887840577551898,5.887840577551898,5.887840577551898,5.887840577551898,5.887840577551898,5.887840577551898,5.887840577551898,5.887840577551898,37.58510343207798,29.72688177390962,36.50941659353104,5.887840577551898,68.0,22.76693508870558,31.496031496047245,5.887840577551898,23.03620339089466,38.79003308411411,
5.887840577551898,5.887840577551898,5.887840577551898,5.887840577551898,5.887840577551898,5.887840577551898,5.887840577551898,5.887840577551898,5.887840577551898,5.887840577551898,5.887840577551898,5.887840577551898,62.0,17.568911937472585,34.292856398964496,5.887840577551898,22.050447211388303,32.769448190256085,5.887840577551898,5.887840577551898,17.7703962321756,19.0,23.144473782453268,44.556144357428416,
5.887840577551898,5.887840577551898,5.887840577551898,5.887840577551898,5.887840577551898,5.887840577551898,5.887840577551898,5.887840577551898,5.887840577551898,5.887840577551898,5.887840577551898,5.887840577551898,56.786148545808835,31.538336460039655,26.556543449779003,24.78406746278746,61.141229951645556,62.99735444180705,16.619934483090546,5.887840577551898,5.887840577551898,25.126347393390336,22.30156945149825,5.887840577551898,
5.887840577551898,5.887840577551898,5.887840577551898,5.887840577551898,5.887840577551898,5.887840577551898,5.887840577551898,5.887840577551898,5.887840577551898,5.887840577551898,5.887840577551898,5.887840577551898,37.49666651850535,19.0,67.23590310739246,37.49666651850535,21.602468994692867,24.421469310123545,19.0,71.0,38.7556447501522,17.327723451163457,40.386136235099286,5.887840577551898,
5.887840577551898,5.887840577551898,5.887840577551898,5.887840577551898,5.887840577551898,5.887840577551898,5.887840577551898,5.887840577551898,5.887840577551898,5.887840577551898,5.887840577551898,5.887840577551898,26.720778431774775,78.0,35.245567097154215,5.887840577551898,5.887840577551898,62.0,41.1150148296756,5.887840577551898,5.887840577551898,24.055491403558285,25.974747351995553,25.638512697372548,
5.887840577551898,5.887840577551898,5.887840577551898,5.887840577551898,5.887840577551898,5.887840577551898,5.887840577551898,5.887840577551898,5.887840577551898,5.887840577551898,5.887840577551898,5.887840577551898,54.44951790420187,5.887840577551898,17.272328544042153,23.13547060251855,19.0,62.0,5.887840577551898,29.0,40.95424275945045,57.154760664940824,42.546915281839176,17.281975195754296,
5.887840577551898,5.887840577551898,5.887840577551898,5.887840577551898,5.887840577551898,5.887840577551898,5.887840577551898,5.887840577551898,5.887840577551898,5.887840577551898,5.887840577551898,5.887840577551898,24.097026095903757,19.0,52.879485625334894,21.383404780343096,5.887840577551898,5.887840577551898,30.614539029683264,5.887840577551898,5.887840577551898,58.208676329220886,19.0,9.99999999E8,
5.887840577551898,5.887840577551898,5.887840577551898,5.887840577551898,5.887840577551898,5.887840577551898,5.887840577551898,5.887840577551898,5.887840577551898,5.887840577551898,5.887840577551898,5.887840577551898,68.0,15.57776192739723,39.42080668885405,39.05124837953327,18.741664813991314,5.887840577551898,25.2938288477205,36.368484525295614,5.887840577551898,5.887840577551898,32.642848459586915,28.99568933479596,
5.887840577551898,5.887840577551898,5.887840577551898,5.887840577551898,5.887840577551898,5.887840577551898,5.887840577551898,5.887840577551898,5.887840577551898,5.887840577551898,5.887840577551898,5.887840577551898,5.887840577551898,19.0,43.289721643826724,53.0,19.0,5.887840577551898,5.887840577551898,38.89267283178157,26.556543449779003,19.0,42.546915281839176,58.208676329220886,
5.887840577551898,5.887840577551898,5.887840577551898,5.887840577551898,5.887840577551898,5.887840577551898,5.887840577551898,5.887840577551898,5.887840577551898,5.887840577551898,5.887840577551898,5.887840577551898,36.285534307765126,5.887840577551898,23.2,40.00833246545858,39.42080668885405,31.87224497897818,5.887840577551898,37.66519171153476,25.664502073226878,19.0,5.887840577551898,56.39739946723312,
5.887840577551898,5.887840577551898,5.887840577551898,5.887840577551898,5.887840577551898,5.887840577551898,5.887840577551898,5.887840577551898,5.887840577551898,5.887840577551898,5.887840577551898,5.887840577551898,53.0,25.429117169103613,5.887840577551898,32.05074102107469,78.0,5.887840577551898,5.887840577551898,15.57776192739723,5.887840577551898,29.43920288775949,36.9735040265323,5.887840577551898,
5.887840577551898,5.887840577551898,5.887840577551898,5.887840577551898,5.887840577551898,5.887840577551898,5.887840577551898,5.887840577551898,5.887840577551898,5.887840577551898,5.887840577551898,5.887840577551898,21.82292372712694,5.887840577551898,5.887840577551898,5.887840577551898,5.887840577551898,34.55198981245508,35.43778681991692,5.887840577551898,5.887840577551898,56.39739946723312,37.49666651850535,29.0,
5.887840577551898,5.887840577551898,5.887840577551898,5.887840577551898,5.887840577551898,5.887840577551898,5.887840577551898,5.887840577551898,5.887840577551898,5.887840577551898,5.887840577551898,5.887840577551898,11.0,9.99999999E8,5.887840577551898,29.518355871107275,74.2473344078201,26.614532371118855,5.887840577551898,39.42080668885405,9.99999999E8,35.48858971556914,38.045236232674384,5.887840577551898,
5.887840577551898,5.887840577551898,5.887840577551898,5.887840577551898,5.887840577551898,5.887840577551898,5.887840577551898,5.887840577551898,5.887840577551898,5.887840577551898,5.887840577551898,5.887840577551898,19.0,68.0,74.95331880577403,20.840665376454115,41.512046444375635,38.045236232674384,31.87224497897818,5.887840577551898,78.0,5.887840577551898,5.887840577551898,19.177533151523367,
5.887840577551898,5.887840577551898,5.887840577551898,5.887840577551898,5.887840577551898,5.887840577551898,5.887840577551898,5.887840577551898,5.887840577551898,5.887840577551898,5.887840577551898,5.887840577551898,5.887840577551898,5.887840577551898,26.73275144836386,36.615115275889366,20.677306894471613,5.887840577551898,15.107944929738128,5.887840577551898,62.0,5.887840577551898,44.45222154178574,27.694396397768532,
5.887840577551898,5.887840577551898,5.887840577551898,5.887840577551898,5.887840577551898,5.887840577551898,5.887840577551898,5.887840577551898,5.887840577551898,5.887840577551898,5.887840577551898,5.887840577551898,28.96981187374195,19.0,19.0,26.556543449779003,19.0,26.405491853021786,19.0,58.208676329220886,19.14575671003891,28.231896854444617,5.887840577551898,5.887840577551898,
5.887840577551898,5.887840577551898,5.887840577551898,5.887840577551898,5.887840577551898,5.887840577551898,5.887840577551898,5.887840577551898,5.887840577551898,5.887840577551898,5.887840577551898,5.887840577551898,5.887840577551898,38.353617821530214,17.568911937472585,23.76446927663229,22.994564575133836,37.49666651850535,26.50837372512732,13.82931668593933,39.752358420601915,21.188145270410054,15.57776192739723,41.96062294045478,
5.887840577551898,5.887840577551898,5.887840577551898,5.887840577551898,5.887840577551898,5.887840577551898,5.887840577551898,5.887840577551898,5.887840577551898,5.887840577551898,5.887840577551898,5.887840577551898,23.03620339089466,30.614539029683264,5.887840577551898,29.0,35.809682117177935,38.79003308411411,5.887840577551898,38.777141032658236,5.887840577551898,40.95424275945045,19.0,38.7556447501522,
5.887840577551898,5.887840577551898,5.887840577551898,5.887840577551898,5.887840577551898,5.887840577551898,5.887840577551898,5.887840577551898,5.887840577551898,5.887840577551898,5.887840577551898,5.887840577551898,29.336666477294244,78.0,5.887840577551898,19.0,5.887840577551898,5.887840577551898,19.0,21.166010488516726,5.887840577551898,53.94673298727181,31.87224497897818,23.13547060251855,
5.887840577551898,5.887840577551898,5.887840577551898,5.887840577551898,5.887840577551898,5.887840577551898,5.887840577551898,5.887840577551898,5.887840577551898,5.887840577551898,5.887840577551898,5.887840577551898,24.14456460572441,5.887840577551898,42.551929059287865,9.99999999E8,19.0,35.5,65.0,19.0,26.17211477578254,62.659795722616266,24.520711778462896,78.0,
5.887840577551898,5.887840577551898,5.887840577551898,5.887840577551898,5.887840577551898,5.887840577551898,5.887840577551898,5.887840577551898,5.887840577551898,5.887840577551898,5.887840577551898,5.887840577551898,41.36725758374611,5.887840577551898,41.36725758374611,26.380627361759235,27.325699946223164,35.48858971556914,5.887840577551898,5.887840577551898,5.887840577551898,40.00833246545858,5.887840577551898,5.887840577551898,
5.887840577551898,5.887840577551898,5.887840577551898,5.887840577551898,5.887840577551898,5.887840577551898,5.887840577551898,5.887840577551898,5.887840577551898,5.887840577551898,5.887840577551898,5.887840577551898,18.7040102651811,17.90716802475106,35.2514775104061,5.887840577551898,37.97367509209505,51.421031193273365,5.887840577551898,23.03620339089466,5.887840577551898,19.587410923005283,64.3836159282779,74.95331880577403,
5.887840577551898,5.887840577551898,5.887840577551898,5.887840577551898,5.887840577551898,5.887840577551898,5.887840577551898,5.887840577551898,5.887840577551898,5.887840577551898,5.887840577551898,5.887840577551898,23.2,5.887840577551898,5.887840577551898,41.36725758374611,50.8157455913027,19.0,56.39739946723312,20.49975609611002,5.887840577551898,29.377542443165662,5.887840577551898,7.0,
5.887840577551898,5.887840577551898,5.887840577551898,5.887840577551898,5.887840577551898,5.887840577551898,5.887840577551898,5.887840577551898,5.887840577551898,5.887840577551898,5.887840577551898,5.887840577551898,5.887840577551898,5.887840577551898,26.70167769704246,5.887840577551898,19.0,19.0,43.91184350491334,19.272778730634563,26.614532371118855,5.887840577551898,62.77539326838184,27.521627858831316,
5.887840577551898,5.887840577551898,5.887840577551898,5.887840577551898,5.887840577551898,5.887840577551898,5.887840577551898,5.887840577551898,5.887840577551898,5.887840577551898,5.887840577551898,5.887840577551898,18.741664813991314,37.49666651850535,35.316426772820606,5.887840577551898,5.887840577551898,5.887840577551898,31.06871909368729,5.887840577551898,5.887840577551898,5.887840577551898,48.49164876553487,20.69396047159654,
5.887840577551898,5.887840577551898,5.887840577551898,5.887840577551898,5.887840577551898,5.887840577551898,5.887840577551898,5.887840577551898,5.887840577551898,5.887840577551898,5.887840577551898,5.887840577551898,43.0,5.887840577551898,5.887840577551898,18.07392228230128,5.887840577551898,71.0,16.73320053068151,25.89671793876591,38.79003308411411,43.289721643826724,29.24358904101889,42.546915281839176,
5.887840577551898,5.887840577551898,5.887840577551898,5.887840577551898,5.887840577551898,5.887840577551898,5.887840577551898,5.887840577551898,5.887840577551898,5.887840577551898,5.887840577551898,5.887840577551898,15.532224567009067,5.887840577551898,19.0,30.614539029683264,5.887840577551898,9.99999999E8,23.155722834755128,59.81839182057638,5.887840577551898,5.887840577551898,32.36417772785213,19.0,
5.887840577551898,5.887840577551898,5.887840577551898,5.887840577551898,5.887840577551898,5.887840577551898,5.887840577551898,5.887840577551898,5.887840577551898,5.887840577551898,5.887840577551898,5.887840577551898,5.887840577551898,33.436506994600975,5.887840577551898,23.03620339089466,5.887840577551898,17.281975195754296,29.0,5.887840577551898,22.420228961066982,5.887840577551898,67.27555276621665,25.04495957273639,
5.887840577551898,5.887840577551898,5.887840577551898,5.887840577551898,5.887840577551898,5.887840577551898,5.887840577551898,5.887840577551898,5.887840577551898,5.887840577551898,5.887840577551898,5.887840577551898,9.99999999E8,5.887840577551898,31.496031496047245,5.887840577551898,36.615115275889366,5.887840577551898,49.756071656298055,30.18691769624716,15.982490419205638,5.887840577551898,51.421031193273365,5.887840577551898,
5.887840577551898,5.887840577551898,5.887840577551898,5.887840577551898,5.887840577551898,5.887840577551898,5.887840577551898,5.887840577551898,5.887840577551898,5.887840577551898,5.887840577551898,5.887840577551898,9.99999999E8,5.887840577551898,20.657778236124344,33.436506994600975,32.85652173325965,50.61067081159861,5.887840577551898,53.94673298727181,53.0,17.281975195754296,5.887840577551898,33.436506994600975,
5.887840577551898,5.887840577551898,5.887840577551898,5.887840577551898,5.887840577551898,5.887840577551898,5.887840577551898,5.887840577551898,5.887840577551898,5.887840577551898,5.887840577551898,5.887840577551898,5.887840577551898,19.595917942265423,19.0,5.887840577551898,5.887840577551898,26.556543449779003,9.99999999E8,18.2208671582886,17.48818843373657,27.060118255469618,31.538336460039655,23.26171614512844,
5.887840577551898,5.887840577551898,5.887840577551898,5.887840577551898,5.887840577551898,5.887840577551898,5.887840577551898,5.887840577551898,5.887840577551898,5.887840577551898,5.887840577551898,5.887840577551898,5.887840577551898,17.281975195754296,5.887840577551898,37.714826835944855,40.00833246545858,5.887840577551898,68.0,5.887840577551898,5.887840577551898,23.251666606933792,5.887840577551898,40.12792045446661,
5.887840577551898,5.887840577551898,5.887840577551898,5.887840577551898,5.887840577551898,5.887840577551898,5.887840577551898,5.887840577551898,5.887840577551898,5.887840577551898,5.887840577551898,5.887840577551898,58.208676329220886,30.695928068719475,32.01171660501823,9.99999999E8,5.887840577551898,5.887840577551898,19.0,5.887840577551898,33.52252973747655,19.0,5.887840577551898,15.580436450882884,
5.887840577551898,5.887840577551898,5.887840577551898,5.887840577551898,5.887840577551898,5.887840577551898,5.887840577551898,5.887840577551898,5.887840577551898,5.887840577551898,5.887840577551898,5.887840577551898,29.0,53.0,56.57443474456167,16.30950643030009,5.887840577551898,19.0,5.887840577551898,5.887840577551898,5.887840577551898,18.887826767524103,17.327723451163457,34.82872377793937,
5.887840577551898,5.887840577551898,5.887840577551898,5.887840577551898,5.887840577551898,5.887840577551898,5.887840577551898,5.887840577551898,5.887840577551898,5.887840577551898,5.887840577551898,5.887840577551898,22.68672519338126,5.887840577551898,5.887840577551898,5.887840577551898,68.41600689897065,5.887840577551898,35.245567097154215,39.37308725512898,42.26866451640033,5.887840577551898,60.94806532341011,19.0,
5.887840577551898,5.887840577551898,5.887840577551898,5.887840577551898,5.887840577551898,5.887840577551898,5.887840577551898,5.887840577551898,5.887840577551898,5.887840577551898,5.887840577551898,5.887840577551898,26.650515942472857,19.0,9.99999999E8,39.080046059338265,38.52064381601117,51.189191567491406,49.73932046178355,5.887840577551898,5.887840577551898,5.887840577551898,19.0,20.840665376454115,
5.887840577551898,5.887840577551898,5.887840577551898,5.887840577551898,5.887840577551898,5.887840577551898,5.887840577551898,5.887840577551898,5.887840577551898,5.887840577551898,5.887840577551898,5.887840577551898,37.34635189680513,17.281975195754296,5.887840577551898,26.751946969644408,39.080046059338265,5.887840577551898,26.539279065817393,43.0,59.40258131316068,31.756014303505477,40.95424275945045,5.887840577551898,
5.887840577551898,5.887840577551898,5.887840577551898,5.887840577551898,5.887840577551898,5.887840577551898,5.887840577551898,5.887840577551898,5.887840577551898,5.887840577551898,5.887840577551898,5.887840577551898,19.0,27.030353308826726,11.0,5.887840577551898,35.16034698349833,33.436506994600975,30.40970239906994,16.28223298909308,5.887840577551898,5.887840577551898,25.626039053100275,7.0,
5.887840577551898,5.887840577551898,5.887840577551898,5.887840577551898,5.887840577551898,5.887840577551898,5.887840577551898,5.887840577551898,5.887840577551898,5.887840577551898,5.887840577551898,5.887840577551898,9.99999999E8,5.887840577551898,18.887826767524103,27.64507189355817,42.29263135188761,19.0,16.25417937354692,5.887840577551898,74.95331880577403,37.050641020095725,5.887840577551898,23.03620339089466,
5.887840577551898,5.887840577551898,5.887840577551898,5.887840577551898,5.887840577551898,5.887840577551898,5.887840577551898,5.887840577551898,5.887840577551898,5.887840577551898,5.887840577551898,5.887840577551898,19.0,5.887840577551898,5.887840577551898,31.87224497897818,26.019223662515376,54.49623840229708,35.245567097154215,39.42080668885405,71.0,19.0,9.99999999E8,5.887840577551898,
5.887840577551898,5.887840577551898,5.887840577551898,5.887840577551898,5.887840577551898,5.887840577551898,5.887840577551898,5.887840577551898,5.887840577551898,5.887840577551898,5.887840577551898,5.887840577551898,5.887840577551898,5.887840577551898,58.208676329220886,9.99999999E8,5.887840577551898,18.2208671582886,31.87224497897818,5.887840577551898,31.538336460039655,28.36664708185771,5.887840577551898,62.77539326838184,
5.887840577551898,5.887840577551898,5.887840577551898,5.887840577551898,5.887840577551898,5.887840577551898,5.887840577551898,5.887840577551898,5.887840577551898,5.887840577551898,5.887840577551898,5.887840577551898,5.887840577551898,43.99147644714826,5.887840577551898,34.18576701884378,12.32220494448447,47.13013897709193,27.91845267918693,20.54263858417414,53.0,65.23802572120036,25.90849281606323,5.887840577551898,
5.887840577551898,5.887840577551898,5.887840577551898,5.887840577551898,5.887840577551898,5.887840577551898,5.887840577551898,5.887840577551898,5.887840577551898,5.887840577551898,5.887840577551898,5.887840577551898,5.887840577551898,34.215006454283575,36.43144246389374,5.887840577551898,25.21936813097465,27.04191757480318,37.63899410918177,5.887840577551898,27.084147031209298,78.0,5.887840577551898,5.887840577551898,
5.887840577551898,5.887840577551898,5.887840577551898,5.887840577551898,5.887840577551898,5.887840577551898,5.887840577551898,5.887840577551898,5.887840577551898,5.887840577551898,5.887840577551898,5.887840577551898,32.78210894171799,46.45786621588785,5.887840577551898,59.67132197854063,5.887840577551898,31.538336460039655,5.887840577551898,5.887840577551898,38.777141032658236,5.887840577551898,19.0,5.887840577551898,
5.887840577551898,5.887840577551898,5.887840577551898,5.887840577551898,5.887840577551898,5.887840577551898,5.887840577551898,5.887840577551898,5.887840577551898,5.887840577551898,5.887840577551898,5.887840577551898,5.887840577551898,5.887840577551898,5.887840577551898,26.405491853021786,49.843087116804206,5.887840577551898,5.887840577551898,5.887840577551898,5.887840577551898,34.21957907158904,50.56322774507181,9.99999999E8,
5.887840577551898,5.887840577551898,5.887840577551898,5.887840577551898,5.887840577551898,5.887840577551898,5.887840577551898,5.887840577551898,5.887840577551898,5.887840577551898,5.887840577551898,5.887840577551898,19.0,5.887840577551898,20.216020874544032,5.887840577551898,28.705400188814647,24.30920607506547,5.887840577551898,78.0,67.27555276621665,18.887826767524103,18.887826767524103,5.887840577551898,
5.887840577551898,5.887840577551898,5.887840577551898,5.887840577551898,5.887840577551898,5.887840577551898,5.887840577551898,5.887840577551898,5.887840577551898,5.887840577551898,5.887840577551898,5.887840577551898,35.27378630087788,19.0,5.887840577551898,60.94806532341011,5.887840577551898,20.029665498954294,38.79003308411411,78.0,29.785692874264313,9.99999999E8,23.642334910071803,27.86475272534182,
5.887840577551898,5.887840577551898,5.887840577551898,5.887840577551898,5.887840577551898,5.887840577551898,5.887840577551898,5.887840577551898,5.887840577551898,5.887840577551898,5.887840577551898,5.887840577551898,68.0,68.0,15.57776192739723,36.08670115153226,17.327723451163457,5.887840577551898,19.0,17.327723451163457,32.515380975778214,33.879787484575516,5.887840577551898,5.887840577551898,
5.887840577551898,5.887840577551898,5.887840577551898,5.887840577551898,5.887840577551898,5.887840577551898,5.887840577551898,5.887840577551898,5.887840577551898,5.887840577551898,5.887840577551898,5.887840577551898,18.887826767524103,32.844329799829985,5.887840577551898,37.49666651850535,27.846723326093503,30.614539029683264,5.887840577551898,40.31674590043199,9.99999999E8,30.11955344954503,29.870386673091463,5.887840577551898,
5.887840577551898,5.887840577551898,5.887840577551898,5.887840577551898,5.887840577551898,5.887840577551898,5.887840577551898,5.887840577551898,5.887840577551898,5.887840577551898,5.887840577551898,5.887840577551898,62.99735444180705,5.887840577551898,34.215006454283575,39.752358420601915,26.556543449779003,39.080046059338265,35.245567097154215,37.49666651850535,17.327723451163457,67.27555276621665,58.208676329220886,5.887840577551898,
5.887840577551898,5.887840577551898,5.887840577551898,5.887840577551898,5.887840577551898,5.887840577551898,5.887840577551898,5.887840577551898,5.887840577551898,5.887840577551898,5.887840577551898,5.887840577551898,50.460281410233925,17.281975195754296,5.887840577551898,61.09214352107806,5.887840577551898,36.452023263462344,42.26866451640033,13.416407864998739,5.887840577551898,29.0,19.0,32.38312317653544,
5.887840577551898,5.887840577551898,5.887840577551898,5.887840577551898,5.887840577551898,5.887840577551898,5.887840577551898,5.887840577551898,5.887840577551898,5.887840577551898,5.887840577551898,5.887840577551898,9.99999999E8,24.58149710656371,15.580436450882884,5.887840577551898,30.40970239906994,5.887840577551898,40.95424275945045,31.538336460039655,43.74071330008234,21.383404780343096,5.887840577551898,23.636130534981113,
5.887840577551898,5.887840577551898,5.887840577551898,5.887840577551898,5.887840577551898,5.887840577551898,5.887840577551898,5.887840577551898,5.887840577551898,5.887840577551898,5.887840577551898,5.887840577551898,9.99999999E8,58.33558090908155,24.78149408287547,58.33558090908155,19.0,39.661568299803776,25.525586292102197,19.0,79.0,46.59871242856394,23.03620339089466,35.27378630087788,
5.887840577551898,5.887840577551898,5.887840577551898,5.887840577551898,5.887840577551898,5.887840577551898,5.887840577551898,5.887840577551898,5.887840577551898,5.887840577551898,5.887840577551898,5.887840577551898,5.887840577551898,5.887840577551898,19.680785892167346,5.887840577551898,60.94806532341011,7.0,22.818717701725056,18.887826767524103,29.0,25.800516790689805,62.77539326838184,56.39739946723312,
5.887840577551898,5.887840577551898,5.887840577551898,5.887840577551898,5.887840577551898,5.887840577551898,5.887840577551898,5.887840577551898,5.887840577551898,5.887840577551898,5.887840577551898,5.887840577551898,19.0,30.7625313219399,5.887840577551898,5.887840577551898,5.887840577551898,5.887840577551898,33.95094500402996,39.88282838515844,32.01171660501823,40.95424275945045,56.98982365299966,35.245567097154215,
5.887840577551898,5.887840577551898,5.887840577551898,5.887840577551898,5.887840577551898,5.887840577551898,5.887840577551898,5.887840577551898,5.887840577551898,5.887840577551898,5.887840577551898,5.887840577551898,5.887840577551898,5.887840577551898,30.94432129499956,5.887840577551898,58.208676329220886,5.887840577551898,5.887840577551898,17.327723451163457,39.303307748839664,19.415962294893724,79.0,39.88282838515844,
5.887840577551898,5.887840577551898,5.887840577551898,5.887840577551898,5.887840577551898,5.887840577551898,5.887840577551898,5.887840577551898,5.887840577551898,5.887840577551898,5.887840577551898,5.887840577551898,36.05811281806079,78.0,19.0,15.57776192739723,43.597591676605255,36.9735040265323,23.0,5.887840577551898,39.42080668885405,26.157981573508305,5.887840577551898,21.324722780212,
5.887840577551898,5.887840577551898,5.887840577551898,5.887840577551898,5.887840577551898,5.887840577551898,5.887840577551898,5.887840577551898,5.887840577551898,5.887840577551898,5.887840577551898,5.887840577551898,23.0,68.0,32.01171660501823,30.614539029683264,17.90716802475106,24.71113109511582,23.03620339089466,43.159587579123134,41.36725758374611,30.44667469527666,24.779023386727733,26.83207036365252,
5.887840577551898,5.887840577551898,5.887840577551898,5.887840577551898,5.887840577551898,5.887840577551898,5.887840577551898,5.887840577551898,5.887840577551898,5.887840577551898,5.887840577551898,5.887840577551898,15.57776192739723,26.607517734655367,22.395334791160487,5.887840577551898,5.887840577551898,78.0,21.222821755490152,27.73285255993532,19.0,29.0,5.887840577551898,26.27419519858474,
5.887840577551898,5.887840577551898,5.887840577551898,5.887840577551898,5.887840577551898,5.887840577551898,5.887840577551898,5.887840577551898,5.887840577551898,5.887840577551898,5.887840577551898,5.887840577551898,5.887840577551898,67.27555276621665,27.994046986219526,31.538336460039655,17.281975195754296,68.0,24.488092344375595,33.95094500402996,78.0,5.887840577551898,5.887840577551898,29.14515397111499,
5.887840577551898,5.887840577551898,5.887840577551898,5.887840577551898,5.887840577551898,5.887840577551898,5.887840577551898,5.887840577551898,5.887840577551898,5.887840577551898,5.887840577551898,5.887840577551898,5.887840577551898,39.303307748839664,36.175498153676706,10.0,30.11090610836324,19.0,30.315012782448235,19.0,19.0,24.885041814761916,40.95424275945045,54.44951790420187,
5.887840577551898,5.887840577551898,5.887840577551898,5.887840577551898,5.887840577551898,5.887840577551898,5.887840577551898,5.887840577551898,5.887840577551898,5.887840577551898,5.887840577551898,5.887840577551898,58.208676329220886,39.752358420601915,56.39739946723312,5.887840577551898,17.88854381999832,29.81677380267691,30.614539029683264,5.887840577551898,9.99999999E8,37.34635189680513,5.887840577551898,36.9735040265323,
5.887840577551898,5.887840577551898,5.887840577551898,5.887840577551898,5.887840577551898,5.887840577551898,5.887840577551898,5.887840577551898,5.887840577551898,5.887840577551898,5.887840577551898,5.887840577551898,5.887840577551898,15.57776192739723,5.887840577551898,17.012862780849083,5.887840577551898,40.5010287935175,5.887840577551898,5.887840577551898,35.27378630087788,19.0,5.887840577551898,30.40970239906994,
5.887840577551898,5.887840577551898,5.887840577551898,5.887840577551898,5.887840577551898,5.887840577551898,5.887840577551898,5.887840577551898,5.887840577551898,5.887840577551898,5.887840577551898,5.887840577551898,5.887840577551898,39.098433472455135,5.887840577551898,5.887840577551898,68.0,58.37670768380142,41.031098211090615,35.30212458195682,5.887840577551898,5.887840577551898,5.887840577551898,51.189191567491406,
5.887840577551898,5.887840577551898,5.887840577551898,5.887840577551898,5.887840577551898,5.887840577551898,5.887840577551898,5.887840577551898,5.887840577551898,5.887840577551898,5.887840577551898,5.887840577551898,9.99999999E8,62.77539326838184,30.577769702841312,53.80557591922978,47.70744176750625,5.887840577551898,23.03620339089466,30.41447024033133,5.887840577551898,33.436506994600975,29.498940658945703,19.0,
5.887840577551898,5.887840577551898,5.887840577551898,5.887840577551898,5.887840577551898,5.887840577551898,5.887840577551898,5.887840577551898,5.887840577551898,5.887840577551898,5.887840577551898,5.887840577551898,5.887840577551898,34.3487991056456,49.98749843710925,35.04054794092124,22.021807373601284,69.30127463955239,40.95424275945045,5.887840577551898,32.78210894171799,5.887840577551898,25.590796956892312,58.208676329220886,
5.887840577551898,5.887840577551898,5.887840577551898,5.887840577551898,5.887840577551898,5.887840577551898,5.887840577551898,5.887840577551898,5.887840577551898,5.887840577551898,5.887840577551898,5.887840577551898,17.327723451163457,62.0,22.115856553864493,22.651874933800272,19.0,32.0,5.887840577551898,38.31775045589185,5.887840577551898,40.95424275945045,32.01171660501823,19.0,
5.887840577551898,5.887840577551898,5.887840577551898,5.887840577551898,5.887840577551898,5.887840577551898,5.887840577551898,5.887840577551898,5.887840577551898,5.887840577551898,5.887840577551898,5.887840577551898,5.887840577551898,17.747112441183212,5.887840577551898,36.43144246389374,26.805969484426413,67.27555276621665,33.8710791088799,27.945258989674794,43.289721643826724,26.605201271440844,31.538336460039655,5.887840577551898,
5.887840577551898,5.887840577551898,5.887840577551898,5.887840577551898,5.887840577551898,5.887840577551898,5.887840577551898,5.887840577551898,5.887840577551898,5.887840577551898,5.887840577551898,5.887840577551898,5.887840577551898,19.764614845728715,37.49666651850535,33.436506994600975,42.51176307799995,15.57776192739723,38.353617821530214,19.0,23.233118124302166,14.67140075112121,16.237815945091466,29.75315109362368,
5.887840577551898,5.887840577551898,5.887840577551898,5.887840577551898,5.887840577551898,5.887840577551898,5.887840577551898,5.887840577551898,5.887840577551898,5.887840577551898,5.887840577551898,5.887840577551898,43.42625933694957,29.0,18.795353311987753,15.57776192739723,5.887840577551898,62.659795722616266,5.887840577551898,28.246061672381867,7.0,23.03620339089466,71.0,25.23845462457507,
5.887840577551898,5.887840577551898,5.887840577551898,5.887840577551898,5.887840577551898,5.887840577551898,5.887840577551898,5.887840577551898,5.887840577551898,5.887840577551898,5.887840577551898,5.887840577551898,74.2473344078201,14.67140075112121,19.0,5.887840577551898,29.811910371527684,5.887840577551898,27.64507189355817,53.0,32.745228660065884,43.74071330008234,48.31571341981102,26.45160675649024,
5.887840577551898,5.887840577551898,5.887840577551898,5.887840577551898,5.887840577551898,5.887840577551898,5.887840577551898,5.887840577551898,5.887840577551898,5.887840577551898,5.887840577551898,5.887840577551898,62.0,48.702541001471374,32.38312317653544,5.887840577551898,33.739195801520424,5.887840577551898,5.887840577551898,28.929872104798527,5.887840577551898,29.0,5.887840577551898,5.887840577551898,
5.887840577551898,5.887840577551898,5.887840577551898,5.887840577551898,5.887840577551898,5.887840577551898,5.887840577551898,5.887840577551898,5.887840577551898,5.887840577551898,5.887840577551898,5.887840577551898,22.958900476963418,5.887840577551898,18.887826767524103,5.887840577551898,71.0,5.887840577551898,30.414470240331326,68.0,10.983624174196786,5.887840577551898,38.777141032658236,71.0,
5.887840577551898,5.887840577551898,5.887840577551898,5.887840577551898,5.887840577551898,5.887840577551898,5.887840577551898,5.887840577551898,5.887840577551898,5.887840577551898,5.887840577551898,5.887840577551898,29.5993656854263,5.887840577551898,18.887826767524103,67.27555276621665,24.66593122639618,38.777141032658236,29.75315109362368,20.224737328331365,33.436506994600975,28.373226816842667,5.887840577551898,5.887840577551898,
5.887840577551898,5.887840577551898,5.887840577551898,5.887840577551898,5.887840577551898,5.887840577551898,5.887840577551898,5.887840577551898,5.887840577551898,5.887840577551898,5.887840577551898,5.887840577551898,28.224811779709,5.887840577551898,78.0,20.764671864326104,35.5,20.031607676930204,58.208676329220886,67.27555276621665,14.257954137896052,62.77539326838184,18.887826767524103,42.372632677236375,
5.887840577551898,5.887840577551898,5.887840577551898,5.887840577551898,5.887840577551898,5.887840577551898,5.887840577551898,5.887840577551898,5.887840577551898,5.887840577551898,5.887840577551898,5.887840577551898,18.887826767524103,5.887840577551898,5.887840577551898,32.38312317653544,54.44951790420187,69.30127463955239,5.887840577551898,26.462237244798484,5.887840577551898,56.39739946723312,5.887840577551898,31.87224497897818,
5.887840577551898,5.887840577551898,5.887840577551898,5.887840577551898,5.887840577551898,5.887840577551898,5.887840577551898,5.887840577551898,5.887840577551898,5.887840577551898,5.887840577551898,5.887840577551898,5.887840577551898,5.887840577551898,17.327723451163457,23.014488190413157,40.42688874169435,5.887840577551898,5.887840577551898,5.887840577551898,31.87224497897818,30.18691769624716,24.289915602982237,5.887840577551898,
5.887840577551898,5.887840577551898,5.887840577551898,5.887840577551898,5.887840577551898,5.887840577551898,5.887840577551898,5.887840577551898,5.887840577551898,5.887840577551898,5.887840577551898,5.887840577551898,5.887840577551898,5.887840577551898,37.49666651850535,9.99999999E8,5.887840577551898,5.887840577551898,5.887840577551898,7.0,19.0,5.887840577551898,30.614539029683264,14.25711422842817,
5.887840577551898,5.887840577551898,5.887840577551898,5.887840577551898,5.887840577551898,5.887840577551898,5.887840577551898,5.887840577551898,5.887840577551898,5.887840577551898,5.887840577551898,5.887840577551898,22.5867217630182,65.0,41.792822350255314,5.887840577551898,13.063945294843617,45.93299467702928,5.887840577551898,5.887840577551898,30.614539029683264,31.874754901018456,5.887840577551898,5.887840577551898,
5.887840577551898,5.887840577551898,5.887840577551898,5.887840577551898,5.887840577551898,5.887840577551898,5.887840577551898,5.887840577551898,5.887840577551898,5.887840577551898,5.887840577551898,5.887840577551898,17.281975195754296,5.887840577551898,5.887840577551898,19.0,25.232667318379164,5.887840577551898,39.752358420601915,5.887840577551898,21.68405744106573,31.446603773522014,37.115374447904514,5.887840577551898,
5.887840577551898,5.887840577551898,5.887840577551898,5.887840577551898,5.887840577551898,5.887840577551898,5.887840577551898,5.887840577551898,5.887840577551898,5.887840577551898,5.887840577551898,5.887840577551898,19.0,25.743931323712,5.887840577551898,29.0,24.707173946941897,35.316426772820606,19.0,17.281975195754296,5.887840577551898,22.211108331943574,29.54128467077896,19.0,
5.887840577551898,5.887840577551898,5.887840577551898,5.887840577551898,5.887840577551898,5.887840577551898,5.887840577551898,5.887840577551898,5.887840577551898,5.887840577551898,5.887840577551898,5.887840577551898,54.63820397243428,5.887840577551898,29.371187695880916,5.887840577551898,58.208676329220886,17.281975195754296,31.538336460039655,56.39739946723312,23.52530552405218,31.87224497897818,5.887840577551898,5.887840577551898,
5.887840577551898,5.887840577551898,5.887840577551898,5.887840577551898,5.887840577551898,5.887840577551898,5.887840577551898,5.887840577551898,5.887840577551898,5.887840577551898,5.887840577551898,5.887840577551898,5.887840577551898,27.148480620469353,19.0,5.887840577551898,58.34243738480592,61.09214352107806,33.80458548777074,31.538336460039655,24.561148181630273,29.43920288775949,29.0,5.887840577551898,
5.887840577551898,5.887840577551898,5.887840577551898,5.887840577551898,5.887840577551898,5.887840577551898,5.887840577551898,5.887840577551898,5.887840577551898,5.887840577551898,5.887840577551898,5.887840577551898,5.887840577551898,56.39739946723312,32.38312317653544,33.739195801520424,58.208676329220886,32.28634639077804,19.0,18.945332402328305,67.27555276621665,19.0,5.887840577551898,31.83182850736742,
5.887840577551898,5.887840577551898,5.887840577551898,5.887840577551898,5.887840577551898,5.887840577551898,5.887840577551898,5.887840577551898,5.887840577551898,5.887840577551898,5.887840577551898,5.887840577551898,15.121728296285006,5.887840577551898,23.03620339089466,5.887840577551898,68.0,5.887840577551898,23.03620339089466,62.0,43.99147644714826,5.887840577551898,5.887840577551898,19.0,
5.887840577551898,5.887840577551898,5.887840577551898,5.887840577551898,5.887840577551898,5.887840577551898,5.887840577551898,5.887840577551898,5.887840577551898,5.887840577551898,5.887840577551898,5.887840577551898,37.04375790872194,9.99999999E8,5.887840577551898,19.0,34.21957907158904,5.887840577551898,19.0,20.631690833925045,5.887840577551898,5.887840577551898,19.0,19.0,
5.887840577551898,5.887840577551898,5.887840577551898,5.887840577551898,5.887840577551898,5.887840577551898,5.887840577551898,5.887840577551898,5.887840577551898,5.887840577551898,5.887840577551898,5.887840577551898,24.350308006265546,33.879787484575516,31.538336460039655,40.42688874169435,5.887840577551898,62.0,17.045820602130014,22.94195574342635,35.54838252297846,20.127372185934036,5.887840577551898,5.887840577551898,
5.887840577551898,5.887840577551898,5.887840577551898,5.887840577551898,5.887840577551898,5.887840577551898,5.887840577551898,5.887840577551898,5.887840577551898,5.887840577551898,5.887840577551898,5.887840577551898,19.0,5.887840577551898,32.38312317653544,31.164884084494844,58.208676329220886,38.79003308411411,5.887840577551898,5.887840577551898,19.0,5.887840577551898,5.887840577551898,31.361616992881014,
5.887840577551898,5.887840577551898,5.887840577551898,5.887840577551898,5.887840577551898,5.887840577551898,5.887840577551898,5.887840577551898,5.887840577551898,5.887840577551898,5.887840577551898,5.887840577551898,45.335784247472034,29.75315109362368,35.61249780624774,27.463612289718917,30.58866892603643,5.887840577551898,30.149288413439127,23.03620339089466,18.887826767524103,71.0,67.27555276621665,56.41143501099755,
5.887840577551898,5.887840577551898,5.887840577551898,5.887840577551898,5.887840577551898,5.887840577551898,5.887840577551898,5.887840577551898,5.887840577551898,5.887840577551898,5.887840577551898,5.887840577551898,5.887840577551898,27.251911247959594,32.37668914512415,67.23590310739246,78.0,19.0,53.09111664550546,30.4538995860957,53.0,5.887840577551898,29.737742572921256,31.31559781748812,
5.887840577551898,5.887840577551898,5.887840577551898,5.887840577551898,5.887840577551898,5.887840577551898,5.887840577551898,5.887840577551898,5.887840577551898,5.887840577551898,5.887840577551898,5.887840577551898,5.887840577551898,27.060118255469618,36.9735040265323,5.887840577551898,5.887840577551898,30.614539029683264,5.887840577551898,5.887840577551898,21.602468994692867,5.887840577551898,19.0,5.887840577551898,
5.887840577551898,5.887840577551898,5.887840577551898,5.887840577551898,5.887840577551898,5.887840577551898,5.887840577551898,5.887840577551898,5.887840577551898,5.887840577551898,5.887840577551898,5.887840577551898,32.46906219772909,5.887840577551898,32.8062494046485,29.0,5.887840577551898,19.0,46.7829028599124,36.29655631048213,59.81839182057638,50.61067081159861,19.0,18.741664813991314,
5.887840577551898,5.887840577551898,5.887840577551898,5.887840577551898,5.887840577551898,5.887840577551898,5.887840577551898,5.887840577551898,5.887840577551898,5.887840577551898,5.887840577551898,5.887840577551898,57.0,5.887840577551898,5.887840577551898,5.887840577551898,35.2514775104061,20.713280763799826,23.789440935003075,5.887840577551898,5.887840577551898,33.95094500402996,5.887840577551898,37.49666651850535,
5.887840577551898,5.887840577551898,5.887840577551898,5.887840577551898,5.887840577551898,5.887840577551898,5.887840577551898,5.887840577551898,5.887840577551898,5.887840577551898,5.887840577551898,5.887840577551898,43.289721643826724,14.67140075112121,33.95094500402996,5.887840577551898,19.0,9.99999999E8,5.887840577551898,18.887826767524103,5.887840577551898,42.51176307799995,54.49623840229708,5.887840577551898,
5.887840577551898,5.887840577551898,5.887840577551898,5.887840577551898,5.887840577551898,5.887840577551898,5.887840577551898,5.887840577551898,5.887840577551898,5.887840577551898,5.887840577551898,5.887840577551898,28.466354408904092,31.538336460039655,5.887840577551898,5.887840577551898,5.887840577551898,54.938602093609916,5.887840577551898,26.564779313971346,5.887840577551898,5.887840577551898,33.51178897045039,24.78149408287547,
5.887840577551898,5.887840577551898,5.887840577551898,5.887840577551898,5.887840577551898,5.887840577551898,5.887840577551898,5.887840577551898,5.887840577551898,5.887840577551898,5.887840577551898,5.887840577551898,5.887840577551898,71.0,31.538336460039655,15.039531242695032,31.538336460039655,20.840665376454115,33.91809988781801,5.887840577551898,39.42080668885405,5.887840577551898,68.0,19.0,
5.887840577551898,5.887840577551898,5.887840577551898,5.887840577551898,5.887840577551898,5.887840577551898,5.887840577551898,5.887840577551898,5.887840577551898,5.887840577551898,5.887840577551898,5.887840577551898,5.887840577551898,5.887840577551898,23.0,5.887840577551898,5.887840577551898,41.66533331199932,5.887840577551898,20.840665376454115,74.2473344078201,5.887840577551898,16.762445878711574,33.95094500402996,
5.887840577551898,5.887840577551898,5.887840577551898,5.887840577551898,5.887840577551898,5.887840577551898,5.887840577551898,5.887840577551898,5.887840577551898,5.887840577551898,5.887840577551898,5.887840577551898,71.0,19.0,55.91958512006326,5.887840577551898,5.887840577551898,19.0,19.677080576142387,68.0,45.404306187939525,5.887840577551898,59.40258131316068,43.289721643826724,
5.887840577551898,5.887840577551898,5.887840577551898,5.887840577551898,5.887840577551898,5.887840577551898,5.887840577551898,5.887840577551898,5.887840577551898,5.887840577551898,5.887840577551898,5.887840577551898,43.508385304866636,43.0,18.887826767524103,17.281975195754296,27.060118255469618,42.546915281839176,5.887840577551898,26.507357469200887,23.54230235129946,60.94806532341011,36.615115275889366,5.887840577551898,
5.887840577551898,5.887840577551898,5.887840577551898,5.887840577551898,5.887840577551898,5.887840577551898,5.887840577551898,5.887840577551898,5.887840577551898,5.887840577551898,5.887840577551898,5.887840577551898,25.950674365033368,9.99999999E8,33.436506994600975,5.887840577551898,5.887840577551898,74.95331880577403,18.887826767524103,69.37338586710806,56.786148545808835,5.887840577551898,38.73141423934313,37.49666651850535,
5.887840577551898,5.887840577551898,5.887840577551898,5.887840577551898,5.887840577551898,5.887840577551898,5.887840577551898,5.887840577551898,5.887840577551898,5.887840577551898,5.887840577551898,5.887840577551898,44.170125650715555,19.0,56.39739946723312,5.887840577551898,32.01171660501823,18.887826767524103,23.979157616563597,58.208676329220886,18.887826767524103,62.659795722616266,39.57587649060978,5.887840577551898,
5.887840577551898,5.887840577551898,5.887840577551898,5.887840577551898,5.887840577551898,5.887840577551898,5.887840577551898,5.887840577551898,5.887840577551898,5.887840577551898,5.887840577551898,5.887840577551898,5.887840577551898,39.42080668885405,9.99999999E8,19.0,5.887840577551898,16.95732940082734,58.208676329220886,9.99999999E8,5.887840577551898,5.887840577551898,37.04375790872194,5.887840577551898,
5.887840577551898,5.887840577551898,5.887840577551898,5.887840577551898,5.887840577551898,5.887840577551898,5.887840577551898,5.887840577551898,5.887840577551898,5.887840577551898,5.887840577551898,5.887840577551898,5.887840577551898,5.887840577551898,9.99999999E8,33.436506994600975,19.0,29.017236257093817,5.887840577551898,68.41600689897065,43.289721643826724,5.887840577551898,23.26284591360223,5.887840577551898,
5.887840577551898,5.887840577551898,5.887840577551898,5.887840577551898,5.887840577551898,5.887840577551898,5.887840577551898,5.887840577551898,5.887840577551898,5.887840577551898,5.887840577551898,5.887840577551898,26.8968399630886,5.887840577551898,33.436506994600975,5.887840577551898,5.887840577551898,35.5,5.887840577551898,65.23802572120036,19.0,19.0,5.887840577551898,19.0,
5.887840577551898,5.887840577551898,5.887840577551898,5.887840577551898,5.887840577551898,5.887840577551898,5.887840577551898,5.887840577551898,5.887840577551898,5.887840577551898,5.887840577551898,5.887840577551898,5.887840577551898,5.887840577551898,5.887840577551898,9.99999999E8,5.887840577551898,40.95424275945045,21.82292372712694,68.0,48.40196277011915,53.61203223158025,5.887840577551898,34.44198019858905,
5.887840577551898,5.887840577551898,5.887840577551898,5.887840577551898,5.887840577551898,5.887840577551898,5.887840577551898,5.887840577551898,5.887840577551898,5.887840577551898,5.887840577551898,5.887840577551898,19.0,30.4538995860957,56.39739946723312,56.71566509057852,30.80990100600779,29.58039891549808,5.887840577551898,17.610293835697117,5.887840577551898,42.01237912806177,24.39180190145861,40.116497022214354,
5.887840577551898,5.887840577551898,5.887840577551898,5.887840577551898,5.887840577551898,5.887840577551898,5.887840577551898,5.887840577551898,5.887840577551898,5.887840577551898,5.887840577551898,5.887840577551898,22.84002335083453,29.0,36.513696060519536,19.0,21.82292372712694,34.44198019858905,31.538336460039655,19.0,68.0,5.887840577551898,5.887840577551898,5.887840577551898,
5.887840577551898,5.887840577551898,5.887840577551898,5.887840577551898,5.887840577551898,5.887840577551898,5.887840577551898,5.887840577551898,5.887840577551898,5.887840577551898,5.887840577551898,5.887840577551898,19.0,32.38312317653544,19.0,71.0,27.060118255469618,7.0,32.38312317653544,37.49666651850535,25.606395685453272,68.0,39.22584182228174,35.81433604950212,
5.887840577551898,5.887840577551898,5.887840577551898,5.887840577551898,5.887840577551898,5.887840577551898,5.887840577551898,5.887840577551898,5.887840577551898,5.887840577551898,5.887840577551898,5.887840577551898,36.615115275889366,21.82292372712694,31.538336460039655,37.49666651850535,5.887840577551898,5.887840577551898,20.746987733162616,19.0,19.0,37.49666651850535,24.20055095791554,51.189191567491406,
5.887840577551898,5.887840577551898,5.887840577551898,5.887840577551898,5.887840577551898,5.887840577551898,5.887840577551898,5.887840577551898,5.887840577551898,5.887840577551898,5.887840577551898,5.887840577551898,5.887840577551898,21.82292372712694,37.49666651850535,68.0,53.0,5.887840577551898,31.87224497897818,51.398832671569494,53.94673298727181,21.82292372712694,18.887826767524103,5.887840577551898,
5.887840577551898,5.887840577551898,5.887840577551898,5.887840577551898,5.887840577551898,5.887840577551898,5.887840577551898,5.887840577551898,5.887840577551898,5.887840577551898,5.887840577551898,5.887840577551898,5.887840577551898,17.327723451163457,11.412712210513327,32.7566787083184,56.39739946723312,5.887840577551898,5.887840577551898,47.15336679389924,5.887840577551898,27.820855486487112,19.0,5.887840577551898,
5.887840577551898,5.887840577551898,5.887840577551898,5.887840577551898,5.887840577551898,5.887840577551898,5.887840577551898,5.887840577551898,5.887840577551898,5.887840577551898,5.887840577551898,5.887840577551898,5.887840577551898,34.93923296238771,37.49666651850535,5.887840577551898,5.887840577551898,53.0,5.887840577551898,18.887826767524103,5.887840577551898,5.887840577551898,9.99999999E8,33.186342572409714,
5.887840577551898,5.887840577551898,5.887840577551898,5.887840577551898,5.887840577551898,5.887840577551898,5.887840577551898,5.887840577551898,5.887840577551898,5.887840577551898,5.887840577551898,5.887840577551898,68.0,57.41080037762929,26.911893281595777,5.887840577551898,36.175498153676706,52.61566461867898,68.0,27.408940147331492,18.752410313396606,10.5,11.0,71.0,
5.887840577551898,5.887840577551898,5.887840577551898,5.887840577551898,5.887840577551898,5.887840577551898,5.887840577551898,5.887840577551898,5.887840577551898,5.887840577551898,5.887840577551898,5.887840577551898,25.9939896899264,11.0,5.887840577551898,58.208676329220886,15.31135199778256,31.87224497897818,43.289721643826724,32.53363643984484,9.99999999E8,9.99999999E8,71.0,5.887840577551898,
5.887840577551898,5.887840577551898,5.887840577551898,5.887840577551898,5.887840577551898,5.887840577551898,5.887840577551898,5.887840577551898,5.887840577551898,5.887840577551898,5.887840577551898,5.887840577551898,40.95424275945045,5.887840577551898,58.37670768380142,48.68100245475641,5.887840577551898,5.887840577551898,35.245567097154215,43.508385304866636,35.5,68.0,9.99999999E8,74.2473344078201,
5.887840577551898,5.887840577551898,5.887840577551898,5.887840577551898,5.887840577551898,5.887840577551898,5.887840577551898,5.887840577551898,5.887840577551898,5.887840577551898,5.887840577551898,5.887840577551898,27.060118255469618,5.887840577551898,5.887840577551898,5.887840577551898,5.887840577551898,25.743931323712,5.887840577551898,58.37670768380142,5.887840577551898,5.887840577551898,5.887840577551898,25.36267545276817,
5.887840577551898,5.887840577551898,5.887840577551898,5.887840577551898,5.887840577551898,5.887840577551898,5.887840577551898,5.887840577551898,5.887840577551898,5.887840577551898,5.887840577551898,5.887840577551898,74.2473344078201,22.211108331943574,33.436506994600975,5.887840577551898,34.59248473295898,27.346603714060684,34.93923296238771,5.887840577551898,28.445737817817275,71.0,35.5,37.49666651850535,
5.887840577551898,5.887840577551898,5.887840577551898,5.887840577551898,5.887840577551898,5.887840577551898,5.887840577551898,5.887840577551898,5.887840577551898,5.887840577551898,5.887840577551898,5.887840577551898,27.060118255469618,30.516389039334257,9.99999999E8,37.34635189680513,29.0,5.887840577551898,48.31571341981102,40.00833246545858,23.2,28.855502074994295,19.0,37.49666651850535,
5.887840577551898,5.887840577551898,5.887840577551898,5.887840577551898,5.887840577551898,5.887840577551898,5.887840577551898,5.887840577551898,5.887840577551898,5.887840577551898,5.887840577551898,5.887840577551898,29.0,19.310331143946986,53.7098687393667,44.45222154178574,30.614539029683264,36.0,23.576189995287145,68.0,71.0,29.0,68.0,22.617493680957743,
5.887840577551898,5.887840577551898,5.887840577551898,5.887840577551898,5.887840577551898,5.887840577551898,5.887840577551898,5.887840577551898,5.887840577551898,5.887840577551898,5.887840577551898,5.887840577551898,62.679741543819404,5.887840577551898,28.986586936412884,71.0,5.887840577551898,5.887840577551898,38.777141032658236,5.887840577551898,51.398832671569494,53.09111664550546,54.63820397243428,31.957002362549588,
5.887840577551898,5.887840577551898,5.887840577551898,5.887840577551898,5.887840577551898,5.887840577551898,5.887840577551898,5.887840577551898,5.887840577551898,5.887840577551898,5.887840577551898,5.887840577551898,5.887840577551898,5.887840577551898,5.887840577551898,5.887840577551898,5.887840577551898,23.54230235129946,29.0,5.887840577551898,51.451433410547466,78.0,67.27555276621665,5.887840577551898,
5.887840577551898,5.887840577551898,5.887840577551898,5.887840577551898,5.887840577551898,5.887840577551898,5.887840577551898,5.887840577551898,5.887840577551898,5.887840577551898,5.887840577551898,5.887840577551898,16.441816606851365,31.538336460039655,32.64715507810563,5.887840577551898,23.0,5.887840577551898,57.41080037762929,36.54107278118693,19.0,19.0,19.0,5.887840577551898,
5.887840577551898,5.887840577551898,5.887840577551898,5.887840577551898,5.887840577551898,5.887840577551898,5.887840577551898,5.887840577551898,5.887840577551898,5.887840577551898,5.887840577551898,5.887840577551898,19.0,5.887840577551898,5.887840577551898,41.61538177164785,31.233812133778407,5.887840577551898,27.060118255469618,22.819947414488052,25.357042253321556,5.887840577551898,5.887840577551898,58.208676329220886,
5.887840577551898,5.887840577551898,5.887840577551898,5.887840577551898,5.887840577551898,5.887840577551898,5.887840577551898,5.887840577551898,5.887840577551898,5.887840577551898,5.887840577551898,5.887840577551898,62.679741543819404,5.887840577551898,5.887840577551898,7.0,29.567549780122125,35.5,5.887840577551898,22.922478051031042,27.060118255469618,19.0,39.22584182228174,5.887840577551898,
5.887840577551898,5.887840577551898,5.887840577551898,5.887840577551898,5.887840577551898,5.887840577551898,5.887840577551898,5.887840577551898,5.887840577551898,5.887840577551898,5.887840577551898,5.887840577551898,19.0,31.538336460039655,5.887840577551898,19.0,5.887840577551898,19.0,53.79591062525106,5.887840577551898,18.887826767524103,43.159587579123134,68.0,64.3836159282779,
5.887840577551898,5.887840577551898,5.887840577551898,5.887840577551898,5.887840577551898,5.887840577551898,5.887840577551898,5.887840577551898,5.887840577551898,5.887840577551898,5.887840577551898,5.887840577551898,39.49261534346221,5.887840577551898,30.614539029683264,9.99999999E8,5.887840577551898,40.00833246545858,37.58545818087983,5.887840577551898,5.887840577551898,5.887840577551898,42.546915281839176,9.99999999E8,
5.887840577551898,5.887840577551898,5.887840577551898,5.887840577551898,5.887840577551898,5.887840577551898,5.887840577551898,5.887840577551898,5.887840577551898,5.887840577551898,5.887840577551898,5.887840577551898,43.289721643826724,5.887840577551898,5.887840577551898,9.99999999E8,42.01237912806177,5.887840577551898,5.887840577551898,43.289721643826724,22.862359895688808,5.887840577551898,18.887826767524103,58.208676329220886,
5.887840577551898,5.887840577551898,5.887840577551898,5.887840577551898,5.887840577551898,5.887840577551898,5.887840577551898,5.887840577551898,5.887840577551898,5.887840577551898,5.887840577551898,5.887840577551898,5.887840577551898,34.97052330177517,5.887840577551898,14.947909552843836,19.0,5.887840577551898,5.887840577551898,29.0,5.887840577551898,5.887840577551898,5.887840577551898,31.538336460039655,
5.887840577551898,5.887840577551898,5.887840577551898,5.887840577551898,5.887840577551898,5.887840577551898,5.887840577551898,5.887840577551898,5.887840577551898,5.887840577551898,5.887840577551898,5.887840577551898,18.29389697868299,38.416663051337494,21.82292372712694,51.189191567491406,21.82292372712694,71.0,28.373226816842667,43.289721643826724,54.49623840229708,19.0,53.0,27.060118255469618,
5.887840577551898,5.887840577551898,5.887840577551898,5.887840577551898,5.887840577551898,5.887840577551898,5.887840577551898,5.887840577551898,5.887840577551898,5.887840577551898,5.887840577551898,5.887840577551898,19.0,40.95424275945045,19.0,5.887840577551898,18.887826767524103,5.887840577551898,9.99999999E8,45.876646201162814,5.887840577551898,32.01171660501823,20.69396047159654,5.887840577551898,
5.887840577551898,5.887840577551898,5.887840577551898,5.887840577551898,5.887840577551898,5.887840577551898,5.887840577551898,5.887840577551898,5.887840577551898,5.887840577551898,5.887840577551898,5.887840577551898,5.887840577551898,5.887840577551898,5.887840577551898,53.0,5.887840577551898,53.09111664550546,5.887840577551898,56.39739946723312,20.69396047159654,5.887840577551898,5.887840577551898,43.289721643826724,
5.887840577551898,5.887840577551898,5.887840577551898,5.887840577551898,5.887840577551898,5.887840577551898,5.887840577551898,5.887840577551898,5.887840577551898,5.887840577551898,5.887840577551898,5.887840577551898,5.887840577551898,29.0,5.887840577551898,5.887840577551898,41.74216289634865,40.10403138505321,31.244839573920043,11.412712210513327,28.92122922698826,31.538336460039655,23.13547060251855,41.7880365655052,
5.887840577551898,5.887840577551898,5.887840577551898,5.887840577551898,5.887840577551898,5.887840577551898,5.887840577551898,5.887840577551898,5.887840577551898,5.887840577551898,5.887840577551898,5.887840577551898,23.35460340061462,29.0,18.887826767524103,19.0,37.49666651850535,39.080046059338265,29.0,5.887840577551898,18.887826767524103,25.875683960200227,5.887840577551898,17.327723451163457,
5.887840577551898,5.887840577551898,5.887840577551898,5.887840577551898,5.887840577551898,5.887840577551898,5.887840577551898,5.887840577551898,5.887840577551898,5.887840577551898,5.887840577551898,5.887840577551898,20.878617451035083,25.429117169103613,5.887840577551898,24.154502685834785,19.0,5.887840577551898,5.887840577551898,23.373774477677614,5.887840577551898,56.39739946723312,44.27565169857281,40.95424275945045,
5.887840577551898,5.887840577551898,5.887840577551898,5.887840577551898,5.887840577551898,5.887840577551898,5.887840577551898,5.887840577551898,5.887840577551898,5.887840577551898,5.887840577551898,5.887840577551898,5.887840577551898,35.5,5.887840577551898,68.0,24.10944433458492,14.92112596287559,9.99999999E8,58.208676329220886,24.34474618201362,14.92112596287559,78.0,33.768821912132694,
5.887840577551898,5.887840577551898,5.887840577551898,5.887840577551898,5.887840577551898,5.887840577551898,5.887840577551898,5.887840577551898,5.887840577551898,5.887840577551898,5.887840577551898,5.887840577551898,28.855502074994295,45.02516303271371,5.887840577551898,5.887840577551898,39.661568299803776,22.032646232352572,36.19996546959679,5.887840577551898,5.887840577551898,19.0,29.0,62.659795722616266,
5.887840577551898,5.887840577551898,5.887840577551898,5.887840577551898,5.887840577551898,5.887840577551898,5.887840577551898,5.887840577551898,5.887840577551898,5.887840577551898,5.887840577551898,5.887840577551898,68.0,35.5,9.99999999E8,5.887840577551898,27.25241049065239,21.62036077404815,5.887840577551898,37.115374447904514,58.208676329220886,78.0,5.887840577551898,5.887840577551898,
5.887840577551898,5.887840577551898,5.887840577551898,5.887840577551898,5.887840577551898,5.887840577551898,5.887840577551898,5.887840577551898,5.887840577551898,5.887840577551898,5.887840577551898,5.887840577551898,51.189191567491406,5.887840577551898,19.0,25.842537311453718,5.887840577551898,27.060118255469618,30.614539029683264,38.50649295898031,17.327723451163457,48.49164876553487,28.274370019507067,17.327723451163457,
5.887840577551898,5.887840577551898,5.887840577551898,5.887840577551898,5.887840577551898,5.887840577551898,5.887840577551898,5.887840577551898,5.887840577551898,5.887840577551898,5.887840577551898,5.887840577551898,52.62380930835822,68.0,36.877330434834896,13.848385385227326,56.41143501099755,19.0,29.0,58.208676329220886,9.99999999E8,40.00833246545858,18.887826767524103,27.700782179088975,
5.887840577551898,5.887840577551898,5.887840577551898,5.887840577551898,5.887840577551898,5.887840577551898,5.887840577551898,5.887840577551898,5.887840577551898,5.887840577551898,5.887840577551898,5.887840577551898,5.887840577551898,5.887840577551898,5.887840577551898,56.39739946723312,38.777141032658236,5.887840577551898,38.44187531556932,16.186414056238647,31.538336460039655,33.436506994600975,35.27378630087788,9.99999999E8,
5.887840577551898,5.887840577551898,5.887840577551898,5.887840577551898,5.887840577551898,5.887840577551898,5.887840577551898,5.887840577551898,5.887840577551898,5.887840577551898,5.887840577551898,5.887840577551898,29.0,37.115374447904514,5.887840577551898,18.887826767524103,5.887840577551898,48.062459362791664,62.71164166245371,43.159587579123134,27.554769208295852,30.614539029683264,35.07610772781572,19.0,
5.887840577551898,5.887840577551898,5.887840577551898,5.887840577551898,5.887840577551898,5.887840577551898,5.887840577551898,5.887840577551898,5.887840577551898,5.887840577551898,5.887840577551898,5.887840577551898,39.160579929415796,9.99999999E8,19.0,5.887840577551898,12.595237195067032,51.451433410547466,54.938602093609916,17.90716802475106,68.0,28.537837396433986,48.58326186386967,58.208676329220886,
5.887840577551898,5.887840577551898,5.887840577551898,5.887840577551898,5.887840577551898,5.887840577551898,5.887840577551898,5.887840577551898,5.887840577551898,5.887840577551898,5.887840577551898,5.887840577551898,5.887840577551898,29.0,54.938602093609916,37.49666651850535,40.21243588742169,24.67117075995111,25.729360660537214,17.281975195754296,59.81839182057638,19.0,78.0,71.0,
5.887840577551898,5.887840577551898,5.887840577551898,5.887840577551898,5.887840577551898,5.887840577551898,5.887840577551898,5.887840577551898,5.887840577551898,5.887840577551898,5.887840577551898,5.887840577551898,5.887840577551898,74.2473344078201,17.281975195754296,5.887840577551898,23.96351393264352,67.27555276621665,60.94806532341011,57.41080037762929,54.938602093609916,5.887840577551898,5.887840577551898,37.49666651850535,
5.887840577551898,5.887840577551898,5.887840577551898,5.887840577551898,5.887840577551898,5.887840577551898,5.887840577551898,5.887840577551898,5.887840577551898,5.887840577551898,5.887840577551898,5.887840577551898,71.0,78.0,17.281975195754296,33.284230500343554,58.208676329220886,27.906092524751653,9.99999999E8,52.642663306485545,23.7873229829226,25.429117169103613,5.887840577551898,20.69396047159654,
5.887840577551898,5.887840577551898,5.887840577551898,5.887840577551898,5.887840577551898,5.887840577551898,5.887840577551898,5.887840577551898,5.887840577551898,5.887840577551898,5.887840577551898,5.887840577551898,64.3836159282779,23.68770647438306,34.44198019858905,27.060118255469618,5.887840577551898,23.373774477677614,68.0,71.0,20.69396047159654,5.887840577551898,37.02617317520135,71.0,
5.887840577551898,5.887840577551898,5.887840577551898,5.887840577551898,5.887840577551898,5.887840577551898,5.887840577551898,5.887840577551898,5.887840577551898,5.887840577551898,5.887840577551898,5.887840577551898,5.887840577551898,20.69396047159654,25.321680433968044,5.887840577551898,5.887840577551898,62.0,17.281975195754296,5.887840577551898,5.887840577551898,29.87752778706208,17.90716802475106,5.887840577551898,
5.887840577551898,5.887840577551898,5.887840577551898,5.887840577551898,5.887840577551898,5.887840577551898,5.887840577551898,5.887840577551898,5.887840577551898,5.887840577551898,5.887840577551898,5.887840577551898,52.62380930835822,18.887826767524103,33.0252428706689,5.887840577551898,36.34900273735168,37.115374447904514,5.887840577551898,19.0,40.00833246545858,42.52940159466154,16.96349020691202,22.420228961066982,
5.887840577551898,5.887840577551898,5.887840577551898,5.887840577551898,5.887840577551898,5.887840577551898,5.887840577551898,5.887840577551898,5.887840577551898,5.887840577551898,5.887840577551898,5.887840577551898,28.639832401744254,49.83639901383994,71.0,31.17434842943794,5.887840577551898,20.69396047159654,37.49666651850535,17.90716802475106,62.71164166245371,15.57776192739723,40.00833246545858,5.887840577551898,
5.887840577551898,5.887840577551898,5.887840577551898,5.887840577551898,5.887840577551898,5.887840577551898,5.887840577551898,5.887840577551898,5.887840577551898,5.887840577551898,5.887840577551898,5.887840577551898,32.361242250568814,25.04495957273639,5.887840577551898,53.25097808178425,5.887840577551898,5.887840577551898,32.38312317653544,37.04375790872194,38.777141032658236,53.0,5.887840577551898,5.887840577551898,
5.887840577551898,5.887840577551898,5.887840577551898,5.887840577551898,5.887840577551898,5.887840577551898,5.887840577551898,5.887840577551898,5.887840577551898,5.887840577551898,5.887840577551898,5.887840577551898,43.23835745672534,62.0,5.887840577551898,29.0,29.0,5.887840577551898,46.46116658027432,5.887840577551898,78.0,5.887840577551898,5.887840577551898,18.51053753946654,
5.887840577551898,5.887840577551898,5.887840577551898,5.887840577551898,5.887840577551898,5.887840577551898,5.887840577551898,5.887840577551898,5.887840577551898,5.887840577551898,5.887840577551898,5.887840577551898,26.539279065817393,19.0,27.060118255469618,55.11805511808268,67.32508200267317,10.5,19.0,17.327723451163457,19.0,37.115374447904514,41.692325432865935,40.009373901624606,
5.887840577551898,5.887840577551898,5.887840577551898,5.887840577551898,5.887840577551898,5.887840577551898,5.887840577551898,5.887840577551898,5.887840577551898,5.887840577551898,5.887840577551898,5.887840577551898,52.62380930835822,58.208676329220886,68.0,15.57776192739723,37.49666651850535,43.99147644714826,31.100643080167973,17.281975195754296,5.887840577551898,27.060118255469618,5.887840577551898,27.060118255469618,
5.887840577551898,5.887840577551898,5.887840577551898,5.887840577551898,5.887840577551898,5.887840577551898,5.887840577551898,5.887840577551898,5.887840577551898,5.887840577551898,5.887840577551898,5.887840577551898,5.887840577551898,32.05074102107469,24.779023386727733,29.0,12.622730819174325,29.0,18.161497735594388,78.0,45.37283193223695,5.887840577551898,25.276251480171837,25.429117169103613,
5.887840577551898,5.887840577551898,5.887840577551898,5.887840577551898,5.887840577551898,5.887840577551898,5.887840577551898,5.887840577551898,5.887840577551898,5.887840577551898,5.887840577551898,5.887840577551898,49.03825037661927,5.887840577551898,9.99999999E8,21.602468994692867,36.652933034069726,5.887840577551898,26.874709300753377,41.13662871726635,40.587354352474534,5.887840577551898,54.49623840229708,5.887840577551898,
5.887840577551898,5.887840577551898,5.887840577551898,5.887840577551898,5.887840577551898,5.887840577551898,5.887840577551898,5.887840577551898,5.887840577551898,5.887840577551898,5.887840577551898,5.887840577551898,5.887840577551898,21.602468994692867,14.92112596287559,23.2,21.602468994692867,19.0,25.11254666496411,19.0,5.887840577551898,26.650515942472857,5.887840577551898,30.63902739970706,
5.887840577551898,5.887840577551898,5.887840577551898,5.887840577551898,5.887840577551898,5.887840577551898,5.887840577551898,5.887840577551898,5.887840577551898,5.887840577551898,5.887840577551898,5.887840577551898,5.887840577551898,57.41080037762929,5.887840577551898,29.0,47.1109329137091,5.887840577551898,67.32508200267317,19.0,5.887840577551898,27.730849247724095,5.887840577551898,68.0,
5.887840577551898,5.887840577551898,5.887840577551898,5.887840577551898,5.887840577551898,5.887840577551898,5.887840577551898,5.887840577551898,5.887840577551898,5.887840577551898,5.887840577551898,5.887840577551898,50.97685749435718,71.0,26.08958923913266,5.887840577551898,57.41080037762929,5.887840577551898,18.887826767524103,68.0,19.0,25.720634136975768,28.520869551961418,19.0,
5.887840577551898,5.887840577551898,5.887840577551898,5.887840577551898,5.887840577551898,5.887840577551898,5.887840577551898,5.887840577551898,5.887840577551898,5.887840577551898,5.887840577551898,5.887840577551898,5.887840577551898,58.208676329220886,18.887826767524103,5.887840577551898,20.88635918488428,28.394365638274085,19.649998701770745,18.806027402582043,44.08230937689177,27.060118255469618,68.0,23.2,
5.887840577551898,5.887840577551898,5.887840577551898,5.887840577551898,5.887840577551898,5.887840577551898,5.887840577551898,5.887840577551898,5.887840577551898,5.887840577551898,5.887840577551898,5.887840577551898,21.82292372712694,37.49666651850535,28.96981187374195,44.4156503948777,5.887840577551898,18.887826767524103,14.753530650887152,19.649998701770745,20.876703156721792,5.887840577551898,53.0,5.887840577551898,
5.887840577551898,5.887840577551898,5.887840577551898,5.887840577551898,5.887840577551898,5.887840577551898,5.887840577551898,5.887840577551898,5.887840577551898,5.887840577551898,5.887840577551898,5.887840577551898,24.154502685834785,5.887840577551898,38.9903834297638,5.887840577551898,58.208676329220886,53.0,14.92112596287559,30.614539029683264,36.598360619022266,5.887840577551898,46.3033476111609,5.887840577551898,
5.887840577551898,5.887840577551898,5.887840577551898,5.887840577551898,5.887840577551898,5.887840577551898,5.887840577551898,5.887840577551898,5.887840577551898,5.887840577551898,5.887840577551898,5.887840577551898,58.208676329220886,5.887840577551898,27.554769208295852,28.54236617147686,5.887840577551898,18.887826767524103,57.41080037762929,37.97367509209505,58.208676329220886,5.887840577551898,5.887840577551898,25.650292395994242,
5.887840577551898,5.887840577551898,5.887840577551898,5.887840577551898,5.887840577551898,5.887840577551898,5.887840577551898,5.887840577551898,5.887840577551898,5.887840577551898,5.887840577551898,5.887840577551898,64.3836159282779,37.49666651850535,78.0,53.0,5.887840577551898,42.51176307799995,14.302516683125189,5.887840577551898,38.34892436561943,68.0,54.938602093609916,71.0,
5.887840577551898,5.887840577551898,5.887840577551898,5.887840577551898,5.887840577551898,5.887840577551898,5.887840577551898,5.887840577551898,5.887840577551898,5.887840577551898,5.887840577551898,5.887840577551898,21.19339519756096,32.05074102107469,20.69396047159654,18.887826767524103,30.80990100600779,43.289721643826724,56.39739946723312,43.289721643826724,17.281975195754296,44.45222154178574,5.887840577551898,43.289721643826724,
5.887840577551898,5.887840577551898,5.887840577551898,5.887840577551898,5.887840577551898,5.887840577551898,5.887840577551898,5.887840577551898,5.887840577551898,5.887840577551898,5.887840577551898,5.887840577551898,54.938602093609916,21.82292372712694,22.8837642591132,5.887840577551898,9.99999999E8,5.887840577551898,42.29263135188761,53.0,43.0,29.0,5.887840577551898,19.0,
5.887840577551898,5.887840577551898,5.887840577551898,5.887840577551898,5.887840577551898,5.887840577551898,5.887840577551898,5.887840577551898,5.887840577551898,5.887840577551898,5.887840577551898,5.887840577551898,5.887840577551898,56.71566509057852,68.0,5.887840577551898,43.289721643826724,37.49666651850535,19.0,5.887840577551898,36.554616671495815,5.887840577551898,18.887826767524103,9.99999999E8,
