47.83652718721682,43.51367601111172,45.40099117860754,66.44377706154341,46.30246610437654,89.07113262256559,59.79037455049841,69.56052520407438,80.1154778798602,28.319604517012593,80.12261012386719,68.097356776897,51.218619063534994,47.67363537852008,74.39247273750215,71.99888888031536,38.467648745406834,51.88147549944971,74.39247273750215,95.86839938165235,137.0,45.877832448842675,72.18753354977575,66.01696751593487,
28.319604517012593,38.467648745406834,43.51367601111172,45.40099117860754,45.877832448842675,46.30246610437654,47.67363537852008,47.83652718721682,51.218619063534994,51.88147549944971,59.79037455049841,66.01696751593487,53.656884222714574,31.56650827133791,95.86839938165235,51.274372004830994,30.544393920979996,103.87612815271852,44.85741298826761,91.82728352728289,82.30091129507619,53.837624352476475,84.0743111533979,49.94772777818909,
28.319604517012593,30.544393920979996,31.56650827133791,38.467648745406834,43.51367601111172,44.85741298826761,45.40099117860754,45.877832448842675,46.30246610437654,47.67363537852008,47.83652718721682,49.94772777818909,116.92198253536415,46.639575469766015,65.08023893625469,58.9326838391889,60.11655346075654,39.46441435014588,40.502015050371206,64.07058607504695,31.56650827133791,40.22980860009155,33.10463210287447,40.92402118810029,
28.319604517012593,30.544393920979996,31.56650827133791,31.56650827133791,33.10463210287447,38.467648745406834,39.46441435014588,40.22980860009155,40.502015050371206,40.92402118810029,43.51367601111172,44.85741298826761,92.7523584605804,40.3091602786124,40.92402118810029,56.66603921221246,66.02302628628892,73.2955660323324,91.82728352728289,63.778261709352556,41.701318923986086,31.6375963056614,39.46441435014588,49.60958688712406,
28.319604517012593,30.544393920979996,31.56650827133791,31.56650827133791,31.6375963056614,33.10463210287447,38.467648745406834,39.46441435014588,39.46441435014588,40.22980860009155,40.3091602786124,40.502015050371206,91.82728352728289,36.37879418928927,38.19685850956856,44.67032012421671,72.88861365124185,50.15413741656814,45.03875881858166,95.65955258101513,48.792075859371536,20.33060090930254,51.0,31.6375963056614,
20.33060090930254,28.319604517012593,30.544393920979996,31.56650827133791,31.56650827133791,31.6375963056614,31.6375963056614,33.10463210287447,36.37879418928927,38.19685850956856,38.467648745406834,39.46441435014588,54.71233864495284,20.33060090930254,40.60095442227929,74.04962483885728,42.46919652008058,95.14536247237697,30.18873962258113,106.09547586961472,66.90016930517609,25.192591503588243,30.544393920979996,41.667782297989575,
20.33060090930254,20.33060090930254,25.192591503588243,28.319604517012593,30.18873962258113,30.544393920979996,30.544393920979996,31.56650827133791,31.56650827133791,31.6375963056614,31.6375963056614,33.10463210287447,26.74104211382446,42.81225162133953,23.022805797227658,54.33461143691008,31.6375963056614,31.6375963056614,37.208123366335535,51.20790954530364,9.99999999E8,30.927169219286256,29.629658564800685,84.61826044064011,
20.33060090930254,20.33060090930254,23.022805797227658,25.192591503588243,26.74104211382446,28.319604517012593,29.629658564800685,30.18873962258113,30.544393920979996,30.544393920979996,30.927169219286256,31.56650827133791,77.04699864368501,74.39247273750215,72.86315941544122,91.8925459436183,47.388465544546456,70.82061846665843,82.0,26.973320151586826,59.87520354871455,55.06057270558186,20.33060090930254,27.736858750286295,
20.33060090930254,20.33060090930254,20.33060090930254,23.022805797227658,25.192591503588243,26.74104211382446,26.973320151586826,27.736858750286295,28.319604517012593,29.629658564800685,30.18873962258113,30.544393920979996,74.24452841792451,42.99927324967249,69.73836820574454,80.12390404866701,30.342489460600735,77.98931550753176,28.319604517012593,9.99999999E8,48.15945736128402,38.81352594030034,82.0,55.57877292636101,
20.33060090930254,20.33060090930254,20.33060090930254,23.022805797227658,25.192591503588243,26.74104211382446,26.973320151586826,27.736858750286295,28.319604517012593,28.319604517012593,29.629658564800685,30.18873962258113,93.78351101753182,77.97649218407643,27.780568748677553,45.44711211947355,82.0,74.39247273750215,39.564465607101404,29.873692440004803,30.796712486887298,47.012631281390746,39.133585320029134,82.0,
20.33060090930254,20.33060090930254,20.33060090930254,23.022805797227658,25.192591503588243,26.74104211382446,26.973320151586826,27.736858750286295,27.780568748677553,28.319604517012593,28.319604517012593,29.629658564800685,44.18375359374363,51.69336593444707,38.53137249912942,45.73838650411709,33.93571353399284,67.24333919925948,28.319604517012593,74.79806147220661,51.60426338976267,38.04273912325452,29.540932054806035,28.319604517012593,
20.33060090930254,20.33060090930254,20.33060090930254,23.022805797227658,25.192591503588243,26.74104211382446,26.973320151586826,27.736858750286295,27.780568748677553,28.319604517012593,28.319604517012593,28.319604517012593,38.81352594030034,97.83276547251437,91.82728352728289,42.50490167812021,9.99999999E8,52.445112221429824,42.2965719651132,23.022805797227658,40.26595259987661,114.64183355128267,90.079076371819,44.63952844733018,
20.33060090930254,20.33060090930254,20.33060090930254,23.022805797227658,23.022805797227658,25.192591503588243,26.74104211382446,26.973320151586826,27.736858750286295,27.780568748677553,28.319604517012593,28.319604517012593,72.20969463998584,48.15945736128402,73.24643336026676,45.27602419986697,47.899199714956964,28.319604517012593,53.86402633793109,66.86304410260325,22.489503724577332,40.080474603532885,58.88972745734183,61.02327424843737,
20.33060090930254,20.33060090930254,20.33060090930254,22.489503724577332,23.022805797227658,23.022805797227658,25.192591503588243,26.74104211382446,26.973320151586826,27.736858750286295,27.780568748677553,28.319604517012593,59.827529894968364,49.93342506553612,73.24643336026676,44.144937537662024,33.7481480973401,28.728852026760666,29.105173270590765,73.24643336026676,26.948510575210317,23.022805797227658,28.03965445975079,91.52398592718741,
20.33060090930254,20.33060090930254,20.33060090930254,22.489503724577332,23.022805797227658,23.022805797227658,23.022805797227658,25.192591503588243,26.74104211382446,26.948510575210317,26.973320151586826,27.736858750286295,21.838898781760953,26.67499869832341,28.662790435607548,39.85946386373169,43.80512400266536,33.74574803147919,24.272618317767037,27.29726169174792,51.08163401197473,39.76100476597642,41.02302876298737,44.58325545164537,
20.33060090930254,20.33060090930254,20.33060090930254,21.838898781760953,22.489503724577332,23.022805797227658,23.022805797227658,23.022805797227658,24.272618317767037,25.192591503588243,26.67499869832341,26.74104211382446,32.283185741693046,74.19056543793153,101.59847439799478,74.39247273750215,94.85119925441111,28.452767879417287,30.90868710857047,69.39048926185778,74.39247273750215,20.97087928003444,119.80087645756186,48.15945736128402,
20.33060090930254,20.33060090930254,20.33060090930254,20.97087928003444,21.838898781760953,22.489503724577332,23.022805797227658,23.022805797227658,23.022805797227658,24.272618317767037,25.192591503588243,26.67499869832341,58.77247724600906,26.948510575210317,57.529406854766236,30.69534299584634,46.60997528339151,79.87390061841226,119.80087645756186,68.02234926845735,71.5,31.21197686786276,26.948510575210317,21.838898781760953,
20.33060090930254,20.33060090930254,20.33060090930254,20.97087928003444,21.838898781760953,21.838898781760953,22.489503724577332,23.022805797227658,23.022805797227658,23.022805797227658,24.272618317767037,25.192591503588243,77.98931550753176,21.060864179800408,40.98680723534024,20.97087928003444,48.15945736128402,55.073042407333915,52.46179562310081,18.036999011291577,33.8959805876744,26.704690521849688,30.927169219286256,69.10619846776892,
18.036999011291577,20.33060090930254,20.33060090930254,20.33060090930254,20.97087928003444,20.97087928003444,21.060864179800408,21.838898781760953,21.838898781760953,22.489503724577332,23.022805797227658,23.022805797227658,51.08163401197473,33.331066589594755,55.24189231612786,24.272618317767037,32.95735881407975,21.756225162774292,48.15945736128402,38.00904497616324,43.44177137272374,91.82728352728289,20.05570754071463,41.19193501407869,
18.036999011291577,20.05570754071463,20.33060090930254,20.33060090930254,20.33060090930254,20.97087928003444,20.97087928003444,21.060864179800408,21.756225162774292,21.838898781760953,21.838898781760953,22.489503724577332,31.15145619614749,20.33060090930254,68.54079077454534,74.23099083267041,60.484157705413516,39.35592571505451,112.91700491954256,20.33060090930254,21.838898781760953,21.060864179800408,74.19056543793153,54.03924499842683,
18.036999011291577,20.05570754071463,20.33060090930254,20.33060090930254,20.33060090930254,20.33060090930254,20.33060090930254,20.97087928003444,20.97087928003444,21.060864179800408,21.060864179800408,21.756225162774292,20.97087928003444,33.93571353399284,41.17872630376029,40.13025666501524,60.484157705413516,20.33060090930254,41.34053700667179,37.29021319327633,20.29577215448919,101.85008591061668,37.965075250491864,33.96076167186674,
18.036999011291577,20.05570754071463,20.29577215448919,20.33060090930254,20.33060090930254,20.33060090930254,20.33060090930254,20.33060090930254,20.33060090930254,20.97087928003444,20.97087928003444,20.97087928003444,20.33060090930254,55.481565241372316,27.85766657092549,48.15945736128402,30.621683493890405,26.853512081497108,38.81352594030034,20.97087928003444,26.109116231945176,30.33545780106178,30.796712486887298,53.34791467339656,
18.036999011291577,20.05570754071463,20.29577215448919,20.33060090930254,20.33060090930254,20.33060090930254,20.33060090930254,20.33060090930254,20.33060090930254,20.33060090930254,20.97087928003444,20.97087928003444,55.073042407333915,51.0,58.524448832185605,29.776500801806783,48.34020593878435,46.176184337816395,37.97696670351649,73.24643336026676,21.853146226573415,85.00588214941364,35.85619425798933,28.728852026760666,
18.036999011291577,20.05570754071463,20.29577215448919,20.33060090930254,20.33060090930254,20.33060090930254,20.33060090930254,20.33060090930254,20.33060090930254,20.33060090930254,20.97087928003444,20.97087928003444,40.80032679607685,26.352182072837916,51.0,40.777144458680304,26.439765968892306,29.540932054806035,82.0,97.83276547251437,23.492942926481962,49.93342506553612,40.14271415836254,30.33545780106178,
18.036999011291577,20.05570754071463,20.29577215448919,20.33060090930254,20.33060090930254,20.33060090930254,20.33060090930254,20.33060090930254,20.33060090930254,20.33060090930254,20.97087928003444,20.97087928003444,54.03924499842683,48.15945736128402,20.33060090930254,29.105173270590765,22.71425763699972,30.342489460600735,38.04273912325452,49.93342506553612,73.24643336026676,20.33060090930254,20.33060090930254,67.51805314136361,
18.036999011291577,20.05570754071463,20.29577215448919,20.33060090930254,20.33060090930254,20.33060090930254,20.33060090930254,20.33060090930254,20.33060090930254,20.33060090930254,20.33060090930254,20.33060090930254,20.588049169239937,20.33060090930254,35.04796713077664,36.19889501075965,46.176184337816395,91.82728352728289,29.7112773202365,74.3320253995544,31.6375963056614,40.777144458680304,36.06013495999888,86.60398374208891,
18.036999011291577,20.05570754071463,20.29577215448919,20.33060090930254,20.33060090930254,20.33060090930254,20.33060090930254,20.33060090930254,20.33060090930254,20.33060090930254,20.33060090930254,20.33060090930254,31.6375963056614,26.352182072837916,18.036999011291577,20.33060090930254,46.176184337816395,27.30893219768539,27.064548692309046,84.10149359250283,20.33060090930254,18.036999011291577,26.352182072837916,20.706927814239663,
18.036999011291577,18.036999011291577,18.036999011291577,20.05570754071463,20.29577215448919,20.33060090930254,20.33060090930254,20.33060090930254,20.33060090930254,20.33060090930254,20.33060090930254,20.33060090930254,117.0,44.22576587631851,19.440122616561315,18.036999011291577,45.44158337910333,51.60426338976267,22.28846136914977,22.489503724577332,63.057434137459154,51.0,19.42506971244462,29.53340857778225,
18.036999011291577,18.036999011291577,18.036999011291577,18.036999011291577,19.42506971244462,19.440122616561315,20.05570754071463,20.29577215448919,20.33060090930254,20.33060090930254,20.33060090930254,20.33060090930254,29.540932054806035,74.19056543793153,43.071887583434275,45.58418988363113,23.603201289467307,74.66145815166841,112.91700491954256,20.33060090930254,64.04880951274582,26.221280585729517,26.352182072837916,68.144204838425,
18.036999011291577,18.036999011291577,18.036999011291577,18.036999011291577,19.42506971244462,19.440122616561315,20.05570754071463,20.29577215448919,20.33060090930254,20.33060090930254,20.33060090930254,20.33060090930254,91.82728352728289,129.0,45.44711211947355,22.28846136914977,35.21836642056717,52.87662527052951,30.342489460600735,24.055491403558285,52.94100490168278,60.17682278086805,46.176184337816395,60.484157705413516,
18.036999011291577,18.036999011291577,18.036999011291577,18.036999011291577,19.42506971244462,19.440122616561315,20.05570754071463,20.29577215448919,20.33060090930254,20.33060090930254,20.33060090930254,20.33060090930254,28.485742047557757,24.805913273518744,54.41813423238005,77.98931550753176,24.31434761617099,53.86402633793109,54.537448907455634,90.24987534617429,20.33060090930254,43.071887583434275,92.20222340052327,55.073042407333915,
18.036999011291577,18.036999011291577,18.036999011291577,18.036999011291577,19.42506971244462,19.440122616561315,20.05570754071463,20.29577215448919,20.33060090930254,20.33060090930254,20.33060090930254,20.33060090930254,18.036999011291577,55.073042407333915,48.643643794771926,37.91235865487018,9.99999999E8,19.440122616561315,33.3497238614153,46.176184337816395,24.568936750727012,54.294014403062874,28.509217986540456,45.370582935624356,
18.036999011291577,18.036999011291577,18.036999011291577,18.036999011291577,18.036999011291577,19.42506971244462,19.440122616561315,19.440122616561315,20.05570754071463,20.29577215448919,20.33060090930254,20.33060090930254,45.27602419986696,33.946035605550954,74.3320253995544,65.5540489469059,18.036999011291577,49.72966921265413,41.34053700667179,30.342489460600735,70.05236136871714,40.95167884226481,91.82728352728289,69.47294290526612,
18.036999011291577,18.036999011291577,18.036999011291577,18.036999011291577,18.036999011291577,18.036999011291577,19.42506971244462,19.440122616561315,19.440122616561315,20.05570754071463,20.29577215448919,20.33060090930254,54.03924499842683,27.85766657092549,56.84188596448925,43.86556166288082,48.72627627882106,18.036999011291577,39.962982871652606,18.036999011291577,58.728187440104094,30.116440692751194,86.60398374208891,18.036999011291577,
18.036999011291577,18.036999011291577,18.036999011291577,18.036999011291577,18.036999011291577,18.036999011291577,18.036999011291577,18.036999011291577,18.036999011291577,19.42506971244462,19.440122616561315,19.440122616561315,18.036999011291577,52.94100490168278,54.03924499842683,41.34053700667179,96.39834023467417,41.825032376954994,20.29577215448919,22.105806175452337,37.97696670351649,19.42506971244462,91.82728352728289,35.85619425798933,
18.036999011291577,18.036999011291577,18.036999011291577,18.036999011291577,18.036999011291577,18.036999011291577,18.036999011291577,18.036999011291577,18.036999011291577,18.036999011291577,19.42506971244462,19.42506971244462,36.8057966449127,37.97696670351649,74.3320253995544,18.036999011291577,45.59879384369722,27.514359887157106,72.20969463998584,46.176184337816395,27.957693986829895,30.767948691238203,21.360009363293827,19.42506971244462,
18.036999011291577,18.036999011291577,18.036999011291577,18.036999011291577,18.036999011291577,18.036999011291577,18.036999011291577,18.036999011291577,18.036999011291577,18.036999011291577,18.036999011291577,19.42506971244462,27.91701989826278,19.42506971244462,62.101851824241116,56.61660533801015,18.036999011291577,74.3320253995544,75.61249896677135,71.72310702718235,45.513075044430906,37.97696670351649,31.6217883744737,37.97696670351649,
18.036999011291577,18.036999011291577,18.036999011291577,18.036999011291577,18.036999011291577,18.036999011291577,18.036999011291577,18.036999011291577,18.036999011291577,18.036999011291577,18.036999011291577,18.036999011291577,46.176184337816395,44.25652494265676,45.1848057057532,42.31356165580959,46.176184337816395,18.036999011291577,19.440122616561315,85.73214099741124,40.21740916568346,56.84188596448925,36.538199189341555,64.91532946846992,
18.036999011291577,18.036999011291577,18.036999011291577,18.036999011291577,18.036999011291577,18.036999011291577,18.036999011291577,18.036999011291577,18.036999011291577,18.036999011291577,18.036999011291577,18.036999011291577,64.04880951274582,50.20402816950493,26.575176386996944,34.80030494822993,30.055504210266268,28.110891523077356,46.176184337816395,70.05236136871714,37.91235865487018,54.03924499842683,44.01420225336363,46.176184337816395,
18.036999011291577,18.036999011291577,18.036999011291577,18.036999011291577,18.036999011291577,18.036999011291577,18.036999011291577,18.036999011291577,18.036999011291577,18.036999011291577,18.036999011291577,18.036999011291577,18.036999011291577,32.949456242351964,30.919249667480614,51.65500943761408,24.39856431900046,24.805913273518744,37.97696670351649,18.036999011291577,54.03924499842683,47.46694756471192,46.176184337816395,72.88861365124185,
18.036999011291577,18.036999011291577,18.036999011291577,18.036999011291577,18.036999011291577,18.036999011291577,18.036999011291577,18.036999011291577,18.036999011291577,18.036999011291577,18.036999011291577,18.036999011291577,18.036999011291577,27.483813418083013,19.440122616561315,52.561868307738074,49.690919693642215,40.21740916568346,19.42506971244462,18.036999011291577,42.75324549083964,54.67577159949368,91.82728352728289,101.15334893121434,
18.036999011291577,18.036999011291577,18.036999011291577,18.036999011291577,18.036999011291577,18.036999011291577,18.036999011291577,18.036999011291577,18.036999011291577,18.036999011291577,18.036999011291577,18.036999011291577,69.39048926185778,86.60398374208891,82.21313763626833,22.072324299900995,28.481353549296074,45.44711211947355,75.61249896677135,37.97696670351649,40.02299339129946,27.566616900645222,46.253074911572206,24.117061451620188,
18.036999011291577,18.036999011291577,18.036999011291577,18.036999011291577,18.036999011291577,18.036999011291577,18.036999011291577,18.036999011291577,18.036999011291577,18.036999011291577,18.036999011291577,18.036999011291577,30.055730548025448,57.798500557252055,48.72627627882106,35.21836642056717,27.514359887157106,21.769666220384245,44.01420225336363,26.228562675068567,67.82480432432263,56.80352101762707,97.10132165252266,21.317539726713306,
18.036999011291577,18.036999011291577,18.036999011291577,18.036999011291577,18.036999011291577,18.036999011291577,18.036999011291577,18.036999011291577,18.036999011291577,18.036999011291577,18.036999011291577,18.036999011291577,18.036999011291577,52.94100490168278,30.04891844975456,72.04887230207007,37.97696670351649,18.036999011291577,49.63305350268105,54.33461143691008,46.176184337816395,74.24452841792451,44.01420225336363,46.176184337816395,
18.036999011291577,18.036999011291577,18.036999011291577,18.036999011291577,18.036999011291577,18.036999011291577,18.036999011291577,18.036999011291577,18.036999011291577,18.036999011291577,18.036999011291577,18.036999011291577,37.97696670351649,69.09956584523523,40.40099008687782,54.03924499842683,74.66145815166841,21.86787784931709,37.85058343892029,103.7364448976347,30.550504633038933,27.816861393366754,28.98689359003479,44.758763820904505,
18.036999011291577,18.036999011291577,18.036999011291577,18.036999011291577,18.036999011291577,18.036999011291577,18.036999011291577,18.036999011291577,18.036999011291577,18.036999011291577,18.036999011291577,18.036999011291577,37.97696670351649,96.55438881790926,30.342489460600735,22.71425763699972,87.08754216304419,59.47478457295999,45.90250537824706,28.908260065247788,37.97696670351649,81.23628089304269,64.08307108745647,42.31356165580959,
18.036999011291577,18.036999011291577,18.036999011291577,18.036999011291577,18.036999011291577,18.036999011291577,18.036999011291577,18.036999011291577,18.036999011291577,18.036999011291577,18.036999011291577,18.036999011291577,86.60398374208891,24.573721097852506,5.715476066494082,35.85619425798933,74.79806147220661,45.058184606129,60.204983182457575,24.805913273518744,35.85619425798933,48.15945736128402,21.769666220384245,37.97696670351649,
5.715476066494082,18.036999011291577,18.036999011291577,18.036999011291577,18.036999011291577,18.036999011291577,18.036999011291577,18.036999011291577,18.036999011291577,18.036999011291577,18.036999011291577,18.036999011291577,82.0,83.52694176132633,45.94317697116822,28.98689359003479,30.919249667480614,44.01420225336363,29.19284539441509,30.342489460600735,45.48693465699569,55.418859605733495,22.072324299900995,31.6375963056614,
5.715476066494082,18.036999011291577,18.036999011291577,18.036999011291577,18.036999011291577,18.036999011291577,18.036999011291577,18.036999011291577,18.036999011291577,18.036999011291577,18.036999011291577,18.036999011291577,76.67750648006232,75.61249896677135,37.97696670351649,37.97696670351649,32.19068188156318,25.910363540010593,24.117061451620188,30.91536834650365,86.60398374208891,42.50490167812021,28.98689359003479,24.805913273518744,
5.715476066494082,18.036999011291577,18.036999011291577,18.036999011291577,18.036999011291577,18.036999011291577,18.036999011291577,18.036999011291577,18.036999011291577,18.036999011291577,18.036999011291577,18.036999011291577,71.48569144683889,75.95228765481656,46.176184337816395,45.549703733439166,117.0,22.049659861322123,97.10132165252266,46.176184337816395,28.98689359003479,38.93892653887623,122.0,29.540932054806035,
5.715476066494082,18.036999011291577,18.036999011291577,18.036999011291577,18.036999011291577,18.036999011291577,18.036999011291577,18.036999011291577,18.036999011291577,18.036999011291577,18.036999011291577,18.036999011291577,34.76588366008646,56.27832620112293,18.036999011291577,28.10298521114399,18.036999011291577,52.58643678110672,18.036999011291577,56.680390495008645,44.01420225336363,92.20222340052327,46.176184337816395,54.46099521676041,
5.715476066494082,18.036999011291577,18.036999011291577,18.036999011291577,18.036999011291577,18.036999011291577,18.036999011291577,18.036999011291577,18.036999011291577,18.036999011291577,18.036999011291577,18.036999011291577,49.22397789695587,39.76100476597642,52.38320341483518,18.036999011291577,26.288043375074455,52.37969695465243,30.342489460600735,37.03941640127365,69.18333132578492,91.82728352728289,31.372599509763294,45.549703733439166,
5.715476066494082,18.036999011291577,18.036999011291577,18.036999011291577,18.036999011291577,18.036999011291577,18.036999011291577,18.036999011291577,18.036999011291577,18.036999011291577,18.036999011291577,18.036999011291577,37.97696670351649,73.22458603501968,46.176184337816395,37.8871680124023,28.40704138061548,77.86552510578734,35.85619425798933,22.105806175452337,76.95886347047146,19.99081421706541,63.23480054526937,18.036999011291577,
5.715476066494082,18.036999011291577,18.036999011291577,18.036999011291577,18.036999011291577,18.036999011291577,18.036999011291577,18.036999011291577,18.036999011291577,18.036999011291577,18.036999011291577,18.036999011291577,92.20222340052327,37.97696670351649,44.35838890972785,40.21740916568346,42.346044679521135,28.007935383466677,18.843068340633803,30.342489460600735,68.54079077454534,91.82728352728289,61.264565115370814,79.73667600295362,
5.715476066494082,18.036999011291577,18.036999011291577,18.036999011291577,18.036999011291577,18.036999011291577,18.036999011291577,18.036999011291577,18.036999011291577,18.036999011291577,18.036999011291577,18.036999011291577,40.187560264340505,35.85619425798933,76.95886347047146,45.58418988363113,44.35838890972785,31.283648551066843,45.59879384369722,49.08835571361773,54.33461143691008,96.39834023467417,68.144204838425,35.85619425798933,
5.715476066494082,18.036999011291577,18.036999011291577,18.036999011291577,18.036999011291577,18.036999011291577,18.036999011291577,18.036999011291577,18.036999011291577,18.036999011291577,18.036999011291577,18.036999011291577,37.446628686705566,37.97696670351649,40.80032679607685,18.036999011291577,35.34206027511407,21.360009363293827,86.60398374208891,28.728852026760666,18.036999011291577,27.85766657092549,16.230834852218784,52.561868307738074,
5.715476066494082,16.230834852218784,18.036999011291577,18.036999011291577,18.036999011291577,18.036999011291577,18.036999011291577,18.036999011291577,18.036999011291577,18.036999011291577,18.036999011291577,18.036999011291577,19.440122616561315,61.253061147994885,52.39694647591594,113.16359838746733,44.35838890972785,28.166173565703478,28.166173565703478,18.036999011291577,64.64260720814613,29.81845897875624,28.498421008891,18.036999011291577,
5.715476066494082,16.230834852218784,18.036999011291577,18.036999011291577,18.036999011291577,18.036999011291577,18.036999011291577,18.036999011291577,18.036999011291577,18.036999011291577,18.036999011291577,18.036999011291577,54.03924499842683,18.036999011291577,40.21740916568346,54.67577159949368,40.21740916568346,34.32497751831242,91.82728352728289,18.036999011291577,57.429992875087954,26.620793877468543,64.91532946846992,36.609425015970956,
5.715476066494082,16.230834852218784,18.036999011291577,18.036999011291577,18.036999011291577,18.036999011291577,18.036999011291577,18.036999011291577,18.036999011291577,18.036999011291577,18.036999011291577,18.036999011291577,46.473409362535236,35.85619425798933,41.3840549004082,37.97696670351649,27.85766657092549,22.105806175452337,52.94100490168278,54.03924499842683,33.635298918447766,59.47478457295999,37.97696670351649,30.919249667480614,
5.715476066494082,16.230834852218784,18.036999011291577,18.036999011291577,18.036999011291577,18.036999011291577,18.036999011291577,18.036999011291577,18.036999011291577,18.036999011291577,18.036999011291577,18.036999011291577,59.938857735751576,46.176184337816395,32.96462750686965,46.176184337816395,29.85381047705636,30.342489460600735,68.02234926845735,40.80032679607685,54.33451941445695,37.97696670351649,31.216819119160228,16.230834852218784,
5.715476066494082,16.230834852218784,16.230834852218784,18.036999011291577,18.036999011291577,18.036999011291577,18.036999011291577,18.036999011291577,18.036999011291577,18.036999011291577,18.036999011291577,18.036999011291577,37.97696670351649,85.00588214941364,57.930288859515784,43.45327950799571,32.949456242351964,30.767948691238203,50.1980079286021,37.97696670351649,18.05103875127412,37.97696670351649,29.58039891549808,46.35011686428993,
5.715476066494082,16.230834852218784,16.230834852218784,18.036999011291577,18.036999011291577,18.036999011291577,18.036999011291577,18.036999011291577,18.036999011291577,18.036999011291577,18.036999011291577,18.036999011291577,95.86839938165235,58.26376804384236,54.12060605721262,55.71074851408837,18.036999011291577,70.44619696382955,40.76312859756013,37.97696670351649,18.036999011291577,45.34538655290804,92.20222340052327,28.98689359003479,
5.715476066494082,16.230834852218784,16.230834852218784,18.036999011291577,18.036999011291577,18.036999011291577,18.036999011291577,18.036999011291577,18.036999011291577,18.036999011291577,18.036999011291577,18.036999011291577,18.036999011291577,48.51460261268422,24.966423733678532,54.03924499842683,41.77244905437075,91.82728352728289,39.564465607101404,68.02234926845735,64.91532946846992,18.036999011291577,26.352182072837916,42.55878287733332,
5.715476066494082,16.230834852218784,16.230834852218784,18.036999011291577,18.036999011291577,18.036999011291577,18.036999011291577,18.036999011291577,18.036999011291577,18.036999011291577,18.036999011291577,18.036999011291577,65.1741257453191,52.589282682512646,18.036999011291577,21.486878563747297,18.036999011291577,31.390019645316144,24.65128699304,18.036999011291577,18.036999011291577,54.03924499842683,19.440122616561315,54.23329235810785,
5.715476066494082,16.230834852218784,16.230834852218784,18.036999011291577,18.036999011291577,18.036999011291577,18.036999011291577,18.036999011291577,18.036999011291577,18.036999011291577,18.036999011291577,18.036999011291577,104.21492215609048,46.176184337816395,76.95886347047146,64.91532946846992,40.21740916568346,110.38417761013879,58.26376804384236,24.055491403558285,51.60077518797561,40.01666319589045,45.110281533149404,46.176184337816395,
5.715476066494082,16.230834852218784,16.230834852218784,18.036999011291577,18.036999011291577,18.036999011291577,18.036999011291577,18.036999011291577,18.036999011291577,18.036999011291577,18.036999011291577,18.036999011291577,21.838898781760953,91.82728352728289,50.519699128161875,18.036999011291577,75.61249896677135,59.47478457295999,20.773915267843844,18.036999011291577,90.23879431818668,44.0,40.69201395851525,34.56530051945158,
5.715476066494082,16.230834852218784,16.230834852218784,18.036999011291577,18.036999011291577,18.036999011291577,18.036999011291577,18.036999011291577,18.036999011291577,18.036999011291577,18.036999011291577,18.036999011291577,19.440122616561315,37.97696670351649,32.36715392278451,64.91532946846992,35.85619425798933,18.036999011291577,18.036999011291577,42.856349199000455,40.17262749684168,54.03924499842683,37.97696670351649,85.00588214941364,
5.715476066494082,16.230834852218784,16.230834852218784,18.036999011291577,18.036999011291577,18.036999011291577,18.036999011291577,18.036999011291577,18.036999011291577,18.036999011291577,18.036999011291577,18.036999011291577,16.990193249832878,54.03924499842683,18.036999011291577,42.71221527073178,32.341923257592455,46.75296782023575,76.95886347047146,18.036999011291577,56.84188596448925,35.85619425798933,31.303953424447844,39.812827386280865,
5.715476066494082,16.230834852218784,16.230834852218784,16.990193249832878,18.036999011291577,18.036999011291577,18.036999011291577,18.036999011291577,18.036999011291577,18.036999011291577,18.036999011291577,18.036999011291577,56.84188596448925,91.11942712725975,111.07655018049489,63.832906874119395,23.820999139414788,95.86839938165235,20.132891827388665,27.747747656341406,22.105806175452337,44.63952844733018,29.85381047705636,28.34935537914792,
5.715476066494082,16.230834852218784,16.230834852218784,16.990193249832878,18.036999011291577,18.036999011291577,18.036999011291577,18.036999011291577,18.036999011291577,18.036999011291577,18.036999011291577,18.036999011291577,75.78093427769284,60.17682278086805,46.176184337816395,74.19056543793153,64.04880951274582,30.95025633733813,18.036999011291577,32.57811126098831,43.00511597473026,18.036999011291577,28.44622119016865,54.33461143691008,
5.715476066494082,16.230834852218784,16.230834852218784,16.990193249832878,18.036999011291577,18.036999011291577,18.036999011291577,18.036999011291577,18.036999011291577,18.036999011291577,18.036999011291577,18.036999011291577,44.01420225336363,41.34053700667179,54.12060605721262,89.850097384477,18.036999011291577,21.360009363293827,62.31522687112677,25.2776581193749,38.93892653887623,45.513075044430906,40.69201395851525,22.049659861322123,
5.715476066494082,16.230834852218784,16.230834852218784,16.990193249832878,18.036999011291577,18.036999011291577,18.036999011291577,18.036999011291577,18.036999011291577,18.036999011291577,18.036999011291577,18.036999011291577,18.036999011291577,28.98689359003479,32.927799805027966,33.34166562526033,43.65131727680163,18.036999011291577,42.871902220452036,27.49545416973504,22.072324299900995,52.94100490168278,72.02388492715454,18.036999011291577,
5.715476066494082,16.230834852218784,16.230834852218784,16.990193249832878,18.036999011291577,18.036999011291577,18.036999011291577,18.036999011291577,18.036999011291577,18.036999011291577,18.036999011291577,18.036999011291577,68.02205524680947,68.02234926845735,20.29577215448919,64.64260720814613,53.63042254375982,98.93755606441873,25.25206262202489,70.02142529254886,34.611233725482826,99.32102832062637,31.216819119160228,28.98689359003479,
5.715476066494082,16.230834852218784,16.230834852218784,16.990193249832878,18.036999011291577,18.036999011291577,18.036999011291577,18.036999011291577,18.036999011291577,18.036999011291577,18.036999011291577,18.036999011291577,54.03924499842683,46.176184337816395,64.64260720814613,40.21740916568346,95.86839938165235,40.95542624336256,18.036999011291577,46.176184337816395,18.036999011291577,18.036999011291577,37.97696670351649,18.036999011291577,
5.715476066494082,16.230834852218784,16.230834852218784,16.990193249832878,18.036999011291577,18.036999011291577,18.036999011291577,18.036999011291577,18.036999011291577,18.036999011291577,18.036999011291577,18.036999011291577,16.230834852218784,28.98689359003479,52.38320341483518,31.733893552477923,30.342489460600735,28.686039965266886,18.036999011291577,71.8656153293539,46.176184337816395,18.036999011291577,103.7364448976347,18.036999011291577,
5.715476066494082,16.230834852218784,16.230834852218784,16.230834852218784,16.990193249832878,18.036999011291577,18.036999011291577,18.036999011291577,18.036999011291577,18.036999011291577,18.036999011291577,18.036999011291577,63.792162528009655,60.860496218811754,66.71831332800113,40.340219797781636,18.036999011291577,60.17682278086805,42.856349199000455,18.036999011291577,48.853249636027286,74.3320253995544,21.134489978863144,27.514359887157106,
5.715476066494082,16.230834852218784,16.230834852218784,16.230834852218784,16.990193249832878,18.036999011291577,18.036999011291577,18.036999011291577,18.036999011291577,18.036999011291577,18.036999011291577,18.036999011291577,22.072324299900995,99.32102832062637,22.814245460202432,72.88861365124185,74.3320253995544,28.98689359003479,28.749273209233856,30.767948691238203,46.639575469766015,32.341923257592455,66.7476591349839,28.98689359003479,
5.715476066494082,16.230834852218784,16.230834852218784,16.230834852218784,16.990193249832878,18.036999011291577,18.036999011291577,18.036999011291577,18.036999011291577,18.036999011291577,18.036999011291577,18.036999011291577,74.3320253995544,84.99803919307001,46.176184337816395,101.85008591061668,33.74574803147919,54.67577159949368,32.341923257592455,73.23004847738392,59.468393251527885,18.036999011291577,28.586491565073178,95.86839938165235,
5.715476066494082,16.230834852218784,16.230834852218784,16.230834852218784,16.990193249832878,18.036999011291577,18.036999011291577,18.036999011291577,18.036999011291577,18.036999011291577,18.036999011291577,18.036999011291577,73.38085581403368,28.437065014988214,45.30960163144231,25.32482850436524,74.39247273750215,106.30823110182955,80.38961248767384,18.036999011291577,36.527006751473934,18.843068340633803,89.91017739944682,51.92918254700337,
5.715476066494082,16.230834852218784,16.230834852218784,16.230834852218784,16.990193249832878,18.036999011291577,18.036999011291577,18.036999011291577,18.036999011291577,18.036999011291577,18.036999011291577,18.036999011291577,49.35212916441625,21.769666220384245,28.437065014988214,115.96551211459379,45.832739390091014,18.036999011291577,33.880944014990774,24.117061451620188,42.93530016198792,18.036999011291577,41.57748789910232,69.39048926185778,
5.715476066494082,16.230834852218784,16.230834852218784,16.230834852218784,16.990193249832878,18.036999011291577,18.036999011291577,18.036999011291577,18.036999011291577,18.036999011291577,18.036999011291577,18.036999011291577,27.514359887157106,18.036999011291577,63.91671877353773,46.176184337816395,37.97696670351649,85.00588214941364,42.335957923889396,44.70167782086037,68.57659950741214,37.97696670351649,129.0,43.14348154704253,
5.715476066494082,16.230834852218784,16.230834852218784,16.230834852218784,16.990193249832878,18.036999011291577,18.036999011291577,18.036999011291577,18.036999011291577,18.036999011291577,18.036999011291577,18.036999011291577,46.176184337816395,37.06666291966408,37.97696670351649,54.03924499842683,18.036999011291577,38.04273912325452,30.964100345465905,68.02234926845735,20.29577215448919,18.036999011291577,75.61249896677135,54.03924499842683,
5.715476066494082,16.230834852218784,16.230834852218784,16.230834852218784,16.990193249832878,18.036999011291577,18.036999011291577,18.036999011291577,18.036999011291577,18.036999011291577,18.036999011291577,18.036999011291577,23.84716964337697,21.86787784931709,16.230834852218784,49.08835571361773,18.036999011291577,48.66419712306629,16.230834852218784,30.919249667480614,60.17682278086805,42.93530016198792,18.036999011291577,28.166173565703478,
5.715476066494082,16.230834852218784,16.230834852218784,16.230834852218784,16.230834852218784,16.230834852218784,16.990193249832878,18.036999011291577,18.036999011291577,18.036999011291577,18.036999011291577,18.036999011291577,104.21492215609048,52.561868307738074,29.970053080244167,85.73214099741124,50.94768558694955,41.91228936720112,22.955119254754482,57.798500557252055,24.67117075995111,28.373600837570756,5.715476066494082,36.90829476177709,
5.715476066494082,5.715476066494082,16.230834852218784,16.230834852218784,16.230834852218784,16.230834852218784,16.230834852218784,16.990193249832878,18.036999011291577,18.036999011291577,18.036999011291577,18.036999011291577,69.1755014437915,45.27899623445732,42.00285704568202,31.512537187602017,31.83289703016886,58.86637410270824,103.7364448976347,54.03924499842683,18.036999011291577,16.230834852218784,37.76559280615094,36.651697624741885,
5.715476066494082,5.715476066494082,16.230834852218784,16.230834852218784,16.230834852218784,16.230834852218784,16.230834852218784,16.230834852218784,16.990193249832878,18.036999011291577,18.036999011291577,18.036999011291577,18.036999011291577,28.964417826015424,37.97696670351649,5.715476066494082,35.08047890209026,27.311506134721657,52.8656363832318,30.919249667480614,56.680390495008645,23.694672396975655,54.12060605721262,48.572969163242774,
5.715476066494082,5.715476066494082,5.715476066494082,16.230834852218784,16.230834852218784,16.230834852218784,16.230834852218784,16.230834852218784,16.230834852218784,16.990193249832878,18.036999011291577,18.036999011291577,31.46296819034941,20.575065816014618,45.513075044430906,46.59871242856394,42.2965719651132,61.7677100109758,43.48304853852915,54.12060605721262,22.94863830382971,73.38085581403368,76.95886347047146,31.941195970094796,
5.715476066494082,5.715476066494082,5.715476066494082,16.230834852218784,16.230834852218784,16.230834852218784,16.230834852218784,16.230834852218784,16.230834852218784,16.990193249832878,18.036999011291577,18.036999011291577,49.91053220002564,80.39849729532847,48.853249636027286,69.39048926185778,35.06660329525326,5.715476066494082,44.0,20.29577215448919,71.8656153293539,43.41298768801797,33.24214192858216,71.16705698565875,
5.715476066494082,5.715476066494082,5.715476066494082,5.715476066494082,16.230834852218784,16.230834852218784,16.230834852218784,16.230834852218784,16.230834852218784,16.230834852218784,16.990193249832878,18.036999011291577,64.04880951274582,33.22179254645962,19.42506971244462,54.75627817885361,25.650292395994242,53.20009398487939,61.59274849092762,41.12598860544887,23.66960075708925,61.39421796879573,46.639575469766015,44.0,
5.715476066494082,5.715476066494082,5.715476066494082,5.715476066494082,16.230834852218784,16.230834852218784,16.230834852218784,16.230834852218784,16.230834852218784,16.230834852218784,16.990193249832878,18.036999011291577,29.776500801806783,97.03731241125756,42.13594071573578,76.95886347047146,45.59879384369722,5.715476066494082,46.639575469766015,64.43019478474359,32.341923257592455,48.792075859371536,69.39048926185778,64.64260720814613,
5.715476066494082,5.715476066494082,5.715476066494082,5.715476066494082,5.715476066494082,16.230834852218784,16.230834852218784,16.230834852218784,16.230834852218784,16.230834852218784,16.230834852218784,16.990193249832878,34.311076928595526,23.944379994757295,44.204072210600685,85.73214099741124,75.31710739710246,85.00588214941364,23.254580413417084,22.464787260658994,27.670067818153687,28.98689359003479,52.38320341483518,40.89544595673215,
5.715476066494082,5.715476066494082,5.715476066494082,5.715476066494082,5.715476066494082,16.230834852218784,16.230834852218784,16.230834852218784,16.230834852218784,16.230834852218784,16.230834852218784,16.990193249832878,16.230834852218784,68.54079077454534,64.04880951274582,20.531818125912658,74.96832664532403,41.91228936720112,68.02234926845735,55.975441043371866,26.009417446732005,21.47867159144935,60.17682278086805,44.0,
5.715476066494082,5.715476066494082,5.715476066494082,5.715476066494082,5.715476066494082,16.230834852218784,16.230834852218784,16.230834852218784,16.230834852218784,16.230834852218784,16.230834852218784,16.230834852218784,55.59352480280415,38.70295037005498,30.424211625960407,52.29005641611032,46.639575469766015,31.110126968561218,102.76510432372784,52.28613582968242,68.02234926845735,58.94647996275944,40.780387442985386,47.573627147822144,
5.715476066494082,5.715476066494082,5.715476066494082,5.715476066494082,5.715476066494082,16.230834852218784,16.230834852218784,16.230834852218784,16.230834852218784,16.230834852218784,16.230834852218784,16.230834852218784,32.485724773346014,46.90328738315619,23.11384866265244,75.61249896677135,16.230834852218784,5.715476066494082,48.853249636027286,29.85381047705636,31.44900634360329,107.63208939097423,22.403961703234543,74.7283971013251,
5.715476066494082,5.715476066494082,5.715476066494082,5.715476066494082,5.715476066494082,5.715476066494082,16.230834852218784,16.230834852218784,16.230834852218784,16.230834852218784,16.230834852218784,16.230834852218784,5.715476066494082,76.95886347047146,68.57659950741214,30.342489460600735,76.95886347047146,70.37044834303673,37.446628686705566,76.95886347047146,44.0,70.33728266952977,76.95886347047146,16.230834852218784,
5.715476066494082,5.715476066494082,5.715476066494082,5.715476066494082,5.715476066494082,5.715476066494082,5.715476066494082,16.230834852218784,16.230834852218784,16.230834852218784,16.230834852218784,16.230834852218784,60.17682278086805,97.10132165252266,54.33461143691008,38.2172735814579,23.66960075708925,48.51460261268422,97.06204201437346,5.715476066494082,41.22297094258653,5.715476066494082,82.51212032180484,37.97696670351649,
5.715476066494082,5.715476066494082,5.715476066494082,5.715476066494082,5.715476066494082,5.715476066494082,5.715476066494082,5.715476066494082,5.715476066494082,16.230834852218784,16.230834852218784,16.230834852218784,23.66960075708925,5.715476066494082,97.06204201437346,58.86637410270824,85.00588214941364,48.51460261268422,32.63944443971639,5.715476066494082,53.57860269423482,59.95553908244564,39.778553685790705,107.63208939097423,
5.715476066494082,5.715476066494082,5.715476066494082,5.715476066494082,5.715476066494082,5.715476066494082,5.715476066494082,5.715476066494082,5.715476066494082,5.715476066494082,5.715476066494082,16.230834852218784,76.95886347047146,76.43788327786164,5.715476066494082,5.715476066494082,5.715476066494082,46.176184337816395,46.43533137601152,37.56789771567622,22.94863830382971,91.91213195220749,38.93892653887623,69.39048926185778,
5.715476066494082,5.715476066494082,5.715476066494082,5.715476066494082,5.715476066494082,5.715476066494082,5.715476066494082,5.715476066494082,5.715476066494082,5.715476066494082,5.715476066494082,5.715476066494082,92.20222340052327,46.75296782023575,44.0,44.0,44.0,54.33461143691008,54.69405817819701,58.86637410270824,5.715476066494082,58.86637410270824,5.715476066494082,45.40099117860754,
5.715476066494082,5.715476066494082,5.715476066494082,5.715476066494082,5.715476066494082,5.715476066494082,5.715476066494082,5.715476066494082,5.715476066494082,5.715476066494082,5.715476066494082,5.715476066494082,30.663496212923928,30.342489460600735,97.10132165252266,5.715476066494082,44.594469014292194,36.10980984922156,76.95886347047146,21.360009363293827,44.0,44.0,64.91532946846992,33.635298918447766,
5.715476066494082,5.715476066494082,5.715476066494082,5.715476066494082,5.715476066494082,5.715476066494082,5.715476066494082,5.715476066494082,5.715476066494082,5.715476066494082,5.715476066494082,5.715476066494082,71.68158759402584,64.04880951274582,32.53747839031168,53.30279073369424,5.715476066494082,37.446628686705566,81.3956387038028,75.61249896677135,5.715476066494082,40.21740916568346,63.697307154820216,40.03824702069005,
5.715476066494082,5.715476066494082,5.715476066494082,5.715476066494082,5.715476066494082,5.715476066494082,5.715476066494082,5.715476066494082,5.715476066494082,5.715476066494082,5.715476066494082,5.715476066494082,51.0,74.27482749895822,40.012997888186284,63.70431696517905,5.715476066494082,5.715476066494082,44.0,24.839484696748443,126.57277221688189,31.941195970094796,55.896668058123105,70.81842980467725,
5.715476066494082,5.715476066494082,5.715476066494082,5.715476066494082,5.715476066494082,5.715476066494082,5.715476066494082,5.715476066494082,5.715476066494082,5.715476066494082,5.715476066494082,5.715476066494082,48.738485819729775,43.347894989261015,99.32102832062637,34.76588366008646,32.63944443971639,52.33877089477275,5.715476066494082,95.65955258101513,5.715476066494082,20.561128373705564,48.51460261268422,44.0,
5.715476066494082,5.715476066494082,5.715476066494082,5.715476066494082,5.715476066494082,5.715476066494082,5.715476066494082,5.715476066494082,5.715476066494082,5.715476066494082,5.715476066494082,5.715476066494082,5.715476066494082,55.788290288673785,68.57659950741214,81.3956387038028,75.61249896677135,76.36712316173761,48.874200760728556,32.48753607154596,40.68244368876821,5.715476066494082,45.36518488885502,80.39849729532847,
5.715476066494082,5.715476066494082,5.715476066494082,5.715476066494082,5.715476066494082,5.715476066494082,5.715476066494082,5.715476066494082,5.715476066494082,5.715476066494082,5.715476066494082,5.715476066494082,29.140821882712917,48.51460261268422,5.715476066494082,23.11384866265244,40.21740916568346,41.760248650444346,22.464787260658994,68.54079077454534,70.06901359849921,40.02299339129946,75.61249896677135,75.61249896677135,
5.715476066494082,5.715476066494082,5.715476066494082,5.715476066494082,5.715476066494082,5.715476066494082,5.715476066494082,5.715476066494082,5.715476066494082,5.715476066494082,5.715476066494082,5.715476066494082,51.0,51.0,5.715476066494082,39.82775414205526,34.49985507215936,28.62586243242289,43.339743115682325,55.627668475319005,59.23399924592857,5.715476066494082,40.21740916568346,5.715476066494082,
5.715476066494082,5.715476066494082,5.715476066494082,5.715476066494082,5.715476066494082,5.715476066494082,5.715476066494082,5.715476066494082,5.715476066494082,5.715476066494082,5.715476066494082,5.715476066494082,54.67577159949368,5.715476066494082,36.99662146737185,68.02234926845735,48.51460261268422,95.86839938165235,38.742741255621034,5.715476066494082,5.715476066494082,5.715476066494082,47.51673389449237,45.86120364752761,
5.715476066494082,5.715476066494082,5.715476066494082,5.715476066494082,5.715476066494082,5.715476066494082,5.715476066494082,5.715476066494082,5.715476066494082,5.715476066494082,5.715476066494082,5.715476066494082,5.715476066494082,31.535532275805455,39.05551604233816,89.98799919989331,32.83089655484664,30.33545780106178,31.540061987955596,34.76588366008646,37.446628686705566,5.715476066494082,51.65500943761408,5.715476066494082,
5.715476066494082,5.715476066494082,5.715476066494082,5.715476066494082,5.715476066494082,5.715476066494082,5.715476066494082,5.715476066494082,5.715476066494082,5.715476066494082,5.715476066494082,5.715476066494082,34.311076928595526,76.95886347047146,5.715476066494082,64.04880951274582,62.755398174181,35.1536310752926,75.88313383091133,97.10132165252266,31.448370387032774,23.094010767585033,23.11384866265244,55.0,
5.715476066494082,5.715476066494082,5.715476066494082,5.715476066494082,5.715476066494082,5.715476066494082,5.715476066494082,5.715476066494082,5.715476066494082,5.715476066494082,5.715476066494082,5.715476066494082,37.446628686705566,23.11384866265244,34.73230964582306,76.95886347047146,68.02234926845735,19.299994712910348,95.14536247237697,59.23399924592857,25.72469630530164,45.915574699659366,37.03941640127365,41.48911831764457,
5.715476066494082,5.715476066494082,5.715476066494082,5.715476066494082,5.715476066494082,5.715476066494082,5.715476066494082,5.715476066494082,5.715476066494082,5.715476066494082,5.715476066494082,5.715476066494082,32.48753607154596,59.34575273216221,54.75627817885361,68.5036495378166,67.69231861888024,54.33461143691008,5.715476066494082,44.0,32.48753607154596,34.68909530866052,30.223169919781743,95.86839938165235,
5.715476066494082,5.715476066494082,5.715476066494082,5.715476066494082,5.715476066494082,5.715476066494082,5.715476066494082,5.715476066494082,5.715476066494082,5.715476066494082,5.715476066494082,5.715476066494082,29.04203849594584,37.44115382837447,51.0,28.98689359003479,48.853249636027286,68.02234926845735,97.10132165252266,34.311076928595526,76.95886347047146,20.132891827388665,35.63992258174326,34.311076928595526,
5.715476066494082,5.715476066494082,5.715476066494082,5.715476066494082,5.715476066494082,5.715476066494082,5.715476066494082,5.715476066494082,5.715476066494082,5.715476066494082,5.715476066494082,5.715476066494082,5.715476066494082,35.0526389876711,97.83276547251437,44.0,75.14818693754361,53.80752735445107,41.0460169834307,37.446628686705566,64.04880951274582,5.715476066494082,34.68909530866052,60.860496218811754,
5.715476066494082,5.715476066494082,5.715476066494082,5.715476066494082,5.715476066494082,5.715476066494082,5.715476066494082,5.715476066494082,5.715476066494082,5.715476066494082,5.715476066494082,5.715476066494082,68.02234926845735,55.418859605733495,5.715476066494082,97.10132165252266,23.825042561582645,64.91532946846992,49.493763779502814,44.07947368106838,44.18375359374363,59.23399924592857,5.715476066494082,48.72627627882106,
5.715476066494082,5.715476066494082,5.715476066494082,5.715476066494082,5.715476066494082,5.715476066494082,5.715476066494082,5.715476066494082,5.715476066494082,5.715476066494082,5.715476066494082,5.715476066494082,69.39048926185778,5.715476066494082,34.49985507215936,29.776500801806783,37.446628686705566,64.91532946846992,33.306860235926024,44.0,80.12261012386719,46.22217861501519,46.39185361281281,40.12065137390801,
5.715476066494082,5.715476066494082,5.715476066494082,5.715476066494082,5.715476066494082,5.715476066494082,5.715476066494082,5.715476066494082,5.715476066494082,5.715476066494082,5.715476066494082,5.715476066494082,5.715476066494082,27.659740137785025,18.05103875127412,44.0,30.919249667480614,24.37083297714709,44.0,76.95886347047146,107.63208939097423,59.93051532121734,5.715476066494082,34.311076928595526,
5.715476066494082,5.715476066494082,5.715476066494082,5.715476066494082,5.715476066494082,5.715476066494082,5.715476066494082,5.715476066494082,5.715476066494082,5.715476066494082,5.715476066494082,5.715476066494082,32.53747839031168,44.0,63.304344242713704,46.639575469766015,76.95886347047146,54.33461143691008,23.11384866265244,35.72580766523457,29.85381047705636,5.715476066494082,76.95886347047146,43.98484587521783,
5.715476066494082,5.715476066494082,5.715476066494082,5.715476066494082,5.715476066494082,5.715476066494082,5.715476066494082,5.715476066494082,5.715476066494082,5.715476066494082,5.715476066494082,5.715476066494082,72.84119713458861,59.34575273216221,5.715476066494082,97.10132165252266,5.715476066494082,72.88861365124185,71.68158759402584,48.51460261268422,44.0,54.23329235810785,59.91104516976259,5.715476066494082,
5.715476066494082,5.715476066494082,5.715476066494082,5.715476066494082,5.715476066494082,5.715476066494082,5.715476066494082,5.715476066494082,5.715476066494082,5.715476066494082,5.715476066494082,5.715476066494082,40.1024198974657,57.429992875087954,109.45889639494818,76.95886347047146,74.79806147220661,51.0,63.7011773831536,76.95886347047146,48.1605388258894,55.830647716910796,63.304344242713704,70.37044834303673,
5.715476066494082,5.715476066494082,5.715476066494082,5.715476066494082,5.715476066494082,5.715476066494082,5.715476066494082,5.715476066494082,5.715476066494082,5.715476066494082,5.715476066494082,5.715476066494082,5.715476066494082,76.95886347047146,5.715476066494082,34.01960219246153,74.79806147220661,29.85381047705636,39.72824352187413,44.0,74.09678355592321,58.73670062235365,29.85381047705636,76.95886347047146,
5.715476066494082,5.715476066494082,5.715476066494082,5.715476066494082,5.715476066494082,5.715476066494082,5.715476066494082,5.715476066494082,5.715476066494082,5.715476066494082,5.715476066494082,5.715476066494082,36.255893257763866,48.72627627882106,89.91017739944682,28.98689359003479,19.68643074697787,76.95886347047146,70.37044834303673,55.985117069926126,44.0,91.82728352728289,5.715476066494082,28.98689359003479,
5.715476066494082,5.715476066494082,5.715476066494082,5.715476066494082,5.715476066494082,5.715476066494082,5.715476066494082,5.715476066494082,5.715476066494082,5.715476066494082,5.715476066494082,5.715476066494082,84.7014364301653,21.360009363293827,70.50843921120365,32.19068188156318,80.39849729532847,65.74982889711576,5.715476066494082,5.715476066494082,44.0,5.715476066494082,38.72552990814544,33.33226664959945,
5.715476066494082,5.715476066494082,5.715476066494082,5.715476066494082,5.715476066494082,5.715476066494082,5.715476066494082,5.715476066494082,5.715476066494082,5.715476066494082,5.715476066494082,5.715476066494082,39.82775414205526,5.715476066494082,56.680390495008645,5.715476066494082,81.3956387038028,47.82920293148553,44.0,44.0,5.715476066494082,5.715476066494082,76.95886347047146,52.445112221429824,
5.715476066494082,5.715476066494082,5.715476066494082,5.715476066494082,5.715476066494082,5.715476066494082,5.715476066494082,5.715476066494082,5.715476066494082,5.715476066494082,5.715476066494082,5.715476066494082,34.28749995349944,27.49545416973504,34.49985507215936,37.446628686705566,59.03440712406449,5.715476066494082,51.20790954530364,5.715476066494082,54.33461143691008,69.39048926185778,58.28092884183184,5.715476066494082,
5.715476066494082,5.715476066494082,5.715476066494082,5.715476066494082,5.715476066494082,5.715476066494082,5.715476066494082,5.715476066494082,5.715476066494082,5.715476066494082,5.715476066494082,5.715476066494082,54.75627817885361,5.715476066494082,52.94100490168278,40.21740916568346,44.0,26.628203553559445,44.0,76.95886347047146,76.95886347047146,18.991226044325487,74.79806147220661,5.715476066494082,
5.715476066494082,5.715476066494082,5.715476066494082,5.715476066494082,5.715476066494082,5.715476066494082,5.715476066494082,5.715476066494082,5.715476066494082,5.715476066494082,5.715476066494082,5.715476066494082,39.82775414205526,5.715476066494082,113.16359838746733,44.0,44.0,27.95420361949165,76.95886347047146,37.44115382837447,74.3320253995544,60.92892033618627,44.0,31.535532275805455,
5.715476066494082,5.715476066494082,5.715476066494082,5.715476066494082,5.715476066494082,5.715476066494082,5.715476066494082,5.715476066494082,5.715476066494082,5.715476066494082,5.715476066494082,5.715476066494082,19.113694915775266,39.82775414205526,60.37935629556402,95.86839938165235,40.12065137390801,44.0,46.176184337816395,5.715476066494082,5.715476066494082,5.715476066494082,5.715476066494082,44.0,
5.715476066494082,5.715476066494082,5.715476066494082,5.715476066494082,5.715476066494082,5.715476066494082,5.715476066494082,5.715476066494082,5.715476066494082,5.715476066494082,5.715476066494082,5.715476066494082,79.49238957283897,34.311076928595526,97.10132165252266,73.53910524340094,28.917193529674574,64.35254462723289,89.91017739944682,89.91017739944682,28.98689359003479,76.95886347047146,26.43860813280457,49.493763779502814,
5.715476066494082,5.715476066494082,5.715476066494082,5.715476066494082,5.715476066494082,5.715476066494082,5.715476066494082,5.715476066494082,5.715476066494082,5.715476066494082,5.715476066494082,5.715476066494082,5.715476066494082,39.44933459514875,75.61249896677135,44.0,30.223169919781743,48.72627627882106,63.304344242713704,5.715476066494082,58.86637410270824,24.37083297714709,65.72244669821718,95.86839938165235,
5.715476066494082,5.715476066494082,5.715476066494082,5.715476066494082,5.715476066494082,5.715476066494082,5.715476066494082,5.715476066494082,5.715476066494082,5.715476066494082,5.715476066494082,5.715476066494082,36.483711769634894,33.820703718284754,5.715476066494082,28.98689359003479,37.46109092556346,5.715476066494082,5.715476066494082,5.715476066494082,40.03824702069005,54.46099521676041,51.20790954530364,40.12065137390801,
5.715476066494082,5.715476066494082,5.715476066494082,5.715476066494082,5.715476066494082,5.715476066494082,5.715476066494082,5.715476066494082,5.715476066494082,5.715476066494082,5.715476066494082,5.715476066494082,44.0,43.339743115682325,63.304344242713704,5.715476066494082,5.715476066494082,44.17405277734329,101.3274395215827,41.01625693957621,5.715476066494082,26.124505658832422,25.337718918639855,50.05914868779671,
5.715476066494082,5.715476066494082,5.715476066494082,5.715476066494082,5.715476066494082,5.715476066494082,5.715476066494082,5.715476066494082,5.715476066494082,5.715476066494082,5.715476066494082,5.715476066494082,76.95886347047146,39.72824352187413,5.715476066494082,44.0,63.77564843522435,29.58039891549808,38.72552990814544,44.0,39.82775414205526,55.418859605733495,52.528563658261206,69.39048926185778,
5.715476066494082,5.715476066494082,5.715476066494082,5.715476066494082,5.715476066494082,5.715476066494082,5.715476066494082,5.715476066494082,5.715476066494082,5.715476066494082,5.715476066494082,5.715476066494082,89.850097384477,97.10132165252266,37.90482172763884,34.01960219246153,48.4802365230754,48.51460261268422,76.95886347047146,5.715476066494082,5.715476066494082,76.95886347047146,32.28560050548851,28.130647581122858,
5.715476066494082,5.715476066494082,5.715476066494082,5.715476066494082,5.715476066494082,5.715476066494082,5.715476066494082,5.715476066494082,5.715476066494082,5.715476066494082,5.715476066494082,5.715476066494082,63.304344242713704,31.05539405642762,32.44650227996974,33.33226664959945,44.0,29.85381047705636,45.924285514311485,5.715476066494082,75.61249896677135,95.64648451459155,5.715476066494082,37.13937712635113,
5.715476066494082,5.715476066494082,5.715476066494082,5.715476066494082,5.715476066494082,5.715476066494082,5.715476066494082,5.715476066494082,5.715476066494082,5.715476066494082,5.715476066494082,5.715476066494082,34.49985507215936,34.49637662132068,5.715476066494082,5.715476066494082,60.011110082495,5.715476066494082,5.715476066494082,119.61883909596627,21.360009363293827,90.24987534617429,33.820703718284754,44.0,
5.715476066494082,5.715476066494082,5.715476066494082,5.715476066494082,5.715476066494082,5.715476066494082,5.715476066494082,5.715476066494082,5.715476066494082,5.715476066494082,5.715476066494082,5.715476066494082,5.715476066494082,30.223169919781743,56.89850613153213,76.95886347047146,44.0,37.34077306823378,75.61249896677135,5.715476066494082,44.0,44.0,37.44115382837447,44.0,
5.715476066494082,5.715476066494082,5.715476066494082,5.715476066494082,5.715476066494082,5.715476066494082,5.715476066494082,5.715476066494082,5.715476066494082,5.715476066494082,5.715476066494082,5.715476066494082,44.0,5.715476066494082,34.437769962644204,34.311076928595526,76.95886347047146,89.91017739944682,32.53674845463203,40.12065137390801,48.72627627882106,42.216159010888866,5.715476066494082,44.0,
5.715476066494082,5.715476066494082,5.715476066494082,5.715476066494082,5.715476066494082,5.715476066494082,5.715476066494082,5.715476066494082,5.715476066494082,5.715476066494082,5.715476066494082,5.715476066494082,27.514359887157106,44.0,19.68643074697787,5.715476066494082,34.478623960420485,69.39048926185778,54.69405817819701,37.446628686705566,5.715476066494082,76.95886347047146,70.81842980467725,76.95886347047146,
5.715476066494082,5.715476066494082,5.715476066494082,5.715476066494082,5.715476066494082,5.715476066494082,5.715476066494082,5.715476066494082,5.715476066494082,5.715476066494082,5.715476066494082,5.715476066494082,55.0,44.0,44.0,107.63208939097423,32.11956828269438,39.44933459514875,36.255893257763866,55.0,34.311076928595526,69.39048926185778,5.715476066494082,70.37044834303673,
5.715476066494082,5.715476066494082,5.715476066494082,5.715476066494082,5.715476066494082,5.715476066494082,5.715476066494082,5.715476066494082,5.715476066494082,5.715476066494082,5.715476066494082,5.715476066494082,5.715476066494082,5.715476066494082,51.20790954530364,23.11384866265244,5.715476066494082,76.95886347047146,36.24913792078372,34.623337652573035,55.0,40.12065137390801,5.715476066494082,5.715476066494082,
5.715476066494082,5.715476066494082,5.715476066494082,5.715476066494082,5.715476066494082,5.715476066494082,5.715476066494082,5.715476066494082,5.715476066494082,5.715476066494082,5.715476066494082,5.715476066494082,5.715476066494082,61.24268663821556,28.62586243242289,44.0,51.0,43.17684564671208,80.17948615450214,24.67665901211102,76.95886347047146,34.91914859751753,34.311076928595526,22.94863830382971,
5.715476066494082,5.715476066494082,5.715476066494082,5.715476066494082,5.715476066494082,5.715476066494082,5.715476066494082,5.715476066494082,5.715476066494082,5.715476066494082,5.715476066494082,5.715476066494082,34.49985507215936,48.72627627882106,23.11384866265244,5.715476066494082,29.85381047705636,70.37044834303673,97.10132165252266,37.56789771567622,36.89173349139343,70.91309235019064,39.44933459514875,5.715476066494082,
5.715476066494082,5.715476066494082,5.715476066494082,5.715476066494082,5.715476066494082,5.715476066494082,5.715476066494082,5.715476066494082,5.715476066494082,5.715476066494082,5.715476066494082,5.715476066494082,51.0,86.3751507475771,65.72244669821718,40.30198506277327,64.75144786026024,44.0,97.10132165252266,27.514359887157106,32.53747839031168,37.44115382837447,5.715476066494082,101.3274395215827,
5.715476066494082,5.715476066494082,5.715476066494082,5.715476066494082,5.715476066494082,5.715476066494082,5.715476066494082,5.715476066494082,5.715476066494082,5.715476066494082,5.715476066494082,5.715476066494082,44.0,76.95886347047146,40.12065137390801,111.07655018049489,76.95886347047146,56.89850613153213,34.76588366008646,48.72627627882106,80.12261012386719,89.91017739944682,28.130647581122858,56.90202105373763,
5.715476066494082,5.715476066494082,5.715476066494082,5.715476066494082,5.715476066494082,5.715476066494082,5.715476066494082,5.715476066494082,5.715476066494082,5.715476066494082,5.715476066494082,5.715476066494082,31.372599509763294,66.38554059431918,46.27137343974134,5.715476066494082,37.446628686705566,29.85381047705636,84.71127433818948,40.21740916568346,63.304344242713704,40.12065137390801,21.360009363293827,77.77317446695015,
5.715476066494082,5.715476066494082,5.715476066494082,5.715476066494082,5.715476066494082,5.715476066494082,5.715476066494082,5.715476066494082,5.715476066494082,5.715476066494082,5.715476066494082,5.715476066494082,5.715476066494082,44.594469014292194,75.61249896677135,29.85381047705636,5.715476066494082,28.98689359003479,35.85619425798933,108.59212678642959,81.91255500023587,65.1741257453191,44.0,5.715476066494082,
5.715476066494082,5.715476066494082,5.715476066494082,5.715476066494082,5.715476066494082,5.715476066494082,5.715476066494082,5.715476066494082,5.715476066494082,5.715476066494082,5.715476066494082,5.715476066494082,45.1848057057532,67.69231861888024,5.715476066494082,49.72966921265413,37.446628686705566,53.30982554839211,97.10132165252266,81.3956387038028,57.429992875087954,97.10132165252266,76.8261023350788,63.304344242713704,
5.715476066494082,5.715476066494082,5.715476066494082,5.715476066494082,5.715476066494082,5.715476066494082,5.715476066494082,5.715476066494082,5.715476066494082,5.715476066494082,5.715476066494082,5.715476066494082,20.561128373705564,44.0,81.3956387038028,57.40760100423309,32.87011476165614,44.0,37.44115382837447,5.715476066494082,97.10132165252266,37.446628686705566,37.446628686705566,69.39048926185778,
5.715476066494082,5.715476066494082,5.715476066494082,5.715476066494082,5.715476066494082,5.715476066494082,5.715476066494082,5.715476066494082,5.715476066494082,5.715476066494082,5.715476066494082,5.715476066494082,69.39048926185778,5.715476066494082,21.360009363293827,32.48753607154596,5.715476066494082,23.75570107012911,89.91017739944682,63.50852961085884,5.715476066494082,5.715476066494082,51.20790954530364,52.38320341483518,
5.715476066494082,5.715476066494082,5.715476066494082,5.715476066494082,5.715476066494082,5.715476066494082,5.715476066494082,5.715476066494082,5.715476066494082,5.715476066494082,5.715476066494082,5.715476066494082,97.10132165252266,25.002222123465568,89.91017739944682,44.0,5.715476066494082,32.914029430219166,69.33282051092397,51.05134670114002,31.450136901309524,34.437769962644204,40.03824702069005,47.573627147822144,
5.715476066494082,5.715476066494082,5.715476066494082,5.715476066494082,5.715476066494082,5.715476066494082,5.715476066494082,5.715476066494082,5.715476066494082,5.715476066494082,5.715476066494082,5.715476066494082,36.533090023520685,59.23399924592857,44.0,5.715476066494082,5.715476066494082,69.06113233939912,5.715476066494082,29.0746166498087,52.94100490168278,70.37044834303673,46.75296782023575,32.53747839031168,
5.715476066494082,5.715476066494082,5.715476066494082,5.715476066494082,5.715476066494082,5.715476066494082,5.715476066494082,5.715476066494082,5.715476066494082,5.715476066494082,5.715476066494082,5.715476066494082,64.91532946846992,28.784718167805636,76.95886347047146,26.320628985722998,52.94100490168278,43.921079500506316,35.296458745885545,59.23399924592857,50.355403549834314,21.360009363293827,51.0,75.61249896677135,
5.715476066494082,5.715476066494082,5.715476066494082,5.715476066494082,5.715476066494082,5.715476066494082,5.715476066494082,5.715476066494082,5.715476066494082,5.715476066494082,5.715476066494082,5.715476066494082,42.2965719651132,27.16991132912754,43.15379473464645,76.95886347047146,5.715476066494082,83.21808697632986,38.610562158612524,82.19148374375534,31.738729318854435,34.938040395343684,27.16991132912754,76.95886347047146,
5.715476066494082,5.715476066494082,5.715476066494082,5.715476066494082,5.715476066494082,5.715476066494082,5.715476066494082,5.715476066494082,5.715476066494082,5.715476066494082,5.715476066494082,5.715476066494082,5.715476066494082,29.58039891549808,74.79806147220661,95.86839938165235,44.0,44.0,31.076965388817772,97.10132165252266,42.67054616716408,76.95886347047146,84.62466149612258,37.44115382837447,
5.715476066494082,5.715476066494082,5.715476066494082,5.715476066494082,5.715476066494082,5.715476066494082,5.715476066494082,5.715476066494082,5.715476066494082,5.715476066494082,5.715476066494082,5.715476066494082,32.47522132334128,40.12065137390801,23.026940743398807,46.59871242856394,44.0,25.560386016907753,38.93892653887623,5.715476066494082,44.0,5.715476066494082,24.37083297714709,41.55448844835034,
5.715476066494082,5.715476066494082,5.715476066494082,5.715476066494082,5.715476066494082,5.715476066494082,5.715476066494082,5.715476066494082,5.715476066494082,5.715476066494082,5.715476066494082,5.715476066494082,101.65259465453894,46.15553415716617,130.0,82.3164625090267,50.44838946884231,52.561868307738074,55.418859605733495,23.11384866265244,54.75627817885361,22.72012503558581,64.64260720814613,30.33545780106178,
5.715476066494082,5.715476066494082,5.715476066494082,5.715476066494082,5.715476066494082,5.715476066494082,5.715476066494082,5.715476066494082,5.715476066494082,5.715476066494082,5.715476066494082,5.715476066494082,42.269226394624255,70.37044834303673,69.39048926185778,28.98689359003479,54.75627817885361,33.820703718284754,29.85381047705636,74.7127833774114,101.43101103705908,5.715476066494082,31.928631351813376,38.04273912325452,
5.715476066494082,5.715476066494082,5.715476066494082,5.715476066494082,5.715476066494082,5.715476066494082,5.715476066494082,5.715476066494082,5.715476066494082,5.715476066494082,5.715476066494082,5.715476066494082,129.0,55.418859605733495,5.715476066494082,55.841203425427715,69.39048926185778,44.0,5.715476066494082,5.715476066494082,38.83860836847788,5.715476066494082,47.82920293148553,34.36083041293774,
5.715476066494082,5.715476066494082,5.715476066494082,5.715476066494082,5.715476066494082,5.715476066494082,5.715476066494082,5.715476066494082,5.715476066494082,5.715476066494082,5.715476066494082,5.715476066494082,5.715476066494082,32.53747839031168,44.84016057063132,55.0,40.08350658313217,75.61249896677135,49.72966921265413,26.320628985722998,34.49985507215936,90.06131244879789,30.118773146789504,107.63208939097423,
5.715476066494082,5.715476066494082,5.715476066494082,5.715476066494082,5.715476066494082,5.715476066494082,5.715476066494082,5.715476066494082,5.715476066494082,5.715476066494082,5.715476066494082,5.715476066494082,25.712081034235855,76.95886347047146,5.715476066494082,64.91532946846992,5.715476066494082,44.0,56.25157775565055,36.96873679205174,5.715476066494082,48.039983347207766,30.33545780106178,29.324690961713475,
5.715476066494082,5.715476066494082,5.715476066494082,5.715476066494082,5.715476066494082,5.715476066494082,5.715476066494082,5.715476066494082,5.715476066494082,5.715476066494082,5.715476066494082,5.715476066494082,32.53747839031168,84.62466149612258,27.488773218556418,67.82480432432263,76.95886347047146,52.94100490168278,28.98689359003479,63.304344242713704,61.329030646179305,64.35254462723289,20.561128373705564,76.95886347047146,
5.715476066494082,5.715476066494082,5.715476066494082,5.715476066494082,5.715476066494082,5.715476066494082,5.715476066494082,5.715476066494082,5.715476066494082,5.715476066494082,5.715476066494082,5.715476066494082,97.10132165252266,99.0,111.07655018049489,89.91017739944682,56.03272853133842,70.37044834303673,21.360009363293827,37.36963735331622,69.39048926185778,51.20790954530364,44.0,61.83783928426784,
5.715476066494082,5.715476066494082,5.715476066494082,5.715476066494082,5.715476066494082,5.715476066494082,5.715476066494082,5.715476066494082,5.715476066494082,5.715476066494082,5.715476066494082,5.715476066494082,45.90570044486124,28.98689359003479,50.05914868779671,57.75162335380712,76.95886347047146,5.715476066494082,76.95886347047146,27.16991132912754,61.7677100109758,60.011110082495,45.36518488885502,53.20009398487939,
5.715476066494082,5.715476066494082,5.715476066494082,5.715476066494082,5.715476066494082,5.715476066494082,5.715476066494082,5.715476066494082,5.715476066494082,5.715476066494082,5.715476066494082,5.715476066494082,5.715476066494082,44.0,39.72125095937662,48.72627627882106,29.78814081699852,5.715476066494082,42.73410911242509,89.91017739944682,46.75296782023575,29.85381047705636,89.91017739944682,37.44115382837447,
5.715476066494082,5.715476066494082,5.715476066494082,5.715476066494082,5.715476066494082,5.715476066494082,5.715476066494082,5.715476066494082,5.715476066494082,5.715476066494082,5.715476066494082,5.715476066494082,76.95886347047146,75.61249896677135,41.92776526360545,57.295287764352835,37.94733192202055,35.85619425798933,37.56789771567622,76.95886347047146,44.84016057063132,5.715476066494082,21.360009363293827,26.320628985722998,
5.715476066494082,5.715476066494082,5.715476066494082,5.715476066494082,5.715476066494082,5.715476066494082,5.715476066494082,5.715476066494082,5.715476066494082,5.715476066494082,5.715476066494082,5.715476066494082,28.130647581122858,84.62466149612258,75.61249896677135,87.4066265642768,29.454296045832695,44.0,75.61249896677135,51.20790954530364,5.715476066494082,52.76826504555904,44.0,28.243334619219862,
5.715476066494082,5.715476066494082,5.715476066494082,5.715476066494082,5.715476066494082,5.715476066494082,5.715476066494082,5.715476066494082,5.715476066494082,5.715476066494082,5.715476066494082,5.715476066494082,27.738736452837934,39.46441435014588,5.715476066494082,76.95886347047146,63.304344242713704,69.39048926185778,68.92568461756474,29.17761699202547,44.594469014292194,107.63208939097423,29.43920288775949,5.715476066494082,
5.715476066494082,5.715476066494082,5.715476066494082,5.715476066494082,5.715476066494082,5.715476066494082,5.715476066494082,5.715476066494082,5.715476066494082,5.715476066494082,5.715476066494082,5.715476066494082,75.61249896677135,27.831547591219465,44.0,70.02856560004639,25.93376177880872,43.829670315894454,32.914029430219166,71.16705698565875,5.715476066494082,44.0,41.79314138308661,56.89850613153213,
5.715476066494082,5.715476066494082,5.715476066494082,5.715476066494082,5.715476066494082,5.715476066494082,5.715476066494082,5.715476066494082,5.715476066494082,5.715476066494082,5.715476066494082,5.715476066494082,5.715476066494082,36.23478991245844,86.3751507475771,39.164269430183424,52.94100490168278,5.715476066494082,55.132863639223615,63.304344242713704,40.82616208026517,76.95886347047146,40.21740916568346,39.84553509073089,
5.715476066494082,5.715476066494082,5.715476066494082,5.715476066494082,5.715476066494082,5.715476066494082,5.715476066494082,5.715476066494082,5.715476066494082,5.715476066494082,5.715476066494082,5.715476066494082,54.297697925418525,23.11384866265244,21.360009363293827,63.304344242713704,32.48753607154596,70.06901359849921,129.0,40.65300316909769,95.86839938165235,43.199584276155406,38.401041652538545,75.61249896677135,
5.715476066494082,5.715476066494082,5.715476066494082,5.715476066494082,5.715476066494082,5.715476066494082,5.715476066494082,5.715476066494082,5.715476066494082,5.715476066494082,5.715476066494082,5.715476066494082,76.95886347047146,41.31634059303897,44.0,5.715476066494082,5.715476066494082,74.79806147220661,54.93120697745499,5.715476066494082,5.715476066494082,95.14536247237697,71.00873185742722,44.0,
5.715476066494082,5.715476066494082,5.715476066494082,5.715476066494082,5.715476066494082,5.715476066494082,5.715476066494082,5.715476066494082,5.715476066494082,5.715476066494082,5.715476066494082,5.715476066494082,76.07785485934787,76.95886347047146,69.06113233939912,76.95886347047146,45.42950583046221,37.44115382837447,119.65784554303157,70.37044834303673,73.38085581403368,5.715476066494082,69.39048926185778,5.715476066494082,
5.715476066494082,5.715476066494082,5.715476066494082,5.715476066494082,5.715476066494082,5.715476066494082,5.715476066494082,5.715476066494082,5.715476066494082,5.715476066494082,5.715476066494082,5.715476066494082,52.561868307738074,32.58738252759801,63.304344242713704,64.91532946846992,76.95886347047146,70.37044834303673,5.715476066494082,38.93892653887623,55.0,39.44933459514875,39.05978323885921,55.86591089385369,
5.715476066494082,5.715476066494082,5.715476066494082,5.715476066494082,5.715476066494082,5.715476066494082,5.715476066494082,5.715476066494082,5.715476066494082,5.715476066494082,5.715476066494082,5.715476066494082,52.08886637276722,35.85619425798933,55.0,41.57723736212721,23.11384866265244,51.20790954530364,30.223169919781743,35.17594261388755,54.33461143691008,89.91017739944682,32.665903087007955,69.47294290526612,
5.715476066494082,5.715476066494082,5.715476066494082,5.715476066494082,5.715476066494082,5.715476066494082,5.715476066494082,5.715476066494082,5.715476066494082,5.715476066494082,5.715476066494082,5.715476066494082,48.51460261268422,48.860484430422,5.715476066494082,29.783573064523267,37.446628686705566,101.54924913557953,5.715476066494082,37.56789771567622,44.0,49.82636517614612,103.98397312406689,20.195048898182943,
5.715476066494082,5.715476066494082,5.715476066494082,5.715476066494082,5.715476066494082,5.715476066494082,5.715476066494082,5.715476066494082,5.715476066494082,5.715476066494082,5.715476066494082,5.715476066494082,46.60997528339151,51.260439454429424,5.715476066494082,37.446628686705566,44.0,31.05539405642762,45.927479065732896,5.715476066494082,23.413758383323536,22.78888618018295,24.933661985356263,5.715476066494082,
5.715476066494082,5.715476066494082,5.715476066494082,5.715476066494082,5.715476066494082,5.715476066494082,5.715476066494082,5.715476066494082,5.715476066494082,5.715476066494082,5.715476066494082,5.715476066494082,5.715476066494082,76.95886347047146,25.276800957927144,40.21740916568346,5.715476066494082,19.42506971244462,39.44933459514875,40.21740916568346,27.944389220179584,21.360009363293827,87.10132031146256,5.715476066494082,
5.715476066494082,5.715476066494082,5.715476066494082,5.715476066494082,5.715476066494082,5.715476066494082,5.715476066494082,5.715476066494082,5.715476066494082,5.715476066494082,5.715476066494082,5.715476066494082,40.18006346436003,34.36083041293774,40.01666319589045,63.27652303458952,54.33461143691008,34.01960219246153,40.21740916568346,63.304344242713704,29.85381047705636,82.51212032180484,51.0,45.36518488885502,
5.715476066494082,5.715476066494082,5.715476066494082,5.715476066494082,5.715476066494082,5.715476066494082,5.715476066494082,5.715476066494082,5.715476066494082,5.715476066494082,5.715476066494082,5.715476066494082,36.96873679205174,5.715476066494082,45.36518488885502,45.493589291972405,76.95886347047146,5.715476066494082,32.96462750686965,21.49110905921426,52.561868307738074,24.37083297714709,75.61249896677135,51.10772935672255,
5.715476066494082,5.715476066494082,5.715476066494082,5.715476066494082,5.715476066494082,5.715476066494082,5.715476066494082,5.715476066494082,5.715476066494082,5.715476066494082,5.715476066494082,5.715476066494082,54.67577159949368,39.486548342441885,76.95886347047146,68.71681017043792,129.0,44.0,34.22474738158535,5.715476066494082,66.72510771815959,21.360009363293827,92.68354762308141,35.81113653599952,
5.715476066494082,5.715476066494082,5.715476066494082,5.715476066494082,5.715476066494082,5.715476066494082,5.715476066494082,5.715476066494082,5.715476066494082,5.715476066494082,5.715476066494082,5.715476066494082,44.0,54.33461143691008,42.81354925721529,30.207446034353307,90.2321450482033,5.715476066494082,20.88923167567443,50.88843339169742,59.23399924592857,55.132863639223615,89.91017739944682,61.7677100109758,
5.715476066494082,5.715476066494082,5.715476066494082,5.715476066494082,5.715476066494082,5.715476066494082,5.715476066494082,5.715476066494082,5.715476066494082,5.715476066494082,5.715476066494082,5.715476066494082,68.90166906541523,5.715476066494082,36.869322461573795,29.097537123726926,27.259149372087823,51.0,96.55438881790926,107.63208939097423,64.04880951274582,5.715476066494082,29.85381047705636,76.95886347047146,
5.715476066494082,5.715476066494082,5.715476066494082,5.715476066494082,5.715476066494082,5.715476066494082,5.715476066494082,5.715476066494082,5.715476066494082,5.715476066494082,5.715476066494082,5.715476066494082,77.77317446695015,30.223169919781743,76.95886347047146,5.715476066494082,24.029929254993657,63.81418337642503,30.33545780106178,59.7724853088777,76.95886347047146,48.339080118126645,23.11384866265244,56.84188596448925,
5.715476066494082,5.715476066494082,5.715476066494082,5.715476066494082,5.715476066494082,5.715476066494082,5.715476066494082,5.715476066494082,5.715476066494082,5.715476066494082,5.715476066494082,5.715476066494082,52.561868307738074,39.82775414205526,26.107424866043274,42.46919652008058,5.715476066494082,74.79806147220661,107.63208939097423,30.325445636646865,71.00873185742722,37.56789771567622,71.69546708125975,63.304344242713704,
5.715476066494082,5.715476066494082,5.715476066494082,5.715476066494082,5.715476066494082,5.715476066494082,5.715476066494082,5.715476066494082,5.715476066494082,5.715476066494082,5.715476066494082,5.715476066494082,63.50852961085884,67.2482961370274,40.99377752681945,5.715476066494082,69.33282051092397,73.22458603501968,19.68643074697787,61.7677100109758,56.802198865170425,22.94863830382971,5.715476066494082,5.715476066494082,
5.715476066494082,5.715476066494082,5.715476066494082,5.715476066494082,5.715476066494082,5.715476066494082,5.715476066494082,5.715476066494082,5.715476066494082,5.715476066494082,5.715476066494082,5.715476066494082,5.715476066494082,60.47520152922188,81.3956387038028,5.715476066494082,69.39048926185778,50.15413741656814,82.51212032180484,45.80665890457413,5.715476066494082,63.92118871975817,5.715476066494082,44.100894422776605,
5.715476066494082,5.715476066494082,5.715476066494082,5.715476066494082,5.715476066494082,5.715476066494082,5.715476066494082,5.715476066494082,5.715476066494082,5.715476066494082,5.715476066494082,5.715476066494082,21.360009363293827,34.36083041293774,64.64260720814613,29.85381047705636,27.133080946192845,65.37153432496441,44.0,44.0,39.07763074304526,40.294325320834254,5.715476066494082,58.26376804384236,
5.715476066494082,5.715476066494082,5.715476066494082,5.715476066494082,5.715476066494082,5.715476066494082,5.715476066494082,5.715476066494082,5.715476066494082,5.715476066494082,5.715476066494082,5.715476066494082,5.715476066494082,46.67735543284433,27.913088253859847,55.0,35.95330304714714,29.85381047705636,5.715476066494082,37.56789771567622,29.85381047705636,25.611276813154007,40.12065137390801,35.8530333444745,
5.715476066494082,5.715476066494082,5.715476066494082,5.715476066494082,5.715476066494082,5.715476066494082,5.715476066494082,5.715476066494082,5.715476066494082,5.715476066494082,5.715476066494082,5.715476066494082,40.21740916568346,27.779263849137543,37.446628686705566,60.011110082495,104.21492215609048,44.780948329991105,24.805913273518744,29.85381047705636,30.342489460600735,39.568505994877626,50.1442364030448,5.715476066494082,
5.715476066494082,5.715476066494082,5.715476066494082,5.715476066494082,5.715476066494082,5.715476066494082,5.715476066494082,5.715476066494082,5.715476066494082,5.715476066494082,5.715476066494082,5.715476066494082,5.715476066494082,75.95228765481656,58.86637410270824,5.715476066494082,69.39048926185778,21.360009363293827,40.21740916568346,32.48753607154596,44.0,39.82775414205526,28.291575126537154,70.76486887338001,
5.715476066494082,5.715476066494082,5.715476066494082,5.715476066494082,5.715476066494082,5.715476066494082,5.715476066494082,5.715476066494082,5.715476066494082,5.715476066494082,5.715476066494082,5.715476066494082,43.17642969992601,28.211128453059818,37.44115382837447,73.49149610669251,49.1121166312347,40.21740916568346,73.38085581403368,72.88861365124185,46.639575469766015,29.85381047705636,28.520825724372006,88.59480797428255,
5.715476066494082,5.715476066494082,5.715476066494082,5.715476066494082,5.715476066494082,5.715476066494082,5.715476066494082,5.715476066494082,5.715476066494082,5.715476066494082,5.715476066494082,5.715476066494082,35.47299442298794,111.07655018049489,28.939663650972257,54.69405817819701,5.715476066494082,97.10132165252266,113.16359838746733,97.10132165252266,5.715476066494082,54.33461143691008,69.14296782753833,45.42950583046221,
5.715476066494082,5.715476066494082,5.715476066494082,5.715476066494082,5.715476066494082,5.715476066494082,5.715476066494082,5.715476066494082,5.715476066494082,5.715476066494082,5.715476066494082,5.715476066494082,63.81418337642503,25.560386016907753,64.41304215762518,74.7127833774114,34.311076928595526,5.715476066494082,75.31710739710246,39.82775414205526,33.737960815674676,76.95886347047146,51.070931066507875,64.75144786026024,
5.715476066494082,5.715476066494082,5.715476066494082,5.715476066494082,5.715476066494082,5.715476066494082,5.715476066494082,5.715476066494082,5.715476066494082,5.715476066494082,5.715476066494082,5.715476066494082,29.85381047705636,21.360009363293827,5.715476066494082,29.43920288775949,63.03124225334608,72.7037825700974,23.66960075708925,67.38446903157038,28.9904198735452,5.715476066494082,68.92568461756474,5.715476066494082,
5.715476066494082,5.715476066494082,5.715476066494082,5.715476066494082,5.715476066494082,5.715476066494082,5.715476066494082,5.715476066494082,5.715476066494082,5.715476066494082,5.715476066494082,5.715476066494082,76.95886347047146,44.34681499273651,5.715476066494082,55.0,50.36506725896432,34.49985507215936,76.95886347047146,89.91017739944682,39.82775414205526,35.9722114972099,44.0,76.95886347047146,
5.715476066494082,5.715476066494082,5.715476066494082,5.715476066494082,5.715476066494082,5.715476066494082,5.715476066494082,5.715476066494082,5.715476066494082,5.715476066494082,5.715476066494082,5.715476066494082,5.715476066494082,5.715476066494082,5.715476066494082,63.304344242713704,34.36083041293774,37.446628686705566,86.5,84.7014364301653,55.0,75.61249896677135,111.07655018049489,89.91017739944682,
5.715476066494082,5.715476066494082,5.715476066494082,5.715476066494082,5.715476066494082,5.715476066494082,5.715476066494082,5.715476066494082,5.715476066494082,5.715476066494082,5.715476066494082,5.715476066494082,54.69405817819701,72.64323781330235,44.0,5.715476066494082,30.223169919781743,24.37083297714709,76.95886347047146,21.360009363293827,95.86839938165235,76.95886347047146,45.42950583046221,29.467496217584102,
5.715476066494082,5.715476066494082,5.715476066494082,5.715476066494082,5.715476066494082,5.715476066494082,5.715476066494082,5.715476066494082,5.715476066494082,5.715476066494082,5.715476066494082,5.715476066494082,64.41304215762518,61.7677100109758,37.85058343892029,45.42950583046221,44.0,44.0,46.176184337816395,44.0,101.81669804113665,42.41462012089699,45.01821853427788,5.715476066494082,
5.715476066494082,5.715476066494082,5.715476066494082,5.715476066494082,5.715476066494082,5.715476066494082,5.715476066494082,5.715476066494082,5.715476066494082,5.715476066494082,5.715476066494082,5.715476066494082,38.89328348185584,28.98689359003479,76.95886347047146,58.1673447906985,39.82775414205526,39.82775414205526,76.95886347047146,71.18314407217483,5.715476066494082,37.46109092556346,37.446628686705566,72.88861365124185,
5.715476066494082,5.715476066494082,5.715476066494082,5.715476066494082,5.715476066494082,5.715476066494082,5.715476066494082,5.715476066494082,5.715476066494082,5.715476066494082,5.715476066494082,5.715476066494082,44.0,76.95886347047146,56.1449018166387,5.715476066494082,54.69405817819701,60.90703298196906,5.715476066494082,69.39048926185778,5.715476066494082,76.95886347047146,5.715476066494082,5.715476066494082,
