354.1350157425837,264.0675813120573,374.5678968825278,534.0933321995324,250.16394624325864,235.7089041593465,232.92528308451188,325.1762342689473,226.72499249580363,320.6168162419789,230.2730715911003,224.83827521131718,337.5093649494358,211.41354616012666,334.9260046210634,273.58693316750345,217.0048602566311,355.5262531328266,298.5033742904926,265.70176621812016,249.09087591240655,211.5351297328912,283.3301960610623,539.3284597534233,
211.41354616012666,211.5351297328912,217.0048602566311,224.83827521131718,226.72499249580363,230.2730715911003,232.92528308451188,235.7089041593465,249.09087591240655,250.16394624325864,264.0675813120573,265.70176621812016,293.316620736023,203.5485200142708,382.93527987302053,370.84262160652463,279.66408421533146,251.98594537526625,290.4825457320973,186.4119861259693,273.33178458205316,184.9421784639729,216.52768876058323,229.63501475167067,
184.9421784639729,186.4119861259693,203.5485200142708,211.41354616012666,211.5351297328912,216.52768876058323,217.0048602566311,224.83827521131718,226.72499249580363,229.63501475167067,230.2730715911003,232.92528308451188,410.18115916425677,241.3550082347578,226.48975556302761,220.1113581803538,229.63501475167067,196.18004326383456,241.73506158602643,228.04262759405313,343.0682293655301,195.79884448075785,233.50879935240127,227.0167614957098,
184.9421784639729,186.4119861259693,195.79884448075785,196.18004326383456,203.5485200142708,211.41354616012666,211.5351297328912,216.52768876058323,217.0048602566311,220.1113581803538,224.83827521131718,226.48975556302761,205.6182315429669,175.6582192782336,195.79884448075785,220.5,447.11278219259174,195.79884448075785,252.6606985097377,220.5,208.1778086156159,195.79884448075785,211.41354616012666,224.83827521131718,
175.6582192782336,184.9421784639729,186.4119861259693,195.79884448075785,195.79884448075785,195.79884448075785,195.79884448075785,196.18004326383456,203.5485200142708,205.6182315429669,208.1778086156159,211.41354616012666,219.46717294392798,263.7624108454425,224.2139621576816,195.79884448075785,211.63040559293123,161.75202937912238,175.571666279044,248.12468513833926,195.79884448075785,229.67305955578308,324.90921809022285,220.5,
161.75202937912238,175.571666279044,175.6582192782336,184.9421784639729,186.4119861259693,195.79884448075785,195.79884448075785,195.79884448075785,195.79884448075785,195.79884448075785,195.79884448075785,196.18004326383456,195.79884448075785,243.7602100425744,274.238600492345,175.5409069134599,186.6121897813752,506.5793521256073,195.79884448075785,208.278922061259,195.79884448075785,309.8750900420546,208.1778086156159,233.53342239388348,
161.75202937912238,175.5409069134599,175.571666279044,175.6582192782336,184.9421784639729,186.4119861259693,186.6121897813752,195.79884448075785,195.79884448075785,195.79884448075785,195.79884448075785,195.79884448075785,189.4858540601089,184.9421784639729,215.20513469710707,166.45663098837485,198.94778767863247,195.79884448075785,259.6741034450682,249.5464085095195,187.66437239568586,181.84486672863645,230.00567248439765,181.53236626012455,
161.75202937912238,166.45663098837485,175.5409069134599,175.571666279044,175.6582192782336,181.53236626012455,181.84486672863645,184.9421784639729,184.9421784639729,186.4119861259693,186.6121897813752,187.66437239568586,255.50737921503037,277.5808190619645,377.71994834136046,321.90349388442496,173.9879593535139,475.37320864768975,181.8583087033541,367.2912459819863,284.98743831965646,161.75202937912238,153.40867714123024,202.73346880818667,
153.40867714123024,161.75202937912238,161.75202937912238,166.45663098837485,173.9879593535139,175.5409069134599,175.571666279044,175.6582192782336,181.53236626012455,181.84486672863645,181.8583087033541,184.9421784639729,368.236676608944,244.88642137733976,172.1677060550685,326.881997057042,295.53986194758903,142.53342687867215,181.53236626012455,442.3349861812877,481.19010449786543,220.5,193.9974013628461,201.31152813723,
142.53342687867215,153.40867714123024,161.75202937912238,161.75202937912238,166.45663098837485,172.1677060550685,173.9879593535139,175.5409069134599,175.571666279044,175.6582192782336,181.53236626012455,181.53236626012455,162.4185265841855,218.9465902337828,278.32954089232663,172.1677060550685,206.6019219820248,370.6553107335709,350.6384652791723,233.53342239388348,161.30403508758604,453.01087971797887,311.1987909680884,233.27743005914652,
142.53342687867215,153.40867714123024,161.30403508758604,161.75202937912238,161.75202937912238,162.4185265841855,166.45663098837485,172.1677060550685,172.1677060550685,173.9879593535139,175.5409069134599,175.571666279044,205.67017825203104,334.7042226603463,173.2968839881433,287.5597039456908,223.4850231124125,428.7888284167394,159.74858176209264,172.18882581496743,502.49003970228114,303.7947497900515,350.6384652791723,458.2235885927929,
142.53342687867215,153.40867714123024,159.74858176209264,161.30403508758604,161.75202937912238,161.75202937912238,162.4185265841855,166.45663098837485,172.1677060550685,172.1677060550685,172.18882581496743,173.2968839881433,153.49990951861247,178.05367480372627,187.57635482354615,203.066491573573,309.85904553389037,142.53342687867215,237.46812651619396,327.0500252381346,155.00479091660551,317.81795103486525,255.82138951489833,539.3284597534233,
142.53342687867215,142.53342687867215,153.40867714123024,153.49990951861247,155.00479091660551,159.74858176209264,161.30403508758604,161.75202937912238,161.75202937912238,162.4185265841855,166.45663098837485,172.1677060550685,539.3284597534233,206.97007030003152,222.71484195366565,187.8947696037451,161.75202937912238,125.76330943482681,286.61273414661815,208.989975836163,221.53692553387123,136.63019432028926,193.8309687445338,322.26822679252757,
125.76330943482681,136.63019432028926,142.53342687867215,142.53342687867215,153.40867714123024,153.49990951861247,155.00479091660551,159.74858176209264,161.30403508758604,161.75202937912238,161.75202937912238,161.75202937912238,157.84281474513392,460.3787390109727,299.1005564306808,353.791723098963,348.36071463355336,153.4166440340378,143.12026411378648,142.53342687867215,300.94393165505096,190.64701863466345,455.26503270073357,169.6325735228939,
125.76330943482681,136.63019432028926,142.53342687867215,142.53342687867215,142.53342687867215,143.12026411378648,153.40867714123024,153.4166440340378,153.49990951861247,155.00479091660551,157.84281474513392,159.74858176209264,255.82583797380593,135.6635912837339,163.62676739538819,143.12026411378648,279.0346920635497,576.9269162265414,156.8346490507029,260.7374158037162,277.08696739471526,324.488844184203,143.12026411378648,159.74858176209264,
125.76330943482681,135.6635912837339,136.63019432028926,142.53342687867215,142.53342687867215,142.53342687867215,143.12026411378648,143.12026411378648,143.12026411378648,153.40867714123024,153.4166440340378,153.49990951861247,318.8896099488557,159.74858176209264,135.30705820466278,295.2659817859145,232.65977612937616,220.8503048285357,142.53342687867215,154.2789681064791,233.16272674434296,269.40721965084754,229.96610619828303,322.14993921050694,
125.76330943482681,135.30705820466278,135.6635912837339,136.63019432028926,142.53342687867215,142.53342687867215,142.53342687867215,142.53342687867215,143.12026411378648,143.12026411378648,143.12026411378648,153.40867714123024,143.12026411378648,209.06731656847478,125.76330943482681,134.23114392718256,167.97443257829448,209.06731656847478,143.12026411378648,142.53342687867215,576.9269162265414,147.50442554566135,256.46902225220106,258.76023530480876,
125.76330943482681,125.76330943482681,134.23114392718256,135.30705820466278,135.6635912837339,136.63019432028926,142.53342687867215,142.53342687867215,142.53342687867215,142.53342687867215,142.53342687867215,143.12026411378648,142.53342687867215,243.33487085701466,125.76330943482681,161.2208966443026,142.53342687867215,198.22817660463912,248.43582546605472,355.5262531328266,266.9214116551911,141.2643267070636,143.09091515536548,219.49544414406418,
125.76330943482681,125.76330943482681,125.76330943482681,134.23114392718256,135.30705820466278,135.6635912837339,136.63019432028926,141.2643267070636,142.53342687867215,142.53342687867215,142.53342687867215,142.53342687867215,145.05467719105096,245.96324251128797,135.6635912837339,423.2406045915255,576.9269162265414,147.82458988612146,147.56306157998057,266.5602359223896,147.82458988612146,175.07141400011596,147.46525014388982,125.76330943482681,
125.76330943482681,125.76330943482681,125.76330943482681,125.76330943482681,134.23114392718256,135.30705820466278,135.6635912837339,135.6635912837339,136.63019432028926,141.2643267070636,142.53342687867215,142.53342687867215,576.9269162265414,136.63019432028926,126.50293172704413,233.16272674434296,167.8443156193092,184.09538118866536,391.653191257549,142.53342687867215,272.73098008843806,357.269894866301,136.63019432028926,136.270756247496,
125.76330943482681,125.76330943482681,125.76330943482681,125.76330943482681,126.50293172704413,134.23114392718256,135.30705820466278,135.6635912837339,135.6635912837339,136.270756247496,136.63019432028926,136.63019432028926,218.81600591465983,223.91697121924457,154.41039935370748,485.3067483561299,224.5715016982342,350.86405249516986,237.01499820686453,224.5715016982342,136.270756247496,439.28989218396543,539.3284597534233,394.032993542419,
125.76330943482681,125.76330943482681,125.76330943482681,125.76330943482681,126.50293172704413,134.23114392718256,135.30705820466278,135.6635912837339,135.6635912837339,136.270756247496,136.270756247496,136.63019432028926,125.76330943482681,576.9269162265414,229.11617625611296,126.53742137511915,243.8899049044173,175.571666279044,130.83504882102503,135.30705820466278,173.12294924577606,539.3284597534233,576.9269162265414,506.62356834241336,
125.76330943482681,125.76330943482681,125.76330943482681,125.76330943482681,125.76330943482681,126.50293172704413,126.53742137511915,130.83504882102503,134.23114392718256,135.30705820466278,135.30705820466278,135.6635912837339,439.29188403042457,207.54597884163724,136.63019432028926,207.54597884163724,125.76330943482681,143.3471659991923,144.77864878101724,428.9646139252048,118.03039250006334,125.76330943482681,135.30705820466278,225.1363128751113,
118.03039250006334,125.76330943482681,125.76330943482681,125.76330943482681,125.76330943482681,125.76330943482681,125.76330943482681,125.76330943482681,126.50293172704413,126.53742137511915,130.83504882102503,134.23114392718256,123.0573488708054,576.9269162265414,253.6488010728895,205.00453501081384,237.06961003047186,339.10176938494436,199.7254365372623,140.25551682554237,143.08252863295365,224.5715016982342,125.76330943482681,253.6488010728895,
118.03039250006334,123.0573488708054,125.76330943482681,125.76330943482681,125.76330943482681,125.76330943482681,125.76330943482681,125.76330943482681,125.76330943482681,125.76330943482681,126.50293172704413,126.53742137511915,125.73945283800148,277.40904415281375,224.5715016982342,151.97754292565403,351.10575329948665,125.76330943482681,506.62356834241336,125.76330943482681,123.0573488708054,576.9269162265414,576.9269162265414,118.39490768891484,
118.03039250006334,118.39490768891484,123.0573488708054,123.0573488708054,125.73945283800148,125.76330943482681,125.76330943482681,125.76330943482681,125.76330943482681,125.76330943482681,125.76330943482681,125.76330943482681,576.9269162265414,309.9218243203964,144.77864878101724,123.0573488708054,396.80221773573794,256.80087129914494,235.86088988003075,245.98356991203022,126.17852762389222,433.37494159215066,386.2375286937153,281.5796679005784,
118.03039250006334,118.39490768891484,123.0573488708054,123.0573488708054,123.0573488708054,125.73945283800148,125.76330943482681,125.76330943482681,125.76330943482681,125.76330943482681,125.76330943482681,125.76330943482681,396.6614245351893,126.54747908516359,125.76330943482681,144.77864878101724,141.51893866193316,172.14552751851588,150.72030180105133,228.00791515866285,455.26503270073357,175.11202763437532,237.01499820686453,247.68713464099557,
118.03039250006334,118.39490768891484,123.0573488708054,123.0573488708054,123.0573488708054,125.73945283800148,125.76330943482681,125.76330943482681,125.76330943482681,125.76330943482681,125.76330943482681,125.76330943482681,178.9178861936391,204.46786880828,245.53394198494567,154.41039935370748,245.8695589128512,118.03039250006334,190.5656055010977,226.39984295243866,125.76330943482681,237.01499820686453,140.25551682554237,150.45265035884213,
118.03039250006334,118.03039250006334,118.39490768891484,123.0573488708054,123.0573488708054,123.0573488708054,125.73945283800148,125.76330943482681,125.76330943482681,125.76330943482681,125.76330943482681,125.76330943482681,539.3284597534233,166.40555880138137,159.54563584553284,247.70126496783715,539.3284597534233,126.54747908516359,229.11617625611296,501.97410291767045,214.76033153261798,125.76330943482681,474.22243374461596,293.16704566964324,
118.03039250006334,118.03039250006334,118.39490768891484,123.0573488708054,123.0573488708054,123.0573488708054,125.73945283800148,125.76330943482681,125.76330943482681,125.76330943482681,125.76330943482681,125.76330943482681,487.49014349010173,123.06998912091535,333.39453604800826,231.86326019568392,475.36111273430856,382.84363648884124,175.09299116628156,259.54685786688196,230.1535719181144,391.6495031700326,219.49544414406418,135.42779441458833,
118.03039250006334,118.03039250006334,118.39490768891484,123.0573488708054,123.0573488708054,123.0573488708054,123.06998912091535,125.73945283800148,125.76330943482681,125.76330943482681,125.76330943482681,125.76330943482681,238.33991832394898,245.59999872760585,176.75343781035144,415.23349982269013,168.67918267132632,247.68713464099557,271.1514541932444,135.728071433289,249.96844245268684,194.57719731326617,251.5027037628025,237.01499820686453,
118.03039250006334,118.03039250006334,118.39490768891484,123.0573488708054,123.0573488708054,123.0573488708054,123.06998912091535,125.73945283800148,125.76330943482681,125.76330943482681,125.76330943482681,125.76330943482681,176.26077094747998,391.7867900898254,539.3284597534233,260.7374158037162,546.8091440347354,123.0573488708054,118.03039250006334,293.1602235410982,260.7374158037162,237.01499820686453,119.2083390504773,576.9269162265414,
118.03039250006334,118.03039250006334,118.03039250006334,118.39490768891484,119.2083390504773,123.0573488708054,123.0573488708054,123.0573488708054,123.0573488708054,123.06998912091535,125.73945283800148,125.76330943482681,396.79969758052994,167.65042996266567,161.6035860006345,492.75949170631577,119.17630526047193,150.8612255518296,497.325084828827,378.2702200477854,251.48759412742407,123.07901707620371,194.4773214835822,267.8589367558977,
118.03039250006334,118.03039250006334,118.03039250006334,118.39490768891484,119.17630526047193,119.2083390504773,123.0573488708054,123.0573488708054,123.0573488708054,123.0573488708054,123.06998912091535,123.07901707620371,119.21138943868084,245.8695589128512,112.41095241221926,234.66914874989428,274.00403281703717,119.19156051991916,135.728071433289,150.72030180105133,144.83389500685652,125.76330943482681,245.8695589128512,260.63512170593333,
112.41095241221926,118.03039250006334,118.03039250006334,118.03039250006334,118.39490768891484,119.17630526047193,119.19156051991916,119.2083390504773,119.21138943868084,123.0573488708054,123.0573488708054,123.0573488708054,160.1674436332178,176.62578143257193,539.3284597534233,539.3284597534233,116.33662364019338,218.8154981307819,229.73704397636877,439.0759778053387,539.3284597534233,287.5597039456908,118.03039250006334,269.08662174102966,
112.41095241221926,116.33662364019338,118.03039250006334,118.03039250006334,118.03039250006334,118.03039250006334,118.39490768891484,119.17630526047193,119.19156051991916,119.2083390504773,119.21138943868084,123.0573488708054,159.2589400944261,198.2826265712657,203.77929237290033,118.03039250006334,230.15164083225167,432.46920049293686,189.53041385956445,539.3284597534233,260.7374158037162,389.6596463582032,275.2555358208078,373.5182949557714,
112.41095241221926,116.33662364019338,118.03039250006334,118.03039250006334,118.03039250006334,118.03039250006334,118.03039250006334,118.39490768891484,119.17630526047193,119.19156051991916,119.2083390504773,119.21138943868084,296.384647670894,474.17674271660917,116.32974684060824,357.2705168667325,125.91672181776865,422.9862401721834,176.62578143257193,229.68861394287703,386.0158315694089,112.23685273167237,157.015922759445,160.16612469557975,
112.23685273167237,112.41095241221926,116.32974684060824,116.33662364019338,118.03039250006334,118.03039250006334,118.03039250006334,118.03039250006334,118.03039250006334,118.39490768891484,119.17630526047193,119.19156051991916,268.7840934446994,157.50773790515817,237.01499820686453,198.33963137759432,118.39490768891484,251.4923656892988,502.49003970228114,227.11915237381456,474.22243374461596,116.45346710167112,259.6463406678827,296.2209637669151,
112.23685273167237,112.41095241221926,116.32974684060824,116.33662364019338,116.45346710167112,118.03039250006334,118.03039250006334,118.03039250006334,118.03039250006334,118.03039250006334,118.39490768891484,118.39490768891484,391.70822474557946,118.03039250006334,335.2470304545164,165.83006361935702,293.1647716444343,423.2444439977919,155.27452307056976,303.1011146701472,391.653191257549,300.49488107739705,260.4466249434698,168.07025130879052,
112.23685273167237,112.41095241221926,116.32974684060824,116.33662364019338,116.45346710167112,118.03039250006334,118.03039250006334,118.03039250006334,118.03039250006334,118.03039250006334,118.03039250006334,118.39490768891484,305.92979586826783,116.32974684060824,374.49273691221305,324.030519824565,336.94392708579863,397.50507633775663,168.14940446585655,474.22243374461596,112.41095241221926,216.60249306044471,167.68356442352297,226.75047470243095,
112.23685273167237,112.41095241221926,112.41095241221926,116.32974684060824,116.32974684060824,116.33662364019338,116.45346710167112,118.03039250006334,118.03039250006334,118.03039250006334,118.03039250006334,118.03039250006334,117.95315487752809,168.07025130879052,321.4558435850871,374.4988785029936,112.23685273167237,118.39490768891484,168.07025130879052,112.41095241221926,284.3363199753821,112.41095241221926,116.32974684060824,191.1729828584573,
112.23685273167237,112.23685273167237,112.41095241221926,112.41095241221926,112.41095241221926,112.41095241221926,116.32974684060824,116.32974684060824,116.32974684060824,116.33662364019338,116.45346710167112,117.95315487752809,335.2760057027642,259.19492664788015,354.01224084297803,373.5182949557714,273.99673355717215,244.58558701403481,506.62356834241336,112.41095241221926,117.95315487752809,192.9154067633445,228.1810058452969,206.66612903155874,
112.23685273167237,112.23685273167237,112.41095241221926,112.41095241221926,112.41095241221926,112.41095241221926,112.41095241221926,116.32974684060824,116.32974684060824,116.32974684060824,116.33662364019338,116.45346710167112,152.75997307868315,217.9234025408928,479.76055225497646,289.7850226892342,289.7850226892342,116.33662364019338,150.81813344223565,116.31599202173362,126.53742137511915,275.3668260500689,428.7821234321692,248.48744435081625,
112.23685273167237,112.23685273167237,112.41095241221926,112.41095241221926,112.41095241221926,112.41095241221926,112.41095241221926,116.31599202173362,116.32974684060824,116.32974684060824,116.32974684060824,116.33662364019338,154.48793102806877,263.7624108454425,308.24665448306166,479.30157521126506,118.36745400094853,110.14490830921909,446.6190450804482,229.73704397636877,164.9848780949333,267.5344214613639,217.01177243412394,220.62921384077856,
110.14490830921909,112.23685273167237,112.23685273167237,112.41095241221926,112.41095241221926,112.41095241221926,112.41095241221926,112.41095241221926,116.31599202173362,116.32974684060824,116.32974684060824,116.32974684060824,417.5319349063813,251.743066296912,112.23685273167237,112.41095241221926,168.07025130879052,112.41095241221926,256.46902225220106,160.41196962820447,433.81266529624116,112.41095241221926,539.3284597534233,152.9129143499659,
110.14490830921909,112.23685273167237,112.23685273167237,112.23685273167237,112.41095241221926,112.41095241221926,112.41095241221926,112.41095241221926,112.41095241221926,112.41095241221926,112.41095241221926,112.41095241221926,118.36393383684633,142.84490423766144,241.6721510050932,506.65357000617297,144.77864878101724,209.5198876797459,453.8956377847225,159.74858176209264,262.7153580874175,255.1796752617,264.39517756070245,373.5182949557714,
110.14490830921909,112.23685273167237,112.23685273167237,112.23685273167237,112.41095241221926,112.41095241221926,112.41095241221926,112.41095241221926,112.41095241221926,112.41095241221926,112.41095241221926,112.41095241221926,457.9919031307577,299.9997333332148,237.01499820686453,279.8613216845086,126.21220556401562,270.6632778934002,118.39490768891484,118.39490768891484,112.24279239418648,139.8520982145066,332.4497847419968,453.2348832283323,
110.14490830921909,112.23685273167237,112.23685273167237,112.23685273167237,112.24279239418648,112.41095241221926,112.41095241221926,112.41095241221926,112.41095241221926,112.41095241221926,112.41095241221926,112.41095241221926,284.8090978571826,116.31771146304419,115.77050574304322,308.2553054423124,227.68532973162763,307.58268987560257,213.4176875870414,225.96594876219734,116.4989699525279,339.51790821693044,209.23823742327787,107.64669061332077,
107.64669061332077,110.14490830921909,112.23685273167237,112.23685273167237,112.23685273167237,112.24279239418648,112.41095241221926,112.41095241221926,112.41095241221926,112.41095241221926,112.41095241221926,112.41095241221926,337.40014395796743,327.9902580489244,345.8598283023533,107.64669061332077,118.37097406036668,406.5016400130919,347.8474656728147,144.77864878101724,350.6603294737896,161.11831401523264,453.89820811866326,125.87171048333299,
107.64669061332077,107.64669061332077,110.14490830921909,112.23685273167237,112.23685273167237,112.23685273167237,112.24279239418648,112.41095241221926,112.41095241221926,112.41095241221926,112.41095241221926,112.41095241221926,291.36765327503326,278.5867395059776,363.68471431800845,102.19697755913442,107.64669061332077,110.18699357782211,302.5435660776808,539.3284597534233,539.3284597534233,266.77081299622466,394.07287215872725,286.8321227942691,
102.19697755913442,107.64669061332077,107.64669061332077,107.64669061332077,110.14490830921909,110.18699357782211,112.23685273167237,112.23685273167237,112.23685273167237,112.24279239418648,112.41095241221926,112.41095241221926,289.77294451863514,474.22243374461596,347.8474656728147,290.48503499415517,167.67031142493096,168.39156454010535,112.41095241221926,351.71926936755176,161.11831401523264,269.5469449939204,222.1328245341899,142.40473789519785,
102.19697755913442,107.64669061332077,107.64669061332077,107.64669061332077,110.14490830921909,110.18699357782211,112.23685273167237,112.23685273167237,112.23685273167237,112.24279239418648,112.41095241221926,112.41095241221926,446.59665407229755,195.40726700918776,278.44912760981435,296.1722640626566,358.2323888824745,224.26459679360894,307.58666348779747,139.8520982145066,107.48306843405616,391.70425351561124,321.4476775075533,165.9483478877288,
102.19697755913442,107.48306843405616,107.64669061332077,107.64669061332077,107.64669061332077,110.14490830921909,110.18699357782211,112.23685273167237,112.23685273167237,112.23685273167237,112.24279239418648,112.41095241221926,126.16267607075135,284.7872500267134,488.5151379435442,375.043143351535,110.18699357782211,399.7840041822584,446.86207523766694,116.33662364019338,360.87732603260685,110.27523792390363,363.73656087103166,111.20560912112302,
102.19697755913442,107.48306843405616,107.64669061332077,107.64669061332077,107.64669061332077,110.14490830921909,110.18699357782211,110.18699357782211,110.27523792390363,111.20560912112302,112.23685273167237,112.23685273167237,111.20560912112302,321.4558435850871,539.3284597534233,377.356383277135,539.3284597534233,436.8590619410338,153.54405809987495,110.27523792390363,110.18699357782211,308.04833675541533,539.3284597534233,378.2603063698331,
102.19697755913442,107.48306843405616,107.64669061332077,107.64669061332077,107.64669061332077,110.14490830921909,110.18699357782211,110.18699357782211,110.18699357782211,110.27523792390363,110.27523792390363,111.20560912112302,110.27523792390363,279.0346920635497,539.3284597534233,306.35133891847585,111.21310249546438,110.18121812017819,358.07075650863567,488.5151379435442,453.89820811866326,330.8939556978268,359.7082150855051,267.5364980292928,
102.19697755913442,107.48306843405616,107.64669061332077,107.64669061332077,107.64669061332077,110.14490830921909,110.18121812017819,110.18699357782211,110.18699357782211,110.18699357782211,110.27523792390363,110.27523792390363,110.27523792390363,576.9269162265414,161.8729568725631,225.60276898788277,417.3083392409023,146.95350738697368,155.4587028249743,249.1075738176849,402.6650110341239,474.18658423311246,356.45289543874753,321.4558435850871,
102.19697755913442,107.48306843405616,107.64669061332077,107.64669061332077,107.64669061332077,110.14490830921909,110.18121812017819,110.18699357782211,110.18699357782211,110.18699357782211,110.27523792390363,110.27523792390363,160.45213893522543,173.71416177157232,238.18993740498726,265.5166870671429,279.8613216845086,417.28118018110206,107.48865056367579,107.48306843405616,354.2403844848862,147.08652026764534,110.18699357782211,304.4792429296289,
102.19697755913442,107.48306843405616,107.48306843405616,107.48865056367579,107.64669061332077,107.64669061332077,107.64669061332077,110.14490830921909,110.18121812017819,110.18699357782211,110.18699357782211,110.18699357782211,454.3826397798813,348.4135473829914,165.25927538015395,174.80973784215925,277.2214174368826,170.2033300312277,167.6036745884087,417.53512826268087,129.3228241925719,161.00103519335934,271.2242787344083,167.5428583228781,
102.19697755913442,107.48306843405616,107.48306843405616,107.48865056367579,107.64669061332077,107.64669061332077,107.64669061332077,110.14490830921909,110.18121812017819,110.18699357782211,110.18699357782211,110.18699357782211,277.2214174368826,159.78300910922914,110.1498603518733,110.18699357782211,110.14490830921909,539.3284597534233,160.73380282909017,324.8560120598487,293.3868436041398,640.726670793925,146.56117328539946,427.15938811776437,
102.19697755913442,107.48306843405616,107.48306843405616,107.48865056367579,107.64669061332077,107.64669061332077,107.64669061332077,110.14490830921909,110.14490830921909,110.1498603518733,110.18121812017819,110.18699357782211,446.59665407229755,118.10123126558115,142.40473789519785,388.90872965260115,488.5151379435442,107.64669061332077,394.94882127760735,256.167542830859,402.8137148718858,110.18699357782211,331.0998986063615,168.76469071856627,
102.19697755913442,107.48306843405616,107.48306843405616,107.48865056367579,107.64669061332077,107.64669061332077,107.64669061332077,107.64669061332077,110.14490830921909,110.14490830921909,110.1498603518733,110.18121812017819,110.18699357782211,110.77567422498497,428.0747598258977,330.26744213339185,421.47627453986064,107.64669061332077,417.3083392409023,264.19899907287896,110.14490830921909,111.30564561405738,539.3284597534233,312.7940366679007,
102.19697755913442,107.48306843405616,107.48306843405616,107.48865056367579,107.64669061332077,107.64669061332077,107.64669061332077,107.64669061332077,107.64669061332077,110.14490830921909,110.14490830921909,110.14490830921909,228.87613618349494,427.1523649204612,102.19697755913442,146.95804389915736,275.62051205718825,260.8128319951557,107.48306843405616,107.48865056367579,165.04426678924656,372.2017052284957,446.59793358871946,395.1630549532686,
102.19697755913442,102.19697755913442,107.48306843405616,107.48306843405616,107.48306843405616,107.48865056367579,107.48865056367579,107.64669061332077,107.64669061332077,107.64669061332077,107.64669061332077,107.64669061332077,241.23766160158326,111.20411038566274,446.6142471017754,107.48306843405616,159.75484343205372,377.356383277135,421.4090451489305,428.790577525906,122.81331813411408,453.89820811866326,510.1012154465033,153.4166440340378,
102.19697755913442,102.19697755913442,107.48306843405616,107.48306843405616,107.48306843405616,107.48306843405616,107.48865056367579,107.48865056367579,107.64669061332077,107.64669061332077,107.64669061332077,107.64669061332077,417.173724803788,235.59999867359932,321.9745477130141,110.19276873276092,395.85128520695747,138.00966149754396,160.5665263216465,389.6637524841129,174.36679092584626,176.06918917005325,447.1105456148401,107.48865056367579,
102.19697755913442,102.19697755913442,107.48306843405616,107.48306843405616,107.48306843405616,107.48306843405616,107.48865056367579,107.48865056367579,107.48865056367579,107.64669061332077,107.64669061332077,107.64669061332077,263.9323103805404,416.063528051907,111.27303132385673,167.94376849112325,218.5141744703177,488.5151379435442,145.19106186141227,107.48865056367579,111.21010520631657,291.9496692496842,107.48865056367579,157.5894865814079,
102.19697755913442,102.19697755913442,107.48306843405616,107.48306843405616,107.48306843405616,107.48306843405616,107.48865056367579,107.48865056367579,107.48865056367579,107.48865056367579,107.48865056367579,107.64669061332077,521.0269090939545,301.6589288832671,107.48865056367579,167.94376849112325,176.62766865169604,107.48865056367579,277.2214174368826,254.6027718399221,278.44912760981435,161.00103519335934,287.5597039456908,119.23731458768536,
102.19697755913442,102.19697755913442,107.48306843405616,107.48306843405616,107.48306843405616,107.48306843405616,107.48865056367579,107.48865056367579,107.48865056367579,107.48865056367579,107.48865056367579,107.48865056367579,110.15646272911879,107.48865056367579,275.1900353493119,397.52017019804885,107.48865056367579,156.99741239905836,539.3284597534233,331.0998986063615,107.48865056367579,399.7840041822584,146.95804389915736,321.4476775075533,
102.19697755913442,102.19697755913442,107.48306843405616,107.48306843405616,107.48306843405616,107.48306843405616,107.48865056367579,107.48865056367579,107.48865056367579,107.48865056367579,107.48865056367579,107.48865056367579,324.85667512766304,206.64218285610804,161.00103519335934,427.1523649204612,510.07899714978794,590.8338916311419,539.3284597534233,161.00103519335934,502.49003970228114,102.19697755913442,239.27308535437078,156.15811017011197,
102.19697755913442,102.19697755913442,102.19697755913442,107.48306843405616,107.48306843405616,107.48306843405616,107.48306843405616,107.48865056367579,107.48865056367579,107.48865056367579,107.48865056367579,107.48865056367579,427.1523649204612,415.04390129238135,406.89259434564957,319.340838961401,251.51673237911362,539.3284597534233,656.2032205549335,372.9183682456524,373.9381218975466,107.48306843405616,107.48306843405616,151.69413098402984,
102.19697755913442,102.19697755913442,102.19697755913442,107.48306843405616,107.48306843405616,107.48306843405616,107.48306843405616,107.48306843405616,107.48306843405616,107.48865056367579,107.48865056367579,107.48865056367579,375.6668515231725,107.48306843405616,255.07925939093633,238.44546546327945,359.34744097228986,306.91244679875723,182.01465142491506,212.50696459175165,285.98620486834676,306.62214997801914,160.7519006224157,102.19697755913442,
102.19697755913442,102.19697755913442,102.19697755913442,102.19697755913442,107.48306843405616,107.48306843405616,107.48306843405616,107.48306843405616,107.48306843405616,107.48306843405616,107.48306843405616,107.48865056367579,359.6998748957247,111.20411038566274,446.59665407229755,539.3284597534233,486.909899262687,203.5485200142708,446.60177211599023,153.4166440340378,283.28744726474866,427.1523649204612,153.4166440340378,146.95350738697368,
102.19697755913442,102.19697755913442,102.19697755913442,102.19697755913442,107.48306843405616,107.48306843405616,107.48306843405616,107.48306843405616,107.48306843405616,107.48306843405616,107.48306843405616,107.48865056367579,371.45741259934493,484.42113909283523,137.9695981004511,167.5428583228781,107.48306843405616,173.99428151522682,102.19697755913442,107.48306843405616,188.4778943713736,107.48865056367579,116.31771146304419,107.48306843405616,
102.19697755913442,102.19697755913442,102.19697755913442,102.19697755913442,102.19697755913442,107.48306843405616,107.48306843405616,107.48306843405616,107.48306843405616,107.48306843405616,107.48306843405616,107.48306843405616,377.0137389737939,107.48306843405616,342.9896742857818,107.64669061332077,458.06831732104473,161.02173766296275,153.42098943756034,363.68471431800845,359.81468754763193,107.49609295225571,107.48865056367579,356.67552280949775,
102.19697755913442,102.19697755913442,102.19697755913442,102.19697755913442,102.19697755913442,107.48306843405616,107.48306843405616,107.48306843405616,107.48306843405616,107.48306843405616,107.48306843405616,107.48306843405616,173.71013211669606,427.1523649204612,111.19961405808326,344.06479525422725,179.98155287417651,267.4831022700312,102.19697755913442,107.48306843405616,107.48306843405616,160.99689437998487,119.24341380360254,153.4166440340378,
102.19697755913442,102.19697755913442,102.19697755913442,102.19697755913442,102.19697755913442,102.19697755913442,107.48306843405616,107.48306843405616,107.48306843405616,107.48306843405616,107.48306843405616,107.48306843405616,377.71994834136046,204.6997801659787,110.15646272911879,119.20910165484585,102.19697755913442,428.16151825483536,283.53180723560047,267.71520048631635,110.18121812017819,278.52776214538164,488.5151379435442,488.5151379435442,
102.19697755913442,102.19697755913442,102.19697755913442,102.19697755913442,102.19697755913442,102.19697755913442,102.19697755913442,107.48306843405616,107.48306843405616,107.48306843405616,107.48306843405616,107.48306843405616,446.59665407229755,102.19697755913442,277.8896663545924,107.48306843405616,539.3284597534233,287.2883071560195,110.14820969572567,203.5485200142708,273.77401264546637,160.99689437998487,151.23939755202952,102.19697755913442,
102.19697755913442,102.19697755913442,102.19697755913442,102.19697755913442,102.19697755913442,102.19697755913442,102.19697755913442,102.19697755913442,102.19697755913442,107.48306843405616,107.48306843405616,107.48306843405616,160.99689437998487,102.19697755913442,161.00655611220031,208.83273476902778,250.52267362456433,241.14955810658248,145.0609067483954,110.15646272911879,103.89109381944152,518.6797542800374,320.8301731446093,363.76719399716546,
102.19697755913442,102.19697755913442,102.19697755913442,102.19697755913442,102.19697755913442,102.19697755913442,102.19697755913442,102.19697755913442,102.19697755913442,102.19697755913442,103.89109381944152,107.48306843405616,539.3284597534233,374.7070313925267,102.19697755913442,102.19697755913442,326.96011479485793,439.2978163257489,488.5151379435442,414.4859265805455,102.19697755913442,539.3284597534233,308.06997762052555,102.19697755913442,
102.19697755913442,102.19697755913442,102.19697755913442,102.19697755913442,102.19697755913442,102.19697755913442,102.19697755913442,102.19697755913442,102.19697755913442,102.19697755913442,102.19697755913442,102.19697755913442,506.6338322694212,447.18434677434766,251.9427372581771,293.6251254332883,117.66567043959762,590.8338916311419,475.37320864768975,374.6743377588062,223.1495334651504,382.84363648884124,280.57188621337906,107.48306843405616,
102.19697755913442,102.19697755913442,102.19697755913442,102.19697755913442,102.19697755913442,102.19697755913442,102.19697755913442,102.19697755913442,102.19697755913442,102.19697755913442,102.19697755913442,102.19697755913442,102.19697755913442,287.60664688656504,153.54405809987495,278.5867395059776,229.1169383275087,107.47283377672704,107.50539521344963,103.89109381944152,102.19697755913442,102.19697755913442,145.3699074774418,144.62489196193027,
102.19697755913442,102.19697755913442,102.19697755913442,102.19697755913442,102.19697755913442,102.19697755913442,102.19697755913442,102.19697755913442,102.19697755913442,102.19697755913442,102.19697755913442,102.19697755913442,281.4615130587721,399.85403586809025,102.19697755913442,142.4538850821556,102.19697755913442,307.67118089862686,102.19697755913442,280.57188621337906,261.68986096777485,160.5665263216465,107.49609295225571,378.7218108321727,
102.19697755913442,102.19697755913442,102.19697755913442,102.19697755913442,102.19697755913442,102.19697755913442,102.19697755913442,102.19697755913442,102.19697755913442,102.19697755913442,102.19697755913442,102.19697755913442,389.96616519898237,488.5151379435442,102.19697755913442,161.11831401523264,102.19697755913442,474.2231366491236,106.062874434617,230.10738797352855,102.19697755913442,144.62489196193027,319.340838961401,382.9969538608195,
102.19697755913442,102.19697755913442,102.19697755913442,102.19697755913442,102.19697755913442,102.19697755913442,102.19697755913442,102.19697755913442,102.19697755913442,102.19697755913442,102.19697755913442,102.19697755913442,420.1685177798705,168.7970564938611,382.84363648884124,590.8338916311419,257.13476177733287,164.55731861910945,447.20939167240215,107.48306843405616,204.6997801659787,107.48865056367579,458.03993639565243,576.9269162265414,
102.19697755913442,102.19697755913442,102.19697755913442,102.19697755913442,102.19697755913442,102.19697755913442,102.19697755913442,102.19697755913442,102.19697755913442,102.19697755913442,102.19697755913442,102.19697755913442,382.84363648884124,157.59169666306298,539.3284597534233,251.16267139047554,185.2079911882854,102.19697755913442,111.23333208470682,539.3284597534233,528.4023467018291,111.19811524182114,333.3505412224995,102.19697755913442,
102.19697755913442,102.19697755913442,102.19697755913442,102.19697755913442,102.19697755913442,102.19697755913442,102.19697755913442,102.19697755913442,102.19697755913442,102.19697755913442,102.19697755913442,102.19697755913442,539.3284597534233,151.98802378806036,374.7070313925267,382.84363648884124,103.89109381944152,162.39707509681324,304.80594919828366,197.02429146826395,271.17849800044576,277.5177159113056,446.59665407229755,307.82498635137176,
102.19697755913442,102.19697755913442,102.19697755913442,102.19697755913442,102.19697755913442,102.19697755913442,102.19697755913442,102.19697755913442,102.19697755913442,102.19697755913442,102.19697755913442,102.19697755913442,151.98802378806036,102.19697755913442,107.48865056367579,307.1043949131956,102.19697755913442,427.35493445144635,102.19697755913442,357.1896477285483,202.38741726368923,177.25577388339144,251.51673237911362,267.66230473303483,
102.19697755913442,102.19697755913442,102.19697755913442,102.19697755913442,102.19697755913442,102.19697755913442,102.19697755913442,102.19697755913442,102.19697755913442,102.19697755913442,102.19697755913442,102.19697755913442,248.1453392167582,353.16462167097086,319.24061682149943,539.3284597534233,110.16471514423263,394.8355896536467,420.1685177798705,202.6711853594388,333.42252973267017,376.7378929706965,539.3284597534233,102.19697755913442,
102.19697755913442,102.19697755913442,102.19697755913442,102.19697755913442,102.19697755913442,102.19697755913442,102.19697755913442,102.19697755913442,102.19697755913442,102.19697755913442,102.19697755913442,102.19697755913442,382.84363648884124,350.6569345019227,254.5903572408036,216.90230375678354,539.3284597534233,356.4953248875315,331.8445569841398,145.19106186141227,268.9383932706522,539.3284597534233,277.5732135651581,251.9427372581771,
102.19697755913442,102.19697755913442,102.19697755913442,102.19697755913442,102.19697755913442,102.19697755913442,102.19697755913442,102.19697755913442,102.19697755913442,102.19697755913442,102.19697755913442,102.19697755913442,141.01479905924418,269.2964378311964,197.02429146826395,280.57188621337906,382.84363648884124,288.96471994864703,188.78978609377504,330.26744213339185,248.55987206305042,141.62489187992344,193.29697102713342,167.29880121772806,
102.19697755913442,102.19697755913442,102.19697755913442,102.19697755913442,102.19697755913442,102.19697755913442,102.19697755913442,102.19697755913442,102.19697755913442,102.19697755913442,102.19697755913442,102.19697755913442,230.8995655582747,107.48306843405616,107.48865056367579,186.8244078673876,377.393141608765,102.19697755913442,206.18161203865185,307.17408202299015,160.5665263216465,107.64669061332077,102.19697755913442,116.38775440311579,
102.19697755913442,102.19697755913442,102.19697755913442,102.19697755913442,102.19697755913442,102.19697755913442,102.19697755913442,102.19697755913442,102.19697755913442,102.19697755913442,102.19697755913442,102.19697755913442,539.3284597534233,354.06716249259205,382.8908833746614,283.16529330645966,263.0133076481112,102.19697755913442,520.9059800002299,397.3843048162392,295.2659817859145,384.2389664431932,160.5665263216465,488.5151379435442,
102.19697755913442,102.19697755913442,102.19697755913442,102.19697755913442,102.19697755913442,102.19697755913442,102.19697755913442,102.19697755913442,102.19697755913442,102.19697755913442,102.19697755913442,102.19697755913442,506.6338322694212,333.3505412224995,141.62489187992344,102.19697755913442,382.84363648884124,151.98802378806036,178.28168547273722,307.9653660181071,539.3284597534233,255.6833979749174,164.7463364445499,163.64958753385235,
102.19697755913442,102.19697755913442,102.19697755913442,102.19697755913442,102.19697755913442,102.19697755913442,102.19697755913442,102.19697755913442,102.19697755913442,102.19697755913442,102.19697755913442,102.19697755913442,107.49609295225571,102.19697755913442,386.548832620149,110.17049146701055,107.48306843405616,257.45749042317647,151.98802378806036,337.5051322361103,539.3284597534233,102.19697755913442,321.4476775075533,275.0882686621797,
102.19697755913442,102.19697755913442,102.19697755913442,102.19697755913442,102.19697755913442,102.19697755913442,102.19697755913442,102.19697755913442,102.19697755913442,102.19697755913442,102.19697755913442,102.19697755913442,289.33261028615493,146.95804389915736,102.19697755913442,102.19697755913442,145.0609067483954,153.54405809987495,365.02837463095153,102.19697755913442,112.15975213952642,356.4953248875315,488.5151379435442,335.05957181770924,
102.19697755913442,102.19697755913442,102.19697755913442,102.19697755913442,102.19697755913442,102.19697755913442,102.19697755913442,102.19697755913442,102.19697755913442,102.19697755913442,102.19697755913442,102.19697755913442,144.62489196193027,446.75188863618695,145.04099037475197,161.00103519335934,382.84363648884124,407.95043271892183,488.5151379435442,396.13830357030054,142.4538850821556,304.9016890737078,161.11831401523264,394.24140537782904,
102.19697755913442,102.19697755913442,102.19697755913442,102.19697755913442,102.19697755913442,102.19697755913442,102.19697755913442,102.19697755913442,102.19697755913442,102.19697755913442,102.19697755913442,102.19697755913442,151.69413098402984,330.26744213339185,237.58928146418276,488.5151379435442,321.4476775075533,146.96409236423858,382.84363648884124,153.54405809987495,147.84826470067208,348.3128478824747,539.3284597534233,539.3284597534233,
102.19697755913442,102.19697755913442,102.19697755913442,102.19697755913442,102.19697755913442,102.19697755913442,102.19697755913442,102.19697755913442,102.19697755913442,102.19697755913442,102.19697755913442,102.19697755913442,137.9855427209677,539.3284597534233,382.84363648884124,307.9653660181071,165.0740093758814,376.2706251268272,392.33841077751816,271.99468949064266,416.063528051907,102.19697755913442,392.42360494023,202.6711853594388,
102.19697755913442,102.19697755913442,102.19697755913442,102.19697755913442,102.19697755913442,102.19697755913442,102.19697755913442,102.19697755913442,102.19697755913442,102.19697755913442,102.19697755913442,102.19697755913442,590.8338916311419,145.0609067483954,151.98802378806036,102.19697755913442,527.409366621413,107.48306843405616,102.19697755913442,102.19697755913442,248.71318823094202,474.22243374461596,178.28168547273722,206.20270501512715,
102.19697755913442,102.19697755913442,102.19697755913442,102.19697755913442,102.19697755913442,102.19697755913442,102.19697755913442,102.19697755913442,102.19697755913442,102.19697755913442,102.19697755913442,102.19697755913442,162.4411004367771,446.4350344675023,151.98802378806036,385.6840964082162,289.60664702316484,331.0998986063615,107.64669061332077,164.42540644837794,142.40473789519785,176.49488503762495,363.73656087103166,102.19697755913442,
102.19697755913442,102.19697755913442,102.19697755913442,102.19697755913442,102.19697755913442,102.19697755913442,102.19697755913442,102.19697755913442,102.19697755913442,102.19697755913442,102.19697755913442,102.19697755913442,145.0609067483954,177.25577388339144,414.4859265805455,340.841913502433,237.22375747616658,539.3284597534233,152.9934965938095,220.5,375.6380128084306,367.30826205654563,107.64669061332077,193.3328304591161,
102.19697755913442,102.19697755913442,102.19697755913442,102.19697755913442,102.19697755913442,102.19697755913442,102.19697755913442,102.19697755913442,102.19697755913442,102.19697755913442,102.19697755913442,102.19697755913442,107.64669061332077,229.7968872178211,295.48580232390185,325.58538050717203,252.78762496082228,539.3284597534233,102.19697755913442,102.19697755913442,144.62489196193027,155.5157318638306,111.20710783638488,202.51631878690665,
102.19697755913442,102.19697755913442,102.19697755913442,102.19697755913442,102.19697755913442,102.19697755913442,102.19697755913442,102.19697755913442,102.19697755913442,102.19697755913442,102.19697755913442,102.19697755913442,102.19697755913442,151.98802378806036,102.19697755913442,546.814996136719,173.2490981217507,203.81854675176152,308.2553054423124,488.5151379435442,134.33773892385398,394.9495446979815,110.31892159919765,394.9495446979815,
102.19697755913442,102.19697755913442,102.19697755913442,102.19697755913442,102.19697755913442,102.19697755913442,102.19697755913442,102.19697755913442,102.19697755913442,102.19697755913442,102.19697755913442,102.19697755913442,152.89411368656414,279.0346920635497,160.5665263216465,382.84363648884124,102.19697755913442,220.5,102.19697755913442,204.6997801659787,539.3284597534233,102.19697755913442,102.19697755913442,107.48865056367579,
102.19697755913442,102.19697755913442,102.19697755913442,102.19697755913442,102.19697755913442,102.19697755913442,102.19697755913442,102.19697755913442,102.19697755913442,102.19697755913442,102.19697755913442,102.19697755913442,112.41095241221926,344.44536576937713,151.98802378806036,382.84363648884124,382.84363648884124,110.27523792390363,107.49609295225571,203.5485200142708,474.6210988778312,372.9344572106471,278.5867395059776,102.19697755913442,
102.19697755913442,102.19697755913442,102.19697755913442,102.19697755913442,102.19697755913442,102.19697755913442,102.19697755913442,102.19697755913442,102.19697755913442,102.19697755913442,102.19697755913442,102.19697755913442,281.5796679005784,333.3225414919709,234.2025984972352,166.38031734553218,102.19697755913442,307.0958472122344,506.6338322694212,103.89109381944152,194.71737760882345,539.3284597534233,333.38203810843396,102.19697755913442,
102.19697755913442,102.19697755913442,102.19697755913442,102.19697755913442,102.19697755913442,102.19697755913442,102.19697755913442,102.19697755913442,102.19697755913442,102.19697755913442,102.19697755913442,102.19697755913442,143.75905768565218,107.64669061332077,113.97465605222163,539.3284597534233,273.01857602943954,178.55211949176072,293.3868436041398,322.76294190421964,376.5175161928061,102.19697755913442,294.32394284755924,102.19697755913442,
102.19697755913442,102.19697755913442,102.19697755913442,102.19697755913442,102.19697755913442,102.19697755913442,102.19697755913442,102.19697755913442,102.19697755913442,102.19697755913442,102.19697755913442,102.19697755913442,539.3284597534233,178.28168547273722,382.84363648884124,539.3284597534233,278.44912760981435,202.6711853594388,353.1698127907688,307.9437178013757,556.4743367847254,255.7102154504475,102.19697755913442,334.79633112286837,
102.19697755913442,102.19697755913442,102.19697755913442,102.19697755913442,102.19697755913442,102.19697755913442,102.19697755913442,102.19697755913442,102.19697755913442,102.19697755913442,102.19697755913442,102.19697755913442,160.5665263216465,103.89109381944152,279.2738813896607,216.86137771133232,382.8908833746614,251.71469109745206,160.5665263216465,488.5151379435442,488.5151379435442,107.48306843405616,107.49609295225571,207.83553443768946,
102.19697755913442,102.19697755913442,102.19697755913442,102.19697755913442,102.19697755913442,102.19697755913442,102.19697755913442,102.19697755913442,102.19697755913442,102.19697755913442,102.19697755913442,102.19697755913442,214.7681432892244,151.98802378806036,539.3284597534233,280.57188621337906,269.2964378311964,111.34116115195972,102.19697755913442,210.8827569766733,102.19697755913442,320.5299183717934,151.69413098402984,328.5157276803248,
102.19697755913442,102.19697755913442,102.19697755913442,102.19697755913442,102.19697755913442,102.19697755913442,102.19697755913442,102.19697755913442,102.19697755913442,102.19697755913442,102.19697755913442,102.19697755913442,102.19697755913442,288.2391541758336,145.0609067483954,102.19697755913442,255.47313133347964,102.19697755913442,102.19697755913442,151.98802378806036,102.19697755913442,288.4156885035903,382.84363648884124,111.34116115195972,
102.19697755913442,102.19697755913442,102.19697755913442,102.19697755913442,102.19697755913442,102.19697755913442,102.19697755913442,102.19697755913442,102.19697755913442,102.19697755913442,102.19697755913442,102.19697755913442,384.2389664431932,384.2389664431932,280.57188621337906,396.81265820823523,384.2389664431932,102.19697755913442,119.2312150597657,241.10549428621488,218.9397405680385,131.25039682479695,178.11503104935946,112.41095241221926,
102.19697755913442,102.19697755913442,102.19697755913442,102.19697755913442,102.19697755913442,102.19697755913442,102.19697755913442,102.19697755913442,102.19697755913442,102.19697755913442,102.19697755913442,102.19697755913442,212.46908271819478,102.19697755913442,294.76016616150076,178.28168547273722,107.48306843405616,336.49538311415637,488.5151379435442,405.0451942376307,251.98539640225184,102.19697755913442,151.98802378806036,153.4166440340378,
102.19697755913442,102.19697755913442,102.19697755913442,102.19697755913442,102.19697755913442,102.19697755913442,102.19697755913442,102.19697755913442,102.19697755913442,102.19697755913442,102.19697755913442,102.19697755913442,160.5665263216465,231.31611024125158,232.8635406658341,411.1259944753352,102.19697755913442,539.3284597534233,307.82498635137176,151.98802378806036,111.33743157015547,150.7069057096304,320.53482092991305,102.19697755913442,
102.19697755913442,102.19697755913442,102.19697755913442,102.19697755913442,102.19697755913442,102.19697755913442,102.19697755913442,102.19697755913442,102.19697755913442,102.19697755913442,102.19697755913442,102.19697755913442,356.4953248875315,164.48133442734468,248.71318823094202,382.8908833746614,107.64669061332077,216.90230375678354,153.4427146092856,377.393141608765,248.71318823094202,218.50197049708981,158.25829362153505,103.89109381944152,
102.19697755913442,102.19697755913442,102.19697755913442,102.19697755913442,102.19697755913442,102.19697755913442,102.19697755913442,102.19697755913442,102.19697755913442,102.19697755913442,102.19697755913442,102.19697755913442,307.08729927334997,255.7102154504475,539.3284597534233,355.88012963168745,240.66811765820344,160.5665263216465,474.2231366491236,405.3881884482247,179.0089662558834,488.5151379435442,251.9427372581771,276.4690056970421,
102.19697755913442,102.19697755913442,102.19697755913442,102.19697755913442,102.19697755913442,102.19697755913442,102.19697755913442,102.19697755913442,102.19697755913442,102.19697755913442,102.19697755913442,102.19697755913442,178.28168547273722,334.45120626931515,102.19697755913442,110.17049146701055,102.19697755913442,110.76922599969465,223.37760755177666,145.0609067483954,340.0562978600539,288.3762973770363,284.47897235874166,102.19697755913442,
102.19697755913442,102.19697755913442,102.19697755913442,102.19697755913442,102.19697755913442,102.19697755913442,102.19697755913442,102.19697755913442,102.19697755913442,102.19697755913442,102.19697755913442,102.19697755913442,102.19697755913442,102.19697755913442,131.83905790805184,382.84363648884124,280.57188621337906,320.53482092991305,268.7840934446994,102.19697755913442,319.2764140543873,310.45812922196126,262.4580728421208,396.7100416461085,
102.19697755913442,102.19697755913442,102.19697755913442,102.19697755913442,102.19697755913442,102.19697755913442,102.19697755913442,102.19697755913442,102.19697755913442,102.19697755913442,102.19697755913442,102.19697755913442,186.8244078673876,107.48306843405616,486.8852534222001,102.19697755913442,216.86137771133232,304.59029859796914,327.7794370838415,340.13910389721434,160.5665263216465,506.6338322694212,392.9307463517858,209.22502505941085,
102.19697755913442,102.19697755913442,102.19697755913442,102.19697755913442,102.19697755913442,102.19697755913442,102.19697755913442,102.19697755913442,102.19697755913442,102.19697755913442,102.19697755913442,102.19697755913442,357.2980781737661,252.6684256754954,102.19697755913442,160.5665263216465,382.84363648884124,280.57188621337906,488.5151379435442,260.3734997556395,332.38206931180866,160.5665263216465,229.1169383275087,159.78535406913863,
102.19697755913442,102.19697755913442,102.19697755913442,102.19697755913442,102.19697755913442,102.19697755913442,102.19697755913442,102.19697755913442,102.19697755913442,102.19697755913442,102.19697755913442,102.19697755913442,474.2231366491236,382.84363648884124,160.5665263216465,347.86040213712164,279.0346920635497,539.3284597534233,269.2964378311964,102.19697755913442,322.76294190421964,309.8750900420546,270.93951764595397,488.5151379435442,
102.19697755913442,102.19697755913442,102.19697755913442,102.19697755913442,102.19697755913442,102.19697755913442,102.19697755913442,102.19697755913442,102.19697755913442,102.19697755913442,102.19697755913442,102.19697755913442,294.32394284755924,102.19697755913442,178.28168547273722,102.19697755913442,325.53989344199005,157.14755922985515,229.1169383275087,102.19697755913442,144.62489196193027,378.1926946487918,269.57208889480955,151.3769854883403,
102.19697755913442,102.19697755913442,102.19697755913442,102.19697755913442,102.19697755913442,102.19697755913442,102.19697755913442,102.19697755913442,102.19697755913442,102.19697755913442,102.19697755913442,102.19697755913442,346.47210084892356,277.2214174368826,102.19697755913442,281.4615130587721,110.1391306447148,346.4860507052677,165.4829598478345,153.4166440340378,151.69413098402984,153.42098943756034,102.19697755913442,102.19697755913442,
102.19697755913442,102.19697755913442,102.19697755913442,102.19697755913442,102.19697755913442,102.19697755913442,102.19697755913442,102.19697755913442,102.19697755913442,102.19697755913442,102.19697755913442,102.19697755913442,107.49609295225571,145.07469340538572,506.6338322694212,315.26270224777846,153.54405809987495,229.1169383275087,397.3843048162392,160.5665263216465,269.2937264607386,160.5665263216465,338.3103851002311,255.7102154504475,
102.19697755913442,102.19697755913442,102.19697755913442,102.19697755913442,102.19697755913442,102.19697755913442,102.19697755913442,102.19697755913442,102.19697755913442,102.19697755913442,102.19697755913442,102.19697755913442,488.5151379435442,202.6711853594388,144.62489196193027,107.51655686451274,305.24650460149184,110.19276873276092,153.42098943756034,110.10610960296812,488.5151379435442,183.95832861457146,275.11425656746087,474.1672524893862,
102.19697755913442,102.19697755913442,102.19697755913442,102.19697755913442,102.19697755913442,102.19697755913442,102.19697755913442,102.19697755913442,102.19697755913442,102.19697755913442,102.19697755913442,102.19697755913442,160.5665263216465,110.10610960296812,396.77125471917515,284.85005802273514,351.8397184798783,539.3284597534233,190.7035903568677,165.37112807258708,333.42252973267017,394.24140537782904,488.5151379435442,457.9919031307577,
102.19697755913442,102.19697755913442,102.19697755913442,102.19697755913442,102.19697755913442,102.19697755913442,102.19697755913442,102.19697755913442,102.19697755913442,102.19697755913442,102.19697755913442,102.19697755913442,389.6637524841129,309.8714018980869,102.19697755913442,247.3593318499515,396.77125471917515,251.71469109745206,488.5151379435442,210.62552340851545,404.44989094536083,353.6136073927774,139.09496755813993,334.79633112286837,
102.19697755913442,102.19697755913442,102.19697755913442,102.19697755913442,102.19697755913442,102.19697755913442,102.19697755913442,102.19697755913442,102.19697755913442,102.19697755913442,102.19697755913442,102.19697755913442,107.64669061332077,102.19697755913442,251.16267139047554,186.8244078673876,144.3792068543834,107.48306843405616,539.3284597534233,174.36679092584626,298.9251578572804,363.73656087103166,520.9059800002299,385.6728607972767,
102.19697755913442,102.19697755913442,102.19697755913442,102.19697755913442,102.19697755913442,102.19697755913442,102.19697755913442,102.19697755913442,102.19697755913442,102.19697755913442,102.19697755913442,102.19697755913442,160.5665263216465,232.3297427687639,160.5665263216465,102.19697755913442,488.5151379435442,292.65191415253526,225.9366269001111,333.42252973267017,273.04787649264523,346.2927470604412,228.87613618349494,144.62489196193027,
102.19697755913442,102.19697755913442,102.19697755913442,102.19697755913442,102.19697755913442,102.19697755913442,102.19697755913442,102.19697755913442,102.19697755913442,102.19697755913442,102.19697755913442,102.19697755913442,280.57188621337906,107.47283377672704,107.51655686451274,244.5692322738083,488.5151379435442,539.3284597534233,102.19697755913442,210.5641232499022,111.26629094204587,294.32394284755924,102.19697755913442,222.4492919745981,
102.19697755913442,102.19697755913442,102.19697755913442,102.19697755913442,102.19697755913442,102.19697755913442,102.19697755913442,102.19697755913442,102.19697755913442,102.19697755913442,102.19697755913442,102.19697755913442,107.56119188629326,116.38775440311579,221.5811589463328,102.19697755913442,319.2764140543873,147.01700581905482,151.69413098402984,408.46572683641404,102.19697755913442,298.3741097598785,253.3371553596398,307.9653660181071,
102.19697755913442,102.19697755913442,102.19697755913442,102.19697755913442,102.19697755913442,102.19697755913442,102.19697755913442,102.19697755913442,102.19697755913442,102.19697755913442,102.19697755913442,102.19697755913442,260.3634178893033,142.4538850821556,237.3017264475756,433.6278466323398,213.38488553550366,251.71469109745206,414.5390009798033,240.93285175179915,539.3284597534233,281.2914096499521,144.62489196193027,161.00655611220031,
102.19697755913442,102.19697755913442,102.19697755913442,102.19697755913442,102.19697755913442,102.19697755913442,102.19697755913442,102.19697755913442,102.19697755913442,102.19697755913442,102.19697755913442,102.19697755913442,488.5151379435442,232.070212076719,102.19697755913442,164.21075955527095,102.19697755913442,102.19697755913442,377.71200586558007,457.9919031307577,153.42678311747846,375.1367528426578,160.5665263216465,333.42252973267017,
102.19697755913442,102.19697755913442,102.19697755913442,102.19697755913442,102.19697755913442,102.19697755913442,102.19697755913442,102.19697755913442,102.19697755913442,102.19697755913442,102.19697755913442,102.19697755913442,145.12063946937388,107.48865056367579,378.5086656867977,486.94481206806176,112.25071145530536,103.89109381944152,181.52440435104035,234.7149534541845,102.19697755913442,280.57188621337906,102.19697755913442,255.43985756599014,
102.19697755913442,102.19697755913442,102.19697755913442,102.19697755913442,102.19697755913442,102.19697755913442,102.19697755913442,102.19697755913442,102.19697755913442,102.19697755913442,102.19697755913442,102.19697755913442,188.4778943713736,107.48865056367579,216.86137771133232,295.9030404963761,195.0361789799808,160.5665263216465,147.20872936072777,167.5428583228781,314.4841581292859,394.489905719127,416.06202587474866,167.5428583228781,
102.19697755913442,102.19697755913442,102.19697755913442,102.19697755913442,102.19697755913442,102.19697755913442,102.19697755913442,102.19697755913442,102.19697755913442,102.19697755913442,102.19697755913442,102.19697755913442,319.270149828368,348.30136376419773,218.9465902337828,277.2214174368826,539.3284597534233,110.17049146701055,283.16529330645966,457.9919031307577,539.3284597534233,281.4615130587721,144.62489196193027,392.268494055502,
102.19697755913442,102.19697755913442,102.19697755913442,102.19697755913442,102.19697755913442,102.19697755913442,102.19697755913442,102.19697755913442,102.19697755913442,102.19697755913442,102.19697755913442,102.19697755913442,261.68986096777485,333.42252973267017,231.9425777536328,590.8338916311419,151.98802378806036,111.18012787064663,450.548554542127,152.77175786119633,279.0346920635497,146.4923206178399,102.19697755913442,439.3752837836921,
102.19697755913442,102.19697755913442,102.19697755913442,102.19697755913442,102.19697755913442,102.19697755913442,102.19697755913442,102.19697755913442,102.19697755913442,102.19697755913442,102.19697755913442,102.19697755913442,322.76294190421964,193.7088307514944,102.19697755913442,107.47283377672704,539.3284597534233,102.19697755913442,223.4029031656866,173.9879593535139,167.5428583228781,117.66567043959762,211.64330579748767,539.3284597534233,
102.19697755913442,102.19697755913442,102.19697755913442,102.19697755913442,102.19697755913442,102.19697755913442,102.19697755913442,102.19697755913442,102.19697755913442,102.19697755913442,102.19697755913442,102.19697755913442,203.81854675176152,446.59665407229755,157.59169666306298,142.4538850821556,416.06202587474866,321.5231086174056,280.57188621337906,102.19697755913442,144.62489196193027,102.19697755913442,261.3967291302628,408.46572683641404,
102.19697755913442,102.19697755913442,102.19697755913442,102.19697755913442,102.19697755913442,102.19697755913442,102.19697755913442,102.19697755913442,102.19697755913442,102.19697755913442,102.19697755913442,102.19697755913442,307.4833328816377,255.7102154504475,244.35395263156,160.5665263216465,236.85725527203087,334.79633112286837,539.3284597534233,116.38775440311579,175.41909638063925,102.19697755913442,144.62489196193027,102.19697755913442,
102.19697755913442,102.19697755913442,102.19697755913442,102.19697755913442,102.19697755913442,102.19697755913442,102.19697755913442,102.19697755913442,102.19697755913442,102.19697755913442,102.19697755913442,102.19697755913442,298.76890256995813,151.98802378806036,167.50004317256136,151.98802378806036,384.2389664431932,447.20939167240215,159.82838018046453,117.94728538706397,107.48306843405616,188.4999263188774,160.5665263216465,226.77399419784547,
102.19697755913442,102.19697755913442,102.19697755913442,102.19697755913442,102.19697755913442,102.19697755913442,102.19697755913442,102.19697755913442,102.19697755913442,102.19697755913442,102.19697755913442,102.19697755913442,282.6670597481544,162.7711469548327,107.48306843405616,334.79085511206347,493.56483869903053,102.19697755913442,244.76848117149396,160.5665263216465,290.7168480055563,321.4476775075533,102.19697755913442,102.19697755913442,
102.19697755913442,102.19697755913442,102.19697755913442,102.19697755913442,102.19697755913442,102.19697755913442,102.19697755913442,102.19697755913442,102.19697755913442,102.19697755913442,102.19697755913442,102.19697755913442,163.86882478231541,255.7102154504475,408.46572683641404,144.62489196193027,228.02684052540832,179.6521329928729,231.0532045511019,307.8622140782185,546.8632735885634,143.75905768565218,203.5485200142708,187.19508540557362,
102.19697755913442,102.19697755913442,102.19697755913442,102.19697755913442,102.19697755913442,102.19697755913442,102.19697755913442,102.19697755913442,102.19697755913442,102.19697755913442,102.19697755913442,102.19697755913442,417.173724803788,446.4350344675023,305.8784225390866,204.6997801659787,186.8244078673876,321.4476775075533,102.19697755913442,269.4277887177441,469.05456772107016,333.3505412224995,107.64669061332077,246.36681873783246,
102.19697755913442,102.19697755913442,102.19697755913442,102.19697755913442,102.19697755913442,102.19697755913442,102.19697755913442,102.19697755913442,102.19697755913442,102.19697755913442,102.19697755913442,102.19697755913442,145.90996884471076,576.9269162265414,197.02429146826395,151.98802378806036,322.76294190421964,277.2214174368826,333.3505412224995,161.00655611220031,107.48306843405616,174.36679092584626,354.2403844848862,305.9062100955128,
102.19697755913442,102.19697755913442,102.19697755913442,102.19697755913442,102.19697755913442,102.19697755913442,102.19697755913442,102.19697755913442,102.19697755913442,102.19697755913442,102.19697755913442,102.19697755913442,160.5665263216465,240.66811765820344,371.4432788125261,470.56517437368154,466.0635686255685,414.43887768081476,102.19697755913442,162.37001211225345,488.5151379435442,255.7102154504475,102.19697755913442,102.19697755913442,
102.19697755913442,102.19697755913442,102.19697755913442,102.19697755913442,102.19697755913442,102.19697755913442,102.19697755913442,102.19697755913442,102.19697755913442,102.19697755913442,102.19697755913442,102.19697755913442,539.3284597534233,198.78799427195463,102.19697755913442,417.3083392409023,382.84363648884124,102.19697755913442,333.42252973267017,111.20710783638488,399.8652898164581,160.5665263216465,160.5665263216465,238.78442160241525,
102.19697755913442,102.19697755913442,102.19697755913442,102.19697755913442,102.19697755913442,102.19697755913442,102.19697755913442,102.19697755913442,102.19697755913442,102.19697755913442,102.19697755913442,102.19697755913442,102.19697755913442,408.46572683641404,144.62489196193027,319.340838961401,447.8109422513032,388.90872965260115,102.19697755913442,307.32939881339047,411.38779353143997,493.5607865298863,417.3083392409023,319.2764140543873,
102.19697755913442,102.19697755913442,102.19697755913442,102.19697755913442,102.19697755913442,102.19697755913442,102.19697755913442,102.19697755913442,102.19697755913442,102.19697755913442,102.19697755913442,102.19697755913442,251.16267139047554,160.11349524929727,119.44812332835818,392.92929207610445,111.31808467778882,110.16471514423263,159.8831135548717,284.08058324668684,254.10939245398492,219.09087155789945,506.6338322694212,539.3284597534233,
102.19697755913442,102.19697755913442,102.19697755913442,102.19697755913442,102.19697755913442,102.19697755913442,102.19697755913442,102.19697755913442,102.19697755913442,102.19697755913442,102.19697755913442,102.19697755913442,290.431076160937,103.89109381944152,488.5151379435442,488.5151379435442,229.1169383275087,160.5665263216465,249.15915739600203,109.94131768053961,319.2782038106758,220.52802401282247,307.3868355454844,174.36679092584626,
102.19697755913442,102.19697755913442,102.19697755913442,102.19697755913442,102.19697755913442,102.19697755913442,102.19697755913442,102.19697755913442,102.19697755913442,102.19697755913442,102.19697755913442,102.19697755913442,280.57188621337906,170.23217009583468,157.62299959079576,287.2520048419406,144.62489196193027,284.35619290679153,102.19697755913442,474.63415736052264,102.19697755913442,474.1728763506688,320.5299183717934,287.5597039456908,
102.19697755913442,102.19697755913442,102.19697755913442,102.19697755913442,102.19697755913442,102.19697755913442,102.19697755913442,102.19697755913442,102.19697755913442,102.19697755913442,102.19697755913442,102.19697755913442,407.9515221744423,486.8544443671024,151.98802378806036,161.00655611220031,111.20710783638488,142.4538850821556,280.57188621337906,176.8458211110583,335.05957181770924,151.98802378806036,372.9183682456524,186.6670068024112,
102.19697755913442,102.19697755913442,102.19697755913442,102.19697755913442,102.19697755913442,102.19697755913442,102.19697755913442,102.19697755913442,102.19697755913442,102.19697755913442,102.19697755913442,102.19697755913442,155.5157318638306,173.40418103379167,248.65509077166843,280.57188621337906,107.64669061332077,280.57188621337906,288.5404813453391,446.59665407229755,376.99616626034805,305.9102962879805,178.55211949176072,198.78799427195463,
102.19697755913442,102.19697755913442,102.19697755913442,102.19697755913442,102.19697755913442,102.19697755913442,102.19697755913442,102.19697755913442,102.19697755913442,102.19697755913442,102.19697755913442,102.19697755913442,249.15915739600203,311.9654568714167,102.19697755913442,222.83838705564654,102.19697755913442,333.42252973267017,384.8201806409994,151.69413098402984,327.97129989332757,539.3284597534233,107.49609295225571,102.19697755913442,
102.19697755913442,102.19697755913442,102.19697755913442,102.19697755913442,102.19697755913442,102.19697755913442,102.19697755913442,102.19697755913442,102.19697755913442,102.19697755913442,102.19697755913442,102.19697755913442,328.2943610542222,113.97465605222163,486.8845687977114,281.4615130587721,277.8819162432129,107.48865056367579,249.1075738176849,333.3505412224995,107.51655686451274,488.5151379435442,421.41220912545947,213.73373476126787,
102.19697755913442,102.19697755913442,102.19697755913442,102.19697755913442,102.19697755913442,102.19697755913442,102.19697755913442,102.19697755913442,102.19697755913442,102.19697755913442,102.19697755913442,102.19697755913442,321.4476775075533,372.97534687295354,160.5665263216465,110.20596795047366,307.8622140782185,288.687303799457,183.0367297687665,251.51673237911362,281.6648884312704,102.19697755913442,138.15173117426463,321.4476775075533,
102.19697755913442,102.19697755913442,102.19697755913442,102.19697755913442,102.19697755913442,102.19697755913442,102.19697755913442,102.19697755913442,102.19697755913442,102.19697755913442,102.19697755913442,102.19697755913442,239.4549366095146,103.89109381944152,178.20614066700557,111.1711330936828,229.1169383275087,102.19697755913442,324.4305935019076,333.3505412224995,251.51673237911362,145.04788481356385,422.7578976199025,394.8395117006402,
102.19697755913442,102.19697755913442,102.19697755913442,102.19697755913442,102.19697755913442,102.19697755913442,102.19697755913442,102.19697755913442,102.19697755913442,102.19697755913442,102.19697755913442,102.19697755913442,488.5151379435442,539.3284597534233,346.6679102541797,117.66567043959762,235.7666572411516,102.19697755913442,107.48865056367579,102.19697755913442,255.7102154504475,475.37320864768975,205.2656814959578,216.86137771133232,
102.19697755913442,102.19697755913442,102.19697755913442,102.19697755913442,102.19697755913442,102.19697755913442,102.19697755913442,102.19697755913442,102.19697755913442,102.19697755913442,102.19697755913442,102.19697755913442,102.19697755913442,321.4558435850871,539.3284597534233,321.4476775075533,294.32394284755924,255.7102154504475,102.19697755913442,102.19697755913442,288.2391541758336,102.19697755913442,178.28168547273722,102.19697755913442,
102.19697755913442,102.19697755913442,102.19697755913442,102.19697755913442,102.19697755913442,102.19697755913442,102.19697755913442,102.19697755913442,102.19697755913442,102.19697755913442,102.19697755913442,102.19697755913442,162.2374547863014,102.19697755913442,218.5380719437437,321.4476775075533,141.67928865339962,320.8301731446093,328.5157276803248,287.60664688656504,107.50539521344963,144.62489196193027,153.42098943756034,160.5665263216465,
102.19697755913442,102.19697755913442,102.19697755913442,102.19697755913442,102.19697755913442,102.19697755913442,102.19697755913442,102.19697755913442,102.19697755913442,102.19697755913442,102.19697755913442,102.19697755913442,184.0614282651311,321.4476775075533,184.0614282651311,147.1,235.20021865879048,319.2764140543873,102.19697755913442,161.00655611220031,102.19697755913442,238.4619663069983,330.26744213339185,354.17666407458296,
102.19697755913442,102.19697755913442,102.19697755913442,102.19697755913442,102.19697755913442,102.19697755913442,102.19697755913442,102.19697755913442,102.19697755913442,102.19697755913442,102.19697755913442,102.19697755913442,173.90738275811574,144.13053111676234,102.19697755913442,145.90996884471076,229.1169383275087,107.64669061332077,427.1523649204612,169.02133001488303,180.02877374186605,107.49609295225571,304.09769529548174,159.6977124914443,
102.19697755913442,102.19697755913442,102.19697755913442,102.19697755913442,102.19697755913442,102.19697755913442,102.19697755913442,102.19697755913442,102.19697755913442,102.19697755913442,102.19697755913442,102.19697755913442,280.57188621337906,145.04788481356385,216.86137771133232,102.19697755913442,261.68986096777485,297.3531850622533,484.32740992019023,184.88555018353017,353.6136073927774,107.47283377672704,301.0359889891351,251.16267139047554,
102.19697755913442,102.19697755913442,102.19697755913442,102.19697755913442,102.19697755913442,102.19697755913442,102.19697755913442,102.19697755913442,102.19697755913442,102.19697755913442,102.19697755913442,102.19697755913442,539.3284597534233,255.7102154504475,223.1495334651504,144.62489196193027,539.3284597534233,315.26270224777846,321.4476775075533,102.19697755913442,488.5151379435442,102.19697755913442,527.409366621413,113.97465605222163,
102.19697755913442,102.19697755913442,102.19697755913442,102.19697755913442,102.19697755913442,102.19697755913442,102.19697755913442,102.19697755913442,102.19697755913442,102.19697755913442,102.19697755913442,102.19697755913442,178.28168547273722,190.7035903568677,421.45650230282763,474.6210988778312,539.3284597534233,361.89397618639634,231.6411232920441,382.84363648884124,316.75757193001715,102.19697755913442,280.57188621337906,198.78799427195463,
102.19697755913442,102.19697755913442,102.19697755913442,102.19697755913442,102.19697755913442,102.19697755913442,102.19697755913442,102.19697755913442,102.19697755913442,102.19697755913442,102.19697755913442,102.19697755913442,107.48306843405616,161.50541786577935,107.49609295225571,488.5151379435442,336.14150459458455,303.83830286143035,366.8278070157713,188.4778943713736,151.98802378806036,539.3284597534233,182.7891117517671,288.5404813453391,
102.19697755913442,102.19697755913442,102.19697755913442,102.19697755913442,102.19697755913442,102.19697755913442,102.19697755913442,102.19697755913442,102.19697755913442,102.19697755913442,102.19697755913442,102.19697755913442,102.19697755913442,328.5157276803248,251.16267139047554,269.2964378311964,321.4476775075533,447.173165563409,357.5325936967923,178.28168547273722,333.3505412224995,488.5151379435442,333.3505412224995,416.069837136748,
102.19697755913442,102.19697755913442,102.19697755913442,102.19697755913442,102.19697755913442,102.19697755913442,102.19697755913442,102.19697755913442,102.19697755913442,102.19697755913442,102.19697755913442,102.19697755913442,528.4023467018291,303.43132901625603,261.68986096777485,102.19697755913442,280.57188621337906,354.03577973607884,102.19697755913442,144.33071527537314,205.90882556229695,111.20710783638488,102.19697755913442,160.5665263216465,
102.19697755913442,102.19697755913442,102.19697755913442,102.19697755913442,102.19697755913442,102.19697755913442,102.19697755913442,102.19697755913442,102.19697755913442,102.19697755913442,102.19697755913442,102.19697755913442,475.37320864768975,419.35138408419897,333.3505412224995,280.57188621337906,518.6797542800374,177.1621981248947,107.64669061332077,479.3093245195931,144.62489196193027,484.32740992019023,203.5485200142708,160.5665263216465,
102.19697755913442,102.19697755913442,102.19697755913442,102.19697755913442,102.19697755913442,102.19697755913442,102.19697755913442,102.19697755913442,102.19697755913442,102.19697755913442,102.19697755913442,102.19697755913442,475.37320864768975,335.05957181770924,330.26744213339185,268.80682861696636,269.2964378311964,208.91445617764225,203.5485200142708,198.8438806925898,420.77181068444526,151.98802378806036,111.25580509198909,187.15130075690095,
102.19697755913442,102.19697755913442,102.19697755913442,102.19697755913442,102.19697755913442,102.19697755913442,102.19697755913442,102.19697755913442,102.19697755913442,102.19697755913442,102.19697755913442,102.19697755913442,304.90232628077564,231.2271610343387,251.22342645541636,198.78799427195463,321.4476775075533,169.84753043170807,343.6526485524924,394.24140537782904,119.50880372033964,102.19697755913442,208.22310000333778,277.5964296920581,
102.19697755913442,102.19697755913442,102.19697755913442,102.19697755913442,102.19697755913442,102.19697755913442,102.19697755913442,102.19697755913442,102.19697755913442,102.19697755913442,102.19697755913442,102.19697755913442,192.6897333366086,147.1047585906044,102.19697755913442,208.22310000333778,322.76294190421964,123.2161605562445,206.04853797103246,431.8653890805725,147.08652026764534,447.8011165685052,307.9653660181071,370.94286537821426,
102.19697755913442,102.19697755913442,102.19697755913442,102.19697755913442,102.19697755913442,102.19697755913442,102.19697755913442,102.19697755913442,102.19697755913442,102.19697755913442,102.19697755913442,102.19697755913442,294.32394284755924,146.96409236423858,107.49609295225571,229.1169383275087,198.78799427195463,414.4678314819298,145.06703431325963,506.6338322694212,307.8088460624316,488.5151379435442,278.5785347078988,447.01166491650815,
102.19697755913442,102.19697755913442,102.19697755913442,102.19697755913442,102.19697755913442,102.19697755913442,102.19697755913442,102.19697755913442,102.19697755913442,102.19697755913442,102.19697755913442,102.19697755913442,107.49609295225571,417.3083392409023,539.3284597534233,201.81825827957192,231.05534278300388,333.3505412224995,417.53512826268087,102.19697755913442,102.19697755913442,224.25902295114014,293.3868436041398,208.22310000333778,
102.19697755913442,102.19697755913442,102.19697755913442,102.19697755913442,102.19697755913442,102.19697755913442,102.19697755913442,102.19697755913442,102.19697755913442,102.19697755913442,102.19697755913442,102.19697755913442,102.19697755913442,488.5151379435442,231.60708106618844,284.2157796024,102.19697755913442,325.6296055336492,488.5151379435442,354.5837127886728,384.2107711486843,157.59169666306298,488.5151379435442,164.48133442734468,
102.19697755913442,102.19697755913442,102.19697755913442,102.19697755913442,102.19697755913442,102.19697755913442,102.19697755913442,102.19697755913442,102.19697755913442,102.19697755913442,102.19697755913442,102.19697755913442,315.06017943666996,357.1896477285483,102.19697755913442,152.928120370323,249.10289038869058,102.19697755913442,474.1672524893862,213.329644424029,107.49609295225571,244.5896755282201,382.84363648884124,151.98802378806036,
102.19697755913442,102.19697755913442,102.19697755913442,102.19697755913442,102.19697755913442,102.19697755913442,102.19697755913442,102.19697755913442,102.19697755913442,102.19697755913442,102.19697755913442,102.19697755913442,116.38775440311579,336.444009351588,151.98802378806036,147.1258304989304,151.98802378806036,161.0548560791219,178.28168547273722,184.0614282651311,528.4295979598418,288.57730225192694,333.3145411369467,102.19697755913442,
102.19697755913442,102.19697755913442,102.19697755913442,102.19697755913442,102.19697755913442,102.19697755913442,102.19697755913442,102.19697755913442,102.19697755913442,102.19697755913442,102.19697755913442,102.19697755913442,213.73373476126787,488.5151379435442,107.47283377672704,156.9,227.6068735536976,178.28168547273722,479.2979985651634,252.33367931032456,350.8792527351824,102.19697755913442,144.62489196193027,102.19697755913442,
102.19697755913442,102.19697755913442,102.19697755913442,102.19697755913442,102.19697755913442,102.19697755913442,102.19697755913442,102.19697755913442,102.19697755913442,102.19697755913442,102.19697755913442,102.19697755913442,439.2978163257489,230.2730715911003,268.80682861696636,102.19697755913442,419.363307089847,203.5485200142708,442.3399597594592,102.19697755913442,102.19697755913442,229.1169383275087,160.5665263216465,110.17049146701055,
102.19697755913442,102.19697755913442,102.19697755913442,102.19697755913442,102.19697755913442,102.19697755913442,102.19697755913442,102.19697755913442,102.19697755913442,102.19697755913442,102.19697755913442,102.19697755913442,110.23730975858362,102.19697755913442,102.19697755913442,126.2295560732362,153.54405809987495,281.5197317684855,219.46717294392798,203.5485200142708,205.2656814959578,347.88759359565813,539.3284597534233,160.5665263216465,
102.19697755913442,102.19697755913442,102.19697755913442,102.19697755913442,102.19697755913442,102.19697755913442,102.19697755913442,102.19697755913442,102.19697755913442,102.19697755913442,102.19697755913442,102.19697755913442,248.80380490123807,223.27617427750772,375.6668515231725,111.20710783638488,102.19697755913442,399.8772811751125,178.28168547273722,164.48133442734468,102.19697755913442,184.0614282651311,251.16267139047554,161.00655611220031,
102.19697755913442,102.19697755913442,102.19697755913442,102.19697755913442,102.19697755913442,102.19697755913442,102.19697755913442,102.19697755913442,102.19697755913442,102.19697755913442,102.19697755913442,102.19697755913442,107.49609295225571,324.4305935019076,160.9755970858405,325.6842369876415,285.76313868057133,539.3284597534233,151.98802378806036,102.19697755913442,219.10632882993895,417.18650905000914,111.30080782494441,107.48865056367579,
102.19697755913442,102.19697755913442,102.19697755913442,102.19697755913442,102.19697755913442,102.19697755913442,102.19697755913442,102.19697755913442,102.19697755913442,102.19697755913442,102.19697755913442,102.19697755913442,102.19697755913442,409.3887020607677,208.22310000333778,203.5485200142708,330.26744213339185,102.19697755913442,102.19697755913442,213.38547133064145,384.8201806409994,488.5151379435442,392.3165631403876,153.42678311747846,
102.19697755913442,102.19697755913442,102.19697755913442,102.19697755913442,102.19697755913442,102.19697755913442,102.19697755913442,102.19697755913442,102.19697755913442,102.19697755913442,102.19697755913442,102.19697755913442,107.64669061332077,116.38775440311579,475.37320864768975,488.5151379435442,111.32084872541508,309.90393072852714,392.34314427187695,428.9176603673484,102.19697755913442,528.6547455570601,197.02429146826395,395.7712933837757,
102.19697755913442,102.19697755913442,102.19697755913442,102.19697755913442,102.19697755913442,102.19697755913442,102.19697755913442,102.19697755913442,102.19697755913442,102.19697755913442,102.19697755913442,102.19697755913442,145.0838837822221,366.8278070157713,252.78762496082228,539.3284597534233,154.41899710419915,385.7644646960399,511.64112422673765,203.81854675176152,333.3505412224995,274.17769785305296,151.98802378806036,203.37848952138472,
102.19697755913442,102.19697755913442,102.19697755913442,102.19697755913442,102.19697755913442,102.19697755913442,102.19697755913442,102.19697755913442,102.19697755913442,102.19697755913442,102.19697755913442,102.19697755913442,474.22243374461596,102.19697755913442,160.5665263216465,245.69408485621574,539.3284597534233,335.05957181770924,102.19697755913442,295.65894202611224,107.50539521344963,263.2259802273831,157.59169666306298,475.37320864768975,
102.19697755913442,102.19697755913442,102.19697755913442,102.19697755913442,102.19697755913442,102.19697755913442,102.19697755913442,102.19697755913442,102.19697755913442,102.19697755913442,102.19697755913442,102.19697755913442,147.08652026764534,204.6997801659787,102.19697755913442,399.21637527250095,416.063528051907,311.0043637727842,203.5485200142708,102.19697755913442,280.57188621337906,309.8727849572189,187.92468571212245,479.2979985651634,
102.19697755913442,102.19697755913442,102.19697755913442,102.19697755913442,102.19697755913442,102.19697755913442,102.19697755913442,102.19697755913442,102.19697755913442,102.19697755913442,102.19697755913442,102.19697755913442,107.48865056367579,102.19697755913442,257.0269580080213,280.57188621337906,268.99761018587935,392.364626336269,539.3284597534233,174.36679092584626,251.51673237911362,474.2231366491236,251.51673237911362,319.2433017532016,
102.19697755913442,102.19697755913442,102.19697755913442,102.19697755913442,102.19697755913442,102.19697755913442,102.19697755913442,102.19697755913442,102.19697755913442,102.19697755913442,102.19697755913442,102.19697755913442,159.79161234245058,220.5,442.3399597594592,221.9703969966652,116.38775440311579,145.05631090488043,217.11133856464826,256.03946961357343,488.5151379435442,248.19289733131825,103.89109381944152,488.5151379435442,
102.19697755913442,102.19697755913442,102.19697755913442,102.19697755913442,102.19697755913442,102.19697755913442,102.19697755913442,102.19697755913442,102.19697755913442,102.19697755913442,102.19697755913442,102.19697755913442,396.77125471917515,539.3284597534233,145.06703431325963,153.2898489065006,334.79085511206347,539.3284597534233,154.87506485643746,144.62489196193027,204.6997801659787,102.19697755913442,520.9059800002299,216.28479167780407,
102.19697755913442,102.19697755913442,102.19697755913442,102.19697755913442,102.19697755913442,102.19697755913442,102.19697755913442,102.19697755913442,102.19697755913442,102.19697755913442,102.19697755913442,102.19697755913442,157.13482798751735,469.05456772107016,160.33506582570556,214.95064032883866,162.91964276906577,102.19697755913442,142.4538850821556,474.6210988778312,102.19697755913442,353.6136073927774,144.62489196193027,316.4883207052942,
102.19697755913442,102.19697755913442,102.19697755913442,102.19697755913442,102.19697755913442,102.19697755913442,102.19697755913442,102.19697755913442,102.19697755913442,102.19697755913442,102.19697755913442,102.19697755913442,143.61367932369427,107.49609295225571,539.3284597534233,111.31808467778882,260.38762314233423,168.6956134580861,350.202798389733,539.3284597534233,306.4650993879354,284.5241641759097,203.81854675176152,160.5665263216465,
102.19697755913442,102.19697755913442,102.19697755913442,102.19697755913442,102.19697755913442,102.19697755913442,102.19697755913442,102.19697755913442,102.19697755913442,102.19697755913442,102.19697755913442,102.19697755913442,251.16267139047554,447.8109422513032,102.19697755913442,102.19697755913442,152.81299028551206,382.84363648884124,280.57188621337906,244.7689918576289,229.1169383275087,474.6210988778312,102.19697755913442,306.28977875768,
102.19697755913442,102.19697755913442,102.19697755913442,102.19697755913442,102.19697755913442,102.19697755913442,102.19697755913442,102.19697755913442,102.19697755913442,102.19697755913442,102.19697755913442,102.19697755913442,346.4823227814083,539.3284597534233,181.50705220459065,194.3054554046283,390.71290153842045,107.64669061332077,307.45695272310525,116.38775440311579,144.62489196193027,382.84363648884124,452.83077886304756,224.25902295114014,
102.19697755913442,102.19697755913442,102.19697755913442,102.19697755913442,102.19697755913442,102.19697755913442,102.19697755913442,102.19697755913442,102.19697755913442,102.19697755913442,102.19697755913442,102.19697755913442,382.84363648884124,203.5174030232632,251.16267139047554,294.32394284755924,479.3093245195931,142.4538850821556,366.8059977699383,180.15469543066115,116.38775440311579,151.69413098402984,160.9755970858405,218.00082425302892,
102.19697755913442,102.19697755913442,102.19697755913442,102.19697755913442,102.19697755913442,102.19697755913442,102.19697755913442,102.19697755913442,102.19697755913442,102.19697755913442,102.19697755913442,102.19697755913442,219.87089393550937,260.8842335851926,539.3284597534233,208.9423099539413,475.37320864768975,102.19697755913442,396.77125471917515,280.57188621337906,363.12753871745946,386.9352105234895,107.49609295225571,293.6046905035992,
102.19697755913442,102.19697755913442,102.19697755913442,102.19697755913442,102.19697755913442,102.19697755913442,102.19697755913442,102.19697755913442,102.19697755913442,102.19697755913442,102.19697755913442,102.19697755913442,257.2901518174029,272.7090940911212,321.4476775075533,429.77417325846835,392.364626336269,119.44812332835818,107.64669061332077,539.3284597534233,102.19697755913442,102.19697755913442,319.340838961401,305.90326902470326,
102.19697755913442,102.19697755913442,102.19697755913442,102.19697755913442,102.19697755913442,102.19697755913442,102.19697755913442,102.19697755913442,102.19697755913442,102.19697755913442,102.19697755913442,102.19697755913442,539.3284597534233,107.64669061332077,251.51673237911362,280.57188621337906,110.27523792390363,447.20939167240215,322.76294190421964,160.99413377856695,107.47283377672704,446.4350344675023,111.29666098119085,220.35526870135064,
102.19697755913442,102.19697755913442,102.19697755913442,102.19697755913442,102.19697755913442,102.19697755913442,102.19697755913442,102.19697755913442,102.19697755913442,102.19697755913442,102.19697755913442,102.19697755913442,107.48865056367579,208.22310000333778,539.3284597534233,102.19697755913442,171.40043574915438,452.96357469447804,102.19697755913442,233.1975414392985,178.89888205352207,656.2032205549335,245.0614400002579,539.3284597534233,
102.19697755913442,102.19697755913442,102.19697755913442,102.19697755913442,102.19697755913442,102.19697755913442,102.19697755913442,102.19697755913442,102.19697755913442,102.19697755913442,102.19697755913442,102.19697755913442,576.9269162265414,153.42098943756034,110.23730975858362,102.19697755913442,102.19697755913442,224.28131748988812,350.036324645641,102.19697755913442,102.19697755913442,107.64669061332077,431.89449769921487,203.5485200142708,
102.19697755913442,102.19697755913442,102.19697755913442,102.19697755913442,102.19697755913442,102.19697755913442,102.19697755913442,102.19697755913442,102.19697755913442,102.19697755913442,102.19697755913442,102.19697755913442,346.2927470604412,238.44546546327945,284.57236087053246,143.41185446119857,294.1179344667713,186.58356993966154,488.5151379435442,590.8804341827541,151.98802378806036,251.16267139047554,576.9269162265414,488.5151379435442,
