9.99999999E8,71.73318618324436,176.47432532807713,100.01297436494083,219.92651834053063,260.5440461802956,199.58519484170162,116.57722762186447,103.07127388365781,67.07633245042547,125.0723872036363,190.02609469929826,102.02640714590532,51.81189267168516,194.6090097263399,243.7629996533518,173.84068376917222,123.04362793334728,217.07878754037668,89.60034722154944,121.85102982489624,142.67130769995882,90.21702229131213,88.10022701446347,
51.81189267168516,67.07633245042547,71.73318618324436,88.10022701446347,89.60034722154944,90.21702229131213,100.01297436494083,102.02640714590532,103.07127388365781,116.57722762186447,121.85102982489624,123.04362793334728,72.58190775484847,75.07787623527986,152.07317317659943,89.60034722154944,150.84983748545358,152.57211409690828,104.63040109515653,110.33222557349235,116.57722762186447,152.57211409690828,67.43874535458085,89.22879455522067,
51.81189267168516,67.07633245042547,67.43874535458085,71.73318618324436,72.58190775484847,75.07787623527986,88.10022701446347,89.22879455522067,89.60034722154944,89.60034722154944,90.21702229131213,100.01297436494083,89.70693024138845,210.67648974988484,117.29189125895293,80.21128349552824,129.56176133412202,60.10195419417894,86.46666626509895,144.08614203500144,247.85013112766353,137.59069735995962,72.76079530443117,176.22340224839604,
51.81189267168516,60.10195419417894,67.07633245042547,67.43874535458085,71.73318618324436,72.58190775484847,72.76079530443117,75.07787623527986,80.21128349552824,86.46666626509895,88.10022701446347,89.22879455522067,48.32062347550189,186.81530768026872,130.3371695940102,279.67335858104184,143.47822134386809,56.684555999750835,93.12476696465995,78.60025445251433,241.14864019244783,72.58190775484847,194.6090097263399,184.1126947687204,
48.32062347550189,51.81189267168516,56.684555999750835,60.10195419417894,67.07633245042547,67.43874535458085,71.73318618324436,72.58190775484847,72.58190775484847,72.76079530443117,75.07787623527986,78.60025445251433,71.73318618324436,167.61339445283005,110.49786322720352,132.28926638242424,181.62112865798406,208.05140652036465,121.48347367028983,104.43395041843434,97.61670365943185,107.21963246895066,79.60226650877054,182.95145360176835,
48.32062347550189,51.81189267168516,56.684555999750835,60.10195419417894,67.07633245042547,67.43874535458085,71.73318618324436,71.73318618324436,72.58190775484847,72.58190775484847,72.76079530443117,75.07787623527986,118.96182861181424,135.25449263435866,150.228107806096,113.56077667927426,121.84683007776607,128.99232858326627,68.98470039718147,172.56650891757647,65.19547530312207,84.13349181178945,84.34957024194019,160.18277321027168,
48.32062347550189,51.81189267168516,56.684555999750835,60.10195419417894,65.19547530312207,67.07633245042547,67.43874535458085,68.98470039718147,71.73318618324436,71.73318618324436,72.58190775484847,72.58190775484847,50.110152102642836,158.65966371100404,182.13919814251955,59.83541880650623,224.81538911665606,95.20339253626008,155.41852098983142,193.9839626819129,215.1343766114565,98.08170488594361,51.920487519104185,147.3478461162634,
48.32062347550189,50.110152102642836,51.81189267168516,51.920487519104185,56.684555999750835,59.83541880650623,60.10195419417894,65.19547530312207,67.07633245042547,67.43874535458085,68.98470039718147,71.73318618324436,106.41006550517825,92.7393931472614,78.79625625624608,67.07633245042547,67.25573085866611,153.87393378996975,71.34442755920044,150.09221655165118,141.40721339450826,237.2475500400373,138.87324356325007,61.89120158256207,
48.32062347550189,50.110152102642836,51.81189267168516,51.920487519104185,56.684555999750835,59.83541880650623,60.10195419417894,61.89120158256207,65.19547530312207,67.07633245042547,67.07633245042547,67.25573085866611,138.53176531034316,51.57545712621244,59.38798980714311,137.0583247198068,130.87799662280898,84.57624072910647,151.56473128203356,154.62384209551482,147.11220207719006,202.51399128619894,131.8377791075077,31.235396587845656,
31.235396587845656,48.32062347550189,50.110152102642836,51.57545712621244,51.81189267168516,51.920487519104185,56.684555999750835,59.38798980714311,59.83541880650623,60.10195419417894,61.89120158256207,65.19547530312207,95.5405672999695,77.55871431803564,53.96715743517211,110.51463421194498,138.55919312698094,151.4537883316228,51.81189267168516,60.10195419417894,61.25430568864465,34.791442115043814,58.59107009442385,59.38798980714311,
31.235396587845656,34.791442115043814,48.32062347550189,50.110152102642836,51.57545712621244,51.81189267168516,51.81189267168516,51.920487519104185,53.96715743517211,56.684555999750835,58.59107009442385,59.38798980714311,142.66388602235676,144.1234039132977,279.67335858104184,51.79044313384468,54.88358235808545,226.31375713081752,48.128772041522645,99.95440286981473,69.41436570816352,138.87324356325007,212.04775405554287,95.18682967920877,
31.235396587845656,34.791442115043814,48.128772041522645,48.32062347550189,50.110152102642836,51.57545712621244,51.79044313384468,51.81189267168516,51.81189267168516,51.920487519104185,53.96715743517211,54.88358235808545,230.49007238791816,176.47432532807713,137.43762963910694,60.10195419417894,48.176696470806675,171.36445891076065,138.53176531034316,65.77132938138806,158.11375393580872,110.35290351236559,236.1389068606301,145.10379426848598,
31.235396587845656,34.791442115043814,48.128772041522645,48.176696470806675,48.32062347550189,50.110152102642836,51.57545712621244,51.79044313384468,51.81189267168516,51.81189267168516,51.920487519104185,53.96715743517211,56.72821137139725,124.76590324381456,180.27507326531955,126.0073410559877,70.69405915633929,141.1273065946724,42.61487233056084,53.591303191635284,182.8974695697018,126.74187994594133,92.6492452913742,82.86930863745387,
31.235396587845656,34.791442115043814,42.61487233056084,48.128772041522645,48.176696470806675,48.32062347550189,50.110152102642836,51.57545712621244,51.79044313384468,51.81189267168516,51.81189267168516,51.920487519104185,63.00255799608129,247.85013112766353,142.75941299963375,123.70133723340801,173.02018487737203,100.0044443456834,162.42943795399154,47.662222986344226,165.05150711217394,104.32484588719868,42.04477748317224,120.88421767476612,
31.235396587845656,34.791442115043814,42.04477748317224,42.61487233056084,47.662222986344226,48.128772041522645,48.176696470806675,48.32062347550189,50.110152102642836,51.57545712621244,51.79044313384468,51.81189267168516,136.1361450901266,47.662222986344226,121.48347367028983,41.5682229565243,48.50794608446469,90.57289881636781,101.49274289083003,124.35991217069125,139.9559697525895,128.14261825109122,144.18352502588112,148.67015950260702,
31.235396587845656,34.791442115043814,41.5682229565243,42.04477748317224,42.61487233056084,47.662222986344226,47.662222986344226,48.128772041522645,48.176696470806675,48.32062347550189,48.50794608446469,50.110152102642836,87.62812048651962,141.83347409902925,144.18352502588112,45.16033238697181,103.07127388365781,155.82040944625965,84.71865201949332,141.40721339450826,41.79705830366817,117.50510627202547,49.928351031116485,38.342774643300636,
31.235396587845656,34.791442115043814,38.342774643300636,41.5682229565243,41.79705830366817,42.04477748317224,42.61487233056084,45.16033238697181,47.662222986344226,47.662222986344226,48.128772041522645,48.176696470806675,54.27919863961404,132.92943381734537,55.560965014417576,38.939268953932185,135.79114247623076,117.72098965332681,42.61487233056084,35.62338431710386,47.662222986344226,130.56984481494953,118.52144672308609,229.26226793783576,
31.235396587845656,34.791442115043814,35.62338431710386,38.342774643300636,38.939268953932185,41.5682229565243,41.79705830366817,42.04477748317224,42.61487233056084,42.61487233056084,45.16033238697181,47.662222986344226,35.89504257739017,127.88373626071456,112.34965262271372,184.62389979360745,140.03422200781256,80.33173407813378,138.6219679560206,153.29682536395418,82.23273206103651,143.20172615928902,137.02331099160477,164.05486887014357,
31.235396587845656,34.791442115043814,35.62338431710386,35.89504257739017,38.342774643300636,38.939268953932185,41.5682229565243,41.79705830366817,42.04477748317224,42.61487233056084,42.61487233056084,45.16033238697181,85.23643587105224,166.1163748701494,105.02951965995085,76.14203482607765,42.222503430260595,279.67335858104184,62.30185256742639,42.34919221936415,279.67335858104184,54.50095564911377,107.54556981473881,185.08845013938605,
31.235396587845656,34.791442115043814,35.62338431710386,35.89504257739017,38.342774643300636,38.939268953932185,41.5682229565243,41.79705830366817,42.04477748317224,42.222503430260595,42.34919221936415,42.61487233056084,60.14656654752308,118.21055103077728,97.10361018577585,72.03574063611815,38.7463203898125,116.34747257676034,191.90984277806606,34.949307312630005,114.61559394340719,60.44711876232536,31.598324032021903,148.7707443518382,
31.235396587845656,31.598324032021903,34.791442115043814,34.949307312630005,35.62338431710386,35.89504257739017,38.342774643300636,38.7463203898125,38.939268953932185,41.5682229565243,41.79705830366817,42.04477748317224,55.71565646207536,114.58468484051436,92.78349454242458,36.126728275167245,38.939268953932185,92.39832249559512,35.493144600182546,131.90147838443661,192.02235112958422,63.17594478913632,148.03846714655634,42.65840826751939,
31.235396587845656,31.598324032021903,34.791442115043814,34.949307312630005,35.493144600182546,35.62338431710386,35.89504257739017,36.126728275167245,38.342774643300636,38.7463203898125,38.939268953932185,38.939268953932185,241.14864019244783,146.18818137934406,105.96610932996742,119.62185316697798,119.62185316697798,103.46610254088051,245.29896724881118,62.222873209240525,30.621071176560758,155.82040944625965,186.69556602929808,93.73153151421351,
30.621071176560758,31.235396587845656,31.598324032021903,34.791442115043814,34.949307312630005,35.493144600182546,35.62338431710386,35.89504257739017,36.126728275167245,38.342774643300636,38.7463203898125,38.939268953932185,47.76452658616015,83.90073499876705,164.79684462998677,182.46296713305964,157.98902054334314,173.98211913233433,31.598324032021903,155.1476715906494,41.90942614734781,120.78044819699365,37.50653004369195,230.48697338018732,
30.621071176560758,31.235396587845656,31.598324032021903,31.598324032021903,34.791442115043814,34.949307312630005,35.493144600182546,35.62338431710386,35.89504257739017,36.126728275167245,37.50653004369195,38.342774643300636,34.234789809977414,77.1507057968926,144.02360917571812,261.51252360068725,151.74711694131128,25.84279396659734,121.17502942067742,98.44313079133556,55.48510555793789,151.47937153289223,116.27660985770096,99.35011044002138,
25.84279396659734,30.621071176560758,31.235396587845656,31.598324032021903,31.598324032021903,34.234789809977414,34.791442115043814,34.949307312630005,35.493144600182546,35.62338431710386,35.89504257739017,36.126728275167245,35.493144600182546,161.16699413961905,34.40737956594546,36.44781072402559,41.036569057366385,195.84604532486162,234.36869991532572,97.13083959278845,51.53122031028051,37.27376199598497,63.17594478913632,40.43539085174438,
25.84279396659734,30.621071176560758,31.235396587845656,31.598324032021903,31.598324032021903,34.234789809977414,34.40737956594546,34.791442115043814,34.949307312630005,35.493144600182546,35.493144600182546,35.62338431710386,156.99213551081118,53.4644222305305,314.6649011249904,82.3330697532893,273.0653157518667,66.73845093597343,254.30432064752657,131.19908536266556,107.49598948380371,308.30828727103653,90.27984271142701,182.17501029230107,
25.84279396659734,30.621071176560758,31.235396587845656,31.598324032021903,31.598324032021903,34.234789809977414,34.40737956594546,34.791442115043814,34.949307312630005,35.493144600182546,35.493144600182546,35.62338431710386,117.60201688321506,66.00986119624801,196.99590796537387,145.37086193594644,203.04002068557816,78.98132690706076,119.62185316697798,130.33802208104893,41.19693556564614,38.72639065719052,58.50450289938487,46.30670820183395,
25.84279396659734,30.621071176560758,31.235396587845656,31.598324032021903,31.598324032021903,34.234789809977414,34.40737956594546,34.791442115043814,34.949307312630005,35.493144600182546,35.493144600182546,35.62338431710386,35.493144600182546,163.16249569064578,59.93625085594415,255.65540772688536,31.888695314937063,43.48203652084387,36.15735287139625,33.240918725058584,74.64738042931364,232.57297241941077,119.62185316697798,53.68798748323502,
25.84279396659734,30.621071176560758,31.235396587845656,31.598324032021903,31.598324032021903,31.888695314937063,33.240918725058584,34.234789809977414,34.40737956594546,34.791442115043814,34.949307312630005,35.493144600182546,81.76328256008317,44.012624451526534,76.90542532516444,156.61637047256588,31.598324032021903,121.79490958164057,38.52956454140119,70.05879227477448,25.84279396659734,92.65662415607424,32.30247668523267,49.384714234264834,
25.84279396659734,25.84279396659734,30.621071176560758,31.235396587845656,31.598324032021903,31.598324032021903,31.598324032021903,31.888695314937063,32.30247668523267,33.240918725058584,34.234789809977414,34.40737956594546,168.63504314874112,36.79988321936196,161.26127867532244,81.51717610418065,128.22993670226413,158.04176663148257,135.4609665895964,273.0653157518667,121.01812986119907,172.73530147309205,120.83974883273791,115.21631828868686,
25.84279396659734,25.84279396659734,30.621071176560758,31.235396587845656,31.598324032021903,31.598324032021903,31.598324032021903,31.888695314937063,32.30247668523267,33.240918725058584,34.234789809977414,34.40737956594546,224.30378396273213,151.8936255061013,37.504625565062106,146.6754495476322,60.79663975055429,37.344277223187945,85.17353234570524,68.49996275881604,69.16419558133545,29.72127464740815,121.79490958164057,28.93338030489643,
25.84279396659734,25.84279396659734,28.93338030489643,29.72127464740815,30.621071176560758,31.235396587845656,31.598324032021903,31.598324032021903,31.598324032021903,31.888695314937063,32.30247668523267,33.240918725058584,151.8936255061013,51.190666873952715,38.3796050375748,87.7841078258295,135.66940517301606,28.06342023979892,121.79490958164057,308.30828727103653,194.58957330961064,31.598324032021903,113.9220006066529,137.43866906770467,
25.84279396659734,25.84279396659734,28.06342023979892,28.93338030489643,29.72127464740815,30.621071176560758,31.235396587845656,31.598324032021903,31.598324032021903,31.598324032021903,31.598324032021903,31.888695314937063,273.0653157518667,151.74711694131128,247.85013112766353,148.96198665897202,59.0139813942425,68.37933411004624,119.62185316697798,33.248308227637686,123.72381877930108,110.33222557349235,27.3530162870569,96.4822073054437,
25.84279396659734,25.84279396659734,27.3530162870569,28.06342023979892,28.93338030489643,29.72127464740815,30.621071176560758,31.235396587845656,31.598324032021903,31.598324032021903,31.598324032021903,31.598324032021903,159.57231061199053,232.57297241941077,31.79393285937848,31.943700474428443,28.68091772106175,23.320972719743946,154.09926454507604,78.20475928612018,29.72127464740815,202.91767624663294,31.235396587845656,27.3530162870569,
23.320972719743946,25.84279396659734,25.84279396659734,27.3530162870569,27.3530162870569,28.06342023979892,28.68091772106175,28.93338030489643,29.72127464740815,29.72127464740815,30.621071176560758,31.235396587845656,157.04962060868957,140.03352368308825,82.26239749008246,273.0653157518667,19.241159586215748,171.50743424120134,238.38624121370762,31.888695314937063,30.329321927716112,105.73985372917188,105.28174057242397,40.67405436177776,
19.241159586215748,23.320972719743946,25.84279396659734,25.84279396659734,27.3530162870569,27.3530162870569,28.06342023979892,28.68091772106175,28.93338030489643,29.72127464740815,29.72127464740815,30.329321927716112,31.401433088316207,134.2392919379419,28.06342023979892,71.12699909317136,33.347080498565056,122.91536722476974,192.655781122706,35.99513856064455,32.26840560052511,30.26858932953434,113.04625434441327,31.838459447655442,
19.241159586215748,23.320972719743946,25.84279396659734,25.84279396659734,27.3530162870569,27.3530162870569,28.06342023979892,28.06342023979892,28.68091772106175,28.93338030489643,29.72127464740815,29.72127464740815,139.88382456524414,91.6377890119573,151.1712088163616,72.51053563295321,30.122320074434285,41.02469390750017,113.49746018915029,42.708313008125245,155.34924446260445,135.42125633247784,94.4651971330593,273.0653157518667,
19.241159586215748,23.320972719743946,25.84279396659734,25.84279396659734,27.3530162870569,27.3530162870569,28.06342023979892,28.06342023979892,28.68091772106175,28.93338030489643,29.72127464740815,29.72127464740815,308.30828727103653,108.43636126523448,19.241159586215748,215.6228188295478,247.85013112766353,145.67758641490963,111.97047715849942,142.14165469699583,130.30317212818215,171.50743424120134,44.33114029663573,36.95764830985653,
19.241159586215748,19.241159586215748,23.320972719743946,25.84279396659734,25.84279396659734,27.3530162870569,27.3530162870569,28.06342023979892,28.06342023979892,28.68091772106175,28.93338030489643,29.72127464740815,110.67934164362683,45.81102487393182,90.88274571879832,97.28514789010704,18.27455016336844,19.241159586215748,56.9198363366853,155.82040944625965,211.66010488516724,73.01750170716302,217.0631244592227,236.39285804214418,
18.27455016336844,19.241159586215748,19.241159586215748,19.241159586215748,23.320972719743946,25.84279396659734,25.84279396659734,27.3530162870569,27.3530162870569,28.06342023979892,28.06342023979892,28.68091772106175,308.30828727103653,27.26393797765808,49.14777850759284,229.6174808240871,130.30317212818215,105.28174057242397,146.6754495476322,63.44026061316793,63.17594478913632,164.91816152261703,76.69999275677208,114.94950089105232,
18.27455016336844,19.241159586215748,19.241159586215748,19.241159586215748,23.320972719743946,25.84279396659734,25.84279396659734,27.26393797765808,27.3530162870569,27.3530162870569,28.06342023979892,28.06342023979892,33.54629885198465,70.46354455398274,168.46123441314325,67.20382553595195,44.03390029284256,69.59660552067177,51.18109154982341,31.888695314937063,142.14165469699583,55.151368699133435,111.39658881671377,36.57116350350368,
18.27455016336844,19.241159586215748,19.241159586215748,19.241159586215748,23.320972719743946,25.84279396659734,25.84279396659734,27.26393797765808,27.3530162870569,27.3530162870569,28.06342023979892,28.06342023979892,50.54226778977506,107.44547739316391,28.06342023979892,111.24343594485173,170.58483959602037,212.14617602021488,64.99858711180276,173.62598991798433,149.77588699964562,127.58526560696576,33.586768316066966,169.90781814462414,
18.27455016336844,19.241159586215748,19.241159586215748,19.241159586215748,23.320972719743946,25.84279396659734,25.84279396659734,27.26393797765808,27.3530162870569,27.3530162870569,28.06342023979892,28.06342023979892,128.54078875983296,157.1112955317773,61.15486211057396,77.6418057492225,92.31840282413903,123.72381877930108,31.080540535840107,18.27455016336844,135.4904921733911,141.78339328794786,25.531434872851676,245.29896724881118,
18.27455016336844,18.27455016336844,19.241159586215748,19.241159586215748,19.241159586215748,23.320972719743946,25.531434872851676,25.84279396659734,25.84279396659734,27.26393797765808,27.3530162870569,27.3530162870569,63.17594478913632,142.14165469699583,110.67934164362683,43.84822307308093,151.9174666279907,19.241159586215748,21.481387292258383,229.01569269375406,107.71815074535954,77.6418057492225,308.30828727103653,144.87057801707013,
18.27455016336844,18.27455016336844,19.241159586215748,19.241159586215748,19.241159586215748,19.241159586215748,21.481387292258383,23.320972719743946,25.531434872851676,25.84279396659734,25.84279396659734,27.26393797765808,25.531434872851676,34.67752315614393,116.1895003862225,27.48181216732259,18.27455016336844,43.04105649700874,44.20037861136209,21.481387292258383,150.4828961736726,32.97758076835433,164.53172186542022,52.24541447183029,
18.27455016336844,18.27455016336844,18.27455016336844,19.241159586215748,19.241159586215748,19.241159586215748,19.241159586215748,21.481387292258383,21.481387292258383,23.320972719743946,25.531434872851676,25.531434872851676,31.043291552495255,100.50708168774852,25.79031787062285,24.96601239981926,134.34449912238478,19.241159586215748,111.73291770091383,167.984188244013,108.76764224713156,273.0653157518667,114.61559394340719,168.46123441314325,
18.27455016336844,18.27455016336844,18.27455016336844,19.241159586215748,19.241159586215748,19.241159586215748,19.241159586215748,19.241159586215748,21.481387292258383,21.481387292258383,23.320972719743946,24.96601239981926,18.27455016336844,32.59524505200107,34.67752315614393,82.9633453198861,61.363308428586016,144.29824799698713,45.84416538666616,111.39658881671377,102.69761438319782,171.50743424120134,19.241159586215748,273.0653157518667,
18.27455016336844,18.27455016336844,18.27455016336844,18.27455016336844,19.241159586215748,19.241159586215748,19.241159586215748,19.241159586215748,19.241159586215748,19.241159586215748,21.481387292258383,21.481387292258383,161.16699413961905,18.27455016336844,169.27104743576203,128.84842516176388,83.24011452819288,123.72381877930108,82.90468925217681,228.95564526781163,21.481387292258383,40.02167381557148,56.85422010501947,121.79490958164057,
18.27455016336844,18.27455016336844,18.27455016336844,18.27455016336844,18.27455016336844,19.241159586215748,19.241159586215748,19.241159586215748,19.241159586215748,19.241159586215748,19.241159586215748,21.481387292258383,18.27455016336844,158.8936358071021,103.07127388365781,121.79490958164057,56.93403529524321,103.07127388365781,164.91816152261703,130.30317212818215,19.241159586215748,30.008071830759135,18.27455016336844,38.56954066949231,
18.27455016336844,18.27455016336844,18.27455016336844,18.27455016336844,18.27455016336844,18.27455016336844,18.27455016336844,19.241159586215748,19.241159586215748,19.241159586215748,19.241159586215748,19.241159586215748,168.46123441314325,114.99174770746085,176.38930664867414,83.24662155306964,72.51053563295321,157.04962060868957,46.10192788921132,52.71543101091621,62.62786919575023,31.292720798933416,212.14617602021488,18.27455016336844,
18.27455016336844,18.27455016336844,18.27455016336844,18.27455016336844,18.27455016336844,18.27455016336844,18.27455016336844,18.27455016336844,19.241159586215748,19.241159586215748,19.241159586215748,19.241159586215748,18.27455016336844,80.04738180186365,18.27455016336844,215.07808659492332,167.984188244013,155.2069586068872,171.50743424120134,50.22830529752347,145.67758641490963,226.96957395210487,127.00229656716186,34.87955466076557,
18.27455016336844,18.27455016336844,18.27455016336844,18.27455016336844,18.27455016336844,18.27455016336844,18.27455016336844,18.27455016336844,18.27455016336844,18.27455016336844,19.241159586215748,19.241159586215748,47.26097756077417,18.27455016336844,119.62543583184633,18.27455016336844,18.27455016336844,18.27455016336844,49.51788397471497,52.005120366928274,60.792789980469465,52.19215298618494,18.27455016336844,52.24541447183029,
18.27455016336844,18.27455016336844,18.27455016336844,18.27455016336844,18.27455016336844,18.27455016336844,18.27455016336844,18.27455016336844,18.27455016336844,18.27455016336844,18.27455016336844,18.27455016336844,103.07127388365781,136.80732764716655,18.27455016336844,18.27455016336844,18.27455016336844,122.234405958388,18.27455016336844,121.38539130859404,58.331238057607976,273.0653157518667,104.33879112455412,51.051444641655344,
18.27455016336844,18.27455016336844,18.27455016336844,18.27455016336844,18.27455016336844,18.27455016336844,18.27455016336844,18.27455016336844,18.27455016336844,18.27455016336844,18.27455016336844,18.27455016336844,63.17594478913632,23.874672772626646,40.98033376025677,116.35069563608118,40.98033376025677,128.92447724669404,18.27455016336844,147.55711450423638,111.39658881671377,18.27455016336844,34.687668918507626,122.79234171426762,
18.27455016336844,18.27455016336844,18.27455016336844,18.27455016336844,18.27455016336844,18.27455016336844,18.27455016336844,18.27455016336844,18.27455016336844,18.27455016336844,18.27455016336844,18.27455016336844,216.8566346690827,18.27455016336844,106.73448364984955,176.47432532807713,23.033250145059814,155.2069586068872,62.72891411993887,44.0232892910105,138.65224283957488,18.27455016336844,212.14617602021488,145.5068551579587,
18.27455016336844,18.27455016336844,18.27455016336844,18.27455016336844,18.27455016336844,18.27455016336844,18.27455016336844,18.27455016336844,18.27455016336844,18.27455016336844,18.27455016336844,18.27455016336844,18.27455016336844,63.608175575157006,158.28198728850987,127.00229656716186,26.542124538175162,167.4236766410295,18.27455016336844,114.25184626516983,158.68706101422805,212.14617602021488,212.14617602021488,146.6754495476322,
18.27455016336844,18.27455016336844,18.27455016336844,18.27455016336844,18.27455016336844,18.27455016336844,18.27455016336844,18.27455016336844,18.27455016336844,18.27455016336844,18.27455016336844,18.27455016336844,18.27455016336844,146.6754495476322,34.87955466076557,18.27455016336844,18.27455016336844,97.13083959278845,113.45006243571075,18.27455016336844,171.50743424120134,53.96318662017729,147.99183536037836,142.14165469699583,
18.27455016336844,18.27455016336844,18.27455016336844,18.27455016336844,18.27455016336844,18.27455016336844,18.27455016336844,18.27455016336844,18.27455016336844,18.27455016336844,18.27455016336844,18.27455016336844,52.634153994024324,215.60983279989807,18.27455016336844,155.82040944625965,34.87955466076557,52.19939520247463,51.69187157355457,41.25480800674594,18.27455016336844,34.87955466076557,128.43182773362685,148.86130289635383,
18.27455016336844,18.27455016336844,18.27455016336844,18.27455016336844,18.27455016336844,18.27455016336844,18.27455016336844,18.27455016336844,18.27455016336844,18.27455016336844,18.27455016336844,18.27455016336844,134.69465468235924,146.6754495476322,18.27455016336844,34.687668918507626,220.5665054656607,52.24541447183029,35.20276090024758,273.0653157518667,34.87955466076557,117.47759094823148,103.07127388365781,308.30828727103653,
18.27455016336844,18.27455016336844,18.27455016336844,18.27455016336844,18.27455016336844,18.27455016336844,18.27455016336844,18.27455016336844,18.27455016336844,18.27455016336844,18.27455016336844,18.27455016336844,308.30828727103653,18.27455016336844,18.858685001876456,34.687668918507626,121.79490958164057,146.6754495476322,18.27455016336844,18.27455016336844,18.27455016336844,40.98033376025677,233.50414878541238,49.884407199370955,
18.27455016336844,18.27455016336844,18.27455016336844,18.27455016336844,18.27455016336844,18.27455016336844,18.27455016336844,18.27455016336844,18.27455016336844,18.27455016336844,18.27455016336844,18.27455016336844,121.79490958164057,121.79490958164057,119.81756966321758,197.25089775883572,151.64493891983338,67.99769077265215,18.27455016336844,18.27455016336844,103.07127388365781,103.82447126440536,125.91477519435476,139.86707975789014,
18.27455016336844,18.27455016336844,18.27455016336844,18.27455016336844,18.27455016336844,18.27455016336844,18.27455016336844,18.27455016336844,18.27455016336844,18.27455016336844,18.27455016336844,18.27455016336844,42.19971950772437,28.926361247139262,18.27455016336844,18.27455016336844,145.86020704770715,99.21987368130104,156.29539340620374,150.35042401004395,144.55443395136658,47.819321408819675,130.30317212818215,63.17594478913632,
18.27455016336844,18.27455016336844,18.27455016336844,18.27455016336844,18.27455016336844,18.27455016336844,18.27455016336844,18.27455016336844,18.27455016336844,18.27455016336844,18.27455016336844,18.27455016336844,18.27455016336844,40.98033376025677,135.6032628588235,145.79346478837795,72.51053563295321,103.07127388365781,108.27434291342217,47.419353025134306,72.89022139491689,62.72891411993887,18.27455016336844,113.45006243571075,
18.27455016336844,18.27455016336844,18.27455016336844,18.27455016336844,18.27455016336844,18.27455016336844,18.27455016336844,18.27455016336844,18.27455016336844,18.27455016336844,18.27455016336844,18.27455016336844,159.5029780286249,94.26690829766297,136.40283858849858,18.27455016336844,18.27455016336844,120.94519335599232,126.31365918168852,166.21428187734048,18.27455016336844,85.59014820286126,34.67752315614393,34.62996354315147,
18.27455016336844,18.27455016336844,18.27455016336844,18.27455016336844,18.27455016336844,18.27455016336844,18.27455016336844,18.27455016336844,18.27455016336844,18.27455016336844,18.27455016336844,18.27455016336844,113.45006243571075,18.27455016336844,72.89022139491689,18.27455016336844,18.27455016336844,92.31840282413903,119.62543583184633,254.30432064752657,130.30317212818215,149.67527350902017,18.27455016336844,72.51053563295321,
18.27455016336844,18.27455016336844,18.27455016336844,18.27455016336844,18.27455016336844,18.27455016336844,18.27455016336844,18.27455016336844,18.27455016336844,18.27455016336844,18.27455016336844,18.27455016336844,30.568774918206977,173.81983009234975,130.30317212818215,122.40548207011125,121.79490958164057,18.27455016336844,122.79234171426762,18.27455016336844,52.71543101091621,35.20276090024758,171.50743424120134,103.07127388365781,
18.27455016336844,18.27455016336844,18.27455016336844,18.27455016336844,18.27455016336844,18.27455016336844,18.27455016336844,18.27455016336844,18.27455016336844,18.27455016336844,18.27455016336844,18.27455016336844,18.27455016336844,127.01751847678335,103.07127388365781,145.5068551579587,103.07127388365781,26.542124538175162,103.07127388365781,276.2122146104332,26.542124538175162,18.27455016336844,18.27455016336844,49.51788397471497,
18.27455016336844,18.27455016336844,18.27455016336844,18.27455016336844,18.27455016336844,18.27455016336844,18.27455016336844,18.27455016336844,18.27455016336844,18.27455016336844,18.27455016336844,18.27455016336844,18.27455016336844,169.27104743576203,18.27455016336844,177.87267215623652,102.69761438319782,112.54147383668536,18.27455016336844,40.64206906369037,210.25203130211767,18.27455016336844,19.241159586215748,103.07127388365781,
18.27455016336844,18.27455016336844,18.27455016336844,18.27455016336844,18.27455016336844,18.27455016336844,18.27455016336844,18.27455016336844,18.27455016336844,18.27455016336844,18.27455016336844,18.27455016336844,147.17064924773553,121.79490958164057,34.87955466076557,103.07127388365781,85.59014820286126,41.25480800674594,18.27455016336844,63.17594478913632,41.17442571953291,248.45661090017308,79.37411416828537,18.27455016336844,
18.27455016336844,18.27455016336844,18.27455016336844,18.27455016336844,18.27455016336844,18.27455016336844,18.27455016336844,18.27455016336844,18.27455016336844,18.27455016336844,18.27455016336844,18.27455016336844,157.04962060868957,145.37086193594644,141.78339328794786,82.9633453198861,157.04962060868957,225.89466571833873,60.792789980469465,52.71543101091621,121.85102982489624,18.27455016336844,116.35069563608118,103.07127388365781,
18.27455016336844,18.27455016336844,18.27455016336844,18.27455016336844,18.27455016336844,18.27455016336844,18.27455016336844,18.27455016336844,18.27455016336844,18.27455016336844,18.27455016336844,18.27455016336844,171.50743424120134,127.00229656716186,52.634153994024324,103.07127388365781,157.0494527600937,119.62304740052292,73.10266752998827,18.27455016336844,60.62636023674484,155.2069586068872,151.29000848260492,31.292720798933416,
18.27455016336844,18.27455016336844,18.27455016336844,18.27455016336844,18.27455016336844,18.27455016336844,18.27455016336844,18.27455016336844,18.27455016336844,18.27455016336844,18.27455016336844,18.27455016336844,145.37086193594644,127.58526560696576,248.45661090017308,118.64451455222586,112.1468531286842,33.53636086399358,65.40374607008378,18.27455016336844,86.43870660763035,23.874672772626646,171.50743424120134,59.11457133718131,
18.27455016336844,18.27455016336844,18.27455016336844,18.27455016336844,18.27455016336844,18.27455016336844,18.27455016336844,18.27455016336844,18.27455016336844,18.27455016336844,18.27455016336844,18.27455016336844,212.14617602021488,60.62636023674484,34.62996354315147,18.27455016336844,52.15660288486776,142.14165469699583,103.07127388365781,18.27455016336844,60.62636023674484,155.2069586068872,62.72891411993887,124.24974849069112,
18.27455016336844,18.27455016336844,18.27455016336844,18.27455016336844,18.27455016336844,18.27455016336844,18.27455016336844,18.27455016336844,18.27455016336844,18.27455016336844,18.27455016336844,18.27455016336844,96.3454432988112,34.87955466076557,130.30317212818215,18.27455016336844,52.634153994024324,72.52585745787498,18.27455016336844,18.27455016336844,123.72381877930108,167.984188244013,124.88875049418984,18.27455016336844,
18.27455016336844,18.27455016336844,18.27455016336844,18.27455016336844,18.27455016336844,18.27455016336844,18.27455016336844,18.27455016336844,18.27455016336844,18.27455016336844,18.27455016336844,18.27455016336844,18.27455016336844,131.37446479434274,48.79020777779082,18.27455016336844,110.33222557349235,119.83419534924077,111.39658881671377,46.929759681357844,18.27455016336844,23.033250145059814,127.01751847678335,127.00229656716186,
18.27455016336844,18.27455016336844,18.27455016336844,18.27455016336844,18.27455016336844,18.27455016336844,18.27455016336844,18.27455016336844,18.27455016336844,18.27455016336844,18.27455016336844,18.27455016336844,144.92742729957453,28.926361247139262,111.18565554962565,48.498797235945275,34.87955466076557,18.27455016336844,58.08099812976702,35.66822426505449,27.39040662348772,34.87955466076557,34.687668918507626,18.27455016336844,
18.27455016336844,18.27455016336844,18.27455016336844,18.27455016336844,18.27455016336844,18.27455016336844,18.27455016336844,18.27455016336844,18.27455016336844,18.27455016336844,18.27455016336844,18.27455016336844,28.926361247139262,60.792789980469465,18.27455016336844,78.48367664680345,52.19215298618494,94.26690829766297,34.87955466076557,232.24811624639713,99.56312734406553,255.64660666631192,18.27455016336844,176.38930664867414,
18.27455016336844,18.27455016336844,18.27455016336844,18.27455016336844,18.27455016336844,18.27455016336844,18.27455016336844,18.27455016336844,18.27455016336844,18.27455016336844,18.27455016336844,18.27455016336844,18.27455016336844,18.27455016336844,308.30828727103653,18.27455016336844,45.7110941920165,103.07127388365781,103.07127388365781,171.50743424120134,18.27455016336844,63.17594478913632,34.87955466076557,30.17009073569385,
18.27455016336844,18.27455016336844,18.27455016336844,18.27455016336844,18.27455016336844,18.27455016336844,18.27455016336844,18.27455016336844,18.27455016336844,18.27455016336844,18.27455016336844,18.27455016336844,34.87955466076557,245.29896724881118,178.30223638530168,151.12800359095516,171.50743424120134,158.68706101422805,138.51877129111418,103.07127388365781,34.687668918507626,72.62781836183709,18.27455016336844,49.85534630865135,
18.27455016336844,18.27455016336844,18.27455016336844,18.27455016336844,18.27455016336844,18.27455016336844,18.27455016336844,18.27455016336844,18.27455016336844,18.27455016336844,18.27455016336844,18.27455016336844,145.5068551579587,18.27455016336844,44.20037861136209,143.25234509424268,103.07127388365781,31.292720798933416,18.27455016336844,294.15642097360376,63.17594478913632,110.33222557349235,232.7943029801202,34.87955466076557,
18.27455016336844,18.27455016336844,18.27455016336844,18.27455016336844,18.27455016336844,18.27455016336844,18.27455016336844,18.27455016336844,18.27455016336844,18.27455016336844,18.27455016336844,18.27455016336844,30.008071830759135,212.14617602021488,40.620192023179804,30.969519064898492,96.44430585696288,31.886272516554833,18.27455016336844,137.04555583819564,63.17594478913632,59.27787670511375,139.86707975789014,155.70930529387778,
18.27455016336844,18.27455016336844,18.27455016336844,18.27455016336844,18.27455016336844,18.27455016336844,18.27455016336844,18.27455016336844,18.27455016336844,18.27455016336844,18.27455016336844,18.27455016336844,52.24541447183029,18.27455016336844,18.27455016336844,87.44474445804809,122.02950462900355,60.62636023674484,59.27787670511375,49.71305417193799,149.67527350902017,34.62996354315147,146.81753217889897,110.33222557349235,
18.27455016336844,18.27455016336844,18.27455016336844,18.27455016336844,18.27455016336844,18.27455016336844,18.27455016336844,18.27455016336844,18.27455016336844,18.27455016336844,18.27455016336844,18.27455016336844,18.27455016336844,71.24780698379425,95.99166630494545,18.27455016336844,52.24541447183029,273.0653157518667,155.90889433683165,103.07127388365781,116.35069563608118,103.07127388365781,131.8652510877845,253.0430793363059,
18.27455016336844,18.27455016336844,18.27455016336844,18.27455016336844,18.27455016336844,18.27455016336844,18.27455016336844,18.27455016336844,18.27455016336844,18.27455016336844,18.27455016336844,18.27455016336844,151.64493891983338,43.66030488008784,220.81194865012776,43.27454668199939,18.27455016336844,18.27455016336844,235.93219364893804,104.42158669832135,31.292720798933416,125.88530935383649,26.043233286210835,34.87955466076557,
18.27455016336844,18.27455016336844,18.27455016336844,18.27455016336844,18.27455016336844,18.27455016336844,18.27455016336844,18.27455016336844,18.27455016336844,18.27455016336844,18.27455016336844,18.27455016336844,155.2069586068872,49.36556165674559,42.19971950772437,124.56985991803957,110.33222557349235,53.68798748323502,18.27455016336844,18.27455016336844,27.48181216732259,18.27455016336844,48.0852108241193,101.61583428667885,
18.27455016336844,18.27455016336844,18.27455016336844,18.27455016336844,18.27455016336844,18.27455016336844,18.27455016336844,18.27455016336844,18.27455016336844,18.27455016336844,18.27455016336844,18.27455016336844,121.79490958164057,127.7809030476521,18.27455016336844,96.66393929363376,133.93906625547214,124.130576410488,144.86562739311213,182.36764840199444,18.27455016336844,235.76937884297018,48.45255411224469,145.79346478837795,
18.27455016336844,18.27455016336844,18.27455016336844,18.27455016336844,18.27455016336844,18.27455016336844,18.27455016336844,18.27455016336844,18.27455016336844,18.27455016336844,18.27455016336844,18.27455016336844,167.984188244013,18.27455016336844,18.27455016336844,139.71393765476657,121.79490958164057,208.94496883150836,208.94496883150836,108.0212170517132,149.67527350902017,177.87267215623652,131.19908536266556,103.07127388365781,
18.27455016336844,18.27455016336844,18.27455016336844,18.27455016336844,18.27455016336844,18.27455016336844,18.27455016336844,18.27455016336844,18.27455016336844,18.27455016336844,18.27455016336844,18.27455016336844,89.71436154076262,130.30317212818215,108.0212170517132,52.24541447183029,121.79490958164057,78.94346715160894,62.984521908164076,143.65206809046177,92.41692966599187,52.71543101091621,168.46123441314325,18.27455016336844,
18.27455016336844,18.27455016336844,18.27455016336844,18.27455016336844,18.27455016336844,18.27455016336844,18.27455016336844,18.27455016336844,18.27455016336844,18.27455016336844,18.27455016336844,18.27455016336844,34.687668918507626,34.67752315614393,31.886272516554833,18.27455016336844,52.15660288486776,41.25480800674594,62.305865159977785,141.79246115649565,103.07127388365781,117.47759094823148,110.33222557349235,18.27455016336844,
18.27455016336844,18.27455016336844,18.27455016336844,18.27455016336844,18.27455016336844,18.27455016336844,18.27455016336844,18.27455016336844,18.27455016336844,18.27455016336844,18.27455016336844,18.27455016336844,63.17594478913632,245.29896724881118,212.14617602021488,103.07127388365781,54.6304345122753,35.20276090024758,18.27455016336844,34.87955466076557,23.874672772626646,34.87955466076557,241.14864019244783,40.64206906369037,
18.27455016336844,18.27455016336844,18.27455016336844,18.27455016336844,18.27455016336844,18.27455016336844,18.27455016336844,18.27455016336844,18.27455016336844,18.27455016336844,18.27455016336844,18.27455016336844,152.15298423706614,165.362984572324,23.82193054729192,63.17594478913632,41.25480800674594,18.27455016336844,108.0212170517132,161.16699413961905,103.07127388365781,158.368981732535,273.0653157518667,103.07127388365781,
18.27455016336844,18.27455016336844,18.27455016336844,18.27455016336844,18.27455016336844,18.27455016336844,18.27455016336844,18.27455016336844,18.27455016336844,18.27455016336844,18.27455016336844,18.27455016336844,148.96198665897202,121.79490958164057,103.07127388365781,130.30317212818215,145.86020704770715,18.27455016336844,142.35074420248037,120.41432417887675,95.222026732264,123.7399827595484,191.68639354265017,51.32155827476403,
18.27455016336844,18.27455016336844,18.27455016336844,18.27455016336844,18.27455016336844,18.27455016336844,18.27455016336844,18.27455016336844,18.27455016336844,18.27455016336844,18.27455016336844,18.27455016336844,98.4948444082227,18.27455016336844,50.49752469181039,103.07127388365781,155.48211311916236,18.27455016336844,152.42347806905164,103.07127388365781,161.73805983750393,27.13392710243027,168.46123441314325,103.07127388365781,
18.27455016336844,18.27455016336844,18.27455016336844,18.27455016336844,18.27455016336844,18.27455016336844,18.27455016336844,18.27455016336844,18.27455016336844,18.27455016336844,18.27455016336844,18.27455016336844,56.35143631709843,106.73448364984955,66.90689459524107,121.79490958164057,112.85191870568951,18.27455016336844,240.4662138430262,130.30317212818215,18.27455016336844,41.25480800674594,148.86130289635383,82.59956113684866,
18.27455016336844,18.27455016336844,18.27455016336844,18.27455016336844,18.27455016336844,18.27455016336844,18.27455016336844,18.27455016336844,18.27455016336844,18.27455016336844,18.27455016336844,18.27455016336844,41.25480800674594,34.87955466076557,18.27455016336844,34.87955466076557,60.367581514909006,109.10538197082671,61.570761548692495,52.24541447183029,164.2911541542433,117.29798091412576,103.07127388365781,130.30317212818215,
18.27455016336844,18.27455016336844,18.27455016336844,18.27455016336844,18.27455016336844,18.27455016336844,18.27455016336844,18.27455016336844,18.27455016336844,18.27455016336844,18.27455016336844,18.27455016336844,187.5,18.27455016336844,155.439966975464,23.82193054729192,60.62636023674484,161.16699413961905,53.96318662017729,120.99806036563106,103.07127388365781,18.27455016336844,173.40871758171022,95.222026732264,
18.27455016336844,18.27455016336844,18.27455016336844,18.27455016336844,18.27455016336844,18.27455016336844,18.27455016336844,18.27455016336844,18.27455016336844,18.27455016336844,18.27455016336844,18.27455016336844,52.71543101091621,148.86130289635383,116.35069563608118,18.27455016336844,30.568774918206977,105.28174057242397,146.6754495476322,30.17009073569385,140.34214144962542,18.27455016336844,171.50743424120134,61.71186406734662,
18.27455016336844,18.27455016336844,18.27455016336844,18.27455016336844,18.27455016336844,18.27455016336844,18.27455016336844,18.27455016336844,18.27455016336844,18.27455016336844,18.27455016336844,18.27455016336844,120.50234987970404,82.9633453198861,18.27455016336844,95.94173401878149,18.27455016336844,18.27455016336844,92.31840282413903,82.59956113684866,9.99999999E8,52.24541447183029,18.27455016336844,18.27455016336844,
18.27455016336844,18.27455016336844,18.27455016336844,18.27455016336844,18.27455016336844,18.27455016336844,18.27455016336844,18.27455016336844,18.27455016336844,18.27455016336844,18.27455016336844,18.27455016336844,18.27455016336844,34.87955466076557,61.15486211057396,158.73956658627992,121.79490958164057,121.79490958164057,111.39658881671377,18.27455016336844,176.38930664867414,61.88255004441882,240.4662138430262,212.14617602021488,
18.27455016336844,18.27455016336844,18.27455016336844,18.27455016336844,18.27455016336844,18.27455016336844,18.27455016336844,18.27455016336844,18.27455016336844,18.27455016336844,18.27455016336844,18.27455016336844,52.24541447183029,308.30828727103653,153.80767211033395,41.17442571953291,39.99166579843022,56.44188117358619,142.12225151256223,18.27455016336844,18.27455016336844,111.39658881671377,18.27455016336844,18.27455016336844,
18.27455016336844,18.27455016336844,18.27455016336844,18.27455016336844,18.27455016336844,18.27455016336844,18.27455016336844,18.27455016336844,18.27455016336844,18.27455016336844,18.27455016336844,18.27455016336844,52.183985736497156,19.241159586215748,18.27455016336844,41.120718559014605,18.27455016336844,47.67016304193268,69.27555153743872,103.07127388365781,103.07127388365781,212.14617602021488,123.72381877930108,187.5,
18.27455016336844,18.27455016336844,18.27455016336844,18.27455016336844,18.27455016336844,18.27455016336844,18.27455016336844,18.27455016336844,18.27455016336844,18.27455016336844,18.27455016336844,18.27455016336844,118.31417876974503,240.4662138430262,27.39040662348772,18.27455016336844,119.35765580807961,52.24541447183029,18.27455016336844,142.14165469699583,212.14617602021488,103.07127388365781,130.30317212818215,64.18126186824313,
18.27455016336844,18.27455016336844,18.27455016336844,18.27455016336844,18.27455016336844,18.27455016336844,18.27455016336844,18.27455016336844,18.27455016336844,18.27455016336844,18.27455016336844,18.27455016336844,61.979868765845296,34.87955466076557,155.2069586068872,18.27455016336844,153.63566209271423,52.19215298618494,18.27455016336844,135.1177868621693,74.6696427978302,240.4662138430262,18.27455016336844,178.30223638530168,
18.27455016336844,18.27455016336844,18.27455016336844,18.27455016336844,18.27455016336844,18.27455016336844,18.27455016336844,18.27455016336844,18.27455016336844,18.27455016336844,18.27455016336844,18.27455016336844,70.778014550777,34.87955466076557,18.27455016336844,18.27455016336844,71.12829517850122,149.92841829434772,18.27455016336844,35.20276090024758,30.17009073569385,168.46123441314325,18.27455016336844,212.14617602021488,
18.27455016336844,18.27455016336844,18.27455016336844,18.27455016336844,18.27455016336844,18.27455016336844,18.27455016336844,18.27455016336844,18.27455016336844,18.27455016336844,18.27455016336844,18.27455016336844,165.2843509430541,18.27455016336844,130.2276252375048,44.0232892910105,168.46123441314325,159.6809318610084,238.38036831920533,48.38533347893521,235.93219364893804,52.24541447183029,165.74679484080528,121.79490958164057,
18.27455016336844,18.27455016336844,18.27455016336844,18.27455016336844,18.27455016336844,18.27455016336844,18.27455016336844,18.27455016336844,18.27455016336844,18.27455016336844,18.27455016336844,18.27455016336844,138.51443968048963,34.87955466076557,71.13019142552201,121.79490958164057,72.47528314305966,41.25480800674594,137.73452726168554,234.36869991532572,33.08677039240911,18.27455016336844,18.27455016336844,86.17732075346098,
18.27455016336844,18.27455016336844,18.27455016336844,18.27455016336844,18.27455016336844,18.27455016336844,18.27455016336844,18.27455016336844,18.27455016336844,18.27455016336844,18.27455016336844,18.27455016336844,63.17594478913632,18.27455016336844,18.27455016336844,27.95057020885263,18.27455016336844,143.66906417179726,212.14617602021488,41.46866286727847,112.85191870568951,134.24273206066357,119.35444849271434,58.783123609602235,
18.27455016336844,18.27455016336844,18.27455016336844,18.27455016336844,18.27455016336844,18.27455016336844,18.27455016336844,18.27455016336844,18.27455016336844,18.27455016336844,18.27455016336844,18.27455016336844,18.27455016336844,171.50743424120134,150.29038558736883,167.984188244013,145.31546143935728,33.08677039240911,34.87955466076557,18.27455016336844,28.926361247139262,112.94061861586084,26.043233286210835,30.008071830759135,
18.27455016336844,18.27455016336844,18.27455016336844,18.27455016336844,18.27455016336844,18.27455016336844,18.27455016336844,18.27455016336844,18.27455016336844,18.27455016336844,18.27455016336844,18.27455016336844,18.27455016336844,106.34965914378851,18.27455016336844,119.62185316697798,18.27455016336844,148.03846714655634,212.14617602021488,34.62996354315147,63.608175575157006,124.88875049418984,23.82193054729192,113.45006243571075,
18.27455016336844,18.27455016336844,18.27455016336844,18.27455016336844,18.27455016336844,18.27455016336844,18.27455016336844,18.27455016336844,18.27455016336844,18.27455016336844,18.27455016336844,18.27455016336844,53.68798748323502,130.30317212818215,122.64825739211429,18.27455016336844,75.80823760574367,28.926361247139262,119.35765580807961,34.87955466076557,127.00229656716186,152.4912565799539,142.33447242610038,308.30828727103653,
18.27455016336844,18.27455016336844,18.27455016336844,18.27455016336844,18.27455016336844,18.27455016336844,18.27455016336844,18.27455016336844,18.27455016336844,18.27455016336844,18.27455016336844,18.27455016336844,279.67335858104184,48.68505289100547,167.984188244013,41.37363626487014,18.27455016336844,132.37346552462847,34.87955466076557,26.043233286210835,202.93163873580679,73.73635466986417,273.0653157518667,19.241159586215748,
18.27455016336844,18.27455016336844,18.27455016336844,18.27455016336844,18.27455016336844,18.27455016336844,18.27455016336844,18.27455016336844,18.27455016336844,18.27455016336844,18.27455016336844,18.27455016336844,119.81756966321758,28.926361247139262,150.2834057400095,48.44984783363144,52.24541447183029,41.37363626487014,41.37363626487014,18.27455016336844,48.68505289100547,18.27455016336844,18.27455016336844,105.17218025694818,
18.27455016336844,18.27455016336844,18.27455016336844,18.27455016336844,18.27455016336844,18.27455016336844,18.27455016336844,18.27455016336844,18.27455016336844,18.27455016336844,18.27455016336844,18.27455016336844,194.6090097263399,147.99183536037836,63.17594478913632,34.87955466076557,48.429203535697766,61.979868765845296,72.89022139491689,130.30317212818215,60.62636023674484,65.65237524263688,187.5,150.88671246998524,
18.27455016336844,18.27455016336844,18.27455016336844,18.27455016336844,18.27455016336844,18.27455016336844,18.27455016336844,18.27455016336844,18.27455016336844,18.27455016336844,18.27455016336844,18.27455016336844,98.76479319575373,33.08677039240911,34.62996354315147,225.89466571833873,67.91497952914692,146.6754495476322,135.4609665895964,60.62636023674484,92.31840282413903,63.17594478913632,93.40651401002036,91.83970063237847,
18.27455016336844,18.27455016336844,18.27455016336844,18.27455016336844,18.27455016336844,18.27455016336844,18.27455016336844,18.27455016336844,18.27455016336844,18.27455016336844,18.27455016336844,18.27455016336844,76.58622591563055,106.87804576556715,18.27455016336844,176.38930664867414,308.30828727103653,63.17594478913632,151.62350576345344,27.39040662348772,26.043233286210835,212.14617602021488,140.34214144962542,121.79490958164057,
18.27455016336844,18.27455016336844,18.27455016336844,18.27455016336844,18.27455016336844,18.27455016336844,18.27455016336844,18.27455016336844,18.27455016336844,18.27455016336844,18.27455016336844,18.27455016336844,149.67527350902017,210.4870930164855,30.008071830759135,18.27455016336844,36.353205574688396,121.86626996467086,58.309518948453004,167.984188244013,23.82193054729192,18.27455016336844,127.58526560696576,142.14165469699583,
18.27455016336844,18.27455016336844,18.27455016336844,18.27455016336844,18.27455016336844,18.27455016336844,18.27455016336844,18.27455016336844,18.27455016336844,18.27455016336844,18.27455016336844,18.27455016336844,121.79490958164057,18.27455016336844,30.17009073569385,103.07127388365781,171.50743424120134,18.27455016336844,130.30317212818215,103.07127388365781,138.589722241987,123.72381877930108,111.95771796640416,135.4609665895964,
18.27455016336844,18.27455016336844,18.27455016336844,18.27455016336844,18.27455016336844,18.27455016336844,18.27455016336844,18.27455016336844,18.27455016336844,18.27455016336844,18.27455016336844,18.27455016336844,18.27455016336844,66.7013243246839,80.03427000354286,314.6649011249904,26.542124538175162,18.27455016336844,157.1112955317773,62.72891411993887,109.3985831718126,121.79490958164057,117.47759094823148,18.27455016336844,
18.27455016336844,18.27455016336844,18.27455016336844,18.27455016336844,18.27455016336844,18.27455016336844,18.27455016336844,18.27455016336844,18.27455016336844,18.27455016336844,18.27455016336844,18.27455016336844,103.07127388365781,18.27455016336844,130.56033088193365,264.01641363117307,62.10588133073846,130.30317212818215,121.79490958164057,34.87955466076557,18.27455016336844,55.149654350684735,82.80762066873028,18.27455016336844,
18.27455016336844,18.27455016336844,18.27455016336844,18.27455016336844,18.27455016336844,18.27455016336844,18.27455016336844,18.27455016336844,18.27455016336844,18.27455016336844,18.27455016336844,18.27455016336844,187.5,146.6754495476322,129.421984222156,103.07127388365781,52.24541447183029,119.35765580807961,132.92943381734537,151.9174666279907,51.95150313211303,30.008071830759135,60.62636023674484,52.71543101091621,
18.27455016336844,18.27455016336844,18.27455016336844,18.27455016336844,18.27455016336844,18.27455016336844,18.27455016336844,18.27455016336844,18.27455016336844,18.27455016336844,18.27455016336844,18.27455016336844,130.30317212818215,34.62996354315147,18.27455016336844,103.07127388365781,18.27455016336844,168.46123441314325,18.27455016336844,52.24541447183029,123.85744493839144,130.30317212818215,18.27455016336844,128.49124483792662,
18.27455016336844,18.27455016336844,18.27455016336844,18.27455016336844,18.27455016336844,18.27455016336844,18.27455016336844,18.27455016336844,18.27455016336844,18.27455016336844,18.27455016336844,18.27455016336844,182.1702071552865,130.30317212818215,35.20276090024758,18.27455016336844,34.87955466076557,167.22559612690875,18.27455016336844,65.73346855969864,41.37363626487014,166.3882507871274,149.16994827842422,164.71429810432366,
18.27455016336844,18.27455016336844,18.27455016336844,18.27455016336844,18.27455016336844,18.27455016336844,18.27455016336844,18.27455016336844,18.27455016336844,18.27455016336844,18.27455016336844,18.27455016336844,130.30317212818215,45.7110941920165,212.14617602021488,86.52302800410997,26.542124538175162,40.98033376025677,97.14915945942852,155.2069586068872,18.27455016336844,44.133635447102904,104.42158669832135,111.39658881671377,
18.27455016336844,18.27455016336844,18.27455016336844,18.27455016336844,18.27455016336844,18.27455016336844,18.27455016336844,18.27455016336844,18.27455016336844,18.27455016336844,18.27455016336844,18.27455016336844,41.25480800674594,41.25480800674594,212.14617602021488,273.0653157518667,87.46561824511389,58.02141307310604,30.17009073569385,186.81938971905458,171.50743424120134,145.60107647056648,18.27455016336844,45.84416538666616,
18.27455016336844,18.27455016336844,18.27455016336844,18.27455016336844,18.27455016336844,18.27455016336844,18.27455016336844,18.27455016336844,18.27455016336844,18.27455016336844,18.27455016336844,18.27455016336844,32.91740505500936,40.18270772359673,90.0976322293396,43.64661892689971,38.366923688684416,212.14617602021488,91.46098135878005,30.008071830759135,40.175502559609136,212.14617602021488,212.14617602021488,212.14617602021488,
18.27455016336844,18.27455016336844,18.27455016336844,18.27455016336844,18.27455016336844,18.27455016336844,18.27455016336844,18.27455016336844,18.27455016336844,18.27455016336844,18.27455016336844,18.27455016336844,18.27455016336844,63.608175575157006,83.98005715644638,164.79684462998677,129.54375065333463,157.0221614412229,52.24541447183029,86.17732075346098,18.27455016336844,51.69187157355457,145.5068551579587,18.27455016336844,
18.27455016336844,18.27455016336844,18.27455016336844,18.27455016336844,18.27455016336844,18.27455016336844,18.27455016336844,18.27455016336844,18.27455016336844,18.27455016336844,18.27455016336844,18.27455016336844,182.6220140070742,103.07127388365781,52.24541447183029,163.16249569064578,18.27455016336844,28.926361247139262,75.66934650173741,39.947187357532165,18.27455016336844,103.07127388365781,52.514186615793335,48.99218687709296,
18.27455016336844,18.27455016336844,18.27455016336844,18.27455016336844,18.27455016336844,18.27455016336844,18.27455016336844,18.27455016336844,18.27455016336844,18.27455016336844,18.27455016336844,18.27455016336844,156.99486537814553,131.19908536266556,102.69761438319782,164.19069198140718,240.4662138430262,151.62350576345344,161.16699413961905,44.0232892910105,34.87955466076557,112.16423818013749,18.27455016336844,212.14617602021488,
18.27455016336844,18.27455016336844,18.27455016336844,18.27455016336844,18.27455016336844,18.27455016336844,18.27455016336844,18.27455016336844,18.27455016336844,18.27455016336844,18.27455016336844,18.27455016336844,64.97880345127312,47.12589521696113,40.98033376025677,49.36556165674559,18.27455016336844,308.30828727103653,167.984188244013,134.2392919379419,52.24541447183029,18.27455016336844,61.743420702128255,34.87955466076557,
18.27455016336844,18.27455016336844,18.27455016336844,18.27455016336844,18.27455016336844,18.27455016336844,18.27455016336844,18.27455016336844,18.27455016336844,18.27455016336844,18.27455016336844,18.27455016336844,140.34214144962542,41.21401510799833,18.27455016336844,101.27923960516291,51.07102896946565,34.87955466076557,30.17009073569385,18.27455016336844,72.51053563295321,157.0221614412229,48.68505289100547,30.949438905980855,
18.27455016336844,18.27455016336844,18.27455016336844,18.27455016336844,18.27455016336844,18.27455016336844,18.27455016336844,18.27455016336844,18.27455016336844,18.27455016336844,18.27455016336844,18.27455016336844,167.984188244013,18.27455016336844,145.75184389914247,18.27455016336844,121.79490958164057,116.35069563608118,18.27455016336844,41.37363626487014,151.74711694131128,41.25480800674594,31.706991868250974,48.68505289100547,
18.27455016336844,18.27455016336844,18.27455016336844,18.27455016336844,18.27455016336844,18.27455016336844,18.27455016336844,18.27455016336844,18.27455016336844,18.27455016336844,18.27455016336844,18.27455016336844,55.16778385072215,18.27455016336844,60.62636023674484,63.17594478913632,111.39658881671377,27.39040662348772,157.29457502829948,18.27455016336844,72.47528314305966,103.07127388365781,72.89022139491689,60.08348783321489,
18.27455016336844,18.27455016336844,18.27455016336844,18.27455016336844,18.27455016336844,18.27455016336844,18.27455016336844,18.27455016336844,18.27455016336844,18.27455016336844,18.27455016336844,18.27455016336844,135.4609665895964,18.27455016336844,273.0653157518667,152.15298423706614,103.07127388365781,97.28514789010704,18.27455016336844,97.13083959278845,164.6304953524711,31.886272516554833,121.79490958164057,187.5,
18.27455016336844,18.27455016336844,18.27455016336844,18.27455016336844,18.27455016336844,18.27455016336844,18.27455016336844,18.27455016336844,18.27455016336844,18.27455016336844,18.27455016336844,18.27455016336844,92.31840282413903,121.79490958164057,116.35069563608118,145.75184389914247,185.6824148477003,56.35143631709843,18.27455016336844,58.309518948453004,202.8651029625352,18.27455016336844,163.16249569064578,179.57097308585261,
18.27455016336844,18.27455016336844,18.27455016336844,18.27455016336844,18.27455016336844,18.27455016336844,18.27455016336844,18.27455016336844,18.27455016336844,18.27455016336844,18.27455016336844,18.27455016336844,53.96318662017729,34.87955466076557,18.27455016336844,53.25645500782041,18.27455016336844,18.27455016336844,52.24541447183029,116.35069563608118,149.67527350902017,34.87955466076557,49.36556165674559,103.07127388365781,
18.27455016336844,18.27455016336844,18.27455016336844,18.27455016336844,18.27455016336844,18.27455016336844,18.27455016336844,18.27455016336844,18.27455016336844,18.27455016336844,18.27455016336844,18.27455016336844,77.6418057492225,18.27455016336844,235.93219364893804,52.24541447183029,144.22373027695545,110.34967149928448,169.27104743576203,42.060802549536675,110.33222557349235,45.81645914945941,52.24541447183029,212.14617602021488,
18.27455016336844,18.27455016336844,18.27455016336844,18.27455016336844,18.27455016336844,18.27455016336844,18.27455016336844,18.27455016336844,18.27455016336844,18.27455016336844,18.27455016336844,18.27455016336844,68.09357073175117,171.50743424120134,123.72381877930108,130.30317212818215,18.27455016336844,123.72381877930108,65.2560661292624,103.07127388365781,241.14864019244783,129.56079653969405,230.6711674657238,54.40633774457585,
18.27455016336844,18.27455016336844,18.27455016336844,18.27455016336844,18.27455016336844,18.27455016336844,18.27455016336844,18.27455016336844,18.27455016336844,18.27455016336844,18.27455016336844,18.27455016336844,18.27455016336844,60.62636023674484,212.14617602021488,52.71543101091621,58.026287146430455,103.07127388365781,149.67527350902017,63.17594478913632,19.241159586215748,92.31840282413903,163.16249569064578,82.92516706846801,
18.27455016336844,18.27455016336844,18.27455016336844,18.27455016336844,18.27455016336844,18.27455016336844,18.27455016336844,18.27455016336844,18.27455016336844,18.27455016336844,18.27455016336844,18.27455016336844,161.84313392912287,121.79490958164057,121.79490958164057,18.27455016336844,273.0653157518667,18.27455016336844,18.27455016336844,18.27455016336844,18.27455016336844,18.27455016336844,134.3155488641083,140.34214144962542,
18.27455016336844,18.27455016336844,18.27455016336844,18.27455016336844,18.27455016336844,18.27455016336844,18.27455016336844,18.27455016336844,18.27455016336844,18.27455016336844,18.27455016336844,18.27455016336844,109.67831751687903,151.62350576345344,18.27455016336844,123.72381877930108,30.17009073569385,49.894732938457544,18.27455016336844,116.1895003862225,18.27455016336844,304.82453969455935,166.21428187734048,148.90936840910985,
18.27455016336844,18.27455016336844,18.27455016336844,18.27455016336844,18.27455016336844,18.27455016336844,18.27455016336844,18.27455016336844,18.27455016336844,18.27455016336844,18.27455016336844,18.27455016336844,117.56416687636303,45.90756073057471,163.65111518104604,52.24541447183029,261.5178770179966,212.14617602021488,60.62636023674484,121.79490958164057,118.34677513001132,137.43866906770467,176.31842643354096,58.02141307310604,
18.27455016336844,18.27455016336844,18.27455016336844,18.27455016336844,18.27455016336844,18.27455016336844,18.27455016336844,18.27455016336844,18.27455016336844,18.27455016336844,18.27455016336844,18.27455016336844,34.87955466076557,26.043233286210835,60.244400197047696,304.82453969455935,87.44474445804809,148.86130289635383,34.62996354315147,163.16249569064578,61.979868765845296,166.21428187734048,18.27455016336844,103.07127388365781,
18.27455016336844,18.27455016336844,18.27455016336844,18.27455016336844,18.27455016336844,18.27455016336844,18.27455016336844,18.27455016336844,18.27455016336844,18.27455016336844,18.27455016336844,18.27455016336844,134.24273206066357,135.2657248771122,212.14617602021488,18.27455016336844,99.56312734406553,88.6467709507797,148.55576840543964,176.38930664867414,32.335481028327585,143.99688205241225,63.17594478913632,144.58993740921255,
18.27455016336844,18.27455016336844,18.27455016336844,18.27455016336844,18.27455016336844,18.27455016336844,18.27455016336844,18.27455016336844,18.27455016336844,18.27455016336844,18.27455016336844,18.27455016336844,101.27923960516291,168.46123441314325,133.12650625125963,42.19971950772437,18.27455016336844,182.6220140070742,18.27455016336844,80.3429173916407,59.346616022595036,66.35460295513292,66.48071863640783,103.07127388365781,
18.27455016336844,18.27455016336844,18.27455016336844,18.27455016336844,18.27455016336844,18.27455016336844,18.27455016336844,18.27455016336844,18.27455016336844,18.27455016336844,18.27455016336844,18.27455016336844,85.59014820286126,109.3985831718126,150.48859201457967,18.27455016336844,281.3319880497061,131.8113129523495,167.984188244013,58.24289119712379,149.67527350902017,18.27455016336844,18.27455016336844,30.17009073569385,
18.27455016336844,18.27455016336844,18.27455016336844,18.27455016336844,18.27455016336844,18.27455016336844,18.27455016336844,18.27455016336844,18.27455016336844,18.27455016336844,18.27455016336844,18.27455016336844,167.984188244013,34.87955466076557,94.36995019602374,63.17594478913632,82.9633453198861,44.0232892910105,18.27455016336844,145.79346478837795,63.608175575157006,18.27455016336844,97.13083959278845,31.292720798933416,
18.27455016336844,18.27455016336844,18.27455016336844,18.27455016336844,18.27455016336844,18.27455016336844,18.27455016336844,18.27455016336844,18.27455016336844,18.27455016336844,18.27455016336844,18.27455016336844,23.82193054729192,95.99166630494545,52.634153994024324,52.24541447183029,121.23867504443709,72.47528314305966,124.10031784362556,121.79490958164057,110.05105349336733,151.29000848260492,18.27455016336844,215.6654817072032,
18.27455016336844,18.27455016336844,18.27455016336844,18.27455016336844,18.27455016336844,18.27455016336844,18.27455016336844,18.27455016336844,18.27455016336844,18.27455016336844,18.27455016336844,18.27455016336844,70.79454617832535,121.79490958164057,163.16249569064578,52.738048647517566,27.39040662348772,18.27455016336844,19.241159586215748,18.27455016336844,36.12016980395672,18.27455016336844,146.6754495476322,118.74306997322692,
18.27455016336844,18.27455016336844,18.27455016336844,18.27455016336844,18.27455016336844,18.27455016336844,18.27455016336844,18.27455016336844,18.27455016336844,18.27455016336844,18.27455016336844,18.27455016336844,58.6204244838492,30.17009073569385,18.27455016336844,172.4195011447371,144.26919283062477,148.86130289635383,123.7399827595484,89.97437276859472,99.56312734406553,123.72381877930108,156.9264689804326,128.6613165446398,
18.27455016336844,18.27455016336844,18.27455016336844,18.27455016336844,18.27455016336844,18.27455016336844,18.27455016336844,18.27455016336844,18.27455016336844,18.27455016336844,18.27455016336844,18.27455016336844,43.21729254592425,160.6453132421443,52.24541447183029,197.90575408512,240.4662138430262,23.82193054729192,18.27455016336844,63.608175575157006,43.604905172492245,52.24541447183029,220.81194865012776,82.9633453198861,
18.27455016336844,18.27455016336844,18.27455016336844,18.27455016336844,18.27455016336844,18.27455016336844,18.27455016336844,18.27455016336844,18.27455016336844,18.27455016336844,18.27455016336844,18.27455016336844,34.87955466076557,23.82193054729192,242.20652344641752,18.27455016336844,26.043233286210835,163.16249569064578,63.17594478913632,34.87955466076557,18.27455016336844,92.31840282413903,220.81194865012776,130.30317212818215,
18.27455016336844,18.27455016336844,18.27455016336844,18.27455016336844,18.27455016336844,18.27455016336844,18.27455016336844,18.27455016336844,18.27455016336844,18.27455016336844,18.27455016336844,18.27455016336844,111.39658881671377,45.25974419331647,150.228107806096,86.6910222187588,171.50743424120134,18.27455016336844,123.72381877930108,167.984188244013,58.02141307310604,18.27455016336844,202.9850158673459,158.73956658627992,
18.27455016336844,18.27455016336844,18.27455016336844,18.27455016336844,18.27455016336844,18.27455016336844,18.27455016336844,18.27455016336844,18.27455016336844,18.27455016336844,18.27455016336844,18.27455016336844,212.14617602021488,34.87955466076557,240.4662138430262,56.81320089484808,62.72891411993887,103.13632745457018,168.46123441314325,156.99213551081118,176.47432532807713,145.37086193594644,157.65532024007308,159.6809318610084,
18.27455016336844,18.27455016336844,18.27455016336844,18.27455016336844,18.27455016336844,18.27455016336844,18.27455016336844,18.27455016336844,18.27455016336844,18.27455016336844,18.27455016336844,18.27455016336844,171.50743424120134,18.27455016336844,96.39527782405557,60.792789980469465,18.27455016336844,106.73448364984955,124.88875049418984,145.75184389914247,40.98033376025677,164.53172186542022,48.68505289100547,130.30317212818215,
18.27455016336844,18.27455016336844,18.27455016336844,18.27455016336844,18.27455016336844,18.27455016336844,18.27455016336844,18.27455016336844,18.27455016336844,18.27455016336844,18.27455016336844,18.27455016336844,28.926361247139262,61.83192945396416,279.67335858104184,63.17594478913632,34.62996354315147,34.87955466076557,18.27455016336844,28.926361247139262,99.21987368130104,148.86130289635383,18.27455016336844,87.44474445804809,
18.27455016336844,18.27455016336844,18.27455016336844,18.27455016336844,18.27455016336844,18.27455016336844,18.27455016336844,18.27455016336844,18.27455016336844,18.27455016336844,18.27455016336844,18.27455016336844,89.97437276859472,18.27455016336844,112.85191870568951,18.27455016336844,57.605670060684965,18.27455016336844,130.30317212818215,194.9630306835974,143.6453967240162,167.984188244013,112.56109452204167,45.574395335583795,
18.27455016336844,18.27455016336844,18.27455016336844,18.27455016336844,18.27455016336844,18.27455016336844,18.27455016336844,18.27455016336844,18.27455016336844,18.27455016336844,18.27455016336844,18.27455016336844,212.14617602021488,119.35765580807961,151.74711694131128,148.07289871321265,94.26690829766297,151.74711694131128,18.27455016336844,76.93399922457165,60.62636023674484,76.02544158763591,103.07127388365781,145.37086193594644,
18.27455016336844,18.27455016336844,18.27455016336844,18.27455016336844,18.27455016336844,18.27455016336844,18.27455016336844,18.27455016336844,18.27455016336844,18.27455016336844,18.27455016336844,18.27455016336844,152.4912565799539,102.29980449639187,241.14864019244783,167.984188244013,103.07127388365781,164.71429810432366,52.24541447183029,101.20533994475457,95.99166630494545,18.27455016336844,83.73759236448107,240.4662138430262,
18.27455016336844,18.27455016336844,18.27455016336844,18.27455016336844,18.27455016336844,18.27455016336844,18.27455016336844,18.27455016336844,18.27455016336844,18.27455016336844,18.27455016336844,18.27455016336844,124.88875049418984,118.24656443212209,18.27455016336844,126.35986833852989,87.44474445804809,18.27455016336844,18.27455016336844,61.979868765845296,34.62996354315147,27.39040662348772,140.4919370462234,40.18021901383814,
18.27455016336844,18.27455016336844,18.27455016336844,18.27455016336844,18.27455016336844,18.27455016336844,18.27455016336844,18.27455016336844,18.27455016336844,18.27455016336844,18.27455016336844,18.27455016336844,150.2264436608948,70.79454617832535,178.9488404544718,72.51053563295321,18.27455016336844,140.34214144962542,157.10856768749542,308.30828727103653,122.33777263071654,60.62636023674484,143.657188316847,151.62350576345344,
18.27455016336844,18.27455016336844,18.27455016336844,18.27455016336844,18.27455016336844,18.27455016336844,18.27455016336844,18.27455016336844,18.27455016336844,18.27455016336844,18.27455016336844,18.27455016336844,85.59014820286126,124.24974849069112,256.0367161170444,168.46123441314325,34.62996354315147,18.27455016336844,171.50743424120134,212.14617602021488,212.14617602021488,23.033250145059814,240.4662138430262,171.50743424120134,
18.27455016336844,18.27455016336844,18.27455016336844,18.27455016336844,18.27455016336844,18.27455016336844,18.27455016336844,18.27455016336844,18.27455016336844,18.27455016336844,18.27455016336844,18.27455016336844,26.043233286210835,34.87955466076557,45.7110941920165,127.00229656716186,18.27455016336844,52.24541447183029,212.14617602021488,171.50743424120134,85.59014820286126,60.62636023674484,28.926361247139262,111.39658881671377,
18.27455016336844,18.27455016336844,18.27455016336844,18.27455016336844,18.27455016336844,18.27455016336844,18.27455016336844,18.27455016336844,18.27455016336844,18.27455016336844,18.27455016336844,18.27455016336844,23.874672772626646,150.30463856781,200.73564705851325,18.27455016336844,53.204697122701184,167.984188244013,149.67527350902017,162.3535878876719,41.25480800674594,28.926361247139262,34.87955466076557,30.695788065444383,
18.27455016336844,18.27455016336844,18.27455016336844,18.27455016336844,18.27455016336844,18.27455016336844,18.27455016336844,18.27455016336844,18.27455016336844,18.27455016336844,18.27455016336844,18.27455016336844,48.06939428229428,62.72891411993887,212.14617602021488,19.241159586215748,51.89733454940951,63.17594478913632,18.27455016336844,18.27455016336844,18.27455016336844,144.58815433845194,18.27455016336844,103.07127388365781,
18.27455016336844,18.27455016336844,18.27455016336844,18.27455016336844,18.27455016336844,18.27455016336844,18.27455016336844,18.27455016336844,18.27455016336844,18.27455016336844,18.27455016336844,18.27455016336844,143.6453967240162,52.71543101091621,145.5068551579587,187.5,18.27455016336844,40.620192023179804,18.27455016336844,34.87955466076557,41.56500932274646,48.68505289100547,212.14617602021488,48.10041579861863,
18.27455016336844,18.27455016336844,18.27455016336844,18.27455016336844,18.27455016336844,18.27455016336844,18.27455016336844,18.27455016336844,18.27455016336844,18.27455016336844,18.27455016336844,18.27455016336844,46.753074765195926,27.39040662348772,314.6649011249904,18.27455016336844,61.979868765845296,18.27455016336844,35.20276090024758,41.25480800674594,61.15486211057396,308.30828727103653,138.67101355366233,18.27455016336844,
18.27455016336844,18.27455016336844,18.27455016336844,18.27455016336844,18.27455016336844,18.27455016336844,18.27455016336844,18.27455016336844,18.27455016336844,18.27455016336844,18.27455016336844,18.27455016336844,146.6754495476322,41.25480800674594,74.02941419913213,146.6754495476322,92.83318372220141,35.87323359956402,45.84416538666616,31.401433088316207,308.30828727103653,61.15486211057396,164.2911541542433,18.27455016336844,
18.27455016336844,18.27455016336844,18.27455016336844,18.27455016336844,18.27455016336844,18.27455016336844,18.27455016336844,18.27455016336844,18.27455016336844,18.27455016336844,18.27455016336844,18.27455016336844,38.89676950192587,171.50743424120134,18.27455016336844,52.54818003023317,308.30828727103653,30.17009073569385,308.30828727103653,235.76937884297018,132.99216768917884,18.27455016336844,241.14864019244783,148.86130289635383,
18.27455016336844,18.27455016336844,18.27455016336844,18.27455016336844,18.27455016336844,18.27455016336844,18.27455016336844,18.27455016336844,18.27455016336844,18.27455016336844,18.27455016336844,18.27455016336844,84.41593451475853,58.02141307310604,28.926361247139262,145.5068551579587,9.99999999E8,41.25480800674594,111.39658881671377,121.79490958164057,39.919363165706386,86.17732075346098,212.14617602021488,85.59014820286126,
18.27455016336844,18.27455016336844,18.27455016336844,18.27455016336844,18.27455016336844,18.27455016336844,18.27455016336844,18.27455016336844,18.27455016336844,18.27455016336844,18.27455016336844,18.27455016336844,40.02167381557148,143.73668416587327,18.27455016336844,104.34790067365994,52.71543101091621,212.14617602021488,118.68972154319009,147.447165678648,34.87955466076557,35.20276090024758,155.96660967442145,97.8262969502577,
18.27455016336844,18.27455016336844,18.27455016336844,18.27455016336844,18.27455016336844,18.27455016336844,18.27455016336844,18.27455016336844,18.27455016336844,18.27455016336844,18.27455016336844,18.27455016336844,52.24541447183029,18.27455016336844,107.81806145076065,123.72381877930108,72.47528314305966,27.39040662348772,125.79584667755256,111.39658881671377,120.56637176261049,34.87955466076557,299.9477732317189,144.21819888241876,
18.27455016336844,18.27455016336844,18.27455016336844,18.27455016336844,18.27455016336844,18.27455016336844,18.27455016336844,18.27455016336844,18.27455016336844,18.27455016336844,18.27455016336844,18.27455016336844,41.25480800674594,171.50743424120134,209.83326714322493,87.44474445804809,164.71429810432366,69.14289403777056,19.241159586215748,131.89265889118982,18.27455016336844,61.979868765845296,122.79234171426762,54.40633774457585,
18.27455016336844,18.27455016336844,18.27455016336844,18.27455016336844,18.27455016336844,18.27455016336844,18.27455016336844,18.27455016336844,18.27455016336844,18.27455016336844,18.27455016336844,18.27455016336844,18.27455016336844,18.27455016336844,18.27455016336844,93.33265438741148,41.25480800674594,112.30933957201441,143.6453967240162,27.39040662348772,78.31254156689506,168.46123441314325,161.84313392912287,41.25480800674594,
18.27455016336844,18.27455016336844,18.27455016336844,18.27455016336844,18.27455016336844,18.27455016336844,18.27455016336844,18.27455016336844,18.27455016336844,18.27455016336844,18.27455016336844,18.27455016336844,112.85191870568951,52.24541447183029,28.926361247139262,18.27455016336844,213.05589953467756,129.54375065333463,18.27455016336844,60.62636023674484,40.890707990936036,103.07127388365781,167.984188244013,18.27455016336844,
18.27455016336844,18.27455016336844,18.27455016336844,18.27455016336844,18.27455016336844,18.27455016336844,18.27455016336844,18.27455016336844,18.27455016336844,18.27455016336844,18.27455016336844,18.27455016336844,83.24011452819288,72.47528314305966,40.56765182999874,63.608175575157006,171.50743424120134,217.9460584066617,264.01641363117307,78.25390386036824,80.98971128071351,18.27455016336844,18.27455016336844,158.68581379568874,
18.27455016336844,18.27455016336844,18.27455016336844,18.27455016336844,18.27455016336844,18.27455016336844,18.27455016336844,18.27455016336844,18.27455016336844,18.27455016336844,18.27455016336844,18.27455016336844,129.5943189341261,81.97957062585776,111.18565554962565,131.71781706866133,158.44458810574756,86.17732075346098,106.73448364984955,143.99688205241225,18.27455016336844,308.30828727103653,178.30223638530168,121.79490958164057,
18.27455016336844,18.27455016336844,18.27455016336844,18.27455016336844,18.27455016336844,18.27455016336844,18.27455016336844,18.27455016336844,18.27455016336844,18.27455016336844,18.27455016336844,18.27455016336844,18.27455016336844,61.83192945396416,167.984188244013,148.86130289635383,34.87955466076557,19.241159586215748,64.99858711180276,83.47766667398731,107.71815074535954,18.27455016336844,108.0212170517132,45.84416538666616,
18.27455016336844,18.27455016336844,18.27455016336844,18.27455016336844,18.27455016336844,18.27455016336844,18.27455016336844,18.27455016336844,18.27455016336844,18.27455016336844,18.27455016336844,18.27455016336844,62.624817513466986,95.99166630494545,18.27455016336844,139.44057325394124,108.0212170517132,34.87955466076557,124.58715497062074,18.27455016336844,50.673957808720644,47.872062573070735,52.24541447183029,143.22988514971308,
18.27455016336844,18.27455016336844,18.27455016336844,18.27455016336844,18.27455016336844,18.27455016336844,18.27455016336844,18.27455016336844,18.27455016336844,18.27455016336844,18.27455016336844,18.27455016336844,124.24974849069112,138.5447581108719,85.91167747477994,18.27455016336844,18.27455016336844,149.67527350902017,45.84416538666616,121.79490958164057,187.5,18.27455016336844,149.67527350902017,146.6754495476322,
18.27455016336844,18.27455016336844,18.27455016336844,18.27455016336844,18.27455016336844,18.27455016336844,18.27455016336844,18.27455016336844,18.27455016336844,18.27455016336844,18.27455016336844,18.27455016336844,124.130576410488,134.34743903402105,27.39040662348772,85.5105232516844,18.27455016336844,89.91719546792106,140.34214144962542,41.25480800674594,198.98087283732082,18.27455016336844,157.08947145119666,99.56312734406553,
18.27455016336844,18.27455016336844,18.27455016336844,18.27455016336844,18.27455016336844,18.27455016336844,18.27455016336844,18.27455016336844,18.27455016336844,18.27455016336844,18.27455016336844,18.27455016336844,35.20276090024758,227.5,30.17009073569385,45.84416538666616,52.65484350350591,31.886272516554833,134.29565262527893,167.984188244013,145.5068551579587,48.88762624632127,169.27104743576203,159.6809318610084,
18.27455016336844,18.27455016336844,18.27455016336844,18.27455016336844,18.27455016336844,18.27455016336844,18.27455016336844,18.27455016336844,18.27455016336844,18.27455016336844,18.27455016336844,18.27455016336844,44.133635447102904,148.03846714655634,108.0212170517132,18.27455016336844,121.79490958164057,77.6418057492225,130.30317212818215,72.47528314305966,139.86707975789014,130.30317212818215,135.73497845065583,48.68505289100547,
18.27455016336844,18.27455016336844,18.27455016336844,18.27455016336844,18.27455016336844,18.27455016336844,18.27455016336844,18.27455016336844,18.27455016336844,18.27455016336844,18.27455016336844,18.27455016336844,117.28823731408404,161.2469637957048,18.27455016336844,52.24541447183029,127.00229656716186,34.62996354315147,80.03427000354286,123.51270280866677,264.01641363117307,30.969519064898492,155.2069586068872,217.9460584066617,
18.27455016336844,18.27455016336844,18.27455016336844,18.27455016336844,18.27455016336844,18.27455016336844,18.27455016336844,18.27455016336844,18.27455016336844,18.27455016336844,18.27455016336844,18.27455016336844,192.05494536932997,120.56637176261049,105.76703960434303,52.71543101091621,124.130576410488,90.05430460437623,245.29896724881118,117.62646120240122,155.3529227669853,53.94487544500274,33.526848745100686,39.708114724826714,
18.27455016336844,18.27455016336844,18.27455016336844,18.27455016336844,18.27455016336844,18.27455016336844,18.27455016336844,18.27455016336844,18.27455016336844,18.27455016336844,18.27455016336844,18.27455016336844,40.98033376025677,34.87955466076557,187.5,119.32693185809592,18.27455016336844,18.27455016336844,90.11578200663115,133.56052269716713,30.17009073569385,49.613547869824885,99.08708291195175,68.4494947631707,
18.27455016336844,18.27455016336844,18.27455016336844,18.27455016336844,18.27455016336844,18.27455016336844,18.27455016336844,18.27455016336844,18.27455016336844,18.27455016336844,18.27455016336844,18.27455016336844,256.10622796019624,58.46388210001181,196.70344404193634,25.48430889782966,19.241159586215748,18.27455016336844,308.30828727103653,99.56312734406553,87.50999942863673,58.02141307310604,110.23944110435248,72.47528314305966,
18.27455016336844,18.27455016336844,18.27455016336844,18.27455016336844,18.27455016336844,18.27455016336844,18.27455016336844,18.27455016336844,18.27455016336844,18.27455016336844,18.27455016336844,18.27455016336844,52.24541447183029,40.98033376025677,171.50743424120134,68.54818864613905,60.62636023674484,81.09883373596277,127.66275015750591,158.04176663148257,52.24541447183029,149.67527350902017,66.5287231646389,150.88671246998524,
18.27455016336844,18.27455016336844,18.27455016336844,18.27455016336844,18.27455016336844,18.27455016336844,18.27455016336844,18.27455016336844,18.27455016336844,18.27455016336844,18.27455016336844,18.27455016336844,117.75623385725656,60.62636023674484,81.97957062585776,108.0212170517132,19.241159586215748,155.2069586068872,18.27455016336844,59.6246764420263,48.208401757370055,85.59014820286126,107.18385465276407,111.39658881671377,
18.27455016336844,18.27455016336844,18.27455016336844,18.27455016336844,18.27455016336844,18.27455016336844,18.27455016336844,18.27455016336844,18.27455016336844,18.27455016336844,18.27455016336844,18.27455016336844,52.24541447183029,123.72381877930108,116.99537238610472,18.27455016336844,155.48211311916236,18.27455016336844,95.99166630494545,61.83192945396416,52.24541447183029,144.33722449527704,134.3155488641083,187.5,
18.27455016336844,18.27455016336844,18.27455016336844,18.27455016336844,18.27455016336844,18.27455016336844,18.27455016336844,18.27455016336844,18.27455016336844,18.27455016336844,18.27455016336844,18.27455016336844,40.64206906369037,148.64723340849636,41.25480800674594,137.43866906770467,34.87955466076557,121.79490958164057,86.17732075346098,149.67527350902017,212.14617602021488,308.30828727103653,43.21729254592425,72.47528314305966,
18.27455016336844,18.27455016336844,18.27455016336844,18.27455016336844,18.27455016336844,18.27455016336844,18.27455016336844,18.27455016336844,18.27455016336844,18.27455016336844,18.27455016336844,18.27455016336844,94.26690829766297,34.87955466076557,58.02141307310604,61.88255004441882,45.84416538666616,79.33267592479,120.56637176261049,62.19072238214655,147.99183536037836,18.27455016336844,96.39527782405557,18.27455016336844,
18.27455016336844,18.27455016336844,18.27455016336844,18.27455016336844,18.27455016336844,18.27455016336844,18.27455016336844,18.27455016336844,18.27455016336844,18.27455016336844,18.27455016336844,18.27455016336844,107.43749962899643,144.66507655616127,61.83192945396416,162.8596021117576,83.87282038896748,103.07127388365781,212.14617602021488,18.27455016336844,52.24541447183029,152.62372030585547,261.86005327273574,130.30317212818215,
18.27455016336844,18.27455016336844,18.27455016336844,18.27455016336844,18.27455016336844,18.27455016336844,18.27455016336844,18.27455016336844,18.27455016336844,18.27455016336844,18.27455016336844,18.27455016336844,147.99183536037836,139.89722790320042,86.43870660763035,121.79490958164057,18.27455016336844,130.0769003320728,66.48997418157617,18.27455016336844,126.44201569626028,72.47528314305966,62.66312046703919,171.50743424120134,
18.27455016336844,18.27455016336844,18.27455016336844,18.27455016336844,18.27455016336844,18.27455016336844,18.27455016336844,18.27455016336844,18.27455016336844,18.27455016336844,18.27455016336844,18.27455016336844,116.24218209393345,116.24218209393345,18.27455016336844,220.91382180992358,112.36658756053777,130.30317212818215,44.83302354291979,72.15424017339521,52.24541447183029,30.78239034830719,163.16249569064578,61.83192945396416,
18.27455016336844,18.27455016336844,18.27455016336844,18.27455016336844,18.27455016336844,18.27455016336844,18.27455016336844,18.27455016336844,18.27455016336844,18.27455016336844,18.27455016336844,18.27455016336844,138.51010793440312,87.44474445804809,171.50743424120134,31.886272516554833,212.14617602021488,18.27455016336844,152.62372030585547,18.27455016336844,54.34174739741152,143.23029241981834,60.62636023674484,220.81194865012776,
18.27455016336844,18.27455016336844,18.27455016336844,18.27455016336844,18.27455016336844,18.27455016336844,18.27455016336844,18.27455016336844,18.27455016336844,18.27455016336844,18.27455016336844,18.27455016336844,23.033250145059814,308.30828727103653,61.979868765845296,240.4662138430262,59.052942348370756,61.979868765845296,87.44474445804809,168.46123441314325,18.27455016336844,165.74679484080528,18.27455016336844,49.852281793314134,
18.27455016336844,18.27455016336844,18.27455016336844,18.27455016336844,18.27455016336844,18.27455016336844,18.27455016336844,18.27455016336844,18.27455016336844,18.27455016336844,18.27455016336844,18.27455016336844,212.14617602021488,133.5278470972,18.27455016336844,152.4431588057223,26.542124538175162,264.01641363117307,107.71815074535954,18.27455016336844,18.27455016336844,168.46123441314325,63.608175575157006,176.47432532807713,
18.27455016336844,18.27455016336844,18.27455016336844,18.27455016336844,18.27455016336844,18.27455016336844,18.27455016336844,18.27455016336844,18.27455016336844,18.27455016336844,18.27455016336844,18.27455016336844,120.46680040575495,61.43108152863482,46.624754890455364,165.28059011689106,92.31840282413903,60.1922091371992,18.27455016336844,167.984188244013,140.61531448127073,48.429203535697766,277.43141044229293,194.6090097263399,
18.27455016336844,18.27455016336844,18.27455016336844,18.27455016336844,18.27455016336844,18.27455016336844,18.27455016336844,18.27455016336844,18.27455016336844,18.27455016336844,18.27455016336844,18.27455016336844,60.62636023674484,18.27455016336844,194.6090097263399,167.984188244013,164.2150520912542,212.14617602021488,149.92841829434772,44.0232892910105,165.7407614318216,240.4662138430262,40.85156055770697,128.92059894886205,
18.27455016336844,18.27455016336844,18.27455016336844,18.27455016336844,18.27455016336844,18.27455016336844,18.27455016336844,18.27455016336844,18.27455016336844,18.27455016336844,18.27455016336844,18.27455016336844,194.6090097263399,123.72381877930108,52.75375510507238,75.84622601026369,216.02870179677515,145.5068551579587,40.02167381557148,152.89604311426768,156.4467428019303,27.39040662348772,152.1827300758313,30.17009073569385,
