90.98656799525716,52.131126220211804,65.87436602173437,83.83051685129679,65.27202693344216,106.70386256230037,88.09476431661533,74.03281125863818,104.74041987482939,33.404447950192846,106.34445381468117,129.0395288274101,68.70629924217688,122.85854558077033,46.27248488186967,62.61601577950138,100.51644420469496,50.78244916166552,77.74459609659196,78.5417086648871,103.87299937904942,48.192899430886655,73.22762944603433,65.72745823042375,
33.404447950192846,46.27248488186967,48.192899430886655,50.78244916166552,52.131126220211804,62.61601577950138,65.27202693344216,65.72745823042375,65.87436602173437,68.70629924217688,73.22762944603433,74.03281125863818,66.4345960743012,74.21012637870156,48.73589539548853,65.27202693344216,52.90137574350553,136.2750486658834,44.931694190817495,66.01298573549211,57.22653259684577,65.87436602173437,115.92756359037311,63.84698505019638,
33.404447950192846,44.931694190817495,46.27248488186967,48.192899430886655,48.73589539548853,50.78244916166552,52.131126220211804,52.90137574350553,57.22653259684577,62.61601577950138,63.84698505019638,65.27202693344216,97.96881590020821,87.28344631142838,62.41794613730894,98.4389263565091,127.63718110331331,47.99639904188286,46.172908723622776,131.78296551527438,108.9933739066534,60.30162281635308,50.14743694446174,51.07976954864672,
33.404447950192846,44.931694190817495,46.172908723622776,46.27248488186967,47.99639904188286,48.192899430886655,48.73589539548853,50.14743694446174,50.78244916166552,51.07976954864672,52.131126220211804,52.90137574350553,63.98089992767807,68.30243203738958,47.95934492288337,60.29688454401509,49.01603236259977,27.810744326608734,52.58136552049595,68.52808741991927,47.99639904188286,127.63718110331331,61.83760093089712,60.813010303899794,
27.810744326608734,33.404447950192846,44.931694190817495,46.172908723622776,46.27248488186967,47.95934492288337,47.99639904188286,47.99639904188286,48.192899430886655,48.73589539548853,49.01603236259977,50.14743694446174,50.071823413972055,61.84299115951261,39.27922024247863,56.346152387619945,93.30561344313642,59.07175485985009,55.04803097555547,91.99844719186453,52.58136552049595,44.530186390806854,51.11445490269851,59.140510650483904,
27.810744326608734,33.404447950192846,39.27922024247863,44.530186390806854,44.931694190817495,46.172908723622776,46.27248488186967,47.95934492288337,47.99639904188286,47.99639904188286,48.192899430886655,48.73589539548853,50.06683033706048,94.90287432715384,39.78154633208001,127.63718110331331,131.5249025850238,101.72511980823616,142.478848332734,93.74933333096294,56.346152387619945,38.321737376527636,100.29733573508099,58.774462992017206,
27.810744326608734,33.404447950192846,38.321737376527636,39.27922024247863,39.78154633208001,44.530186390806854,44.931694190817495,46.172908723622776,46.27248488186967,47.95934492288337,47.99639904188286,47.99639904188286,129.03584773232592,79.91995995994994,45.353472854898335,50.06683033706048,46.14582863054905,39.32683562149388,58.774462992017206,60.58413571224731,56.346152387619945,25.969934539771177,45.80999405758044,66.50704849863659,
25.969934539771177,27.810744326608734,33.404447950192846,38.321737376527636,39.27922024247863,39.32683562149388,39.78154633208001,44.530186390806854,44.931694190817495,45.353472854898335,45.80999405758044,46.14582863054905,46.216880033165374,53.13056693521294,39.27922024247863,82.62112320708307,43.190607444542515,128.51945378035188,112.3888339649451,44.83412501022072,56.55844006739527,61.298903379714346,93.26735763384744,106.20169490172933,
25.969934539771177,27.810744326608734,33.404447950192846,38.321737376527636,39.27922024247863,39.27922024247863,39.32683562149388,39.78154633208001,43.190607444542515,44.530186390806854,44.83412501022072,44.931694190817495,60.317677526760114,68.15577654566934,37.079066100121004,50.53711507397311,48.88181767043276,42.0066132359603,112.3888339649451,55.641710972974224,41.9635258289863,87.78382538941898,41.379774217432775,35.298256927910195,
25.969934539771177,27.810744326608734,33.404447950192846,35.298256927910195,37.079066100121004,38.321737376527636,39.27922024247863,39.27922024247863,39.32683562149388,39.78154633208001,41.379774217432775,41.9635258289863,40.93516214698557,59.740178179252936,56.64008090947698,102.8271781749775,39.62166759753906,40.83964425910045,49.63085957569365,56.11213263253704,54.7752734225252,37.703521792473914,116.19045667447142,36.956731457205464,
25.969934539771177,27.810744326608734,33.404447950192846,35.298256927910195,36.956731457205464,37.079066100121004,37.703521792473914,38.321737376527636,39.27922024247863,39.27922024247863,39.32683562149388,39.62166759753906,33.82518081463656,84.4883762081253,39.27922024247863,40.44259271838447,39.27922024247863,22.609950830181162,39.105494107880645,87.91295410802665,38.36665218650175,36.76530293632843,35.01251980663312,38.321737376527636,
22.609950830181162,25.969934539771177,27.810744326608734,33.404447950192846,33.82518081463656,35.01251980663312,35.298256927910195,36.76530293632843,36.956731457205464,37.079066100121004,37.703521792473914,38.321737376527636,51.92836946752281,45.61540783659361,36.676189239653255,98.23034154475897,101.18893220110587,88.38375133473346,56.346152387619945,48.76701982100426,120.14158314255727,37.158652183559695,49.47726750741192,31.762808960446986,
22.609950830181162,25.969934539771177,27.810744326608734,31.762808960446986,33.404447950192846,33.82518081463656,35.01251980663312,35.298256927910195,36.676189239653255,36.76530293632843,36.956731457205464,37.079066100121004,102.61773725823426,134.2990030574398,56.7792998273921,48.204641892664235,81.08363309297108,82.88063706318864,67.51719357742462,76.95814158070317,76.7086841382527,8.0,35.01251980663312,78.33829771503136,
8.0,22.609950830181162,25.969934539771177,27.810744326608734,31.762808960446986,33.404447950192846,33.82518081463656,35.01251980663312,35.01251980663312,35.298256927910195,36.676189239653255,36.76530293632843,32.58738252759801,55.641710972974224,49.47726750741192,34.50925801707259,56.346152387619945,35.01251980663312,35.31554190437972,78.62728534039567,31.838880095164868,25.969934539771177,49.47726750741192,56.346152387619945,
8.0,22.609950830181162,25.969934539771177,25.969934539771177,27.810744326608734,31.762808960446986,31.838880095164868,32.58738252759801,33.404447950192846,33.82518081463656,34.50925801707259,35.01251980663312,44.31069284044202,37.98420724459048,62.76782615321324,50.57325697429081,31.61961416589393,57.688820407423826,35.00204075683098,39.911012125588705,68.58481277374662,33.08388142096606,96.90315898990198,49.101809073811,
8.0,22.609950830181162,25.969934539771177,25.969934539771177,27.810744326608734,31.61961416589393,31.762808960446986,31.838880095164868,32.58738252759801,33.08388142096606,33.404447950192846,33.82518081463656,63.71786988081727,57.29068180971686,82.28244041106218,41.20300353129611,51.22889809472775,47.69486345509336,128.79149816661035,68.38420870347188,40.68153947825706,56.22150071687115,120.14158314255727,129.02422253205015,
8.0,22.609950830181162,25.969934539771177,25.969934539771177,27.810744326608734,31.61961416589393,31.762808960446986,31.838880095164868,32.58738252759801,33.08388142096606,33.404447950192846,33.82518081463656,28.78541297254566,34.34465832637669,43.82564888281747,31.375747003059544,138.87854405918864,128.51945378035188,116.19045667447142,93.65254935131237,116.19045667447142,41.184796952273544,36.287738976133525,105.80288275845795,
8.0,22.609950830181162,25.969934539771177,25.969934539771177,27.810744326608734,28.78541297254566,31.375747003059544,31.61961416589393,31.762808960446986,31.838880095164868,32.58738252759801,33.08388142096606,100.58230460672493,37.5004761874528,67.58862494697034,112.57553020083894,51.92836946752281,23.126613169385408,31.838880095164868,52.413619413278454,80.70247139269583,30.476311383688735,61.298903379714346,126.2586630691138,
8.0,22.609950830181162,23.126613169385408,25.969934539771177,25.969934539771177,27.810744326608734,28.78541297254566,30.476311383688735,31.375747003059544,31.61961416589393,31.762808960446986,31.838880095164868,47.42823526128713,62.59343016643201,45.95582117642987,129.0280977151876,105.80288275845795,62.46549047274023,35.50452687434982,49.372056874308974,79.8373346248483,105.71069009329189,93.65254935131237,51.76871642217914,
8.0,22.609950830181162,23.126613169385408,25.969934539771177,25.969934539771177,27.810744326608734,28.78541297254566,30.476311383688735,31.375747003059544,31.61961416589393,31.762808960446986,31.838880095164868,32.17044451045089,94.90287432715384,37.140659275631755,35.54464077189845,80.48850849655496,35.221521198772145,56.165320348739606,86.23353304963344,52.87662527052951,27.648462886750142,112.06783659908851,73.0698296152386,
8.0,22.609950830181162,23.126613169385408,25.969934539771177,25.969934539771177,27.648462886750142,27.810744326608734,28.78541297254566,30.476311383688735,31.375747003059544,31.61961416589393,31.762808960446986,72.1518460532292,32.92415526630866,36.186150665689766,127.7311629947837,49.47726750741192,45.893596745321915,106.48380158502982,61.282950320623435,51.3670266666412,32.96275488906446,66.99680162941682,67.11350253281542,
8.0,22.609950830181162,23.126613169385408,25.969934539771177,25.969934539771177,27.648462886750142,27.810744326608734,28.78541297254566,30.476311383688735,31.375747003059544,31.61961416589393,31.762808960446986,61.29074608418105,56.395035242475025,59.57338041710398,64.6591060872326,49.47726750741192,48.37928849782265,30.18277654557314,80.74806499229564,22.609950830181162,61.298903379714346,32.829864452964166,136.2750486658834,
8.0,22.609950830181162,22.609950830181162,23.126613169385408,25.969934539771177,25.969934539771177,27.648462886750142,27.810744326608734,28.78541297254566,30.18277654557314,30.476311383688735,31.375747003059544,38.157568056677825,67.60341871697186,59.89753154942435,52.39215112972553,48.33632174669479,68.30243203738958,28.78541297254566,27.810744326608734,80.48850849655496,62.82692274990254,29.373551973766393,34.13837388377735,
8.0,22.609950830181162,22.609950830181162,23.126613169385408,25.969934539771177,25.969934539771177,27.648462886750142,27.810744326608734,27.810744326608734,28.78541297254566,28.78541297254566,29.373551973766393,89.48044479102683,50.48947910208621,51.93478816960961,30.47027239786346,102.89606406466673,48.37928849782265,38.6338119860237,56.996101231185584,49.47726750741192,35.221521198772145,49.47726750741192,77.13984415044897,
8.0,22.609950830181162,22.609950830181162,23.126613169385408,25.969934539771177,25.969934539771177,27.648462886750142,27.810744326608734,27.810744326608734,28.78541297254566,28.78541297254566,29.373551973766393,115.77564510725043,55.800665638630925,158.65336078661835,47.309853331227124,137.11876441813337,49.47726750741192,83.40713398744738,8.0,27.80265552642387,35.32704346531139,39.27922024247863,51.92836946752281,
8.0,8.0,22.609950830181162,22.609950830181162,23.126613169385408,25.969934539771177,25.969934539771177,27.648462886750142,27.80265552642387,27.810744326608734,27.810744326608734,28.78541297254566,29.194701206081845,88.80065064826695,35.06850438784066,56.346152387619945,115.89027377461646,127.63718110331331,25.845158583808733,90.81535427133768,104.04806581575652,103.03033533867585,94.857202619985,36.78509014727104,
8.0,8.0,22.609950830181162,22.609950830181162,23.126613169385408,25.845158583808733,25.969934539771177,25.969934539771177,27.648462886750142,27.80265552642387,27.810744326608734,27.810744326608734,53.014673021301896,27.648462886750142,58.706047388663464,37.82546010425736,66.44439135741364,51.92836946752281,126.2586630691138,53.014673021301896,25.410908793553325,47.967581645199594,40.63508184491831,45.45641554594592,
8.0,8.0,22.609950830181162,22.609950830181162,23.126613169385408,25.410908793553325,25.845158583808733,25.969934539771177,25.969934539771177,27.648462886750142,27.648462886750142,27.80265552642387,22.609950830181162,89.48044479102683,51.92836946752281,42.862686296395495,47.51841748206689,85.39789224565206,56.346152387619945,122.46314638380898,64.6750117344956,100.23084466481474,44.39755463021423,27.648462886750142,
8.0,8.0,22.609950830181162,22.609950830181162,22.609950830181162,23.126613169385408,25.410908793553325,25.845158583808733,25.969934539771177,25.969934539771177,27.648462886750142,27.648462886750142,43.739488533164824,59.64315179092698,82.62112320708307,102.89606406466673,32.14712273283567,38.16047984790315,56.346152387619945,43.739488533164824,37.27227149265553,47.55581516024676,81.80006112467154,127.63718110331331,
8.0,8.0,22.609950830181162,22.609950830181162,22.609950830181162,23.126613169385408,25.410908793553325,25.845158583808733,25.969934539771177,25.969934539771177,27.648462886750142,27.648462886750142,27.84600509947522,27.648462886750142,42.862686296395495,52.22260047144339,93.1364590265273,27.648462886750142,90.0263850212814,8.0,103.75076974279382,45.71964254328454,34.13837388377735,76.85497706720105,
8.0,8.0,8.0,22.609950830181162,22.609950830181162,22.609950830181162,23.126613169385408,25.410908793553325,25.845158583808733,25.969934539771177,25.969934539771177,27.648462886750142,84.38157381798469,49.47726750741192,50.59088356611298,25.410908793553325,88.92018893367242,47.47931880604138,31.12142686119233,23.515952032609693,8.0,68.30243203738958,34.378431366336024,80.2460501920722,
8.0,8.0,8.0,8.0,22.609950830181162,22.609950830181162,22.609950830181162,23.126613169385408,23.515952032609693,25.410908793553325,25.410908793553325,25.845158583808733,32.14712273283567,119.35158147255527,106.40864626523542,61.298903379714346,44.66472321642663,106.36540791065487,65.2774299213967,8.0,79.41819690725798,88.98454922063718,65.3692806839945,8.0,
8.0,8.0,8.0,8.0,8.0,8.0,22.609950830181162,22.609950830181162,22.609950830181162,23.126613169385408,23.515952032609693,25.410908793553325,44.41346142281139,8.0,133.29759937823337,22.609950830181162,112.14611005291268,8.0,127.7311629947837,8.0,127.7311629947837,8.0,69.05472869800847,79.04569705064421,
8.0,8.0,8.0,8.0,8.0,8.0,8.0,8.0,8.0,8.0,22.609950830181162,22.609950830181162,8.0,56.346152387619945,8.0,8.0,56.346152387619945,8.0,136.2750486658834,42.70310943661545,56.346152387619945,72.88956639251525,78.48566748139433,8.0,
8.0,8.0,8.0,8.0,8.0,8.0,8.0,8.0,8.0,8.0,8.0,8.0,8.0,8.0,142.478848332734,65.09377850455449,8.0,88.18389875708603,8.0,128.51945378035188,8.0,8.0,56.346152387619945,8.0,
8.0,8.0,8.0,8.0,8.0,8.0,8.0,8.0,8.0,8.0,8.0,8.0,8.0,49.01311777764922,46.98936049788292,8.0,142.478848332734,8.0,8.0,113.68474929480304,136.2750486658834,8.0,8.0,8.0,
8.0,8.0,8.0,8.0,8.0,8.0,8.0,8.0,8.0,8.0,8.0,8.0,8.0,8.0,8.0,136.86327321657757,8.0,49.165028221287535,8.0,8.0,8.0,106.15436872781072,8.0,68.90008869531462,
8.0,8.0,8.0,8.0,8.0,8.0,8.0,8.0,8.0,8.0,8.0,8.0,8.0,59.088311631223405,56.346152387619945,8.0,86.52889690733379,8.0,84.21231671029058,109.27145098331951,41.452210004844304,134.2990030574398,89.48044479102683,70.1101811436827,
8.0,8.0,8.0,8.0,8.0,8.0,8.0,8.0,8.0,8.0,8.0,8.0,8.0,76.20236216811129,56.346152387619945,8.0,80.80996225713758,8.0,68.49270034098524,8.0,8.0,129.0280977151876,8.0,66.80248070671799,
8.0,8.0,8.0,8.0,8.0,8.0,8.0,8.0,8.0,8.0,8.0,8.0,132.50377353117156,127.63718110331331,8.0,8.0,8.0,8.0,93.65254935131237,94.99022506101802,8.0,118.66928836055266,60.782855769991215,8.0,
8.0,8.0,8.0,8.0,8.0,8.0,8.0,8.0,8.0,8.0,8.0,8.0,128.51945378035188,78.59770989030152,49.80517599161312,94.47850284588553,93.10865814854289,8.0,128.51945378035188,90.37664244703937,8.0,93.26735763384744,149.43746369486988,55.930760767220036,
8.0,8.0,8.0,8.0,8.0,8.0,8.0,8.0,8.0,8.0,8.0,8.0,74.76630257007497,79.71755696763974,79.71755696763974,8.0,82.13403679352427,8.0,68.90008869531462,8.0,51.52530584923434,61.298903379714346,81.02811583367563,73.1884933275413,
8.0,8.0,8.0,8.0,8.0,8.0,8.0,8.0,8.0,8.0,8.0,8.0,77.71457749711797,112.14611005291268,77.64824531179053,112.14611005291268,132.66834169796834,8.0,80.20723159416487,74.88806461794978,8.0,8.0,46.62498138218276,41.08527716834828,
8.0,8.0,8.0,8.0,8.0,8.0,8.0,8.0,8.0,8.0,8.0,8.0,48.13278957320847,8.0,120.14491250152875,53.3050851116986,51.265851207212,136.2750486658834,63.15287574042622,8.0,8.0,126.2586630691138,90.12515303663314,8.0,
8.0,8.0,8.0,8.0,8.0,8.0,8.0,8.0,8.0,8.0,8.0,8.0,8.0,63.15287574042622,8.0,73.46125206907077,8.0,8.0,55.5517776493246,8.0,120.14491250152875,8.0,8.0,136.2750486658834,
8.0,8.0,8.0,8.0,8.0,8.0,8.0,8.0,8.0,8.0,8.0,8.0,8.0,71.8327049469808,98.49816693161802,54.12254613375095,83.0916495336458,8.0,73.60318316097866,8.0,72.51379179163092,76.3581785309958,8.0,70.6768860535198,
8.0,8.0,8.0,8.0,8.0,8.0,8.0,8.0,8.0,8.0,8.0,8.0,8.0,8.0,8.0,28.30900916669462,117.65309175708049,8.0,42.25162718760072,77.45782262440822,93.65254935131237,8.0,52.61416159172357,110.99949949837111,
8.0,8.0,8.0,8.0,8.0,8.0,8.0,8.0,8.0,8.0,8.0,8.0,8.0,8.0,134.2990030574398,98.49816693161802,8.0,100.23084466481474,8.0,42.25162718760072,109.0011467829582,153.0,110.28699933456446,84.00446416709055,
8.0,8.0,8.0,8.0,8.0,8.0,8.0,8.0,8.0,8.0,8.0,8.0,72.88956639251525,8.0,8.0,8.0,72.88956639251525,8.0,157.0,8.0,128.0,101.28781872575904,117.54488504396947,63.156551520804236,
8.0,8.0,8.0,8.0,8.0,8.0,8.0,8.0,8.0,8.0,8.0,8.0,8.0,8.0,78.57225973586353,84.73960113193831,8.0,8.0,53.907327887774215,88.65413445268955,42.433140687102444,71.596089278675,8.0,8.0,
8.0,8.0,8.0,8.0,8.0,8.0,8.0,8.0,8.0,8.0,8.0,8.0,8.0,60.808613699047605,77.70199482638783,56.65024271792664,8.0,67.38859118739775,84.21231671029058,56.346152387619945,117.65309175708049,69.33974329343886,100.85633346498375,8.0,
8.0,8.0,8.0,8.0,8.0,8.0,8.0,8.0,8.0,8.0,8.0,8.0,88.65413445268955,49.50189390316294,141.66235287549836,127.7311629947837,8.0,117.65309175708049,119.35158147255527,81.17607748318191,52.76362383309168,84.70790146986627,8.0,8.0,
8.0,8.0,8.0,8.0,8.0,8.0,8.0,8.0,8.0,8.0,8.0,8.0,46.8901642138306,82.031836638114,8.0,88.15642662651177,8.0,80.74806499229564,8.0,8.0,8.0,8.0,8.0,64.56177059392208,
8.0,8.0,8.0,8.0,8.0,8.0,8.0,8.0,8.0,8.0,8.0,8.0,8.0,77.45482554366771,8.0,53.10098196563116,101.18893220110587,8.0,8.0,127.7311629947837,8.0,53.52777057025841,81.87272352342298,58.28754155048916,
8.0,8.0,8.0,8.0,8.0,8.0,8.0,8.0,8.0,8.0,8.0,8.0,8.0,8.0,53.613780877681066,8.0,68.5588870071147,107.78334750785949,8.0,141.66235287549836,8.0,8.0,8.0,127.7311629947837,
8.0,8.0,8.0,8.0,8.0,8.0,8.0,8.0,8.0,8.0,8.0,8.0,8.0,8.0,127.7311629947837,8.0,8.0,101.18893220110587,8.0,88.15642662651177,8.0,49.70160963188214,53.907327887774215,90.35727696206875,
8.0,8.0,8.0,8.0,8.0,8.0,8.0,8.0,8.0,8.0,8.0,8.0,8.0,8.0,112.14611005291268,77.70199482638783,8.0,89.74547342345463,8.0,126.41422212534299,98.13199727351365,60.59857671595926,93.26735763384744,43.36487514906753,
8.0,8.0,8.0,8.0,8.0,8.0,8.0,8.0,8.0,8.0,8.0,8.0,8.0,8.0,8.0,122.94714311442947,8.0,8.0,67.56161209275152,90.37940860616428,57.820411620810866,8.0,8.0,74.04631755095687,
8.0,8.0,8.0,8.0,8.0,8.0,8.0,8.0,8.0,8.0,8.0,8.0,8.0,8.0,8.0,50.0,8.0,80.09716321790401,8.0,58.27520913733386,96.30795513467318,8.0,112.14611005291268,63.51815138647814,
8.0,8.0,8.0,8.0,8.0,8.0,8.0,8.0,8.0,8.0,8.0,8.0,8.0,54.30837872741185,8.0,8.0,8.0,100.2807171006581,8.0,8.0,52.50290997226301,8.0,8.0,8.0,
8.0,8.0,8.0,8.0,8.0,8.0,8.0,8.0,8.0,8.0,8.0,8.0,69.29440298981069,8.0,8.0,60.794736614282655,79.68828158658098,77.74459609659196,8.0,141.78416695809162,8.0,8.0,8.0,56.346152387619945,
8.0,8.0,8.0,8.0,8.0,8.0,8.0,8.0,8.0,8.0,8.0,8.0,8.0,53.10098196563116,136.2750486658834,75.9685607486559,8.0,8.0,58.70264048575669,8.0,8.0,35.02697373295171,56.346152387619945,72.88956639251525,
8.0,8.0,8.0,8.0,8.0,8.0,8.0,8.0,8.0,8.0,8.0,8.0,72.88956639251525,8.0,100.85633346498375,8.0,8.0,8.0,109.71895916385645,77.46110134914312,95.03533177568376,137.11876441813337,8.0,111.01301225031635,
8.0,8.0,8.0,8.0,8.0,8.0,8.0,8.0,8.0,8.0,8.0,8.0,68.73692917274357,8.0,75.55939532726703,8.0,136.2750486658834,52.64707290737336,8.0,116.14167593456229,157.0,8.0,8.0,8.0,
8.0,8.0,8.0,8.0,8.0,8.0,8.0,8.0,8.0,8.0,8.0,8.0,99.83844092189284,142.478848332734,59.58523306994779,69.63332535503385,56.346152387619945,44.32818126565749,8.0,55.73374202401988,8.0,8.0,75.30087796448473,135.50793334709226,
8.0,8.0,8.0,8.0,8.0,8.0,8.0,8.0,8.0,8.0,8.0,8.0,8.0,80.74806499229564,63.68062674175107,93.26735763384744,8.0,85.1982981050678,59.0555294240561,56.346152387619945,104.9518408075289,131.5416283919277,8.0,8.0,
8.0,8.0,8.0,8.0,8.0,8.0,8.0,8.0,8.0,8.0,8.0,8.0,8.0,61.83760093089712,8.0,54.529153408324355,74.64850969711317,57.253820833198546,57.29068180971686,100.55788824795839,8.0,80.2460501920722,72.88956639251525,78.85936849861277,
8.0,8.0,8.0,8.0,8.0,8.0,8.0,8.0,8.0,8.0,8.0,8.0,82.45756484398505,95.03533177568376,72.88956639251525,157.0,64.96768427456838,90.42755585076297,80.48874144872686,52.64707290737336,52.50290997226301,8.0,53.10098196563116,49.230623812700706,
8.0,8.0,8.0,8.0,8.0,8.0,8.0,8.0,8.0,8.0,8.0,8.0,136.2750486658834,127.7311629947837,62.61246671114564,73.68641326594748,112.73075100531452,8.0,72.88956639251525,111.06417064022042,56.346152387619945,8.0,100.25079661639714,77.74030843491396,
8.0,8.0,8.0,8.0,8.0,8.0,8.0,8.0,8.0,8.0,8.0,8.0,136.2750486658834,8.0,8.0,8.0,51.82112090092776,51.66430102111128,76.35589186318383,106.07921568337503,8.0,8.0,97.18653313202515,8.0,
8.0,8.0,8.0,8.0,8.0,8.0,8.0,8.0,8.0,8.0,8.0,8.0,8.0,58.58517066820086,68.49270034098524,56.346152387619945,45.534602227317194,58.19916543338794,8.0,89.5705804876182,123.56678356257397,50.53711507397311,89.81473988160295,106.34176709351519,
8.0,8.0,8.0,8.0,8.0,8.0,8.0,8.0,8.0,8.0,8.0,8.0,8.0,92.39182864301367,8.0,136.2750486658834,74.03977909805572,120.14491250152875,8.0,79.47676110383182,37.96366248692936,8.0,56.346152387619945,8.0,
8.0,8.0,8.0,8.0,8.0,8.0,8.0,8.0,8.0,8.0,8.0,8.0,8.0,127.7311629947837,70.04418248505725,8.0,8.0,52.958054680620165,8.0,67.74068201605296,8.0,89.04618027867463,54.298443694587796,56.346152387619945,
8.0,8.0,8.0,8.0,8.0,8.0,8.0,8.0,8.0,8.0,8.0,8.0,79.47676110383182,110.42594300656386,51.834902747638516,8.0,94.29103881069504,49.70160963188214,49.162868654310515,8.0,8.0,91.32496920338927,75.36743328520615,8.0,
8.0,8.0,8.0,8.0,8.0,8.0,8.0,8.0,8.0,8.0,8.0,8.0,8.0,8.0,56.14013079530797,8.0,52.64707290737336,65.98147888275585,132.15226907708478,49.162868654310515,88.78288123281425,8.0,127.63718110331331,56.346152387619945,
8.0,8.0,8.0,8.0,8.0,8.0,8.0,8.0,8.0,8.0,8.0,8.0,75.67529319401412,54.529153408324355,110.64696109699534,49.82608642958916,8.0,8.0,90.20136204229797,61.44916598294886,56.346152387619945,77.63835576385094,95.33519811695993,80.20723159416487,
8.0,8.0,8.0,8.0,8.0,8.0,8.0,8.0,8.0,8.0,8.0,8.0,85.75380041557509,87.52371107305723,130.35933244518995,80.70161088850705,8.0,89.83422232089507,75.47184905645283,8.0,96.89627902499089,84.21231671029058,94.37614710750351,110.86207647342711,
8.0,8.0,8.0,8.0,8.0,8.0,8.0,8.0,8.0,8.0,8.0,8.0,109.27145098331951,70.5508934842683,8.0,99.53503012619336,8.0,8.0,119.73953213352536,8.0,8.0,8.0,8.0,80.74806499229564,
8.0,8.0,8.0,8.0,8.0,8.0,8.0,8.0,8.0,8.0,8.0,8.0,8.0,79.46068210127572,88.15642662651177,8.0,125.41431337770024,8.0,8.0,8.0,49.69462300446151,8.0,148.0954084365886,8.0,
8.0,8.0,8.0,8.0,8.0,8.0,8.0,8.0,8.0,8.0,8.0,8.0,62.9146246909254,56.346152387619945,43.839212392672806,41.30904864554496,77.74459609659196,73.17482870192151,8.0,8.0,86.52889690733379,95.11196409645694,65.98905633175517,68.443929084846,
8.0,8.0,8.0,8.0,8.0,8.0,8.0,8.0,8.0,8.0,8.0,8.0,128.51945378035188,8.0,8.0,8.0,8.0,73.16343956436772,51.627512045420126,8.0,8.0,8.0,8.0,50.06683033706048,
8.0,8.0,8.0,8.0,8.0,8.0,8.0,8.0,8.0,8.0,8.0,8.0,8.0,8.0,127.63718110331331,93.65254935131237,8.0,50.00694166689294,107.78334750785949,8.0,56.346152387619945,128.51945378035188,126.78820923098488,56.346152387619945,
8.0,8.0,8.0,8.0,8.0,8.0,8.0,8.0,8.0,8.0,8.0,8.0,8.0,8.0,8.0,8.0,80.80996225713758,8.0,83.0916495336458,89.83317872590283,8.0,8.0,60.47675173155384,67.85687552161207,
8.0,8.0,8.0,8.0,8.0,8.0,8.0,8.0,8.0,8.0,8.0,8.0,65.7765577964943,8.0,80.60272948231965,112.14611005291268,51.9219499719424,90.36972667879438,8.0,8.0,85.61866359360882,8.0,8.0,8.0,
8.0,8.0,8.0,8.0,8.0,8.0,8.0,8.0,8.0,8.0,8.0,8.0,104.00769202323451,8.0,106.34176709351519,78.90218980202992,48.666595319582406,98.02323987481518,104.66494159937223,8.0,8.0,70.84269545972965,112.72927254661448,8.0,
8.0,8.0,8.0,8.0,8.0,8.0,8.0,8.0,8.0,8.0,8.0,8.0,8.0,128.51945378035188,56.346152387619945,88.65413445268955,137.11876441813337,89.5705804876182,8.0,56.346152387619945,127.63718110331331,157.0,112.14611005291268,111.98313365066285,
8.0,8.0,8.0,8.0,8.0,8.0,8.0,8.0,8.0,8.0,8.0,8.0,62.79899908210549,61.78389757857625,127.63718110331331,45.00222216735525,8.0,78.70673414645026,8.0,89.5365847014504,8.0,37.33370535528928,98.16312953446422,8.0,
8.0,8.0,8.0,8.0,8.0,8.0,8.0,8.0,8.0,8.0,8.0,8.0,8.0,119.35158147255527,8.0,79.71755696763974,8.0,75.30087796448473,8.0,8.0,89.5705804876182,8.0,56.346152387619945,98.49816693161802,
8.0,8.0,8.0,8.0,8.0,8.0,8.0,8.0,8.0,8.0,8.0,8.0,56.346152387619945,36.60790746394676,8.0,8.0,8.0,8.0,60.441707454372924,81.57695753091065,8.0,8.0,8.0,8.0,
8.0,8.0,8.0,8.0,8.0,8.0,8.0,8.0,8.0,8.0,8.0,8.0,8.0,84.42409947064033,56.346152387619945,8.0,38.36404566778639,8.0,8.0,50.91168824543142,51.45116346811044,127.7311629947837,79.41819690725798,77.39437246265965,
8.0,8.0,8.0,8.0,8.0,8.0,8.0,8.0,8.0,8.0,8.0,8.0,53.593117302711754,127.7311629947837,66.16213850404604,8.0,82.45756484398505,64.37788748238184,8.0,136.2750486658834,72.88956639251525,56.346152387619945,8.0,57.87270513808733,
8.0,8.0,8.0,8.0,8.0,8.0,8.0,8.0,8.0,8.0,8.0,8.0,128.51945378035188,88.8963191338964,8.0,57.76292544145903,8.0,72.2975621995652,70.95914317408293,8.0,149.43746369486988,127.7311629947837,56.49273025291459,8.0,
8.0,8.0,8.0,8.0,8.0,8.0,8.0,8.0,8.0,8.0,8.0,8.0,56.346152387619945,57.87270513808733,62.99647256438693,56.346152387619945,8.0,8.0,8.0,88.48477584056793,45.536310297997964,8.0,112.73075100531452,93.26735763384744,
8.0,8.0,8.0,8.0,8.0,8.0,8.0,8.0,8.0,8.0,8.0,8.0,78.66565778206977,59.24421105230347,82.59055636088183,79.09740830141023,83.40713398744738,50.1398045468867,8.0,8.0,80.80996225713758,76.90253571892151,98.70591240071256,8.0,
8.0,8.0,8.0,8.0,8.0,8.0,8.0,8.0,8.0,8.0,8.0,8.0,8.0,8.0,8.0,105.67284419376627,72.22781419132897,57.253820833198546,8.0,142.478848332734,8.0,56.346152387619945,56.346152387619945,8.0,
8.0,8.0,8.0,8.0,8.0,8.0,8.0,8.0,8.0,8.0,8.0,8.0,52.50290997226301,77.71457749711797,8.0,44.22991876869902,47.761778651972335,8.0,74.77585553792461,8.0,56.346152387619945,79.69246444231028,72.23968042960482,88.65413445268955,
8.0,8.0,8.0,8.0,8.0,8.0,8.0,8.0,8.0,8.0,8.0,8.0,55.456627196395566,8.0,8.0,93.09564973724605,74.75674838147677,8.0,8.0,8.0,56.346152387619945,60.94441912285506,56.346152387619945,8.0,
8.0,8.0,8.0,8.0,8.0,8.0,8.0,8.0,8.0,8.0,8.0,8.0,112.73075100531452,109.34463864314519,8.0,8.0,53.25947266516472,8.0,8.0,8.0,56.346152387619945,95.01729165939068,8.0,70.58530806255445,
8.0,8.0,8.0,8.0,8.0,8.0,8.0,8.0,8.0,8.0,8.0,8.0,8.0,56.346152387619945,8.0,8.0,76.35589186318383,8.0,8.0,8.0,128.0,96.51295249861543,8.0,8.0,
8.0,8.0,8.0,8.0,8.0,8.0,8.0,8.0,8.0,8.0,8.0,8.0,55.99744892148468,8.0,8.0,8.0,8.0,41.3452790384275,82.73182915635043,77.64824531179053,8.0,106.15436872781072,129.03584773232592,55.23786945766665,
8.0,8.0,8.0,8.0,8.0,8.0,8.0,8.0,8.0,8.0,8.0,8.0,54.621932916691584,138.1432428877922,58.590101553078064,8.0,112.73075100531452,56.346152387619945,8.0,8.0,93.26735763384744,8.0,100.85633346498375,131.0755507331554,
8.0,8.0,8.0,8.0,8.0,8.0,8.0,8.0,8.0,8.0,8.0,8.0,56.346152387619945,49.741205252788156,8.0,56.346152387619945,8.0,56.346152387619945,92.73753285482637,8.0,8.0,53.09613921934437,94.29103881069504,8.0,
8.0,8.0,8.0,8.0,8.0,8.0,8.0,8.0,8.0,8.0,8.0,8.0,8.0,56.499754178422954,56.346152387619945,35.42315626818141,89.5705804876182,8.0,8.0,8.0,8.0,163.0,8.0,56.346152387619945,
8.0,8.0,8.0,8.0,8.0,8.0,8.0,8.0,8.0,8.0,8.0,8.0,63.31192620667926,8.0,8.0,8.0,8.0,8.0,109.0011467829582,8.0,132.28840547161425,8.0,8.0,8.0,
8.0,8.0,8.0,8.0,8.0,8.0,8.0,8.0,8.0,8.0,8.0,8.0,115.22393655640983,8.0,104.9518408075289,8.0,136.86327321657757,8.0,72.88956639251525,74.78731748861472,8.0,79.04569705064421,8.0,107.76015033397086,
8.0,8.0,8.0,8.0,8.0,8.0,8.0,8.0,8.0,8.0,8.0,8.0,8.0,8.0,8.0,8.0,72.88956639251525,82.34561311933987,8.0,80.44058366272587,8.0,8.0,8.0,89.04618027867463,
8.0,8.0,8.0,8.0,8.0,8.0,8.0,8.0,8.0,8.0,8.0,8.0,8.0,44.38918787272414,66.61188225191401,51.54027551342736,8.0,141.66235287549836,55.073976224191924,8.0,8.0,8.0,59.48015542085351,49.70160963188214,
8.0,8.0,8.0,8.0,8.0,8.0,8.0,8.0,8.0,8.0,8.0,8.0,8.0,111.06417064022042,8.0,8.0,8.0,112.14611005291268,68.89992743102128,137.11876441813337,8.0,56.346152387619945,58.98463783054025,8.0,
8.0,8.0,8.0,8.0,8.0,8.0,8.0,8.0,8.0,8.0,8.0,8.0,57.69941266791389,56.346152387619945,37.56180092712394,69.5549343245243,56.346152387619945,8.0,8.0,41.565782630840545,8.0,8.0,8.0,8.0,
8.0,8.0,8.0,8.0,8.0,8.0,8.0,8.0,8.0,8.0,8.0,8.0,97.60251021362104,129.03584773232592,8.0,8.0,71.52777238403431,65.35398118816371,8.0,88.86619154661688,8.0,100.85633346498375,50.91168824543142,112.33543519299687,
8.0,8.0,8.0,8.0,8.0,8.0,8.0,8.0,8.0,8.0,8.0,8.0,91.89244921222974,8.0,56.346152387619945,8.0,50.44204595374775,8.0,8.0,80.74806499229564,42.70310943661545,70.73491762509215,8.0,99.28872040670078,
8.0,8.0,8.0,8.0,8.0,8.0,8.0,8.0,8.0,8.0,8.0,8.0,40.55166457742518,76.41054527073753,80.69851299745244,8.0,116.14167593456229,81.86116295289239,74.78731748861472,42.277991572786085,8.0,8.0,66.05841570696565,8.0,
8.0,8.0,8.0,8.0,8.0,8.0,8.0,8.0,8.0,8.0,8.0,8.0,8.0,8.0,8.0,127.63718110331331,91.89244921222974,8.0,50.53711507397311,54.70774625224475,101.18893220110587,56.346152387619945,8.0,109.48630051289521,
8.0,8.0,8.0,8.0,8.0,8.0,8.0,8.0,8.0,8.0,8.0,8.0,74.84799410954325,56.346152387619945,56.346152387619945,80.48874144872686,80.48874144872686,8.0,8.0,8.0,109.60497251493656,56.346152387619945,80.74806499229564,59.221805293508424,
8.0,8.0,8.0,8.0,8.0,8.0,8.0,8.0,8.0,8.0,8.0,8.0,55.050626050676556,80.74806499229564,128.51945378035188,57.51684535855561,63.156551520804236,8.0,8.0,157.0,8.0,8.0,100.29955134495867,51.685950702294335,
8.0,8.0,8.0,8.0,8.0,8.0,8.0,8.0,8.0,8.0,8.0,8.0,8.0,8.0,79.8373346248483,128.51945378035188,8.0,46.367418517748,60.5660796155736,8.0,56.346152387619945,8.0,68.34242825653769,8.0,
8.0,8.0,8.0,8.0,8.0,8.0,8.0,8.0,8.0,8.0,8.0,8.0,8.0,120.15157094270553,112.14611005291268,8.0,8.0,120.15157094270553,136.2750486658834,8.0,112.73075100531452,8.0,8.0,169.0,
8.0,8.0,8.0,8.0,8.0,8.0,8.0,8.0,8.0,8.0,8.0,8.0,72.88956639251525,8.0,8.0,56.53011870664747,95.68989265097727,8.0,69.21601796446501,8.0,105.14064654335903,50.53711507397311,8.0,8.0,
8.0,8.0,8.0,8.0,8.0,8.0,8.0,8.0,8.0,8.0,8.0,8.0,52.13976942368997,75.08661665037252,63.738179732053496,112.73518626507973,8.0,123.61229712289955,47.335900751966264,116.19045667447142,52.64707290737336,59.48015542085351,120.59519061720496,56.346152387619945,
8.0,8.0,8.0,8.0,8.0,8.0,8.0,8.0,8.0,8.0,8.0,8.0,54.40179735592892,93.26735763384744,72.55127497156752,81.83397827308654,127.63718110331331,83.83051685129679,75.46688015281936,55.800665638630925,76.35589186318383,112.14611005291268,8.0,85.21476137122932,
8.0,8.0,8.0,8.0,8.0,8.0,8.0,8.0,8.0,8.0,8.0,8.0,112.14611005291268,8.0,8.0,62.408332776961764,55.073976224191924,8.0,89.40693485407047,8.0,8.0,8.0,66.78276349478209,121.07518325404261,
8.0,8.0,8.0,8.0,8.0,8.0,8.0,8.0,8.0,8.0,8.0,8.0,55.29818160562686,54.70283356463356,65.60393694901151,93.26735763384744,38.994505107404926,62.125679070735316,8.0,88.80065064826695,71.6798437498297,77.71886657834263,98.18146464582814,77.71243286773502,
8.0,8.0,8.0,8.0,8.0,8.0,8.0,8.0,8.0,8.0,8.0,8.0,136.2750486658834,8.0,89.48044479102683,8.0,8.0,56.346152387619945,112.14611005291268,50.78244916166552,8.0,51.551484513596264,100.2807171006581,77.06851208863159,
8.0,8.0,8.0,8.0,8.0,8.0,8.0,8.0,8.0,8.0,8.0,8.0,8.0,8.0,112.73518626507973,84.40209882292197,44.19049671592298,8.0,74.61023723323764,8.0,50.53711507397311,77.69741880454517,56.346152387619945,8.0,
8.0,8.0,8.0,8.0,8.0,8.0,8.0,8.0,8.0,8.0,8.0,8.0,86.79400900983892,81.80006112467154,8.0,53.593117302711754,56.346152387619945,8.0,87.32926199161425,56.346152387619945,119.12271916902426,8.0,137.11876441813337,84.77355457662227,
8.0,8.0,8.0,8.0,8.0,8.0,8.0,8.0,8.0,8.0,8.0,8.0,8.0,8.0,67.2772043282286,77.64824531179053,8.0,53.29969177075176,129.03584773232592,8.0,8.0,89.04618027867463,82.49848483457136,95.98379492856536,
8.0,8.0,8.0,8.0,8.0,8.0,8.0,8.0,8.0,8.0,8.0,8.0,127.63718110331331,8.0,80.48874144872686,136.2750486658834,8.0,8.0,71.51145984308312,8.0,8.0,50.91168824543142,128.51945378035188,8.0,
8.0,8.0,8.0,8.0,8.0,8.0,8.0,8.0,8.0,8.0,8.0,8.0,43.90444168874033,51.551484513596264,54.621932916691584,53.79591062525106,8.0,66.4345960743012,93.26735763384744,83.48985300954574,8.0,8.0,8.0,46.98936049788292,
8.0,8.0,8.0,8.0,8.0,8.0,8.0,8.0,8.0,8.0,8.0,8.0,38.306657384846304,84.706847420973,8.0,45.23873572367538,128.0,8.0,127.63718110331331,64.51787004819329,8.0,8.0,81.61127373102322,80.74806499229564,
8.0,8.0,8.0,8.0,8.0,8.0,8.0,8.0,8.0,8.0,8.0,8.0,8.0,56.346152387619945,63.738179732053496,8.0,128.51945378035188,120.15157094270553,65.60393694901151,8.0,8.0,8.0,56.346152387619945,87.32926199161425,
8.0,8.0,8.0,8.0,8.0,8.0,8.0,8.0,8.0,8.0,8.0,8.0,8.0,8.0,8.0,108.85719493395413,72.88956639251525,8.0,40.49444406335269,8.0,8.0,8.0,120.59519061720496,120.59519061720496,
8.0,8.0,8.0,8.0,8.0,8.0,8.0,8.0,8.0,8.0,8.0,8.0,62.06287134833515,49.162868654310515,46.62498138218276,8.0,127.63718110331331,68.22430326178169,8.0,64.99450526225824,39.428053826830315,76.3581785309958,69.16646586316233,8.0,
8.0,8.0,8.0,8.0,8.0,8.0,8.0,8.0,8.0,8.0,8.0,8.0,76.87146559174101,8.0,49.70160963188214,93.26735763384744,8.0,47.96808835048568,91.36875833675316,49.2767693746252,56.346152387619945,8.0,63.156551520804236,124.25296777139772,
8.0,8.0,8.0,8.0,8.0,8.0,8.0,8.0,8.0,8.0,8.0,8.0,8.0,8.0,8.0,8.0,8.0,34.72893268489688,136.2750486658834,56.346152387619945,8.0,8.0,90.60594627285784,8.0,
8.0,8.0,8.0,8.0,8.0,8.0,8.0,8.0,8.0,8.0,8.0,8.0,8.0,49.01603236259977,8.0,8.0,137.11876441813337,54.98571242994467,8.0,110.56471207196063,61.298903379714346,52.056593135633534,58.56566827075398,51.51698748956503,
8.0,8.0,8.0,8.0,8.0,8.0,8.0,8.0,8.0,8.0,8.0,8.0,8.0,136.2750486658834,8.0,8.0,74.86254069960489,67.38859118739775,8.0,8.0,94.29103881069504,65.5133574166368,41.31510014510433,127.7311629947837,
8.0,8.0,8.0,8.0,8.0,8.0,8.0,8.0,8.0,8.0,8.0,8.0,8.0,8.0,8.0,106.57767120743443,72.88956639251525,100.58454155584744,116.14167593456229,8.0,8.0,40.03569835605647,109.60497251493656,77.70170883291792,
8.0,8.0,8.0,8.0,8.0,8.0,8.0,8.0,8.0,8.0,8.0,8.0,8.0,107.78334750785949,85.95679978088661,85.1982981050678,8.0,8.0,81.95852609704497,8.0,8.0,100.52639233333481,137.11876441813337,138.29226297953187,
8.0,8.0,8.0,8.0,8.0,8.0,8.0,8.0,8.0,8.0,8.0,8.0,65.65482126664847,93.26735763384744,34.44314995049664,8.0,72.88499312082166,8.0,8.0,100.85633346498375,129.03584773232592,72.88956639251525,52.24641136001591,66.00420862002328,
8.0,8.0,8.0,8.0,8.0,8.0,8.0,8.0,8.0,8.0,8.0,8.0,8.0,112.55332069734771,51.7935462057912,106.57767120743443,8.0,84.706847420973,91.404321560854,8.0,8.0,123.4242907840898,137.11876441813337,8.0,
8.0,8.0,8.0,8.0,8.0,8.0,8.0,8.0,8.0,8.0,8.0,8.0,79.93568843585626,89.82204629154248,8.0,8.0,80.1224063542777,56.346152387619945,8.0,88.54126470496993,8.0,127.63718110331331,37.95862409067461,77.64824531179053,
8.0,8.0,8.0,8.0,8.0,8.0,8.0,8.0,8.0,8.0,8.0,8.0,8.0,8.0,119.35158147255527,80.74806499229564,8.0,112.14611005291268,8.0,8.0,56.346152387619945,49.55904322555167,93.26735763384744,109.60497251493656,
8.0,8.0,8.0,8.0,8.0,8.0,8.0,8.0,8.0,8.0,8.0,8.0,51.862455453962895,8.0,123.4242907840898,8.0,8.0,8.0,8.0,8.0,8.0,8.0,56.346152387619945,56.346152387619945,
8.0,8.0,8.0,8.0,8.0,8.0,8.0,8.0,8.0,8.0,8.0,8.0,8.0,80.74806499229564,8.0,56.346152387619945,106.38232935972027,93.65254935131237,72.88956639251525,46.172382317667875,79.71755696763974,46.030049229810366,119.35158147255527,8.0,
8.0,8.0,8.0,8.0,8.0,8.0,8.0,8.0,8.0,8.0,8.0,8.0,8.0,8.0,148.72868661499777,8.0,140.5568291554068,8.0,8.0,100.52970815745077,8.0,8.0,8.0,8.0,
8.0,8.0,8.0,8.0,8.0,8.0,8.0,8.0,8.0,8.0,8.0,8.0,8.0,88.7762480747087,48.787521173167036,46.22035252628782,95.68989265097727,76.39371701913711,46.696589046432806,8.0,99.94109376138637,126.2586630691138,8.0,8.0,
8.0,8.0,8.0,8.0,8.0,8.0,8.0,8.0,8.0,8.0,8.0,8.0,125.46214568546164,45.46207210411774,52.29586162266707,116.14167593456229,8.0,8.0,45.86816858006093,70.17042745265907,79.47676110383182,8.0,87.32926199161425,59.852198909361,
8.0,8.0,8.0,8.0,8.0,8.0,8.0,8.0,8.0,8.0,8.0,8.0,67.13568350735694,8.0,8.0,48.300491715923556,41.38322641567992,8.0,8.0,78.90218980202992,70.92405954415061,8.0,34.898961302594664,93.26735763384744,
8.0,8.0,8.0,8.0,8.0,8.0,8.0,8.0,8.0,8.0,8.0,8.0,8.0,102.89606406466673,56.346152387619945,8.0,52.71215636427169,64.27752328769365,8.0,72.1518460532292,8.0,56.346152387619945,99.9599919967984,47.07781842496868,
8.0,8.0,8.0,8.0,8.0,8.0,8.0,8.0,8.0,8.0,8.0,8.0,51.67419300020293,48.7134478352744,112.5133325433035,8.0,128.51945378035188,50.91168824543142,56.346152387619945,41.97618372363071,71.08546164401591,84.45793543026527,127.63718110331331,60.57816674111462,
8.0,8.0,8.0,8.0,8.0,8.0,8.0,8.0,8.0,8.0,8.0,8.0,8.0,8.0,50.64274380402389,8.0,8.0,8.0,8.0,133.29384832016817,8.0,49.656822290597695,8.0,8.0,
8.0,8.0,8.0,8.0,8.0,8.0,8.0,8.0,8.0,8.0,8.0,8.0,76.16710951210221,70.28513356322232,116.14167593456229,8.0,91.88171744150193,136.2750486658834,166.0,98.86961110472723,8.0,53.44904115136211,8.0,47.47931880604138,
8.0,8.0,8.0,8.0,8.0,8.0,8.0,8.0,8.0,8.0,8.0,8.0,53.85571000367556,57.43420148308845,169.0,71.55106956262468,166.0,121.6150575472553,81.83397827308654,8.0,8.0,8.0,38.22116093026405,8.0,
8.0,8.0,8.0,8.0,8.0,8.0,8.0,8.0,8.0,8.0,8.0,8.0,8.0,63.59874212592573,8.0,34.41737287411048,8.0,8.0,8.0,89.04618027867463,97.80195408181895,116.14167593456229,56.7792998273921,8.0,
8.0,8.0,8.0,8.0,8.0,8.0,8.0,8.0,8.0,8.0,8.0,8.0,8.0,8.0,56.499754178422954,57.21208108627251,127.7311629947837,105.9657963684509,79.22120928135344,38.07886552931954,56.346152387619945,85.4356482974174,88.80065064826695,73.55874447602329,
8.0,8.0,8.0,8.0,8.0,8.0,8.0,8.0,8.0,8.0,8.0,8.0,59.76143046671968,8.0,100.51976035696774,50.002222172841705,52.64707290737336,8.0,54.258639865002145,8.0,8.0,51.113164209971934,8.0,117.9692756610805,
8.0,8.0,8.0,8.0,8.0,8.0,8.0,8.0,8.0,8.0,8.0,8.0,8.0,8.0,8.0,68.32276341015489,8.0,8.0,125.46214568546164,111.98313365066285,72.88956639251525,8.0,8.0,8.0,
8.0,8.0,8.0,8.0,8.0,8.0,8.0,8.0,8.0,8.0,8.0,8.0,8.0,8.0,56.346152387619945,8.0,32.65403059785597,8.0,89.32412887904366,120.14491250152875,136.2750486658834,88.48477584056793,112.5133325433035,8.0,
8.0,8.0,8.0,8.0,8.0,8.0,8.0,8.0,8.0,8.0,8.0,8.0,125.46214568546164,53.52777057025841,80.74806499229564,56.346152387619945,8.0,8.0,8.0,8.0,83.0916495336458,8.0,50.91168824543142,8.0,
8.0,8.0,8.0,8.0,8.0,8.0,8.0,8.0,8.0,8.0,8.0,8.0,8.0,93.36249544413194,142.478848332734,8.0,46.62230033888171,78.91697465620997,8.0,46.62498138218276,93.26735763384744,77.45482554366771,56.346152387619945,59.76143046671968,
8.0,8.0,8.0,8.0,8.0,8.0,8.0,8.0,8.0,8.0,8.0,8.0,124.24813881905837,8.0,71.68582246760613,8.0,8.0,142.478848332734,38.486649922047285,8.0,8.0,8.0,8.0,82.49848483457136,
8.0,8.0,8.0,8.0,8.0,8.0,8.0,8.0,8.0,8.0,8.0,8.0,29.570889401571947,42.36507995979708,8.0,8.0,28.55871145552614,58.871800455641655,73.74067737687253,8.0,8.0,108.68417548106991,88.52243908875434,98.86961110472723,
8.0,8.0,8.0,8.0,8.0,8.0,8.0,8.0,8.0,8.0,8.0,8.0,56.346152387619945,8.0,56.346152387619945,47.335900751966264,51.551484513596264,127.7311629947837,88.80065064826695,75.30087796448473,8.0,8.0,8.0,112.14611005291268,
8.0,8.0,8.0,8.0,8.0,8.0,8.0,8.0,8.0,8.0,8.0,8.0,45.03966505838413,74.12691818765974,8.0,73.68344454489082,102.55730105653132,8.0,8.0,8.0,8.0,67.21904492032002,110.56471207196063,69.18298717376776,
8.0,8.0,8.0,8.0,8.0,8.0,8.0,8.0,8.0,8.0,8.0,8.0,92.16425554410993,137.11876441813337,56.346152387619945,8.0,132.50377353117156,78.09737511594099,74.74414692803711,119.35158147255527,120.15157094270553,51.51698748956503,8.0,113.25879902045382,
8.0,8.0,8.0,8.0,8.0,8.0,8.0,8.0,8.0,8.0,8.0,8.0,8.0,106.15436872781072,8.0,77.77990926784554,56.346152387619945,8.0,49.43104865798997,68.05466552705994,141.7047007767287,8.0,56.346152387619945,53.418681709263055,
8.0,8.0,8.0,8.0,8.0,8.0,8.0,8.0,8.0,8.0,8.0,8.0,96.1582029782171,8.0,8.0,107.8740005747446,63.33985712014197,47.784934864452836,106.34176709351519,8.0,8.0,8.0,8.0,128.5394880960711,
8.0,8.0,8.0,8.0,8.0,8.0,8.0,8.0,8.0,8.0,8.0,8.0,8.0,39.4106584568185,31.748031435035465,148.72868661499777,127.7311629947837,8.0,42.86023798347368,67.80773472760234,8.0,8.0,8.0,56.346152387619945,
8.0,8.0,8.0,8.0,8.0,8.0,8.0,8.0,8.0,8.0,8.0,8.0,103.16128149649946,38.03205884513748,119.35158147255527,56.346152387619945,99.94109376138637,8.0,119.35158147255527,72.89642576209678,8.0,56.346152387619945,101.86854274014134,89.81536616860168,
8.0,8.0,8.0,8.0,8.0,8.0,8.0,8.0,8.0,8.0,8.0,8.0,120.15157094270553,127.7311629947837,67.8372234756766,8.0,8.0,110.86207647342711,8.0,8.0,56.346152387619945,56.346152387619945,132.69042919517594,136.2750486658834,
8.0,8.0,8.0,8.0,8.0,8.0,8.0,8.0,8.0,8.0,8.0,8.0,56.346152387619945,81.83397827308654,8.0,128.51945378035188,72.77362159464101,8.0,8.0,37.913552985706836,128.79149816661035,129.03584773232592,50.571059893633155,98.68564810982974,
8.0,8.0,8.0,8.0,8.0,8.0,8.0,8.0,8.0,8.0,8.0,8.0,8.0,8.0,8.0,8.0,36.87817782917155,75.30087796448473,56.346152387619945,56.346152387619945,119.35158147255527,8.0,8.0,93.26735763384744,
8.0,8.0,8.0,8.0,8.0,8.0,8.0,8.0,8.0,8.0,8.0,8.0,54.621932916691584,160.7572358834553,127.7311629947837,38.615896985568,8.0,8.0,8.0,50.91168824543142,8.0,8.0,50.91168824543142,87.56283458180188,
8.0,8.0,8.0,8.0,8.0,8.0,8.0,8.0,8.0,8.0,8.0,8.0,8.0,77.45482554366771,53.639004997696006,8.0,8.0,8.0,8.0,8.0,8.0,53.27809639575681,8.0,8.0,
8.0,8.0,8.0,8.0,8.0,8.0,8.0,8.0,8.0,8.0,8.0,8.0,8.0,95.68989265097727,86.52889690733379,8.0,86.23353304963344,8.0,8.0,8.0,8.0,56.346152387619945,36.44935603759764,111.98313365066285,
8.0,8.0,8.0,8.0,8.0,8.0,8.0,8.0,8.0,8.0,8.0,8.0,8.0,48.815980989835694,61.84299115951261,8.0,8.0,8.0,123.55727416870283,8.0,8.0,80.19975062305369,8.0,42.433140687102444,
8.0,8.0,8.0,8.0,8.0,8.0,8.0,8.0,8.0,8.0,8.0,8.0,53.52777057025841,8.0,88.15642662651177,33.184333653096004,83.02047940116944,58.0467791649853,127.63718110331331,107.76015033397086,116.92390687964546,56.346152387619945,8.0,83.0916495336458,
8.0,8.0,8.0,8.0,8.0,8.0,8.0,8.0,8.0,8.0,8.0,8.0,79.71755696763974,8.0,8.0,8.0,8.0,56.346152387619945,8.0,8.0,86.19309717140926,137.11876441813337,49.56409991112519,72.12619149795725,
8.0,8.0,8.0,8.0,8.0,8.0,8.0,8.0,8.0,8.0,8.0,8.0,33.30071320557564,106.07921568337503,8.0,80.74806499229564,8.0,8.0,8.0,8.0,75.30087796448473,48.64484543766503,8.0,48.48858481274595,
8.0,8.0,8.0,8.0,8.0,8.0,8.0,8.0,8.0,8.0,8.0,8.0,39.85250584621025,56.346152387619945,8.0,53.79591062525106,8.0,107.74970997640783,127.63718110331331,88.7762480747087,8.0,56.346152387619945,8.0,8.0,
8.0,8.0,8.0,8.0,8.0,8.0,8.0,8.0,8.0,8.0,8.0,8.0,80.80996225713758,60.69266842049375,8.0,136.2750486658834,8.0,8.0,8.0,8.0,8.0,8.0,107.82045260524553,8.0,
8.0,8.0,8.0,8.0,8.0,8.0,8.0,8.0,8.0,8.0,8.0,8.0,128.0,8.0,128.51945378035188,34.064644427910885,48.33632174669479,56.346152387619945,49.43104865798997,102.30347012687302,60.08089784377632,8.0,8.0,96.54144187860466,
8.0,8.0,8.0,8.0,8.0,8.0,8.0,8.0,8.0,8.0,8.0,8.0,142.478848332734,89.04618027867463,53.53711070110361,111.98313365066285,51.28244230620153,54.30338058405888,8.0,8.0,8.0,8.0,56.346152387619945,77.45482554366771,
8.0,8.0,8.0,8.0,8.0,8.0,8.0,8.0,8.0,8.0,8.0,8.0,8.0,8.0,117.65309175708049,106.15436872781072,34.45286635390443,136.2750486658834,100.85633346498375,8.0,93.26735763384744,8.0,43.97044461908476,8.0,
8.0,8.0,8.0,8.0,8.0,8.0,8.0,8.0,8.0,8.0,8.0,8.0,52.29586162266707,79.93997748310916,8.0,8.0,54.24521370477347,70.54254035686552,8.0,8.0,8.0,8.0,140.5568291554068,127.63718110331331,
8.0,8.0,8.0,8.0,8.0,8.0,8.0,8.0,8.0,8.0,8.0,8.0,93.45164458982629,129.82391921367957,44.77708849758979,63.64634430080916,8.0,8.0,48.8320737689014,85.77179023431889,8.0,8.0,108.78533908574262,56.346152387619945,
8.0,8.0,8.0,8.0,8.0,8.0,8.0,8.0,8.0,8.0,8.0,8.0,80.7148616358158,8.0,8.0,8.0,8.0,8.0,53.79591062525106,116.14167593456229,109.80993681002745,8.0,84.38157381798469,100.75911869404177,
8.0,8.0,8.0,8.0,8.0,8.0,8.0,8.0,8.0,8.0,8.0,8.0,119.35158147255527,85.98982497947068,96.25097402104562,46.62498138218276,69.86272253498285,8.0,112.14611005291268,8.0,87.4685657822283,8.0,83.0916495336458,8.0,
8.0,8.0,8.0,8.0,8.0,8.0,8.0,8.0,8.0,8.0,8.0,8.0,8.0,8.0,129.03584773232592,37.913552985706836,103.26470839546297,70.1512651347073,33.184333653096004,8.0,56.346152387619945,8.0,84.70790146986627,8.0,
8.0,8.0,8.0,8.0,8.0,8.0,8.0,8.0,8.0,8.0,8.0,8.0,84.45793543026527,138.1432428877922,71.43948488056168,127.7311629947837,92.08827286902496,56.346152387619945,44.12029011690653,8.0,56.346152387619945,127.7311629947837,98.55556808217383,8.0,
8.0,8.0,8.0,8.0,8.0,8.0,8.0,8.0,8.0,8.0,8.0,8.0,8.0,39.87838655569849,105.71069009329189,8.0,106.70520137275409,8.0,8.0,8.0,8.0,81.76949308880421,65.65482126664847,38.13509819425819,
8.0,8.0,8.0,8.0,8.0,8.0,8.0,8.0,8.0,8.0,8.0,8.0,104.9518408075289,8.0,8.0,8.0,8.0,104.9518408075289,67.13568350735694,34.41737287411048,8.0,8.0,52.46767712465593,54.621932916691584,
8.0,8.0,8.0,8.0,8.0,8.0,8.0,8.0,8.0,8.0,8.0,8.0,57.45336272916398,8.0,8.0,8.0,8.0,106.20169490172933,8.0,80.32987544425104,49.869203923864674,90.12630026801278,8.0,8.0,
8.0,8.0,8.0,8.0,8.0,8.0,8.0,8.0,8.0,8.0,8.0,8.0,50.541072406509144,120.15157094270553,83.89040469565039,8.0,57.25867231743638,8.0,8.0,89.37113628012122,100.31727446235546,99.94109376138637,56.346152387619945,56.346152387619945,
8.0,8.0,8.0,8.0,8.0,8.0,8.0,8.0,8.0,8.0,8.0,8.0,78.5417086648871,8.0,8.0,8.0,8.0,75.84457792090348,56.346152387619945,8.0,55.24490926773253,8.0,8.0,47.764395735736045,
8.0,8.0,8.0,8.0,8.0,8.0,8.0,8.0,8.0,8.0,8.0,8.0,71.8637599906935,93.75999946672354,63.96239129363442,67.13568350735694,81.80006112467154,68.49249756157401,68.59482487768301,120.15157094270553,62.60901603514376,8.0,8.0,8.0,
8.0,8.0,8.0,8.0,8.0,8.0,8.0,8.0,8.0,8.0,8.0,8.0,137.11876441813337,8.0,64.8351756379205,8.0,128.51945378035188,52.107794255967335,53.44904115136211,53.681351510557185,8.0,84.37162691670363,97.89152159405839,127.63718110331331,
8.0,8.0,8.0,8.0,8.0,8.0,8.0,8.0,8.0,8.0,8.0,8.0,8.0,127.63718110331331,65.65482126664847,56.346152387619945,8.0,8.0,79.54593362049097,8.0,56.046409340831104,112.14611005291268,8.0,8.0,
8.0,8.0,8.0,8.0,8.0,8.0,8.0,8.0,8.0,8.0,8.0,8.0,88.87519338938172,8.0,93.38247005881625,100.34053130326858,107.78334750785949,8.0,128.51945378035188,104.9518408075289,8.0,56.7792998273921,31.29856226729912,112.14611005291268,
8.0,8.0,8.0,8.0,8.0,8.0,8.0,8.0,8.0,8.0,8.0,8.0,96.66206885617312,8.0,8.0,129.03584773232592,8.0,8.0,120.15157094270553,127.63718110331331,80.92726501138057,8.0,8.0,8.0,
