231.63157707877394,120.90728443138333,129.50344727899275,100.90708597516826,153.39346646958455,73.77269142440174,114.66242724721218,254.5,135.065317531926,112.59408763975385,56.0,121.52616744964847,145.6667620136988,249.2000953049577,200.5648024953531,240.22039880076792,97.46978698550643,140.195781473114,129.89116323181608,92.04176199102896,106.30469180614749,131.63512280373942,146.50304726231076,135.2354982983388,
56.0,73.77269142440174,92.04176199102896,97.46978698550643,100.90708597516826,106.30469180614749,112.59408763975385,114.66242724721218,120.90728443138333,121.52616744964847,129.50344727899275,129.89116323181608,73.77269142440174,112.22871268359664,179.2500249053579,216.1761755811424,105.07365141757577,70.97025334253875,200.53047704082846,95.11646995732578,103.58155670238254,134.03614251387572,108.3713955571303,151.48408685874756,
56.0,70.97025334253875,73.77269142440174,73.77269142440174,92.04176199102896,95.11646995732578,97.46978698550643,100.90708597516826,103.58155670238254,105.07365141757577,106.30469180614749,108.3713955571303,87.24310502842044,259.37846383229277,107.5702532069159,174.73925018597154,157.62514869144454,111.59621089317632,103.58155670238254,152.000789471634,59.40715445129483,167.81966511705355,86.32125679692112,141.92195038118663,
56.0,59.40715445129483,70.97025334253875,73.77269142440174,73.77269142440174,86.32125679692112,87.24310502842044,92.04176199102896,95.11646995732578,97.46978698550643,100.90708597516826,103.58155670238254,105.29617253545963,66.11677980232076,105.10854178208143,131.63512280373942,143.91042352797103,89.56658327471342,78.94663658808669,59.40715445129483,156.6284527862745,227.34168117615388,125.8518474238658,96.01131620546701,
56.0,59.40715445129483,59.40715445129483,66.11677980232076,70.97025334253875,73.77269142440174,73.77269142440174,78.94663658808669,86.32125679692112,87.24310502842044,89.56658327471342,92.04176199102896,55.0429686250817,211.812351439245,187.00750133498804,87.24310502842044,9.99999999E8,116.55244408515087,151.93498609602727,109.93911667372991,135.31818059669587,99.54375257988795,85.4551132986721,144.11865770954154,
55.0429686250817,56.0,59.40715445129483,59.40715445129483,66.11677980232076,70.97025334253875,73.77269142440174,73.77269142440174,78.94663658808669,85.4551132986721,86.32125679692112,87.24310502842044,70.54331559403768,66.11677980232076,199.6366838924038,214.1102227825659,140.94898823315697,135.9821270935592,122.14256242422441,59.76951615772371,204.5,98.023514398332,63.706139595977895,80.87733215891123,
55.0429686250817,56.0,59.40715445129483,59.40715445129483,59.76951615772371,63.706139595977895,66.11677980232076,66.11677980232076,70.54331559403768,70.97025334253875,73.77269142440174,73.77269142440174,182.16971635141655,63.706139595977895,218.04331883570498,198.86392175304198,109.66931829367775,157.0650456703482,92.22289156383606,80.26085942447637,66.11677980232076,124.99943749873437,139.64956140282,89.85621229992331,
55.0429686250817,56.0,59.40715445129483,59.40715445129483,59.76951615772371,63.706139595977895,63.706139595977895,66.11677980232076,66.11677980232076,66.11677980232076,70.54331559403768,70.97025334253875,153.42974776750432,106.67056470742058,56.0,109.93911667372991,143.3115051208381,58.89700453212492,266.30281166371486,119.12749210404792,107.18842929626312,132.40785475189907,59.93445493944938,105.10854178208143,
55.0429686250817,56.0,56.0,58.89700453212492,59.40715445129483,59.40715445129483,59.76951615772371,59.93445493944938,63.706139595977895,63.706139595977895,66.11677980232076,66.11677980232076,52.896124621752776,143.19816439366213,160.70409315121864,56.0,117.1492663966956,145.6667620136988,150.99748342273787,58.81727826261789,105.10854178208143,123.41683145225487,120.39356035519508,176.60319221350446,
52.896124621752776,55.0429686250817,56.0,56.0,56.0,58.81727826261789,58.89700453212492,59.40715445129483,59.40715445129483,59.76951615772371,59.93445493944938,63.706139595977895,178.84031809130735,59.76951615772371,65.95915402732209,118.84203200647728,116.69237068034911,84.01701836532882,150.14372743770846,137.0440138364134,89.92974688611105,63.549941316434854,215.56597018082422,135.9821270935592,
52.896124621752776,55.0429686250817,56.0,56.0,56.0,58.81727826261789,58.89700453212492,59.40715445129483,59.40715445129483,59.76951615772371,59.76951615772371,59.93445493944938,56.565089719720234,218.04331883570498,56.0,66.69936698017122,58.161929128941374,77.79142737371198,143.71304742437272,143.70748066819627,63.706139595977895,113.2405782898894,58.81727826261789,134.41405763121983,
52.896124621752776,55.0429686250817,56.0,56.0,56.0,56.0,56.565089719720234,58.161929128941374,58.81727826261789,58.81727826261789,58.89700453212492,59.40715445129483,101.96077677224709,56.0,94.5716953192421,112.2840785049879,124.05028102435811,245.89161738457048,139.16107773208554,67.54680916646936,103.21185736144854,63.706139595977895,109.93911667372991,54.2596477596381,
52.896124621752776,54.2596477596381,55.0429686250817,56.0,56.0,56.0,56.0,56.0,56.565089719720234,58.161929128941374,58.81727826261789,58.81727826261789,56.0,55.0429686250817,104.32830422147383,53.005748509006075,82.22297296954554,142.66092278156935,80.82722313676253,245.89161738457048,56.0,62.3377895020348,86.43907846405054,107.5702532069159,
52.896124621752776,53.005748509006075,54.2596477596381,55.0429686250817,55.0429686250817,56.0,56.0,56.0,56.0,56.0,56.0,56.0,52.896124621752776,133.19699696314478,52.896124621752776,56.91976260491605,63.706139595977895,126.10992937003131,107.3365682742321,104.32830422147383,178.58222020962782,162.83558754593105,126.80091569946262,56.0,
52.896124621752776,52.896124621752776,52.896124621752776,53.005748509006075,54.2596477596381,55.0429686250817,55.0429686250817,56.0,56.0,56.0,56.0,56.0,126.02027366658112,135.5938328243582,55.885086178182256,95.14650357662725,86.71239819080083,54.786945297214736,52.896124621752776,56.0,81.07844525960205,52.896124621752776,72.3765112104749,155.12797136557933,
52.896124621752776,52.896124621752776,52.896124621752776,52.896124621752776,52.896124621752776,53.005748509006075,54.2596477596381,54.786945297214736,55.0429686250817,55.0429686250817,55.885086178182256,56.0,58.001197305649555,52.896124621752776,74.7783762564791,61.64256285680825,103.87415462953237,81.07844525960205,53.005748509006075,105.71389961319453,58.77422904641114,145.84042159644414,105.07047899174894,134.53118597559452,
52.896124621752776,52.896124621752776,52.896124621752776,52.896124621752776,52.896124621752776,52.896124621752776,53.005748509006075,53.005748509006075,54.2596477596381,54.786945297214736,55.0429686250817,55.0429686250817,69.83245254587175,9.99999999E8,116.00047144300751,135.9833527393049,139.61145860924168,52.896124621752776,126.80091569946262,128.62293487166275,49.46321234008159,61.64256285680825,166.08861662205683,53.005748509006075,
49.46321234008159,52.896124621752776,52.896124621752776,52.896124621752776,52.896124621752776,52.896124621752776,52.896124621752776,52.896124621752776,53.005748509006075,53.005748509006075,53.005748509006075,54.2596477596381,223.7062185595703,151.48408685874756,165.80022402190622,62.3377895020348,52.896124621752776,100.46695663251674,131.0321661708627,98.67356394811237,52.14888467493343,52.896124621752776,245.89161738457048,98.20287956855215,
49.46321234008159,52.14888467493343,52.896124621752776,52.896124621752776,52.896124621752776,52.896124621752776,52.896124621752776,52.896124621752776,52.896124621752776,52.896124621752776,52.896124621752776,53.005748509006075,9.99999999E8,90.65168721574756,49.46321234008159,52.896124621752776,52.896124621752776,49.46321234008159,9.99999999E8,143.71304742437272,135.5938328243582,66.36870915993136,9.99999999E8,94.34940381369667,
49.46321234008159,49.46321234008159,49.46321234008159,52.14888467493343,52.896124621752776,52.896124621752776,52.896124621752776,52.896124621752776,52.896124621752776,52.896124621752776,52.896124621752776,52.896124621752776,49.46321234008159,135.73649126792836,94.6162776693313,106.21492067972372,52.896124621752776,126.80091569946262,52.896124621752776,105.63413950315224,62.3377895020348,9.99999999E8,159.4054872800808,84.54555350391853,
49.46321234008159,49.46321234008159,49.46321234008159,49.46321234008159,52.14888467493343,52.896124621752776,52.896124621752776,52.896124621752776,52.896124621752776,52.896124621752776,52.896124621752776,52.896124621752776,53.80389739600655,131.21628818753518,60.532131045329045,49.46321234008159,101.96077677224709,160.38029804187295,125.40909057959075,58.37073630804101,9.99999999E8,149.15921769110423,155.015501017013,119.62374346257519,
49.46321234008159,49.46321234008159,49.46321234008159,49.46321234008159,49.46321234008159,52.14888467493343,52.896124621752776,52.896124621752776,52.896124621752776,52.896124621752776,52.896124621752776,52.896124621752776,49.46321234008159,155.12797136557933,74.24092056079508,62.3377895020348,49.46321234008159,62.31421770667639,52.896124621752776,52.14888467493343,94.5716953192421,155.69581722063057,76.68858382372757,96.94916449288137,
49.46321234008159,49.46321234008159,49.46321234008159,49.46321234008159,49.46321234008159,49.46321234008159,49.46321234008159,52.14888467493343,52.14888467493343,52.896124621752776,52.896124621752776,52.896124621752776,140.0306088988098,49.46321234008159,124.61024952111397,116.30180297398661,111.21664829126463,106.30070554798777,52.896124621752776,213.05079206611742,132.41389655168373,49.46321234008159,140.35351572012723,176.60541390971633,
49.46321234008159,49.46321234008159,49.46321234008159,49.46321234008159,49.46321234008159,49.46321234008159,49.46321234008159,49.46321234008159,49.46321234008159,52.14888467493343,52.14888467493343,52.896124621752776,50.16023910207027,92.84488590927437,145.98238641307773,49.46321234008159,71.1221440551394,49.44082383747661,109.52552213981909,49.46321234008159,137.69945130206182,84.127454326329,49.46321234008159,100.168907351533,
49.44082383747661,49.46321234008159,49.46321234008159,49.46321234008159,49.46321234008159,49.46321234008159,49.46321234008159,49.46321234008159,49.46321234008159,49.46321234008159,49.46321234008159,49.46321234008159,104.5138215208347,49.46321234008159,108.22463411151561,49.46321234008159,133.95562464861266,107.30256287712797,126.79853220205288,169.00958552697534,187.00750133498804,59.93445493944938,178.94722511120423,135.5938328243582,
49.44082383747661,49.46321234008159,49.46321234008159,49.46321234008159,49.46321234008159,49.46321234008159,49.46321234008159,49.46321234008159,49.46321234008159,49.46321234008159,49.46321234008159,49.46321234008159,128.78200788757547,56.67198854561472,107.3365682742321,49.46321234008159,145.84961218666302,176.60319221350446,58.89700453212492,113.85830793453013,145.98238641307773,58.89700453212492,130.96656061758665,72.95399724679734,
49.44082383747661,49.46321234008159,49.46321234008159,49.46321234008159,49.46321234008159,49.46321234008159,49.46321234008159,49.46321234008159,49.46321234008159,49.46321234008159,49.46321234008159,49.46321234008159,49.46321234008159,57.58968161547195,108.14660188836264,92.68958611947731,211.3996347100807,9.99999999E8,124.63088358371348,106.15950263636317,145.97357882262705,98.67356394811237,104.13535825792397,157.62514869144454,
49.44082383747661,49.46321234008159,49.46321234008159,49.46321234008159,49.46321234008159,49.46321234008159,49.46321234008159,49.46321234008159,49.46321234008159,49.46321234008159,49.46321234008159,49.46321234008159,49.46321234008159,92.34776323766592,58.37073630804101,98.67356394811237,53.85498468108593,130.30057559350996,49.46321234008159,59.93445493944938,115.10490384379325,49.44082383747661,183.0776572152609,145.35556404898986,
49.44082383747661,49.44082383747661,49.46321234008159,49.46321234008159,49.46321234008159,49.46321234008159,49.46321234008159,49.46321234008159,49.46321234008159,49.46321234008159,49.46321234008159,49.46321234008159,49.46321234008159,118.73698759115554,93.76491548015174,168.35272495567156,53.85498468108593,159.01301484120378,49.44082383747661,245.89161738457048,107.30731277503878,165.6890374854569,49.46321234008159,53.85498468108593,
49.44082383747661,49.44082383747661,49.44082383747661,49.46321234008159,49.46321234008159,49.46321234008159,49.46321234008159,49.46321234008159,49.46321234008159,49.46321234008159,49.46321234008159,49.46321234008159,245.89161738457048,85.04348923773293,213.05079206611742,99.88229183505064,9.99999999E8,116.30180297398661,57.58968161547195,215.56597018082422,121.63998402780935,166.16600993326782,49.46321234008159,152.11691410081772,
49.44082383747661,49.44082383747661,49.44082383747661,49.46321234008159,49.46321234008159,49.46321234008159,49.46321234008159,49.46321234008159,49.46321234008159,49.46321234008159,49.46321234008159,49.46321234008159,143.51808248440332,9.99999999E8,168.35272495567156,76.04873437474156,133.85706662598835,70.5860826348112,49.46321234008159,51.905780024964464,58.89700453212492,107.5073950944771,49.46321234008159,166.37514087146553,
49.44082383747661,49.44082383747661,49.44082383747661,49.46321234008159,49.46321234008159,49.46321234008159,49.46321234008159,49.46321234008159,49.46321234008159,49.46321234008159,49.46321234008159,49.46321234008159,76.68858382372757,106.15950263636317,84.54235624821442,53.85498468108593,53.5802156226796,98.67356394811237,49.46321234008159,56.67198854561472,49.46321234008159,168.06022729962018,37.2409571424915,58.37073630804101,
37.2409571424915,49.44082383747661,49.44082383747661,49.44082383747661,49.46321234008159,49.46321234008159,49.46321234008159,49.46321234008159,49.46321234008159,49.46321234008159,49.46321234008159,49.46321234008159,127.78982745117077,97.69581476308095,49.44082383747661,143.02398181773572,49.44082383747661,125.40909057959075,119.74740080686513,125.00638000247153,245.89161738457048,9.99999999E8,106.15950263636317,37.2409571424915,
37.2409571424915,37.2409571424915,49.44082383747661,49.44082383747661,49.44082383747661,49.44082383747661,49.44082383747661,49.46321234008159,49.46321234008159,49.46321234008159,49.46321234008159,49.46321234008159,110.6138715145102,9.99999999E8,49.46321234008159,136.8131572620119,84.43422818317752,143.71304742437272,49.46321234008159,143.71304742437272,37.2409571424915,141.13569339687706,141.55453895937072,161.799381951848,
37.2409571424915,37.2409571424915,37.2409571424915,49.44082383747661,49.44082383747661,49.44082383747661,49.44082383747661,49.44082383747661,49.46321234008159,49.46321234008159,49.46321234008159,49.46321234008159,49.46321234008159,123.73953378860867,128.64086528868742,106.15950263636317,9.99999999E8,106.15950263636317,98.67356394811237,136.20457958526944,60.66803112018717,126.06687567659137,101.85008591061668,146.77950205060046,
37.2409571424915,37.2409571424915,37.2409571424915,49.44082383747661,49.44082383747661,49.44082383747661,49.44082383747661,49.44082383747661,49.46321234008159,49.46321234008159,49.46321234008159,49.46321234008159,49.44082383747661,107.8244377448823,105.45223013054856,49.44082383747661,78.2559901860554,107.5073950944771,157.62514869144454,9.99999999E8,49.46321234008159,70.64424516547686,93.18283103662391,49.46321234008159,
37.2409571424915,37.2409571424915,37.2409571424915,49.44082383747661,49.44082383747661,49.44082383747661,49.44082383747661,49.44082383747661,49.44082383747661,49.44082383747661,49.46321234008159,49.46321234008159,145.98238641307773,58.89700453212492,101.69302936889147,118.75684190816123,78.6296209068225,305.5,118.30809590030411,49.44082383747661,51.0332740643631,245.89161738457048,37.2409571424915,169.02733506743812,
37.2409571424915,37.2409571424915,37.2409571424915,37.2409571424915,49.44082383747661,49.44082383747661,49.44082383747661,49.44082383747661,49.44082383747661,49.44082383747661,49.44082383747661,49.44082383747661,49.44082383747661,137.03371847833657,9.99999999E8,176.98900919266146,213.00291077823326,63.61302762760642,59.018535224114125,142.4980263021211,37.2409571424915,159.13874100573025,167.77421583783368,56.5,
37.2409571424915,37.2409571424915,37.2409571424915,37.2409571424915,37.2409571424915,49.44082383747661,49.44082383747661,49.44082383747661,49.44082383747661,49.44082383747661,49.44082383747661,49.44082383747661,168.35272495567156,98.06557572796451,121.59534765536291,37.2409571424915,90.46606753363385,178.8277365930688,134.03614251387572,151.29808120065502,166.6247447276531,159.43726038790305,56.67198854561472,109.59292860399341,
37.2409571424915,37.2409571424915,37.2409571424915,37.2409571424915,37.2409571424915,37.2409571424915,49.44082383747661,49.44082383747661,49.44082383747661,49.44082383747661,49.44082383747661,49.44082383747661,75.9452826080279,189.7247274928132,125.37200201356318,37.2409571424915,37.2409571424915,96.12343255270427,168.35272495567156,94.51777279961689,37.2409571424915,83.84393571126988,178.62841144398055,53.36411148948072,
37.2409571424915,37.2409571424915,37.2409571424915,37.2409571424915,37.2409571424915,37.2409571424915,37.2409571424915,37.2409571424915,37.2409571424915,49.44082383747661,49.44082383747661,49.44082383747661,37.2409571424915,102.9271587094485,37.2409571424915,189.7247274928132,125.2804354238921,98.67356394811237,65.71149062378664,37.2409571424915,37.2409571424915,37.2409571424915,77.10179958989283,67.4063007069814,
37.2409571424915,37.2409571424915,37.2409571424915,37.2409571424915,37.2409571424915,37.2409571424915,37.2409571424915,37.2409571424915,37.2409571424915,37.2409571424915,37.2409571424915,37.2409571424915,134.06058331963203,128.82036911917308,132.72787009516878,123.86358423685309,56.5,125.37200201356318,93.18283103662391,104.44820999628749,37.2409571424915,185.39104616998094,37.2409571424915,91.75586569200297,
37.2409571424915,37.2409571424915,37.2409571424915,37.2409571424915,37.2409571424915,37.2409571424915,37.2409571424915,37.2409571424915,37.2409571424915,37.2409571424915,37.2409571424915,37.2409571424915,103.73590935104819,37.2409571424915,34.758991642451306,37.2409571424915,37.2409571424915,102.83551359886748,71.95267541933379,70.61161377563892,104.31149931282212,37.2409571424915,174.9719620396365,59.018535224114125,
34.758991642451306,37.2409571424915,37.2409571424915,37.2409571424915,37.2409571424915,37.2409571424915,37.2409571424915,37.2409571424915,37.2409571424915,37.2409571424915,37.2409571424915,37.2409571424915,9.99999999E8,63.76274382427406,264.2704843316576,174.9719620396365,37.2409571424915,83.49167248893748,37.2409571424915,134.5549701794772,37.2409571424915,9.99999999E8,9.99999999E8,73.52668114029201,
34.758991642451306,37.2409571424915,37.2409571424915,37.2409571424915,37.2409571424915,37.2409571424915,37.2409571424915,37.2409571424915,37.2409571424915,37.2409571424915,37.2409571424915,37.2409571424915,107.91418916075042,37.2409571424915,37.2409571424915,113.2405782898894,64.89306106973225,9.99999999E8,37.2409571424915,9.99999999E8,37.2409571424915,305.5,9.99999999E8,122.22031564169501,
34.758991642451306,37.2409571424915,37.2409571424915,37.2409571424915,37.2409571424915,37.2409571424915,37.2409571424915,37.2409571424915,37.2409571424915,37.2409571424915,37.2409571424915,37.2409571424915,37.2409571424915,72.22976456343248,155.12797136557933,113.2405782898894,91.75586569200297,37.2409571424915,105.66253559597853,56.5,109.66931829367775,37.2409571424915,220.30589529107024,9.99999999E8,
34.758991642451306,37.2409571424915,37.2409571424915,37.2409571424915,37.2409571424915,37.2409571424915,37.2409571424915,37.2409571424915,37.2409571424915,37.2409571424915,37.2409571424915,37.2409571424915,67.86962291250568,121.7420999033978,103.87415462953237,153.90978598588921,104.31149931282212,37.2409571424915,65.65867595676188,37.2409571424915,37.2409571424915,86.04536916973252,100.168907351533,9.99999999E8,
34.758991642451306,37.2409571424915,37.2409571424915,37.2409571424915,37.2409571424915,37.2409571424915,37.2409571424915,37.2409571424915,37.2409571424915,37.2409571424915,37.2409571424915,37.2409571424915,34.758991642451306,122.7853411446171,133.5104490292801,142.85722767854625,100.61215411447841,168.010237783297,9.99999999E8,104.31149931282212,144.2053657115435,37.2409571424915,204.5,60.456926815709046,
34.758991642451306,34.758991642451306,37.2409571424915,37.2409571424915,37.2409571424915,37.2409571424915,37.2409571424915,37.2409571424915,37.2409571424915,37.2409571424915,37.2409571424915,37.2409571424915,37.2409571424915,245.89161738457048,37.2409571424915,66.88651250854357,133.37236407892004,37.2409571424915,224.3751818321764,84.69616284106382,130.96656061758665,66.8217244400566,102.9271587094485,66.99040443014421,
34.758991642451306,34.758991642451306,37.2409571424915,37.2409571424915,37.2409571424915,37.2409571424915,37.2409571424915,37.2409571424915,37.2409571424915,37.2409571424915,37.2409571424915,37.2409571424915,83.61476287970069,104.31149931282212,37.2409571424915,122.63144874877008,71.36076915925165,98.20457672068491,9.99999999E8,132.3307976247404,64.5,130.0378406464826,77.10179958989283,37.2409571424915,
34.758991642451306,34.758991642451306,37.2409571424915,37.2409571424915,37.2409571424915,37.2409571424915,37.2409571424915,37.2409571424915,37.2409571424915,37.2409571424915,37.2409571424915,37.2409571424915,156.6593083378351,254.5,130.92990491098664,84.46916597196872,132.3307976247404,100.168907351533,37.2409571424915,115.04885918599976,142.38394396841238,37.2409571424915,143.2153623044679,64.5,
34.758991642451306,34.758991642451306,37.2409571424915,37.2409571424915,37.2409571424915,37.2409571424915,37.2409571424915,37.2409571424915,37.2409571424915,37.2409571424915,37.2409571424915,37.2409571424915,176.59786396090854,83.62528026858864,213.27959935258693,113.2405782898894,70.61161377563892,148.21416936312127,9.99999999E8,37.2409571424915,56.5,37.2409571424915,64.5,34.758991642451306,
34.758991642451306,34.758991642451306,34.758991642451306,37.2409571424915,37.2409571424915,37.2409571424915,37.2409571424915,37.2409571424915,37.2409571424915,37.2409571424915,37.2409571424915,37.2409571424915,81.37652541666354,104.31149931282212,34.758991642451306,37.2409571424915,34.758991642451306,9.99999999E8,69.96577734864381,121.35831244706726,165.2902209535009,109.93911667372991,66.39130632511727,117.48108594814553,
34.758991642451306,34.758991642451306,34.758991642451306,34.758991642451306,34.758991642451306,37.2409571424915,37.2409571424915,37.2409571424915,37.2409571424915,37.2409571424915,37.2409571424915,37.2409571424915,196.73761079163282,113.2405782898894,100.60884100758189,66.99040443014421,34.758991642451306,127.73521720451926,34.758991642451306,34.758991642451306,159.71371958044875,134.93346508557468,225.92795311780256,9.99999999E8,
34.758991642451306,34.758991642451306,34.758991642451306,34.758991642451306,34.758991642451306,34.758991642451306,34.758991642451306,34.758991642451306,37.2409571424915,37.2409571424915,37.2409571424915,37.2409571424915,91.75586569200297,34.758991642451306,128.78200788757547,114.60172579658456,37.2409571424915,9.99999999E8,105.07412349656518,124.29858763835126,165.7186999104205,69.96577734864381,176.4410383102525,34.758991642451306,
34.758991642451306,34.758991642451306,34.758991642451306,34.758991642451306,34.758991642451306,34.758991642451306,34.758991642451306,34.758991642451306,34.758991642451306,34.758991642451306,37.2409571424915,37.2409571424915,34.758991642451306,106.65117074942134,34.758991642451306,64.68826345305173,120.40705699833379,56.5,204.5,34.758991642451306,204.5,122.54443638488404,34.758991642451306,47.98583124214897,
34.758991642451306,34.758991642451306,34.758991642451306,34.758991642451306,34.758991642451306,34.758991642451306,34.758991642451306,34.758991642451306,34.758991642451306,34.758991642451306,34.758991642451306,34.758991642451306,118.38414402087619,61.4415309737238,100.6761515951022,167.40083631810205,167.77421583783368,73.17298486658662,56.5,109.93911667372991,34.758991642451306,63.84203596029465,34.758991642451306,123.5629619083144,
34.758991642451306,34.758991642451306,34.758991642451306,34.758991642451306,34.758991642451306,34.758991642451306,34.758991642451306,34.758991642451306,34.758991642451306,34.758991642451306,34.758991642451306,34.758991642451306,37.2409571424915,225.82701344170496,204.5,174.9719620396365,212.71257602690065,204.5,215.55669207890531,218.04331883570498,37.2409571424915,143.23484988724712,34.758991642451306,211.3996347100807,
34.758991642451306,34.758991642451306,34.758991642451306,34.758991642451306,34.758991642451306,34.758991642451306,34.758991642451306,34.758991642451306,34.758991642451306,34.758991642451306,34.758991642451306,34.758991642451306,84.46916597196872,168.16119498861798,186.6618332707573,140.72954755684947,119.953562443377,148.4002695415342,34.758991642451306,204.5,34.758991642451306,55.843282695613645,212.96910574071532,136.00088235007888,
34.758991642451306,34.758991642451306,34.758991642451306,34.758991642451306,34.758991642451306,34.758991642451306,34.758991642451306,34.758991642451306,34.758991642451306,34.758991642451306,34.758991642451306,34.758991642451306,130.26237259579497,204.5,226.23340945924755,189.9064828335837,34.758991642451306,60.89203560400982,86.70317179896016,234.50989081249622,34.758991642451306,69.96577734864381,34.758991642451306,34.758991642451306,
34.758991642451306,34.758991642451306,34.758991642451306,34.758991642451306,34.758991642451306,34.758991642451306,34.758991642451306,34.758991642451306,34.758991642451306,34.758991642451306,34.758991642451306,34.758991642451306,37.2409571424915,73.17298486658662,34.758991642451306,78.77886375799032,37.2409571424915,102.53711218383323,167.40083631810205,204.5,204.5,204.5,109.32148690902443,134.08743416144557,
34.758991642451306,34.758991642451306,34.758991642451306,34.758991642451306,34.758991642451306,34.758991642451306,34.758991642451306,34.758991642451306,34.758991642451306,34.758991642451306,34.758991642451306,34.758991642451306,34.758991642451306,109.93911667372991,120.23507068331696,76.81692200402748,47.98583124214897,128.82036911917308,204.5,78.77886375799032,96.97546081354808,91.26164309281309,37.2409571424915,189.51553732844408,
34.758991642451306,34.758991642451306,34.758991642451306,34.758991642451306,34.758991642451306,34.758991642451306,34.758991642451306,34.758991642451306,34.758991642451306,34.758991642451306,34.758991642451306,34.758991642451306,34.758991642451306,128.49586569224707,123.86358423685309,204.5,55.843282695613645,69.94290528709827,159.43380723324927,71.16456324413433,150.36917532821974,199.87864373719927,204.5,127.14908135290986,
34.758991642451306,34.758991642451306,34.758991642451306,34.758991642451306,34.758991642451306,34.758991642451306,34.758991642451306,34.758991642451306,34.758991642451306,34.758991642451306,34.758991642451306,34.758991642451306,186.6618332707573,186.65111840007816,113.2405782898894,204.5,37.2409571424915,141.61734435521032,100.11564741409235,125.8518474238658,115.04885918599976,162.27704705225565,34.758991642451306,165.11149431688744,
34.758991642451306,34.758991642451306,34.758991642451306,34.758991642451306,34.758991642451306,34.758991642451306,34.758991642451306,34.758991642451306,34.758991642451306,34.758991642451306,34.758991642451306,34.758991642451306,204.5,66.52174724962398,34.758991642451306,168.5379482490516,135.1709565698194,34.758991642451306,54.19056452880535,131.99692231260545,9.99999999E8,34.758991642451306,204.5,114.60172579658456,
34.758991642451306,34.758991642451306,34.758991642451306,34.758991642451306,34.758991642451306,34.758991642451306,34.758991642451306,34.758991642451306,34.758991642451306,34.758991642451306,34.758991642451306,34.758991642451306,155.09719175049202,264.2704843316576,65.49154798249052,238.9830305458714,34.758991642451306,34.758991642451306,74.48059730560705,113.34374952133689,103.63810661555499,161.799381951848,34.758991642451306,37.2409571424915,
34.758991642451306,34.758991642451306,34.758991642451306,34.758991642451306,34.758991642451306,34.758991642451306,34.758991642451306,34.758991642451306,34.758991642451306,34.758991642451306,34.758991642451306,34.758991642451306,204.5,162.26225685599223,259.4333970405507,89.11475747596467,34.758991642451306,34.758991642451306,60.89203560400982,114.60172579658456,204.5,37.2409571424915,78.75347214567749,157.62514869144454,
34.758991642451306,34.758991642451306,34.758991642451306,34.758991642451306,34.758991642451306,34.758991642451306,34.758991642451306,34.758991642451306,34.758991642451306,34.758991642451306,34.758991642451306,34.758991642451306,204.5,204.5,101.91716918655071,205.93066794433508,220.30589529107024,105.1094667477673,71.91564068406817,226.23340945924755,77.43939162338506,34.758991642451306,204.5,149.1387252694618,
34.758991642451306,34.758991642451306,34.758991642451306,34.758991642451306,34.758991642451306,34.758991642451306,34.758991642451306,34.758991642451306,34.758991642451306,34.758991642451306,34.758991642451306,34.758991642451306,68.68011850372676,73.17298486658662,34.758991642451306,47.98583124214897,68.89743930551515,120.56415008498291,149.1387252694618,37.2409571424915,114.60172579658456,140.94898823315697,162.43472535144693,264.2704843316576,
34.758991642451306,34.758991642451306,34.758991642451306,34.758991642451306,34.758991642451306,34.758991642451306,34.758991642451306,34.758991642451306,34.758991642451306,34.758991642451306,34.758991642451306,34.758991642451306,78.92489397451789,34.758991642451306,70.43953715820206,37.2409571424915,187.12211921630217,226.23340945924755,204.5,63.685206724604065,72.84304616777088,136.00088235007888,113.2405782898894,77.10179958989283,
34.758991642451306,34.758991642451306,34.758991642451306,34.758991642451306,34.758991642451306,34.758991642451306,34.758991642451306,34.758991642451306,34.758991642451306,34.758991642451306,34.758991642451306,34.758991642451306,69.38184200495112,135.99647054243724,34.758991642451306,104.54254089672231,34.758991642451306,149.1387252694618,34.758991642451306,34.758991642451306,85.48356567200504,34.758991642451306,34.758991642451306,133.37236407892004,
34.758991642451306,34.758991642451306,34.758991642451306,34.758991642451306,34.758991642451306,34.758991642451306,34.758991642451306,34.758991642451306,34.758991642451306,34.758991642451306,34.758991642451306,34.758991642451306,34.758991642451306,34.758991642451306,146.76706520391906,161.8018541302911,34.758991642451306,165.7186999104205,62.710520449124004,170.16715128073338,34.758991642451306,165.2124053722628,185.00227025634035,200.65353223903134,
34.758991642451306,34.758991642451306,34.758991642451306,34.758991642451306,34.758991642451306,34.758991642451306,34.758991642451306,34.758991642451306,34.758991642451306,34.758991642451306,34.758991642451306,34.758991642451306,215.56597018082422,204.5,34.758991642451306,220.30589529107024,210.26853578901705,162.71152386970013,34.758991642451306,204.5,34.758991642451306,34.758991642451306,60.456926815709046,147.20967189692394,
34.758991642451306,34.758991642451306,34.758991642451306,34.758991642451306,34.758991642451306,34.758991642451306,34.758991642451306,34.758991642451306,34.758991642451306,34.758991642451306,34.758991642451306,34.758991642451306,114.60172579658456,165.7186999104205,213.13995402082642,81.95817748792891,71.885368280614,88.14271886485514,64.98791096372133,68.92794591742206,233.5,136.20457958526944,47.98583124214897,160.77512245369306,
34.758991642451306,34.758991642451306,34.758991642451306,34.758991642451306,34.758991642451306,34.758991642451306,34.758991642451306,34.758991642451306,34.758991642451306,34.758991642451306,34.758991642451306,34.758991642451306,114.60172579658456,34.758991642451306,34.758991642451306,37.2409571424915,192.6072572764473,204.5,204.5,72.96478174434567,174.82435629956015,72.75190379758347,162.56395664476182,204.5,
34.758991642451306,34.758991642451306,34.758991642451306,34.758991642451306,34.758991642451306,34.758991642451306,34.758991642451306,34.758991642451306,34.758991642451306,34.758991642451306,34.758991642451306,34.758991642451306,150.60772722539838,165.36798791958324,245.88755051852462,114.60172579658456,168.16119498861798,34.758991642451306,129.27672730318562,147.8638369775189,135.1709565698194,34.758991642451306,227.32056660144062,37.2409571424915,
34.758991642451306,34.758991642451306,34.758991642451306,34.758991642451306,34.758991642451306,34.758991642451306,34.758991642451306,34.758991642451306,34.758991642451306,34.758991642451306,34.758991642451306,34.758991642451306,60.89203560400982,242.83880970718005,34.758991642451306,134.06058331963203,113.67705231145916,34.758991642451306,130.2546955556141,179.1862558504817,165.2902209535009,135.7211847870479,68.97361361419307,60.456926815709046,
34.758991642451306,34.758991642451306,34.758991642451306,34.758991642451306,34.758991642451306,34.758991642451306,34.758991642451306,34.758991642451306,34.758991642451306,34.758991642451306,34.758991642451306,34.758991642451306,160.33914057397212,34.758991642451306,34.758991642451306,151.28402804941817,9.99999999E8,204.5,226.23340945924755,86.70317179896016,141.04836050092888,133.64220890123,99.06128854849854,47.98583124214897,
34.758991642451306,34.758991642451306,34.758991642451306,34.758991642451306,34.758991642451306,34.758991642451306,34.758991642451306,34.758991642451306,34.758991642451306,34.758991642451306,34.758991642451306,34.758991642451306,34.758991642451306,75.92008545174328,75.54752525019315,64.98791096372133,34.758991642451306,70.61161377563892,247.668236872546,175.65559737420523,179.3862552466843,77.91109605755067,204.5,111.59621089317632,
34.758991642451306,34.758991642451306,34.758991642451306,34.758991642451306,34.758991642451306,34.758991642451306,34.758991642451306,34.758991642451306,34.758991642451306,34.758991642451306,34.758991642451306,34.758991642451306,34.758991642451306,135.1709565698194,119.3901168438996,204.5,106.65117074942134,83.46172401166896,34.758991642451306,34.758991642451306,133.37236407892004,226.23340945924755,66.33128975076544,9.99999999E8,
34.758991642451306,34.758991642451306,34.758991642451306,34.758991642451306,34.758991642451306,34.758991642451306,34.758991642451306,34.758991642451306,34.758991642451306,34.758991642451306,34.758991642451306,34.758991642451306,81.49679990687811,106.95377214011668,71.91009476002004,109.72300984246144,47.98583124214897,109.32148690902443,34.758991642451306,145.97107780500752,68.48072721576487,34.758991642451306,34.758991642451306,104.03111179941423,
34.758991642451306,34.758991642451306,34.758991642451306,34.758991642451306,34.758991642451306,34.758991642451306,34.758991642451306,34.758991642451306,34.758991642451306,34.758991642451306,34.758991642451306,34.758991642451306,159.9618878219295,131.42731408991395,34.758991642451306,55.843282695613645,204.5,34.758991642451306,34.758991642451306,91.75586569200297,71.73290301528303,34.758991642451306,261.1900117198631,58.37073630804101,
34.758991642451306,34.758991642451306,34.758991642451306,34.758991642451306,34.758991642451306,34.758991642451306,34.758991642451306,34.758991642451306,34.758991642451306,34.758991642451306,34.758991642451306,34.758991642451306,147.78037758782455,135.1709565698194,218.04331883570498,95.69468230900934,68.17887777750525,113.2405782898894,113.2405782898894,34.758991642451306,66.26063855881726,218.04331883570498,262.67512676730973,34.758991642451306,
34.758991642451306,34.758991642451306,34.758991642451306,34.758991642451306,34.758991642451306,34.758991642451306,34.758991642451306,34.758991642451306,34.758991642451306,34.758991642451306,34.758991642451306,34.758991642451306,234.50989081249622,110.11723550632551,146.30836916898804,135.7211847870479,119.78963041747626,104.14839839809774,105.14659079378445,37.2409571424915,113.85710342354578,123.12671318605074,34.758991642451306,206.65972031336923,
34.758991642451306,34.758991642451306,34.758991642451306,34.758991642451306,34.758991642451306,34.758991642451306,34.758991642451306,34.758991642451306,34.758991642451306,34.758991642451306,34.758991642451306,34.758991642451306,155.12797136557933,113.2405782898894,204.5,136.82192806710478,34.758991642451306,34.758991642451306,34.758991642451306,114.2505470446422,179.1862558504817,118.38414402087619,66.52174724962398,90.71405624267939,
34.758991642451306,34.758991642451306,34.758991642451306,34.758991642451306,34.758991642451306,34.758991642451306,34.758991642451306,34.758991642451306,34.758991642451306,34.758991642451306,34.758991642451306,34.758991642451306,34.758991642451306,109.32148690902443,135.1709565698194,34.758991642451306,60.456926815709046,34.758991642451306,239.72867996966903,242.83880970718005,90.71405624267939,114.60172579658456,97.46978698550643,67.79380502671317,
34.758991642451306,34.758991642451306,34.758991642451306,34.758991642451306,34.758991642451306,34.758991642451306,34.758991642451306,34.758991642451306,34.758991642451306,34.758991642451306,34.758991642451306,34.758991642451306,97.64764066988543,34.758991642451306,204.5,34.758991642451306,81.77321917963117,211.3996347100807,128.24530066578322,152.75625100866486,204.5,84.61386513355542,83.02926818297269,69.96577734864381,
34.758991642451306,34.758991642451306,34.758991642451306,34.758991642451306,34.758991642451306,34.758991642451306,34.758991642451306,34.758991642451306,34.758991642451306,34.758991642451306,34.758991642451306,34.758991642451306,204.5,165.7186999104205,68.65449730352704,106.65117074942134,96.73230530122235,34.758991642451306,70.61161377563892,204.5,60.89203560400982,61.38516831359909,69.96577734864381,211.3996347100807,
34.758991642451306,34.758991642451306,34.758991642451306,34.758991642451306,34.758991642451306,34.758991642451306,34.758991642451306,34.758991642451306,34.758991642451306,34.758991642451306,34.758991642451306,34.758991642451306,109.93911667372991,60.89203560400982,34.758991642451306,76.84006156770305,72.12489168102785,135.1709565698194,109.72300984246144,70.74229443707789,225.92795311780256,107.8782382397594,115.46056840819232,204.5,
34.758991642451306,34.758991642451306,34.758991642451306,34.758991642451306,34.758991642451306,34.758991642451306,34.758991642451306,34.758991642451306,34.758991642451306,34.758991642451306,34.758991642451306,34.758991642451306,156.9968152543229,175.07371463345248,34.758991642451306,124.36237373096414,136.00088235007888,135.1709565698194,135.1709565698194,34.758991642451306,77.10179958989283,199.4913671203733,80.87280136114984,147.78037758782455,
34.758991642451306,34.758991642451306,34.758991642451306,34.758991642451306,34.758991642451306,34.758991642451306,34.758991642451306,34.758991642451306,34.758991642451306,34.758991642451306,34.758991642451306,34.758991642451306,174.9719620396365,34.758991642451306,134.01562408913372,126.0168242735866,165.7186999104205,165.2124053722628,128.49586569224707,34.758991642451306,37.2409571424915,37.2409571424915,47.98583124214897,111.09504658174458,
34.758991642451306,34.758991642451306,34.758991642451306,34.758991642451306,34.758991642451306,34.758991642451306,34.758991642451306,34.758991642451306,34.758991642451306,34.758991642451306,34.758991642451306,34.758991642451306,156.0598843393138,34.758991642451306,135.1709565698194,212.96534929419855,118.07542316483797,78.92489397451789,37.2409571424915,125.46170730545636,194.07895300624435,226.23340945924755,37.2409571424915,114.60172579658456,
34.758991642451306,34.758991642451306,34.758991642451306,34.758991642451306,34.758991642451306,34.758991642451306,34.758991642451306,34.758991642451306,34.758991642451306,34.758991642451306,34.758991642451306,34.758991642451306,109.93911667372991,113.2405782898894,135.1709565698194,121.23464851270862,136.00088235007888,34.758991642451306,34.758991642451306,188.47406246542846,113.2405782898894,59.018535224114125,262.67512676730973,115.04885918599976,
34.758991642451306,34.758991642451306,34.758991642451306,34.758991642451306,34.758991642451306,34.758991642451306,34.758991642451306,34.758991642451306,34.758991642451306,34.758991642451306,34.758991642451306,34.758991642451306,34.758991642451306,126.0168242735866,204.5,119.94284353093232,115.46056840819232,153.06933795578468,97.64764066988543,47.98583124214897,47.98583124214897,135.1709565698194,204.5,167.40083631810205,
34.758991642451306,34.758991642451306,34.758991642451306,34.758991642451306,34.758991642451306,34.758991642451306,34.758991642451306,34.758991642451306,34.758991642451306,34.758991642451306,34.758991642451306,34.758991642451306,94.0255579911949,34.758991642451306,113.2405782898894,98.27568048606939,147.78037758782455,204.5,34.758991642451306,215.56597018082422,37.2409571424915,34.758991642451306,135.7211847870479,34.758991642451306,
34.758991642451306,34.758991642451306,34.758991642451306,34.758991642451306,34.758991642451306,34.758991642451306,34.758991642451306,34.758991642451306,34.758991642451306,34.758991642451306,34.758991642451306,34.758991642451306,226.23340945924755,142.63129915975665,60.89203560400982,37.2409571424915,83.46172401166896,69.52848337192462,70.43953715820206,146.77950205060046,111.87108155769698,106.54125961335355,34.758991642451306,59.018535224114125,
34.758991642451306,34.758991642451306,34.758991642451306,34.758991642451306,34.758991642451306,34.758991642451306,34.758991642451306,34.758991642451306,34.758991642451306,34.758991642451306,34.758991642451306,34.758991642451306,204.5,66.19966058620237,226.23340945924755,34.758991642451306,242.83880970718005,34.758991642451306,65.71583849097132,175.07371463345248,119.94284353093232,175.65559737420523,204.5,69.1624175401641,
34.758991642451306,34.758991642451306,34.758991642451306,34.758991642451306,34.758991642451306,34.758991642451306,34.758991642451306,34.758991642451306,34.758991642451306,34.758991642451306,34.758991642451306,34.758991642451306,34.758991642451306,46.19642166878296,34.758991642451306,190.35617200979385,60.456926815709046,34.758991642451306,105.11474385165955,118.221148700222,34.758991642451306,34.758991642451306,123.8557225161599,128.49586569224707,
34.758991642451306,34.758991642451306,34.758991642451306,34.758991642451306,34.758991642451306,34.758991642451306,34.758991642451306,34.758991642451306,34.758991642451306,34.758991642451306,34.758991642451306,34.758991642451306,114.60172579658456,34.758991642451306,65.33867810985203,60.89203560400982,37.2409571424915,69.04184861013016,37.2409571424915,102.67980744597672,118.221148700222,129.21083545895058,198.44152791187634,133.64220890123,
34.758991642451306,34.758991642451306,34.758991642451306,34.758991642451306,34.758991642451306,34.758991642451306,34.758991642451306,34.758991642451306,34.758991642451306,34.758991642451306,34.758991642451306,34.758991642451306,109.72300984246144,69.46906230318609,134.93346508557468,69.96577734864381,206.65972031336923,133.37236407892004,34.758991642451306,34.758991642451306,62.86266209535105,157.58445156486727,81.37652541666354,34.758991642451306,
34.758991642451306,34.758991642451306,34.758991642451306,34.758991642451306,34.758991642451306,34.758991642451306,34.758991642451306,34.758991642451306,34.758991642451306,34.758991642451306,34.758991642451306,34.758991642451306,125.20571960666264,215.56597018082422,68.08347358206689,165.2124053722628,220.30589529107024,47.98583124214897,61.33196046923659,34.758991642451306,60.89203560400982,188.57813840876221,204.5,212.7266790978508,
34.758991642451306,34.758991642451306,34.758991642451306,34.758991642451306,34.758991642451306,34.758991642451306,34.758991642451306,34.758991642451306,34.758991642451306,34.758991642451306,34.758991642451306,34.758991642451306,34.758991642451306,147.78037758782455,187.63498844535604,34.758991642451306,192.97730436504702,34.758991642451306,34.758991642451306,34.758991642451306,115.42220633086907,34.758991642451306,238.9830305458714,71.91009476002004,
34.758991642451306,34.758991642451306,34.758991642451306,34.758991642451306,34.758991642451306,34.758991642451306,34.758991642451306,34.758991642451306,34.758991642451306,34.758991642451306,34.758991642451306,34.758991642451306,106.65117074942134,34.758991642451306,37.2409571424915,62.95346605937507,34.758991642451306,91.26164309281309,166.10237806846715,165.7186999104205,144.2053657115435,91.26164309281309,107.62766505742975,135.1709565698194,
34.758991642451306,34.758991642451306,34.758991642451306,34.758991642451306,34.758991642451306,34.758991642451306,34.758991642451306,34.758991642451306,34.758991642451306,34.758991642451306,34.758991642451306,34.758991642451306,34.758991642451306,34.758991642451306,91.26164309281309,60.89203560400982,204.5,158.2899689990313,165.7186999104205,114.60172579658456,162.43472535144693,238.9830305458714,106.65117074942134,64.98791096372133,
34.758991642451306,34.758991642451306,34.758991642451306,34.758991642451306,34.758991642451306,34.758991642451306,34.758991642451306,34.758991642451306,34.758991642451306,34.758991642451306,34.758991642451306,34.758991642451306,132.30446788458136,70.6144111476432,34.758991642451306,76.96010098003474,47.98583124214897,34.758991642451306,34.758991642451306,204.5,135.7211847870479,204.5,118.221148700222,213.76362854538397,
34.758991642451306,34.758991642451306,34.758991642451306,34.758991642451306,34.758991642451306,34.758991642451306,34.758991642451306,34.758991642451306,34.758991642451306,34.758991642451306,34.758991642451306,34.758991642451306,68.85858067250156,204.5,130.49401327264022,60.89203560400982,37.2409571424915,37.2409571424915,147.43001517669325,115.48423864320186,136.96819234510514,110.80525960240134,233.5,204.5,
34.758991642451306,34.758991642451306,34.758991642451306,34.758991642451306,34.758991642451306,34.758991642451306,34.758991642451306,34.758991642451306,34.758991642451306,34.758991642451306,34.758991642451306,34.758991642451306,34.758991642451306,68.85858067250156,162.27704705225565,34.758991642451306,34.758991642451306,220.30589529107024,119.78963041747626,135.5938328243582,204.5,182.14226735043013,212.7266790978508,148.07156209076746,
34.758991642451306,34.758991642451306,34.758991642451306,34.758991642451306,34.758991642451306,34.758991642451306,34.758991642451306,34.758991642451306,34.758991642451306,34.758991642451306,34.758991642451306,34.758991642451306,204.5,126.0168242735866,34.758991642451306,105.03066218966725,129.94504332876375,86.34442295249879,134.08743416144557,61.212006356777934,61.74633592368052,130.43953473629927,34.758991642451306,34.758991642451306,
34.758991642451306,34.758991642451306,34.758991642451306,34.758991642451306,34.758991642451306,34.758991642451306,34.758991642451306,34.758991642451306,34.758991642451306,34.758991642451306,34.758991642451306,34.758991642451306,34.758991642451306,60.456926815709046,34.758991642451306,86.70317179896016,128.55810942916048,145.97107780500752,114.52884851799193,136.96819234510514,212.7266790978508,109.72300984246144,139.44834168967373,71.73290301528303,
34.758991642451306,34.758991642451306,34.758991642451306,34.758991642451306,34.758991642451306,34.758991642451306,34.758991642451306,34.758991642451306,34.758991642451306,34.758991642451306,34.758991642451306,34.758991642451306,148.07156209076746,194.09956208090733,47.98583124214897,86.70317179896016,69.96577734864381,175.07371463345248,34.758991642451306,226.23340945924755,65.71583849097132,132.59891486065118,153.48226462870412,133.64220890123,
34.758991642451306,34.758991642451306,34.758991642451306,34.758991642451306,34.758991642451306,34.758991642451306,34.758991642451306,34.758991642451306,34.758991642451306,34.758991642451306,34.758991642451306,34.758991642451306,34.758991642451306,34.758991642451306,104.42633468143943,154.896868916063,167.77421583783368,153.47683502368977,201.86551835318483,127.14908135290986,34.758991642451306,204.5,136.20457958526944,34.758991642451306,
34.758991642451306,34.758991642451306,34.758991642451306,34.758991642451306,34.758991642451306,34.758991642451306,34.758991642451306,34.758991642451306,34.758991642451306,34.758991642451306,34.758991642451306,34.758991642451306,128.085149629282,158.73787917732267,128.49586569224707,34.758991642451306,129.56944084158116,133.64220890123,204.5,152.83271901003397,166.35445757645195,91.26164309281309,91.26164309281309,141.61734435521032,
34.758991642451306,34.758991642451306,34.758991642451306,34.758991642451306,34.758991642451306,34.758991642451306,34.758991642451306,34.758991642451306,34.758991642451306,34.758991642451306,34.758991642451306,34.758991642451306,37.2409571424915,184.69282606533477,34.758991642451306,91.26164309281309,113.2405782898894,218.04331883570498,34.758991642451306,131.99692231260545,61.38516831359909,216.9854545816378,63.290712475957214,34.758991642451306,
34.758991642451306,34.758991642451306,34.758991642451306,34.758991642451306,34.758991642451306,34.758991642451306,34.758991642451306,34.758991642451306,34.758991642451306,34.758991642451306,34.758991642451306,34.758991642451306,264.2704843316576,204.5,37.2409571424915,34.758991642451306,136.00088235007888,113.2405782898894,114.60172579658456,70.61161377563892,204.5,34.758991642451306,92.5465134019491,34.758991642451306,
34.758991642451306,34.758991642451306,34.758991642451306,34.758991642451306,34.758991642451306,34.758991642451306,34.758991642451306,34.758991642451306,34.758991642451306,34.758991642451306,34.758991642451306,34.758991642451306,106.65117074942134,34.758991642451306,204.5,34.758991642451306,34.758991642451306,170.18141580594013,127.14908135290986,37.2409571424915,62.29293699930996,136.00088235007888,129.56776433803108,38.642075513615985,
34.758991642451306,34.758991642451306,34.758991642451306,34.758991642451306,34.758991642451306,34.758991642451306,34.758991642451306,34.758991642451306,34.758991642451306,34.758991642451306,34.758991642451306,34.758991642451306,71.3008415097606,204.5,204.5,115.33058075438126,101.71950227393538,9.99999999E8,34.758991642451306,113.2405782898894,91.26164309281309,34.758991642451306,127.14908135290986,71.73290301528303,
34.758991642451306,34.758991642451306,34.758991642451306,34.758991642451306,34.758991642451306,34.758991642451306,34.758991642451306,34.758991642451306,34.758991642451306,34.758991642451306,34.758991642451306,34.758991642451306,116.02172210409566,91.26164309281309,128.085149629282,47.98583124214897,186.21194614978089,119.78963041747626,34.758991642451306,204.5,100.18163192422053,204.5,118.221148700222,71.885368280614,
34.758991642451306,34.758991642451306,34.758991642451306,34.758991642451306,34.758991642451306,34.758991642451306,34.758991642451306,34.758991642451306,34.758991642451306,34.758991642451306,34.758991642451306,34.758991642451306,204.5,34.758991642451306,46.80640454225083,34.758991642451306,73.08703226779895,37.2409571424915,165.7186999104205,34.758991642451306,119.78963041747626,34.758991642451306,113.2405782898894,77.10179958989283,
34.758991642451306,34.758991642451306,34.758991642451306,34.758991642451306,34.758991642451306,34.758991642451306,34.758991642451306,34.758991642451306,34.758991642451306,34.758991642451306,34.758991642451306,34.758991642451306,34.758991642451306,56.5,204.5,65.11378928887149,112.29552846968447,204.5,140.45706639396965,201.36952972085922,34.758991642451306,34.758991642451306,102.20131787310768,71.23803157623843,
34.758991642451306,34.758991642451306,34.758991642451306,34.758991642451306,34.758991642451306,34.758991642451306,34.758991642451306,34.758991642451306,34.758991642451306,34.758991642451306,34.758991642451306,34.758991642451306,34.758991642451306,187.63498844535604,34.758991642451306,135.7211847870479,118.92955898345878,166.08861662205683,69.96577734864381,34.758991642451306,37.2409571424915,37.2409571424915,34.758991642451306,34.758991642451306,
34.758991642451306,34.758991642451306,34.758991642451306,34.758991642451306,34.758991642451306,34.758991642451306,34.758991642451306,34.758991642451306,34.758991642451306,34.758991642451306,34.758991642451306,34.758991642451306,150.99748342273787,37.2409571424915,100.59227383629201,119.78963041747626,213.16000445674607,34.758991642451306,204.5,34.758991642451306,71.91009476002004,178.583985844196,72.48645193610814,141.61734435521032,
34.758991642451306,34.758991642451306,34.758991642451306,34.758991642451306,34.758991642451306,34.758991642451306,34.758991642451306,34.758991642451306,34.758991642451306,34.758991642451306,34.758991642451306,34.758991642451306,34.758991642451306,71.91009476002004,111.63977785717776,37.2409571424915,122.20110218406379,134.59063860462214,76.55436910177909,131.224256734628,139.12382973452102,186.6489753521299,34.758991642451306,75.77859237098824,
34.758991642451306,34.758991642451306,34.758991642451306,34.758991642451306,34.758991642451306,34.758991642451306,34.758991642451306,34.758991642451306,34.758991642451306,34.758991642451306,34.758991642451306,34.758991642451306,34.758991642451306,198.44152791187634,99.14033263791057,77.10179958989283,34.758991642451306,204.5,34.758991642451306,204.5,34.758991642451306,34.758991642451306,162.27704705225565,204.5,
34.758991642451306,34.758991642451306,34.758991642451306,34.758991642451306,34.758991642451306,34.758991642451306,34.758991642451306,34.758991642451306,34.758991642451306,34.758991642451306,34.758991642451306,34.758991642451306,135.1709565698194,34.758991642451306,106.65117074942134,71.91009476002004,114.60172579658456,132.30446788458136,92.31527162393013,37.2409571424915,34.758991642451306,34.758991642451306,188.47406246542846,168.16119498861798,
34.758991642451306,34.758991642451306,34.758991642451306,34.758991642451306,34.758991642451306,34.758991642451306,34.758991642451306,34.758991642451306,34.758991642451306,34.758991642451306,34.758991642451306,34.758991642451306,135.7211847870479,47.98583124214897,37.2409571424915,118.92955898345878,204.5,87.27107195399859,126.0168242735866,127.14908135290986,130.63105382037696,74.49570037928363,69.4180046889854,135.31818059669587,
34.758991642451306,34.758991642451306,34.758991642451306,34.758991642451306,34.758991642451306,34.758991642451306,34.758991642451306,34.758991642451306,34.758991642451306,34.758991642451306,34.758991642451306,34.758991642451306,162.27704705225565,188.59631870365718,34.758991642451306,127.7568219530979,71.885368280614,72.48645193610814,34.758991642451306,120.25924377895328,34.758991642451306,114.60172579658456,91.26164309281309,61.85798250832304,
34.758991642451306,34.758991642451306,34.758991642451306,34.758991642451306,34.758991642451306,34.758991642451306,34.758991642451306,34.758991642451306,34.758991642451306,34.758991642451306,34.758991642451306,34.758991642451306,133.37236407892004,207.33026793017945,113.2405782898894,60.89203560400982,182.14226735043013,114.60172579658456,37.2409571424915,34.758991642451306,47.98583124214897,34.758991642451306,114.60172579658456,67.08829634275148,
34.758991642451306,34.758991642451306,34.758991642451306,34.758991642451306,34.758991642451306,34.758991642451306,34.758991642451306,34.758991642451306,34.758991642451306,34.758991642451306,34.758991642451306,34.758991642451306,65.7218333204423,37.2409571424915,114.60172579658456,212.7266790978508,204.5,183.53806750160095,61.66732826221678,71.67188692227937,34.758991642451306,59.018535224114125,34.758991642451306,180.1372809831435,
34.758991642451306,34.758991642451306,34.758991642451306,34.758991642451306,34.758991642451306,34.758991642451306,34.758991642451306,34.758991642451306,34.758991642451306,34.758991642451306,34.758991642451306,34.758991642451306,218.04331883570498,131.99692231260545,192.97730436504702,84.46916597196872,34.758991642451306,204.5,204.5,93.55286681277539,122.94017127971522,112.66087263208209,254.5,147.78037758782455,
34.758991642451306,34.758991642451306,34.758991642451306,34.758991642451306,34.758991642451306,34.758991642451306,34.758991642451306,34.758991642451306,34.758991642451306,34.758991642451306,34.758991642451306,34.758991642451306,130.419089434365,113.40564142128397,180.51880788438638,148.87137904916446,34.758991642451306,119.78963041747626,34.758991642451306,127.14908135290986,152.75625100866486,140.45706639396965,34.758991642451306,127.16186098390071,
34.758991642451306,34.758991642451306,34.758991642451306,34.758991642451306,34.758991642451306,34.758991642451306,34.758991642451306,34.758991642451306,34.758991642451306,34.758991642451306,34.758991642451306,34.758991642451306,128.39559404990723,34.758991642451306,34.758991642451306,118.221148700222,109.14581989247228,37.2409571424915,139.11814897776637,204.5,138.4399125071957,60.84246506803908,114.1483245606347,61.48950054835338,
34.758991642451306,34.758991642451306,34.758991642451306,34.758991642451306,34.758991642451306,34.758991642451306,34.758991642451306,34.758991642451306,34.758991642451306,34.758991642451306,34.758991642451306,34.758991642451306,111.87108155769698,212.99164302854697,109.72300984246144,220.30589529107024,34.758991642451306,103.65602456476627,204.5,127.14908135290986,60.456926815709046,63.290712475957214,218.04331883570498,153.48226462870412,
34.758991642451306,34.758991642451306,34.758991642451306,34.758991642451306,34.758991642451306,34.758991642451306,34.758991642451306,34.758991642451306,34.758991642451306,34.758991642451306,34.758991642451306,34.758991642451306,114.60172579658456,37.2409571424915,47.98583124214897,120.71217242444347,67.79380502671317,37.2409571424915,70.74229443707789,204.5,69.80380669112128,168.16119498861798,109.72300984246144,109.85508130664185,
34.758991642451306,34.758991642451306,34.758991642451306,34.758991642451306,34.758991642451306,34.758991642451306,34.758991642451306,34.758991642451306,34.758991642451306,34.758991642451306,34.758991642451306,34.758991642451306,113.97575278199405,116.15338727303651,37.2409571424915,34.758991642451306,119.78963041747626,106.65117074942134,109.32148690902443,72.31085240128206,198.49132362789956,34.758991642451306,132.9980158582158,104.31149931282212,
34.758991642451306,34.758991642451306,34.758991642451306,34.758991642451306,34.758991642451306,34.758991642451306,34.758991642451306,34.758991642451306,34.758991642451306,34.758991642451306,34.758991642451306,34.758991642451306,72.40034530304396,90.51579627335772,204.5,212.7266790978508,34.758991642451306,204.5,133.5104490292801,204.5,158.18798943029776,166.4752233817393,47.98583124214897,71.65290565559005,
34.758991642451306,34.758991642451306,34.758991642451306,34.758991642451306,34.758991642451306,34.758991642451306,34.758991642451306,34.758991642451306,34.758991642451306,34.758991642451306,34.758991642451306,34.758991642451306,34.758991642451306,66.33128975076544,34.758991642451306,34.758991642451306,127.57993572658674,185.04334627324485,72.57758726245662,34.758991642451306,185.39104616998094,164.01557662307565,37.2409571424915,34.758991642451306,
34.758991642451306,34.758991642451306,34.758991642451306,34.758991642451306,34.758991642451306,34.758991642451306,34.758991642451306,34.758991642451306,34.758991642451306,34.758991642451306,34.758991642451306,34.758991642451306,212.7266790978508,128.49586569224707,135.53579090883687,34.758991642451306,34.758991642451306,34.758991642451306,79.46451645231348,92.7315420387739,59.018535224114125,162.26225685599223,72.57758726245662,37.2409571424915,
34.758991642451306,34.758991642451306,34.758991642451306,34.758991642451306,34.758991642451306,34.758991642451306,34.758991642451306,34.758991642451306,34.758991642451306,34.758991642451306,34.758991642451306,34.758991642451306,100.60884100758189,85.18688605387307,226.23340945924755,141.61734435521032,204.5,133.37236407892004,68.65449730352704,86.82747261091963,34.758991642451306,93.55286681277539,34.758991642451306,129.56776433803108,
34.758991642451306,34.758991642451306,34.758991642451306,34.758991642451306,34.758991642451306,34.758991642451306,34.758991642451306,34.758991642451306,34.758991642451306,34.758991642451306,34.758991642451306,34.758991642451306,69.56191037485961,160.1645638086028,215.61931151916798,113.2405782898894,135.1709565698194,47.98583124214897,70.61161377563892,159.03203293676404,91.26164309281309,37.2409571424915,99.75946379809763,34.758991642451306,
34.758991642451306,34.758991642451306,34.758991642451306,34.758991642451306,34.758991642451306,34.758991642451306,34.758991642451306,34.758991642451306,34.758991642451306,34.758991642451306,34.758991642451306,34.758991642451306,34.758991642451306,34.758991642451306,34.758991642451306,34.758991642451306,63.7558276203482,34.758991642451306,224.8770497405193,109.72300984246144,117.98745696047524,204.5,47.98583124214897,34.758991642451306,
34.758991642451306,34.758991642451306,34.758991642451306,34.758991642451306,34.758991642451306,34.758991642451306,34.758991642451306,34.758991642451306,34.758991642451306,34.758991642451306,34.758991642451306,34.758991642451306,136.58199002796817,65.33867810985203,152.2724167040403,109.72300984246144,128.49586569224707,187.12211921630217,109.72300984246144,94.84875178032505,135.5938328243582,34.758991642451306,66.61460930486274,64.98791096372133,
34.758991642451306,34.758991642451306,34.758991642451306,34.758991642451306,34.758991642451306,34.758991642451306,34.758991642451306,34.758991642451306,34.758991642451306,34.758991642451306,34.758991642451306,34.758991642451306,133.37236407892004,128.49586569224707,199.61915127450962,58.46408800945123,157.62514869144454,34.758991642451306,34.758991642451306,213.00291077823326,264.2704843316576,113.2405782898894,70.82775888429217,166.10237806846715,
34.758991642451306,34.758991642451306,34.758991642451306,34.758991642451306,34.758991642451306,34.758991642451306,34.758991642451306,34.758991642451306,34.758991642451306,34.758991642451306,34.758991642451306,34.758991642451306,37.2409571424915,34.758991642451306,34.758991642451306,72.80205277936116,68.61639745716762,164.01557662307565,280.9760764825994,204.5,9.99999999E8,198.44052005575878,127.14908135290986,34.758991642451306,
34.758991642451306,34.758991642451306,34.758991642451306,34.758991642451306,34.758991642451306,34.758991642451306,34.758991642451306,34.758991642451306,34.758991642451306,34.758991642451306,34.758991642451306,34.758991642451306,126.24579200908045,113.44002820874121,47.98583124214897,47.150689284463276,139.12382973452102,34.758991642451306,34.758991642451306,134.03614251387572,106.15950263636317,134.03614251387572,34.758991642451306,103.89280189558026,
34.758991642451306,34.758991642451306,34.758991642451306,34.758991642451306,34.758991642451306,34.758991642451306,34.758991642451306,34.758991642451306,34.758991642451306,34.758991642451306,34.758991642451306,34.758991642451306,141.61734435521032,71.3008415097606,168.16119498861798,9.99999999E8,121.97324387841059,69.03264570360538,37.2409571424915,34.758991642451306,102.13294712720715,67.25652384713322,132.72787009516878,165.2124053722628,
34.758991642451306,34.758991642451306,34.758991642451306,34.758991642451306,34.758991642451306,34.758991642451306,34.758991642451306,34.758991642451306,34.758991642451306,34.758991642451306,34.758991642451306,34.758991642451306,204.5,92.86650364905529,37.2409571424915,71.46526394422177,70.19408807015017,66.54751256486924,114.60172579658456,119.78963041747626,71.97944150936432,34.758991642451306,9.99999999E8,102.7090010120286,
34.758991642451306,34.758991642451306,34.758991642451306,34.758991642451306,34.758991642451306,34.758991642451306,34.758991642451306,34.758991642451306,34.758991642451306,34.758991642451306,34.758991642451306,34.758991642451306,67.43596963045759,145.97107780500752,116.16244782938368,70.60318689690997,103.65602456476627,123.12671318605074,60.456926815709046,67.79380502671317,91.53790198600797,111.59621089317632,150.60772722539838,128.49586569224707,
34.758991642451306,34.758991642451306,34.758991642451306,34.758991642451306,34.758991642451306,34.758991642451306,34.758991642451306,34.758991642451306,34.758991642451306,34.758991642451306,34.758991642451306,34.758991642451306,126.97968341431633,166.4752233817393,110.92628182716663,211.75230813381938,37.2409571424915,194.28365574306267,34.758991642451306,72.57758726245662,109.72300984246144,220.30589529107024,91.26164309281309,116.66107129439347,
34.758991642451306,34.758991642451306,34.758991642451306,34.758991642451306,34.758991642451306,34.758991642451306,34.758991642451306,34.758991642451306,34.758991642451306,34.758991642451306,34.758991642451306,34.758991642451306,34.758991642451306,135.7211847870479,93.78546948069453,114.09526017789578,134.4731943548602,264.2704843316576,95.05582241504199,34.758991642451306,144.686514575478,86.70317179896016,91.82686338706213,71.9008233267306,
34.758991642451306,34.758991642451306,34.758991642451306,34.758991642451306,34.758991642451306,34.758991642451306,34.758991642451306,34.758991642451306,34.758991642451306,34.758991642451306,34.758991642451306,34.758991642451306,127.14908135290986,264.2704843316576,71.42695569601158,168.35272495567156,119.78963041747626,125.46170730545636,77.10179958989283,106.61278400963795,89.18637788362078,128.80931643324564,104.5315239828294,71.91009476002004,
34.758991642451306,34.758991642451306,34.758991642451306,34.758991642451306,34.758991642451306,34.758991642451306,34.758991642451306,34.758991642451306,34.758991642451306,34.758991642451306,34.758991642451306,34.758991642451306,71.80858042199569,204.5,71.73290301528303,34.758991642451306,34.758991642451306,103.87415462953237,68.20846766881951,127.06876965730889,34.758991642451306,131.87914685423166,96.88451566168868,211.75230813381938,
34.758991642451306,34.758991642451306,34.758991642451306,34.758991642451306,34.758991642451306,34.758991642451306,34.758991642451306,34.758991642451306,34.758991642451306,34.758991642451306,34.758991642451306,34.758991642451306,37.2409571424915,239.72867996966903,132.54359869701577,136.00088235007888,64.98791096372133,37.2409571424915,226.23340945924755,121.94687367866385,71.25208330287613,155.69581722063057,34.758991642451306,153.30586257544098,
34.758991642451306,34.758991642451306,34.758991642451306,34.758991642451306,34.758991642451306,34.758991642451306,34.758991642451306,34.758991642451306,34.758991642451306,34.758991642451306,34.758991642451306,34.758991642451306,87.37184901328344,305.5,34.758991642451306,139.38246741330929,114.60172579658456,34.758991642451306,220.30589529107024,34.758991642451306,116.55020642317177,156.6284527862745,111.13139745364494,203.56523660869888,
34.758991642451306,34.758991642451306,34.758991642451306,34.758991642451306,34.758991642451306,34.758991642451306,34.758991642451306,34.758991642451306,34.758991642451306,34.758991642451306,34.758991642451306,34.758991642451306,104.42633468143943,133.85706662598835,114.60172579658456,34.758991642451306,212.96910574071532,119.06241797897437,204.5,206.0599124041355,34.758991642451306,34.758991642451306,121.79490958164057,113.2405782898894,
34.758991642451306,34.758991642451306,34.758991642451306,34.758991642451306,34.758991642451306,34.758991642451306,34.758991642451306,34.758991642451306,34.758991642451306,34.758991642451306,34.758991642451306,34.758991642451306,204.5,70.61161377563892,65.1751912582967,188.7114198982139,129.56776433803108,47.98583124214897,34.758991642451306,65.18797605557502,186.6618332707573,34.758991642451306,185.39104616998094,34.758991642451306,
34.758991642451306,34.758991642451306,34.758991642451306,34.758991642451306,34.758991642451306,34.758991642451306,34.758991642451306,34.758991642451306,34.758991642451306,34.758991642451306,34.758991642451306,34.758991642451306,114.03087301253113,182.14226735043013,140.26631812377482,146.0205464994567,129.56776433803108,114.60172579658456,118.96416360493703,135.5938328243582,91.26164309281309,70.74229443707789,136.19277595460863,153.06933795578468,
34.758991642451306,34.758991642451306,34.758991642451306,34.758991642451306,34.758991642451306,34.758991642451306,34.758991642451306,34.758991642451306,34.758991642451306,34.758991642451306,34.758991642451306,34.758991642451306,127.14908135290986,60.89203560400982,70.60318689690997,73.17298486658662,204.5,34.758991642451306,264.2704843316576,71.23803157623843,135.065317531926,73.0247717144711,56.5,91.26164309281309,
34.758991642451306,34.758991642451306,34.758991642451306,34.758991642451306,34.758991642451306,34.758991642451306,34.758991642451306,34.758991642451306,34.758991642451306,34.758991642451306,34.758991642451306,34.758991642451306,247.668236872546,242.83880970718005,122.36750204018857,168.16119498861798,59.018535224114125,91.26164309281309,72.47316313643279,114.60172579658456,111.81510311201531,242.83880970718005,192.97730436504702,34.758991642451306,
34.758991642451306,34.758991642451306,34.758991642451306,34.758991642451306,34.758991642451306,34.758991642451306,34.758991642451306,34.758991642451306,34.758991642451306,34.758991642451306,34.758991642451306,34.758991642451306,37.2409571424915,227.74588360714668,76.5415532570381,157.62514869144454,135.5938328243582,47.98583124214897,96.20536483077346,246.20040617350733,204.5,9.99999999E8,134.4836049487074,34.758991642451306,
34.758991642451306,34.758991642451306,34.758991642451306,34.758991642451306,34.758991642451306,34.758991642451306,34.758991642451306,34.758991642451306,34.758991642451306,34.758991642451306,34.758991642451306,34.758991642451306,34.758991642451306,162.47904480270677,47.98583124214897,157.51225150762082,78.92489397451789,75.62447836775512,199.42273835104305,185.39104616998094,103.65602456476627,103.68496240328888,113.2405782898894,109.36178491593853,
34.758991642451306,34.758991642451306,34.758991642451306,34.758991642451306,34.758991642451306,34.758991642451306,34.758991642451306,34.758991642451306,34.758991642451306,34.758991642451306,34.758991642451306,34.758991642451306,106.40305153048948,135.5938328243582,129.56776433803108,34.758991642451306,80.88619405614836,72.48645193610814,134.06356701207082,90.21190331658012,233.5,71.36076915925165,47.98583124214897,186.60960012052664,
34.758991642451306,34.758991642451306,34.758991642451306,34.758991642451306,34.758991642451306,34.758991642451306,34.758991642451306,34.758991642451306,34.758991642451306,34.758991642451306,34.758991642451306,34.758991642451306,68.07802350208632,134.49698881387644,95.31751450509277,71.91009476002004,101.85597675148965,66.61726033844381,189.59906528133402,212.96534929419855,34.758991642451306,91.26164309281309,34.758991642451306,128.49586569224707,
34.758991642451306,34.758991642451306,34.758991642451306,34.758991642451306,34.758991642451306,34.758991642451306,34.758991642451306,34.758991642451306,34.758991642451306,34.758991642451306,34.758991642451306,34.758991642451306,118.221148700222,69.36893819842466,66.10954713369486,34.758991642451306,136.00088235007888,218.04331883570498,126.11293439700079,175.47973925467548,106.65117074942134,186.6554044221597,70.61161377563892,34.758991642451306,
34.758991642451306,34.758991642451306,34.758991642451306,34.758991642451306,34.758991642451306,34.758991642451306,34.758991642451306,34.758991642451306,34.758991642451306,34.758991642451306,34.758991642451306,34.758991642451306,266.3056279915992,116.09251578901296,125.46170730545636,71.91564068406817,37.2409571424915,111.81510311201531,91.26164309281309,107.19517505725506,120.57835165936251,120.20577594869795,135.99499990808488,134.93346508557468,
34.758991642451306,34.758991642451306,34.758991642451306,34.758991642451306,34.758991642451306,34.758991642451306,34.758991642451306,34.758991642451306,34.758991642451306,34.758991642451306,34.758991642451306,34.758991642451306,91.75586569200297,34.758991642451306,212.7266790978508,196.73761079163282,210.65656291699057,204.5,9.99999999E8,34.758991642451306,144.80396230766615,34.758991642451306,125.46170730545636,59.018535224114125,
34.758991642451306,34.758991642451306,34.758991642451306,34.758991642451306,34.758991642451306,34.758991642451306,34.758991642451306,34.758991642451306,34.758991642451306,34.758991642451306,34.758991642451306,34.758991642451306,134.06356701207082,63.89944357260781,34.758991642451306,125.27758068474273,37.2409571424915,87.8456438467904,79.06625210683899,60.89203560400982,34.758991642451306,204.5,158.74057902304446,114.60172579658456,
34.758991642451306,34.758991642451306,34.758991642451306,34.758991642451306,34.758991642451306,34.758991642451306,34.758991642451306,34.758991642451306,34.758991642451306,34.758991642451306,34.758991642451306,34.758991642451306,91.53790198600797,136.9031490588227,156.6593083378351,123.12671318605074,70.86860641355945,34.758991642451306,38.50466692493262,204.5,47.98583124214897,68.3975979472867,176.59786396090854,83.34749879603801,
34.758991642451306,34.758991642451306,34.758991642451306,34.758991642451306,34.758991642451306,34.758991642451306,34.758991642451306,34.758991642451306,34.758991642451306,34.758991642451306,34.758991642451306,34.758991642451306,119.78963041747626,120.40841955610911,34.758991642451306,34.758991642451306,77.33782314552751,133.37236407892004,83.86865098047035,188.3454273402994,70.33498418283749,117.48025099990211,106.30469180614749,86.70317179896016,
34.758991642451306,34.758991642451306,34.758991642451306,34.758991642451306,34.758991642451306,34.758991642451306,34.758991642451306,34.758991642451306,34.758991642451306,34.758991642451306,34.758991642451306,34.758991642451306,130.9139878783861,204.5,37.2409571424915,254.5,70.4901367213882,188.58268364679873,175.13748567593657,146.77950205060046,81.91157532876234,34.758991642451306,34.758991642451306,186.65111840007816,
34.758991642451306,34.758991642451306,34.758991642451306,34.758991642451306,34.758991642451306,34.758991642451306,34.758991642451306,34.758991642451306,34.758991642451306,34.758991642451306,34.758991642451306,34.758991642451306,121.96265366450866,132.30446788458136,215.5601714139233,37.2409571424915,139.90956900798457,96.748950252703,34.758991642451306,163.89948139027163,34.758991642451306,34.758991642451306,37.2409571424915,166.16171125055942,
34.758991642451306,34.758991642451306,34.758991642451306,34.758991642451306,34.758991642451306,34.758991642451306,34.758991642451306,34.758991642451306,34.758991642451306,34.758991642451306,34.758991642451306,34.758991642451306,102.87195925032243,37.2409571424915,34.758991642451306,67.98656366890573,34.758991642451306,60.89203560400982,100.54161966047005,144.80396230766615,47.98583124214897,74.28193290131561,212.7266790978508,34.758991642451306,
34.758991642451306,34.758991642451306,34.758991642451306,34.758991642451306,34.758991642451306,34.758991642451306,34.758991642451306,34.758991642451306,34.758991642451306,34.758991642451306,34.758991642451306,34.758991642451306,182.861115330734,128.5248614082116,34.758991642451306,37.2409571424915,83.46172401166896,200.67745264478518,76.08619700707875,86.34442295249879,115.37703140140155,34.758991642451306,34.758991642451306,100.04284796311742,
34.758991642451306,34.758991642451306,34.758991642451306,34.758991642451306,34.758991642451306,34.758991642451306,34.758991642451306,34.758991642451306,34.758991642451306,34.758991642451306,34.758991642451306,34.758991642451306,132.30446788458136,160.72784450741568,196.73761079163282,214.34700837660412,9.99999999E8,114.60172579658456,129.56776433803108,83.78209832655183,70.68811781339208,9.99999999E8,113.28212350663648,114.60172579658456,
34.758991642451306,34.758991642451306,34.758991642451306,34.758991642451306,34.758991642451306,34.758991642451306,34.758991642451306,34.758991642451306,34.758991642451306,34.758991642451306,34.758991642451306,34.758991642451306,34.758991642451306,113.2405782898894,9.99999999E8,90.22511528710523,71.32208287881699,34.758991642451306,128.49586569224707,133.37236407892004,34.758991642451306,59.018535224114125,212.9822527817752,100.12671658952969,
34.758991642451306,34.758991642451306,34.758991642451306,34.758991642451306,34.758991642451306,34.758991642451306,34.758991642451306,34.758991642451306,34.758991642451306,34.758991642451306,34.758991642451306,34.758991642451306,37.2409571424915,198.44152791187634,71.91009476002004,34.758991642451306,119.78963041747626,83.77009353837784,37.2409571424915,34.758991642451306,66.33128975076544,203.56196162894042,34.758991642451306,125.46170730545636,
34.758991642451306,34.758991642451306,34.758991642451306,34.758991642451306,34.758991642451306,34.758991642451306,34.758991642451306,34.758991642451306,34.758991642451306,34.758991642451306,34.758991642451306,34.758991642451306,66.51670633925153,105.5263263624559,120.15741989388569,121.5248357920541,128.49586569224707,54.81397110747796,37.2409571424915,158.18852478925265,245.89161738457048,73.74184276921753,212.96347104609276,109.32520294973159,
34.758991642451306,34.758991642451306,34.758991642451306,34.758991642451306,34.758991642451306,34.758991642451306,34.758991642451306,34.758991642451306,34.758991642451306,34.758991642451306,34.758991642451306,34.758991642451306,134.49698881387644,34.758991642451306,152.72460690915383,120.87021707186597,157.36775201736853,34.758991642451306,128.49586569224707,144.85442884342734,115.37703140140155,156.6593083378351,61.84542944193324,91.54858195047511,
34.758991642451306,34.758991642451306,34.758991642451306,34.758991642451306,34.758991642451306,34.758991642451306,34.758991642451306,34.758991642451306,34.758991642451306,34.758991642451306,34.758991642451306,34.758991642451306,78.93296664347854,34.758991642451306,114.60172579658456,203.8181542453959,34.758991642451306,212.7266790978508,85.72111393933235,64.98791096372133,99.87394833266359,120.40841955610911,109.72300984246144,125.33156027114639,
34.758991642451306,34.758991642451306,34.758991642451306,34.758991642451306,34.758991642451306,34.758991642451306,34.758991642451306,34.758991642451306,34.758991642451306,34.758991642451306,34.758991642451306,34.758991642451306,212.96910574071532,56.5,152.83271901003397,74.92936673961684,24.331050121192877,178.8270375949901,47.98583124214897,77.9859317797483,129.56776433803108,66.33128975076544,204.5,77.6859663967695,
24.331050121192877,34.758991642451306,34.758991642451306,34.758991642451306,34.758991642451306,34.758991642451306,34.758991642451306,34.758991642451306,34.758991642451306,34.758991642451306,34.758991642451306,34.758991642451306,204.5,119.78963041747626,110.90021254649218,34.758991642451306,155.12797136557933,202.03029475798917,81.89393923820381,114.60172579658456,246.20040617350733,135.1709565698194,47.150689284463276,113.44002820874121,
24.331050121192877,34.758991642451306,34.758991642451306,34.758991642451306,34.758991642451306,34.758991642451306,34.758991642451306,34.758991642451306,34.758991642451306,34.758991642451306,34.758991642451306,34.758991642451306,150.1693694005966,114.60172579658456,70.4048258727542,37.2409571424915,214.1779342042499,125.24731090482099,128.49586569224707,37.2409571424915,170.02113839167177,67.58508012539126,75.66656177882389,77.10179958989283,
24.331050121192877,34.758991642451306,34.758991642451306,34.758991642451306,34.758991642451306,34.758991642451306,34.758991642451306,34.758991642451306,34.758991642451306,34.758991642451306,34.758991642451306,34.758991642451306,305.5,156.91974240214506,175.0584822915537,111.49816141981894,37.2409571424915,47.98583124214897,34.758991642451306,96.20536483077346,220.30589529107024,124.46328524910469,90.21190331658012,34.758991642451306,
24.331050121192877,34.758991642451306,34.758991642451306,34.758991642451306,34.758991642451306,34.758991642451306,34.758991642451306,34.758991642451306,34.758991642451306,34.758991642451306,34.758991642451306,34.758991642451306,227.74588360714668,130.30658293254243,85.45840443683049,66.33128975076544,264.2704843316576,92.95260889291919,34.758991642451306,37.2409571424915,204.5,34.758991642451306,34.758991642451306,71.95267541933379,
24.331050121192877,34.758991642451306,34.758991642451306,34.758991642451306,34.758991642451306,34.758991642451306,34.758991642451306,34.758991642451306,34.758991642451306,34.758991642451306,34.758991642451306,34.758991642451306,34.758991642451306,114.60172579658456,124.77115051164672,204.5,63.685206724604065,62.029101033305324,34.758991642451306,113.44002820874121,176.60319221350446,127.14908135290986,185.04334627324485,24.331050121192877,
24.331050121192877,24.331050121192877,34.758991642451306,34.758991642451306,34.758991642451306,34.758991642451306,34.758991642451306,34.758991642451306,34.758991642451306,34.758991642451306,34.758991642451306,34.758991642451306,114.60172579658456,135.5938328243582,129.92377573023344,113.2405782898894,34.758991642451306,34.758991642451306,204.5,68.89743930551515,212.7266790978508,88.49886771465982,34.758991642451306,113.44002820874121,
24.331050121192877,24.331050121192877,34.758991642451306,34.758991642451306,34.758991642451306,34.758991642451306,34.758991642451306,34.758991642451306,34.758991642451306,34.758991642451306,34.758991642451306,34.758991642451306,47.98583124214897,226.23340945924755,204.5,134.60487443708055,76.23804824364275,113.2405782898894,128.7540678969018,34.758991642451306,34.758991642451306,24.331050121192877,127.14908135290986,122.898897020636,
24.331050121192877,24.331050121192877,24.331050121192877,34.758991642451306,34.758991642451306,34.758991642451306,34.758991642451306,34.758991642451306,34.758991642451306,34.758991642451306,34.758991642451306,34.758991642451306,215.61931151916798,94.16399069101278,91.53790198600797,188.57662330507156,37.2409571424915,59.12214958396363,199.62165602848694,104.59035738127515,87.74216489237088,71.32208287881699,175.26049184000368,186.6489753521299,
24.331050121192877,24.331050121192877,24.331050121192877,34.758991642451306,34.758991642451306,34.758991642451306,34.758991642451306,34.758991642451306,34.758991642451306,34.758991642451306,34.758991642451306,34.758991642451306,113.2405782898894,165.2124053722628,70.62018125153743,58.624714437318524,113.2405782898894,75.41776978935403,34.758991642451306,204.5,91.26164309281309,45.077710678338576,227.93899951522118,147.78037758782455,
24.331050121192877,24.331050121192877,24.331050121192877,34.758991642451306,34.758991642451306,34.758991642451306,34.758991642451306,34.758991642451306,34.758991642451306,34.758991642451306,34.758991642451306,34.758991642451306,60.456926815709046,70.93828303532585,100.330149451144,127.14908135290986,135.10911228419133,60.89203560400982,204.5,92.63967495085461,138.52306667122267,96.66275135749034,214.71652824130703,29.6936741700027,
24.331050121192877,24.331050121192877,24.331050121192877,29.6936741700027,34.758991642451306,34.758991642451306,34.758991642451306,34.758991642451306,34.758991642451306,34.758991642451306,34.758991642451306,34.758991642451306,34.758991642451306,104.31271666073536,58.050026318302,37.2409571424915,34.758991642451306,72.48351105596362,128.04369371429425,204.5,117.89236351435152,85.42370865280904,45.58762337475686,34.758991642451306,
24.331050121192877,24.331050121192877,24.331050121192877,29.6936741700027,34.758991642451306,34.758991642451306,34.758991642451306,34.758991642451306,34.758991642451306,34.758991642451306,34.758991642451306,34.758991642451306,53.88347215453521,70.86507867066825,93.69705912614809,123.52518861439647,111.63977785717776,66.54751256486924,143.23484988724712,34.758991642451306,130.49401327264022,82.46277569303619,107.79429194071456,128.49586569224707,
24.331050121192877,24.331050121192877,24.331050121192877,29.6936741700027,34.758991642451306,34.758991642451306,34.758991642451306,34.758991642451306,34.758991642451306,34.758991642451306,34.758991642451306,34.758991642451306,113.44002820874121,136.20457958526944,91.40809592153202,34.758991642451306,65.79622221026719,305.5,204.5,91.26164309281309,197.63216393649648,136.00088235007888,159.43726038790305,62.71932944247958,
24.331050121192877,24.331050121192877,24.331050121192877,29.6936741700027,34.758991642451306,34.758991642451306,34.758991642451306,34.758991642451306,34.758991642451306,34.758991642451306,34.758991642451306,34.758991642451306,101.78991845954097,98.27568048606939,82.48296793884177,103.82600830235168,127.52831929505786,34.758991642451306,34.758991642451306,61.33196046923659,204.5,154.0265804983023,113.2405782898894,62.71932944247958,
24.331050121192877,24.331050121192877,24.331050121192877,29.6936741700027,34.758991642451306,34.758991642451306,34.758991642451306,34.758991642451306,34.758991642451306,34.758991642451306,34.758991642451306,34.758991642451306,31.744515836822675,162.26225685599223,204.5,40.88777323357191,234.50989081249622,56.856040796031515,45.077710678338576,125.46170730545636,37.2409571424915,38.979994869163335,37.2409571424915,109.93911667372991,
24.331050121192877,24.331050121192877,24.331050121192877,29.6936741700027,31.744515836822675,34.758991642451306,34.758991642451306,34.758991642451306,34.758991642451306,34.758991642451306,34.758991642451306,34.758991642451306,38.92804717864559,70.7794348314659,138.09938450261103,128.49586569224707,95.31751450509277,127.14908135290986,102.8661265917989,146.79397883504018,198.44152791187634,96.70371955100796,204.6505313943748,218.04331883570498,
24.331050121192877,24.331050121192877,24.331050121192877,29.6936741700027,31.744515836822675,34.758991642451306,34.758991642451306,34.758991642451306,34.758991642451306,34.758991642451306,34.758991642451306,34.758991642451306,59.018535224114125,132.54359869701577,64.71068089753207,68.88761958604321,61.70988069183087,172.52010752373187,204.5,34.758991642451306,140.55807137468636,123.50379548823591,143.00514753750028,52.48941692273681,
24.331050121192877,24.331050121192877,24.331050121192877,29.6936741700027,31.744515836822675,34.758991642451306,34.758991642451306,34.758991642451306,34.758991642451306,34.758991642451306,34.758991642451306,34.758991642451306,55.42820323883604,84.46916597196872,114.2453937802308,108.69899825767588,113.49966008542128,124.69205818736012,135.6660751647857,47.150689284463276,114.1483245606347,102.50017421587982,209.5587957802986,58.6439201878592,
24.331050121192877,24.331050121192877,24.331050121192877,29.6936741700027,31.744515836822675,34.758991642451306,34.758991642451306,34.758991642451306,34.758991642451306,34.758991642451306,34.758991642451306,34.758991642451306,94.14147483415914,114.52884851799193,97.86814006358848,136.00088235007888,106.30469180614749,39.14297944084191,83.02915150716645,69.6822071981076,69.18259466772462,127.14908135290986,102.9742079357739,114.60172579658456,
24.331050121192877,24.331050121192877,24.331050121192877,29.6936741700027,31.744515836822675,34.758991642451306,34.758991642451306,34.758991642451306,34.758991642451306,34.758991642451306,34.758991642451306,34.758991642451306,199.63000498143782,24.331050121192877,85.48356567200504,138.00828132501945,72.9654069904633,72.14041862922615,204.5,111.63977785717776,101.78991845954097,40.88287810590422,122.30715432876363,153.81310809622897,
24.331050121192877,24.331050121192877,24.331050121192877,24.331050121192877,29.6936741700027,31.744515836822675,34.758991642451306,34.758991642451306,34.758991642451306,34.758991642451306,34.758991642451306,34.758991642451306,70.88296735978535,204.5,34.758991642451306,66.38041409180873,37.2409571424915,213.76362854538397,170.29441417732997,119.78963041747626,34.758991642451306,75.41776978935403,119.1909066255569,126.48889279300377,
