58.62166834882815,35.26171987990502,60.37176492367935,150.1382696050544,134.47021975143787,145.2,132.95051711069047,44.80575359879081,107.32306369089544,42.7048296957012,39.10511317645315,99.03946852912033,57.1235681730083,165.0,9.99999999E8,86.41309057210154,128.2870046246133,104.09731024382907,142.7019271068194,43.853187350708346,41.85642125170283,39.76877613851796,70.76879412722971,168.0,
35.26171987990502,39.10511317645315,39.76877613851796,41.85642125170283,42.7048296957012,43.853187350708346,44.80575359879081,57.1235681730083,58.62166834882815,60.37176492367935,70.76879412722971,86.41309057210154,101.05718952927374,87.14212528966688,47.13914260391356,56.60706669665899,68.02196449913063,115.79913643892168,60.93439094632849,107.34782510864184,107.06306552681929,70.76879412722971,169.24210140768426,58.78964383479646,
35.26171987990502,39.10511317645315,39.76877613851796,41.85642125170283,42.7048296957012,43.853187350708346,44.80575359879081,47.13914260391356,56.60706669665899,57.1235681730083,58.62166834882815,58.78964383479646,59.93955288455195,63.58314498772935,41.9416504302862,42.464218779381895,97.8807437650532,107.91766408805475,52.502792400752774,45.70801048199563,66.23601646040626,43.853187350708346,69.93028598510938,58.62166834882815,
35.26171987990502,39.10511317645315,39.76877613851796,41.85642125170283,41.9416504302862,42.464218779381895,42.7048296957012,43.853187350708346,43.853187350708346,44.80575359879081,45.70801048199563,47.13914260391356,40.49554159273448,43.853187350708346,42.59988262894629,65.91989152574078,34.53957510625616,39.280812727344504,97.8807437650532,77.23885032805705,41.499665326629106,38.67393785726707,88.55645034642697,91.23729992694427,
34.53957510625616,35.26171987990502,38.67393785726707,39.10511317645315,39.280812727344504,39.76877613851796,40.49554159273448,41.499665326629106,41.85642125170283,41.9416504302862,42.464218779381895,42.59988262894629,64.26896607228095,107.46394744285173,78.23707560996895,57.91856351809841,170.6503898488238,49.94985139438342,98.20641526906478,41.22303776985881,9.99999999E8,75.46448760104906,57.467758002870994,111.62660973083435,
34.53957510625616,35.26171987990502,38.67393785726707,39.10511317645315,39.280812727344504,39.76877613851796,40.49554159273448,41.22303776985881,41.499665326629106,41.85642125170283,41.9416504302862,42.464218779381895,121.19612205017123,154.17198189035517,43.73785545725808,79.63039620647382,55.68805976149645,157.61662348876783,35.75513602359968,48.257227437970364,99.82095081806334,43.2369298027211,53.73908157839031,97.04143444941444,
34.53957510625616,35.26171987990502,35.75513602359968,38.67393785726707,39.10511317645315,39.280812727344504,39.76877613851796,40.49554159273448,41.22303776985881,41.499665326629106,41.85642125170283,41.9416504302862,9.99999999E8,52.131777470389615,40.85611609321451,41.17022776620246,37.28104804334069,35.26171987990502,35.26171987990502,97.89708882290627,58.67064766950492,37.88350564559727,143.2083796430921,34.53957510625616,
34.53957510625616,34.53957510625616,35.26171987990502,35.26171987990502,35.26171987990502,35.75513602359968,37.28104804334069,37.88350564559727,38.67393785726707,39.10511317645315,39.280812727344504,39.76877613851796,64.2269572750907,98.02323987481518,43.37337893224368,37.69598989708305,35.26171987990502,143.2083796430921,44.983330245769935,52.20477797074906,9.99999999E8,44.75667547975386,35.26171987990502,38.67393785726707,
34.53957510625616,34.53957510625616,35.26171987990502,35.26171987990502,35.26171987990502,35.26171987990502,35.26171987990502,35.75513602359968,37.28104804334069,37.69598989708305,37.88350564559727,38.67393785726707,178.0,9.99999999E8,35.26171987990502,107.54533927604673,35.26171987990502,70.56025793603649,33.79208968743701,35.26171987990502,45.008023975978126,37.88350564559727,134.46271684828557,113.31480440771712,
33.79208968743701,34.53957510625616,34.53957510625616,35.26171987990502,35.26171987990502,35.26171987990502,35.26171987990502,35.26171987990502,35.26171987990502,35.26171987990502,35.26171987990502,35.75513602359968,35.26171987990502,35.26171987990502,39.698866482558415,92.66839859825694,50.433718879337064,35.26171987990502,36.815606594064,81.51466125796021,39.71845358967989,35.05313427102093,35.26171987990502,60.967103050095695,
33.79208968743701,34.53957510625616,34.53957510625616,35.05313427102093,35.26171987990502,35.26171987990502,35.26171987990502,35.26171987990502,35.26171987990502,35.26171987990502,35.26171987990502,35.26171987990502,145.2,35.26171987990502,29.788369186236267,73.13364897394973,48.257227437970364,34.58265461181371,10.0,35.26171987990502,35.26171987990502,43.99248621043378,98.20641526906478,57.85147697708117,
10.0,29.788369186236267,33.79208968743701,34.53957510625616,34.53957510625616,34.58265461181371,35.05313427102093,35.26171987990502,35.26171987990502,35.26171987990502,35.26171987990502,35.26171987990502,75.871602065595,35.26171987990502,43.69327226034148,143.2083796430921,42.108906421326125,33.79208968743701,29.788369186236267,59.59202863255462,63.284191461129446,121.19612205017123,35.26171987990502,157.61662348876783,
10.0,29.788369186236267,29.788369186236267,33.79208968743701,33.79208968743701,34.53957510625616,34.53957510625616,34.58265461181371,35.05313427102093,35.26171987990502,35.26171987990502,35.26171987990502,42.33391075721685,63.83388936997937,70.92318919388848,49.80963762164909,64.32252914105632,54.32715711317867,43.45296307503091,51.19326127528896,29.587701816218036,61.81413798089388,68.58206762704081,36.67914939035528,
10.0,29.587701816218036,29.788369186236267,29.788369186236267,33.79208968743701,33.79208968743701,34.53957510625616,34.53957510625616,34.58265461181371,35.05313427102093,35.26171987990502,35.26171987990502,29.788369186236267,62.88083968904996,31.98890340146724,72.56942185007622,113.27823790858274,35.26171987990502,38.88571415612807,60.570754713232795,29.587701816218036,52.302007609651085,58.57763090954777,29.587701816218036,
10.0,29.587701816218036,29.587701816218036,29.587701816218036,29.788369186236267,29.788369186236267,29.788369186236267,31.98890340146724,33.79208968743701,33.79208968743701,34.53957510625616,34.53957510625616,29.587701816218036,65.76135305447687,9.99999999E8,43.75372999972561,30.89944190764749,36.17379175420435,29.788369186236267,94.25232092633051,101.8638547177515,26.900421057322216,74.45468420455492,9.99999999E8,
10.0,26.900421057322216,29.587701816218036,29.587701816218036,29.587701816218036,29.587701816218036,29.788369186236267,29.788369186236267,29.788369186236267,29.788369186236267,30.89944190764749,31.98890340146724,10.0,68.90483686367654,60.083825741229894,29.788369186236267,30.89944190764749,107.56393447619885,137.97644726546628,67.98928746410381,82.98891492241599,57.584720195551874,46.852502865838325,81.51466125796021,
10.0,10.0,26.900421057322216,29.587701816218036,29.587701816218036,29.587701816218036,29.587701816218036,29.788369186236267,29.788369186236267,29.788369186236267,29.788369186236267,29.788369186236267,79.76684775017752,77.27935536371987,10.0,57.46268354332227,46.852502865838325,35.21457249069594,71.78265807282425,30.514914386247263,29.788369186236267,50.284622001925634,67.69903987502333,39.771220750688556,
10.0,10.0,10.0,26.900421057322216,29.587701816218036,29.587701816218036,29.587701816218036,29.587701816218036,29.788369186236267,29.788369186236267,29.788369186236267,29.788369186236267,165.0,151.0,36.331253763116955,65.19372839638966,100.66896244622768,51.51158886097621,10.0,91.5305413509611,43.37826033150425,29.587701816218036,87.91409948858538,59.10630724005311,
10.0,10.0,10.0,10.0,26.900421057322216,29.587701816218036,29.587701816218036,29.587701816218036,29.587701816218036,29.587701816218036,29.788369186236267,29.788369186236267,73.04450698033357,10.0,31.64472924341254,57.139828491167165,72.07009619413657,75.871602065595,41.782173232133346,33.78239186321774,44.2808467447242,157.61662348876783,95.02105029939419,109.01834707974616,
10.0,10.0,10.0,10.0,10.0,26.900421057322216,29.587701816218036,29.587701816218036,29.587701816218036,29.587701816218036,29.587701816218036,29.788369186236267,65.00957543284822,61.59139550294343,58.23607129606186,51.15662224971465,107.34782510864184,31.19019721590205,9.99999999E8,83.11582280167838,107.88368221788173,45.205088209182826,154.17198189035517,49.66107351056985,
10.0,10.0,10.0,10.0,10.0,26.900421057322216,29.587701816218036,29.587701816218036,29.587701816218036,29.587701816218036,29.587701816218036,29.788369186236267,81.3725998109929,29.587701816218036,40.50903909648697,74.62573282722254,9.99999999E8,41.87791780879274,68.90483686367654,46.724831476884,79.24364678354698,169.24210140768426,145.2,50.71166995266233,
10.0,10.0,10.0,10.0,10.0,26.900421057322216,29.587701816218036,29.587701816218036,29.587701816218036,29.587701816218036,29.587701816218036,29.587701816218036,43.068421016899244,10.0,10.0,29.587701816218036,120.5632614024687,53.23082435165762,93.74166629626338,68.2102631573871,10.0,87.39494575322921,137.97644726546628,29.587701816218036,
10.0,10.0,10.0,10.0,10.0,10.0,10.0,10.0,26.900421057322216,29.587701816218036,29.587701816218036,29.587701816218036,51.47497906155723,22.0,10.0,143.2083796430921,151.0,51.78487684051933,88.55645034642697,26.900421057322216,10.0,137.97644726546628,45.0945746310687,10.0,
10.0,10.0,10.0,10.0,10.0,10.0,10.0,10.0,10.0,10.0,10.0,22.0,10.0,52.302007609651085,64.29791771295726,56.68474221516757,63.625641232306826,10.0,10.0,10.0,10.0,97.57845846064363,10.0,54.75602452901619,
10.0,10.0,10.0,10.0,10.0,10.0,10.0,10.0,10.0,10.0,10.0,10.0,38.84012816090539,63.625641232306826,77.35631842325486,10.0,9.99999999E8,29.31817790306136,77.35631842325486,46.219562242456355,10.0,10.0,75.01259153561413,142.7131388485307,
10.0,10.0,10.0,10.0,10.0,10.0,10.0,10.0,10.0,10.0,10.0,10.0,115.78359123813702,73.13364897394973,125.84205267803851,98.59963939532886,97.57845846064363,50.433718879337064,47.29445455969194,48.36279561811951,10.0,63.625641232306826,10.0,10.0,
10.0,10.0,10.0,10.0,10.0,10.0,10.0,10.0,10.0,10.0,10.0,10.0,10.0,175.0,58.81020319638421,67.1085356385874,63.625641232306826,175.0,77.35631842325486,78.23707560996895,151.0,65.45196088486173,10.0,44.02760216121377,
10.0,10.0,10.0,10.0,10.0,10.0,10.0,10.0,10.0,10.0,10.0,10.0,42.42640687119285,10.0,151.0,107.34782510864184,10.0,10.0,9.99999999E8,9.99999999E8,10.0,10.0,48.49700180086878,49.26803063828721,
10.0,10.0,10.0,10.0,10.0,10.0,10.0,10.0,10.0,10.0,10.0,10.0,70.81136914366223,10.0,10.0,10.0,44.557690190381734,128.63996268656174,10.0,60.93439094632849,143.2083796430921,10.0,75.01259153561413,151.0,
10.0,10.0,10.0,10.0,10.0,10.0,10.0,10.0,10.0,10.0,10.0,10.0,55.40252701817851,62.014836934398204,61.44826188663833,64.29791771295726,114.10977171127809,10.0,125.84205267803851,9.99999999E8,45.640333039976824,46.5892214525587,58.180752831155424,10.0,
10.0,10.0,10.0,10.0,10.0,10.0,10.0,10.0,10.0,10.0,10.0,10.0,10.0,77.35631842325486,64.0975818576645,59.04870870730367,143.2083796430921,10.0,10.0,10.0,10.0,77.72744403076403,63.625641232306826,63.625641232306826,
10.0,10.0,10.0,10.0,10.0,10.0,10.0,10.0,10.0,10.0,10.0,10.0,10.0,85.17182632772412,10.0,57.53816124973059,47.45159977269106,10.0,10.0,75.4787387282008,10.0,56.454424457400386,10.0,10.0,
10.0,10.0,10.0,10.0,10.0,10.0,10.0,10.0,10.0,10.0,10.0,10.0,10.0,54.65747890270828,107.96064097623726,9.99999999E8,106.84680622274117,116.05841441082828,68.28932638974726,10.0,10.0,63.843239138325906,58.62166834882815,10.0,
10.0,10.0,10.0,10.0,10.0,10.0,10.0,10.0,10.0,10.0,10.0,10.0,178.0,10.0,30.684777260973487,24.791360798631725,125.84205267803851,90.48342389631374,81.62413858657254,37.87294548883147,10.0,41.775709168645,10.0,10.0,
10.0,10.0,10.0,10.0,10.0,10.0,10.0,10.0,10.0,10.0,10.0,10.0,29.553134437856855,60.93439094632849,122.78639989836007,10.0,112.20739726060845,10.0,58.180752831155424,61.59139550294343,113.47907296061243,61.80097086616034,10.0,42.75107391619133,
10.0,10.0,10.0,10.0,10.0,10.0,10.0,10.0,10.0,10.0,10.0,10.0,63.625641232306826,52.825709229082335,10.0,10.0,63.625641232306826,175.0,41.35684814983957,63.03934631381792,101.3145596644431,76.54120168612167,168.0,10.0,
10.0,10.0,10.0,10.0,10.0,10.0,10.0,10.0,10.0,10.0,10.0,10.0,10.0,29.595420066099564,49.99156953720686,10.0,10.0,178.0,105.5533040695553,137.97644726546628,107.34782510864184,29.441165435869248,178.0,128.2870046246133,
10.0,10.0,10.0,10.0,10.0,10.0,10.0,10.0,10.0,10.0,10.0,10.0,63.625641232306826,57.53816124973059,111.20476608491202,70.76879412722971,50.274844604434136,47.66083880457367,59.09398248072386,49.02727271007184,10.0,95.11513490969189,137.97644726546628,10.0,
10.0,10.0,10.0,10.0,10.0,10.0,10.0,10.0,10.0,10.0,10.0,10.0,49.14305647800104,120.8035595502053,137.97644726546628,125.84205267803851,68.33709961414422,9.99999999E8,10.0,10.0,63.625641232306826,9.99999999E8,99.82095081806334,77.1144603819543,
10.0,10.0,10.0,10.0,10.0,10.0,10.0,10.0,10.0,10.0,10.0,10.0,51.59169002212317,92.14601938710585,9.99999999E8,10.0,9.99999999E8,10.0,58.78964383479646,94.07784011126105,75.19851279467309,120.8035595502053,74.19595676315522,30.684777260973487,
10.0,10.0,10.0,10.0,10.0,10.0,10.0,10.0,10.0,10.0,10.0,10.0,68.1642134847898,44.46909038871832,55.68805976149645,10.0,113.32110778397711,42.53480782304312,107.85587090598679,10.0,65.487708770425,61.184602275045926,42.42640687119285,107.34782510864184,
10.0,10.0,10.0,10.0,10.0,10.0,10.0,10.0,10.0,10.0,10.0,10.0,9.99999999E8,46.468914340664334,78.23707560996895,51.56200151274192,42.46631318000235,10.0,81.3725998109929,30.739045022396006,9.99999999E8,48.36279561811951,79.18052510280262,10.0,
10.0,10.0,10.0,10.0,10.0,10.0,10.0,10.0,10.0,10.0,10.0,10.0,10.0,41.56621224023185,137.97644726546628,10.0,9.99999999E8,40.99304516702944,10.0,39.687555238592445,54.649387513087056,93.74166629626338,10.0,37.82709199619882,
10.0,10.0,10.0,10.0,10.0,10.0,10.0,10.0,10.0,10.0,10.0,10.0,50.36422892843248,78.23707560996895,60.87281823605672,92.66839859825694,157.61662348876783,46.5892214525587,178.0,10.0,10.0,9.99999999E8,109.01834707974616,165.0,
10.0,10.0,10.0,10.0,10.0,10.0,10.0,10.0,10.0,10.0,10.0,10.0,10.0,44.33082699682267,10.0,9.99999999E8,10.0,10.0,169.24210140768426,39.118054939148266,9.99999999E8,9.99999999E8,45.863929181874504,53.14027558160466,
10.0,10.0,10.0,10.0,10.0,10.0,10.0,10.0,10.0,10.0,10.0,10.0,60.36348233824818,64.04873144723477,77.35631842325486,10.0,57.53816124973059,10.0,60.93439094632849,65.29195968877026,66.19636835713474,151.0,10.0,46.14278952115258,
10.0,10.0,10.0,10.0,10.0,10.0,10.0,10.0,10.0,10.0,10.0,10.0,10.0,10.0,9.99999999E8,10.0,63.520204081304804,97.25142672475299,10.0,10.0,40.61882431692095,10.0,46.5892214525587,63.520204081304804,
10.0,10.0,10.0,10.0,10.0,10.0,10.0,10.0,10.0,10.0,10.0,10.0,10.0,10.0,78.13805446487362,96.0,10.0,10.0,10.0,10.0,10.0,10.0,10.0,9.99999999E8,
10.0,10.0,10.0,10.0,10.0,10.0,10.0,10.0,10.0,10.0,10.0,10.0,57.3372479283755,112.20739726060845,10.0,63.625641232306826,151.0,44.658581357773656,157.61662348876783,61.184602275045926,50.264301447448766,77.35631842325486,64.5875805055086,9.99999999E8,
10.0,10.0,10.0,10.0,10.0,10.0,10.0,10.0,10.0,10.0,10.0,10.0,9.99999999E8,9.99999999E8,125.84205267803851,10.0,43.11056378730358,10.0,112.20739726060845,9.99999999E8,10.0,50.30864736802213,50.42917846660132,10.0,
10.0,10.0,10.0,10.0,10.0,10.0,10.0,10.0,10.0,10.0,10.0,10.0,9.99999999E8,47.51010288920884,154.17198189035517,10.0,10.0,10.0,73.79593484738844,81.97012895449372,10.0,10.0,123.52822439516494,61.21633768856154,
10.0,10.0,10.0,10.0,10.0,10.0,10.0,10.0,10.0,10.0,10.0,10.0,51.03484648311931,10.0,10.0,70.83389019388953,116.05841441082828,66.82141902725748,10.0,10.0,72.21478523551511,114.47925576278001,48.47221426297292,9.99999999E8,
10.0,10.0,10.0,10.0,10.0,10.0,10.0,10.0,10.0,10.0,10.0,10.0,64.29791771295726,137.97644726546628,10.0,132.3839114092041,50.709959574032396,10.0,57.431010679373564,170.6503898488238,10.0,68.2102631573871,58.9788097540125,10.0,
10.0,10.0,10.0,10.0,10.0,10.0,10.0,10.0,10.0,10.0,10.0,10.0,9.99999999E8,10.0,10.0,22.0,53.37134062397159,10.0,34.18414187244658,143.2083796430921,10.0,56.573343633521816,77.35631842325486,10.0,
10.0,10.0,10.0,10.0,10.0,10.0,10.0,10.0,10.0,10.0,10.0,10.0,9.99999999E8,10.0,10.0,61.184602275045926,43.49137845596527,145.2,10.0,10.0,98.5370770601379,10.0,42.29919883664727,143.2083796430921,
10.0,10.0,10.0,10.0,10.0,10.0,10.0,10.0,10.0,10.0,10.0,10.0,57.55866572463264,81.76116981115723,10.0,151.0,10.0,9.99999999E8,57.784080852774665,10.0,10.0,68.17800231746307,9.99999999E8,70.05156830665693,
10.0,10.0,10.0,10.0,10.0,10.0,10.0,10.0,10.0,10.0,10.0,10.0,175.0,121.19612205017123,97.30077080886872,10.0,164.29715626131681,74.0190267872431,49.78930815558266,9.99999999E8,42.82522621072771,49.88486744494767,46.39504283864818,10.0,
10.0,10.0,10.0,10.0,10.0,10.0,10.0,10.0,10.0,10.0,10.0,10.0,10.0,113.6521725552601,67.93788012262051,57.83632076818165,59.27765177535291,84.41232137549588,10.0,75.871602065595,91.60785992479029,123.09142943357186,77.35631842325486,10.0,
10.0,10.0,10.0,10.0,10.0,10.0,10.0,10.0,10.0,10.0,10.0,10.0,10.0,48.42330354829803,78.23707560996895,10.0,9.99999999E8,56.94075868830692,10.0,78.57887756897524,10.0,137.6935002097049,49.503939237196064,10.0,
10.0,10.0,10.0,10.0,10.0,10.0,10.0,10.0,10.0,10.0,10.0,10.0,53.73908157839031,10.0,63.625641232306826,58.81020319638421,57.76004001229762,9.99999999E8,9.99999999E8,9.99999999E8,9.99999999E8,65.29195968877026,175.0,10.0,
10.0,10.0,10.0,10.0,10.0,10.0,10.0,10.0,10.0,10.0,10.0,10.0,63.625641232306826,81.3725998109929,10.0,58.81020319638421,121.19612205017123,46.269740531895025,60.29654608174298,70.57619995437555,10.0,10.0,51.40579301553041,10.0,
10.0,10.0,10.0,10.0,10.0,10.0,10.0,10.0,10.0,10.0,10.0,10.0,137.5136356875201,35.75513602359968,53.895732669665044,52.302007609651085,10.0,65.40812046085885,151.0,10.0,10.0,107.34782510864184,60.93439094632849,77.35631842325486,
10.0,10.0,10.0,10.0,10.0,10.0,10.0,10.0,10.0,10.0,10.0,10.0,10.0,72.24610716156269,10.0,10.0,134.46271684828557,157.61662348876783,121.19612205017123,9.99999999E8,10.0,39.70586298716545,10.0,9.99999999E8,
10.0,10.0,10.0,10.0,10.0,10.0,10.0,10.0,10.0,10.0,10.0,10.0,128.42211647531744,50.86993218002163,10.0,63.625641232306826,79.21840414673572,154.17198189035517,63.625641232306826,10.0,134.47021975143787,107.63931541134131,178.0,10.0,
10.0,10.0,10.0,10.0,10.0,10.0,10.0,10.0,10.0,10.0,10.0,10.0,63.625641232306826,143.2083796430921,77.35631842325486,10.0,48.868177431045034,52.689868307125444,10.0,10.0,10.0,134.47021975143787,68.2102631573871,10.0,
10.0,10.0,10.0,10.0,10.0,10.0,10.0,10.0,10.0,10.0,10.0,10.0,44.533695108310965,125.84205267803851,125.84205267803851,37.95025984393549,81.3725998109929,63.625641232306826,9.99999999E8,9.99999999E8,113.47354272234205,45.5125010859878,10.0,66.8995930896112,
10.0,10.0,10.0,10.0,10.0,10.0,10.0,10.0,10.0,10.0,10.0,10.0,40.40111384603152,10.0,32.19068188156318,57.97447714296352,10.0,10.0,10.0,10.0,77.52831740725449,75.01259153561413,96.65143558168187,50.811809650906945,
10.0,10.0,10.0,10.0,10.0,10.0,10.0,10.0,10.0,10.0,10.0,10.0,10.0,10.0,63.625641232306826,10.0,56.74010927025079,10.0,10.0,61.78219808326667,72.8384513838673,44.8503685108111,51.288400248009296,10.0,
10.0,10.0,10.0,10.0,10.0,10.0,10.0,10.0,10.0,10.0,10.0,10.0,65.76135305447687,10.0,137.97644726546628,81.3725998109929,32.19068188156318,65.5975609302663,86.66467234172622,45.20884869137899,22.0,10.0,50.499724971748336,63.625641232306826,
10.0,10.0,10.0,10.0,10.0,10.0,10.0,10.0,10.0,10.0,10.0,10.0,9.99999999E8,87.7933566358398,10.0,123.52822439516494,63.625641232306826,63.625641232306826,55.43814350338619,128.2870046246133,49.938727889383365,137.97644726546628,75.01259153561413,9.99999999E8,
10.0,10.0,10.0,10.0,10.0,10.0,10.0,10.0,10.0,10.0,10.0,10.0,155.88617642369704,10.0,10.0,10.0,10.0,10.0,9.99999999E8,66.8995930896112,77.35631842325486,104.65923540498255,49.938727889383365,128.3005845660884,
10.0,10.0,10.0,10.0,10.0,10.0,10.0,10.0,10.0,10.0,10.0,10.0,86.51197019866281,53.65034948628014,58.9788097540125,180.0,76.54120168612167,10.0,142.7131388485307,31.229632415838687,10.0,171.0,60.93439094632849,60.08789857829574,
10.0,10.0,10.0,10.0,10.0,10.0,10.0,10.0,10.0,10.0,10.0,10.0,70.61614546263482,70.48581417561977,33.409912035535534,85.12082915218551,9.99999999E8,108.8691875601173,10.0,10.0,118.50527414423377,10.0,10.0,10.0,
10.0,10.0,10.0,10.0,10.0,10.0,10.0,10.0,10.0,10.0,10.0,10.0,10.0,10.0,19.005522264415937,151.58349367776015,81.3725998109929,37.11077844162272,120.8035595502053,10.0,157.61662348876783,63.625641232306826,10.0,175.0,
10.0,10.0,10.0,10.0,10.0,10.0,10.0,10.0,10.0,10.0,10.0,10.0,9.99999999E8,10.0,58.5632506012743,35.82596823534571,9.99999999E8,10.0,145.2,60.93439094632849,9.99999999E8,52.20798281285875,40.496913462633174,9.99999999E8,
10.0,10.0,10.0,10.0,10.0,10.0,10.0,10.0,10.0,10.0,10.0,10.0,58.81020319638421,10.0,107.34782510864184,115.96482225226752,62.27438289884613,10.0,10.0,107.83552290409686,71.29866758923339,63.625641232306826,171.0,9.99999999E8,
10.0,10.0,10.0,10.0,10.0,10.0,10.0,10.0,10.0,10.0,10.0,10.0,10.0,10.0,45.477906724034696,58.56240735792506,10.0,10.0,10.0,157.61662348876783,63.625641232306826,10.0,112.0,63.625641232306826,
10.0,10.0,10.0,10.0,10.0,10.0,10.0,10.0,10.0,10.0,10.0,10.0,9.99999999E8,157.61662348876783,10.0,175.0,101.34416608764414,10.0,108.80946649993281,71.46199218137298,9.99999999E8,10.0,10.0,63.625641232306826,
10.0,10.0,10.0,10.0,10.0,10.0,10.0,10.0,10.0,10.0,10.0,10.0,97.57845846064363,10.0,73.94371825508748,61.59139550294343,10.0,90.92579392009728,10.0,9.99999999E8,10.0,42.18594933135503,10.0,70.53899630700738,
10.0,10.0,10.0,10.0,10.0,10.0,10.0,10.0,10.0,10.0,10.0,10.0,10.0,10.0,10.0,10.0,10.0,10.0,10.0,22.0,10.0,10.0,85.18509259254228,63.625641232306826,
10.0,10.0,10.0,10.0,10.0,10.0,10.0,10.0,10.0,10.0,10.0,10.0,137.97644726546628,34.07913958864045,98.5370770601379,68.2102631573871,45.465393881680235,55.14112086162688,10.0,114.10977171127809,10.0,57.706152185014034,134.46271684828557,15.317963311093285,
10.0,10.0,10.0,10.0,10.0,10.0,10.0,10.0,10.0,10.0,10.0,10.0,54.680892457969264,9.99999999E8,9.99999999E8,165.0,128.2870046246133,44.13978916640088,51.39999205907983,63.625641232306826,63.625641232306826,165.0,9.99999999E8,112.20739726060845,
10.0,10.0,10.0,10.0,10.0,10.0,10.0,10.0,10.0,10.0,10.0,10.0,41.79413834498804,116.05841441082828,10.0,10.0,67.72370338367506,64.14237989004761,10.0,10.0,42.16487333326019,10.0,10.0,178.0,
10.0,10.0,10.0,10.0,10.0,10.0,10.0,10.0,10.0,10.0,10.0,10.0,10.0,57.510868538042445,66.31930337390465,55.594514117851595,9.99999999E8,107.34782510864184,10.0,78.23707560996895,153.12812355090824,116.05841441082828,30.683871985132516,49.415347243643616,
10.0,10.0,10.0,10.0,10.0,10.0,10.0,10.0,10.0,10.0,10.0,10.0,63.625641232306826,10.0,10.0,54.063748379934665,10.0,10.0,10.0,164.29715626131681,10.0,78.0297379208722,57.586846570715984,77.35631842325486,
10.0,10.0,10.0,10.0,10.0,10.0,10.0,10.0,10.0,10.0,10.0,10.0,83.36666000266533,10.0,137.97644726546628,10.0,22.0,10.0,54.6310859818433,10.0,73.33921188559364,137.97644726546628,50.039984012787215,114.34614116794671,
10.0,10.0,10.0,10.0,10.0,10.0,10.0,10.0,10.0,10.0,10.0,10.0,83.36666000266533,75.01259153561413,38.84263121880391,9.99999999E8,107.34782510864184,121.19612205017123,75.01259153561413,37.332961307670196,10.0,44.802033683999454,10.0,37.359737686445285,
10.0,10.0,10.0,10.0,10.0,10.0,10.0,10.0,10.0,10.0,10.0,10.0,10.0,63.625641232306826,153.12812355090824,52.65482515634154,10.0,22.0,69.86057543421755,9.99999999E8,132.95051711069047,63.625641232306826,10.0,9.99999999E8,
10.0,10.0,10.0,10.0,10.0,10.0,10.0,10.0,10.0,10.0,10.0,10.0,115.96482225226752,151.0,10.0,61.11080601861587,55.73947334599501,10.0,10.0,9.99999999E8,56.66470584842816,107.34782510864184,65.76135305447687,48.605555238058955,
10.0,10.0,10.0,10.0,10.0,10.0,10.0,10.0,10.0,10.0,10.0,10.0,10.0,54.527261275642864,157.61662348876783,44.70583373842763,165.0,98.5370770601379,42.970920399730794,10.0,65.88247111333939,49.98611377420667,10.0,42.2558345741219,
10.0,10.0,10.0,10.0,10.0,10.0,10.0,10.0,10.0,10.0,10.0,10.0,64.43569805374557,96.82974749528164,153.12812355090824,107.34782510864184,10.0,10.0,54.01440137181523,151.0,10.0,62.34292261355735,10.0,61.184602275045926,
10.0,10.0,10.0,10.0,10.0,10.0,10.0,10.0,10.0,10.0,10.0,10.0,75.01259153561413,169.24210140768426,10.0,10.0,45.75412549705218,128.34422464606655,63.625641232306826,41.379281022743534,57.71962885843564,57.09835568755218,157.61662348876783,58.23607129606186,
10.0,10.0,10.0,10.0,10.0,10.0,10.0,10.0,10.0,10.0,10.0,10.0,153.12812355090824,10.0,10.0,64.29791771295726,10.0,157.61662348876783,10.0,10.0,108.39667891591513,10.0,47.8617801591207,169.24210140768426,
10.0,10.0,10.0,10.0,10.0,10.0,10.0,10.0,10.0,10.0,10.0,10.0,50.428044323778686,165.0,107.34782510864184,165.0,60.72067193304106,66.40030120413611,10.0,120.8035595502053,10.0,51.9341604802984,39.82775414205526,54.832066854675055,
10.0,10.0,10.0,10.0,10.0,10.0,10.0,10.0,10.0,10.0,10.0,10.0,60.215354261923004,123.52822439516494,56.66470584842816,48.86143673696056,142.84607099952032,64.29791771295726,66.10779076629319,76.55708755119271,137.97644726546628,10.0,128.2870046246133,10.0,
10.0,10.0,10.0,10.0,10.0,10.0,10.0,10.0,10.0,10.0,10.0,10.0,135.59088792720877,54.389796837274545,39.06200199682551,151.0,74.09885289260556,128.56220284360407,165.0,39.9172613677597,178.0,10.0,84.4241671560934,178.0,
10.0,10.0,10.0,10.0,10.0,10.0,10.0,10.0,10.0,10.0,10.0,10.0,55.65258193959387,10.0,128.77359977883663,77.05986129122101,60.906120838184684,77.01226453551985,10.0,169.24210140768426,99.82095081806334,128.38051080890568,10.0,150.1382696050544,
10.0,10.0,10.0,10.0,10.0,10.0,10.0,10.0,10.0,10.0,10.0,10.0,75.01259153561413,58.81020319638421,124.98888839501781,97.89708882290627,10.0,9.99999999E8,10.0,10.0,10.0,10.0,105.67610893669391,10.0,
10.0,10.0,10.0,10.0,10.0,10.0,10.0,10.0,10.0,10.0,10.0,10.0,10.0,55.95757321399848,63.32198251308747,48.55151902875954,63.083718624979255,75.01259153561413,65.12019655989991,93.28212881123349,39.74921382870358,63.625641232306826,27.45695353677573,10.0,
10.0,10.0,10.0,10.0,10.0,10.0,10.0,10.0,10.0,10.0,10.0,10.0,65.78415884964673,60.00866604083114,9.99999999E8,48.49742261192856,10.0,10.0,40.82331698767928,67.8937077758724,137.97644726546628,24.9098374141623,56.62351298022953,10.0,
10.0,10.0,10.0,10.0,10.0,10.0,10.0,10.0,10.0,10.0,10.0,10.0,48.14445854809138,165.0,10.0,63.625641232306826,81.35748275358573,151.0,70.46956210785952,42.46763473517215,10.0,9.99999999E8,10.0,10.0,
10.0,10.0,10.0,10.0,10.0,10.0,10.0,10.0,10.0,10.0,10.0,10.0,165.0,52.025105192089086,10.0,108.98550362318835,10.0,97.81594544691305,10.0,61.96970951972572,178.0,10.0,64.29791771295726,10.0,
10.0,10.0,10.0,10.0,10.0,10.0,10.0,10.0,10.0,10.0,10.0,10.0,73.04450698033357,63.625641232306826,123.52822439516494,50.77893263943227,10.0,137.97644726546628,10.0,10.0,59.10630724005311,41.692264246010716,75.01259153561413,10.0,
10.0,10.0,10.0,10.0,10.0,10.0,10.0,10.0,10.0,10.0,10.0,10.0,9.99999999E8,10.0,10.0,50.19394484163834,10.0,10.0,42.913349386357105,60.93439094632849,10.0,10.0,37.178249316263155,91.25452183372636,
10.0,10.0,10.0,10.0,10.0,10.0,10.0,10.0,10.0,10.0,10.0,10.0,10.0,10.0,57.45815868960648,63.625641232306826,10.0,10.0,75.01259153561413,151.0,46.4194510103121,107.34782510864184,10.0,10.0,
10.0,10.0,10.0,10.0,10.0,10.0,10.0,10.0,10.0,10.0,10.0,10.0,9.99999999E8,10.0,60.967103050095695,145.2,76.93828695779494,10.0,10.0,45.863929181874504,77.31529163747398,10.0,63.625641232306826,10.0,
10.0,10.0,10.0,10.0,10.0,10.0,10.0,10.0,10.0,10.0,10.0,10.0,10.0,120.62982863104612,57.45815868960648,157.0,137.97644726546628,10.0,10.0,32.57238093845766,99.82095081806334,46.71294002128424,10.0,75.46448760104906,
10.0,10.0,10.0,10.0,10.0,10.0,10.0,10.0,10.0,10.0,10.0,10.0,128.56220284360407,10.0,66.64802460443572,10.0,59.10630724005311,10.0,165.0,157.61662348876783,17.573170645350604,107.8917976493116,65.76135305447687,63.625641232306826,
10.0,10.0,10.0,10.0,10.0,10.0,10.0,10.0,10.0,10.0,10.0,10.0,65.12019655989991,10.0,10.0,10.0,62.04321074863872,10.0,137.97644726546628,40.61969965423181,81.51466125796021,56.464545495020005,58.81020319638421,53.3475397745763,
10.0,10.0,10.0,10.0,10.0,10.0,10.0,10.0,10.0,10.0,10.0,10.0,10.0,72.40055248407984,10.0,111.61342014092908,66.0602693278908,55.56473701908432,22.0,72.44653200809546,63.625641232306826,151.0,10.0,165.0,
10.0,10.0,10.0,10.0,10.0,10.0,10.0,10.0,10.0,10.0,10.0,10.0,63.625641232306826,10.0,124.98888839501781,9.99999999E8,10.0,74.01050976419198,154.1590088188167,61.59139550294343,99.83764598364463,70.76879412722971,169.24210140768426,10.0,
10.0,10.0,10.0,10.0,10.0,10.0,10.0,10.0,10.0,10.0,10.0,10.0,72.44653200809546,10.0,64.5875805055086,10.0,9.99999999E8,9.99999999E8,10.0,56.4297881234222,36.864280904577136,58.23607129606186,169.24210140768426,143.2083796430921,
10.0,10.0,10.0,10.0,10.0,10.0,10.0,10.0,10.0,10.0,10.0,10.0,55.65258193959387,65.89460346213565,37.83427148453413,33.20456609980837,63.625641232306826,82.90934316271881,63.625641232306826,143.2083796430921,45.465393881680235,125.84205267803851,56.77587515838043,169.24210140768426,
10.0,10.0,10.0,10.0,10.0,10.0,10.0,10.0,10.0,10.0,10.0,10.0,9.99999999E8,134.46271684828557,10.0,168.0,64.29791771295726,40.675545478825484,61.59139550294343,42.4175671155242,72.57792746803642,66.20715788418984,175.0,50.68912856917192,
10.0,10.0,10.0,10.0,10.0,10.0,10.0,10.0,10.0,10.0,10.0,10.0,10.0,10.0,79.76684775017752,55.79202451963901,10.0,22.0,10.0,55.28400299955061,64.22336023597644,175.0,45.16635916254486,151.0,
10.0,10.0,10.0,10.0,10.0,10.0,10.0,10.0,10.0,10.0,10.0,10.0,99.82095081806334,9.99999999E8,10.0,68.01143694670445,9.99999999E8,56.62351298022953,165.0,10.0,47.003829631211964,53.73974320742517,10.0,62.18332117295413,
10.0,10.0,10.0,10.0,10.0,10.0,10.0,10.0,10.0,10.0,10.0,10.0,9.99999999E8,10.0,53.116737052477546,55.58776843874919,64.49331558465606,53.662589104400794,59.46629297341478,178.0,93.28212881123349,165.0,64.29791771295726,93.74166629626338,
10.0,10.0,10.0,10.0,10.0,10.0,10.0,10.0,10.0,10.0,10.0,10.0,96.0,54.581681908860226,178.0,9.99999999E8,64.29791771295726,78.23707560996895,90.7474629993386,10.0,52.24901912954922,120.8035595502053,70.84800632339628,50.19394484163834,
10.0,10.0,10.0,10.0,10.0,10.0,10.0,10.0,10.0,10.0,10.0,10.0,78.23707560996895,97.8807437650532,40.50925820105819,137.8676901960717,9.99999999E8,10.0,37.71683974036001,77.06776239128784,175.0,52.7063563529106,169.24210140768426,10.0,
10.0,10.0,10.0,10.0,10.0,10.0,10.0,10.0,10.0,10.0,10.0,10.0,10.0,10.0,157.61662348876783,10.0,63.625641232306826,71.64146843832837,169.24210140768426,9.99999999E8,151.0,40.323194317910875,63.625641232306826,10.0,
10.0,10.0,10.0,10.0,10.0,10.0,10.0,10.0,10.0,10.0,10.0,10.0,63.625641232306826,73.00656945558714,10.0,10.0,43.482932652924475,64.29791771295726,107.34782510864184,9.99999999E8,56.18114441388962,10.0,10.0,60.906120838184684,
10.0,10.0,10.0,10.0,10.0,10.0,10.0,10.0,10.0,10.0,10.0,10.0,97.09273917240156,35.82945715469326,162.2638454972504,10.0,10.0,10.0,9.99999999E8,46.99586758692656,10.0,54.24726197789862,43.91178541074348,87.10482191015605,
10.0,10.0,10.0,10.0,10.0,10.0,10.0,10.0,10.0,10.0,10.0,10.0,10.0,10.0,9.99999999E8,67.72370338367506,10.0,10.0,65.76135305447687,51.33116878553311,108.8691875601173,157.61662348876783,143.2083796430921,10.0,
10.0,10.0,10.0,10.0,10.0,10.0,10.0,10.0,10.0,10.0,10.0,10.0,109.01834707974616,9.99999999E8,140.37647792830376,10.0,55.43814350338619,52.8257512961245,137.97644726546628,10.0,10.0,81.3725998109929,113.5762103415832,10.0,
10.0,10.0,10.0,10.0,10.0,10.0,10.0,10.0,10.0,10.0,10.0,10.0,63.625641232306826,165.0,58.704533234003506,10.0,65.78939806655161,50.244832668410226,9.99999999E8,50.9017451009392,10.0,48.62914134991232,58.67064766950492,9.99999999E8,
10.0,10.0,10.0,10.0,10.0,10.0,10.0,10.0,10.0,10.0,10.0,10.0,75.01259153561413,9.99999999E8,63.625641232306826,10.0,63.625641232306826,77.35631842325486,136.82673552911928,9.99999999E8,9.99999999E8,10.0,10.0,9.99999999E8,
10.0,10.0,10.0,10.0,10.0,10.0,10.0,10.0,10.0,10.0,10.0,10.0,48.43781809931391,9.99999999E8,60.49875011462715,58.16833808486843,10.0,9.99999999E8,102.67930658121918,63.625641232306826,9.99999999E8,10.0,56.66470584842816,114.10977171127809,
10.0,10.0,10.0,10.0,10.0,10.0,10.0,10.0,10.0,10.0,10.0,10.0,81.51466125796021,60.93439094632849,39.698866482558415,50.42917846660132,131.83262115273288,62.32352864065242,98.44400551695477,9.99999999E8,50.25375607852611,10.0,10.0,10.0,
10.0,10.0,10.0,10.0,10.0,10.0,10.0,10.0,10.0,10.0,10.0,10.0,137.97644726546628,55.20724590124018,157.61662348876783,10.0,178.0,154.17198189035517,9.99999999E8,137.97644726546628,134.47021975143787,175.0,77.35631842325486,67.45739396092915,
10.0,10.0,10.0,10.0,10.0,10.0,10.0,10.0,10.0,10.0,10.0,10.0,10.0,81.3725998109929,63.625641232306826,10.0,45.16635916254486,81.51466125796021,10.0,75.01259153561413,98.5370770601379,70.74065309282916,56.464545495020005,116.05841441082828,
10.0,10.0,10.0,10.0,10.0,10.0,10.0,10.0,10.0,10.0,10.0,10.0,112.90212083432662,9.99999999E8,10.0,10.0,47.84568817086039,10.0,66.21933252457322,115.78359123813702,68.23078484086197,57.71962885843564,123.98645087266591,151.0,
10.0,10.0,10.0,10.0,10.0,10.0,10.0,10.0,10.0,10.0,10.0,10.0,65.12019655989991,175.0,64.32252914105632,165.0,68.2102631573871,10.0,63.625641232306826,10.0,36.49210146576592,60.906120838184684,41.68333000133266,96.68484464316768,
10.0,10.0,10.0,10.0,10.0,10.0,10.0,10.0,10.0,10.0,10.0,10.0,10.0,53.28748028904683,125.84205267803851,10.0,123.52822439516494,61.59139550294343,153.0,94.04080746882045,65.00957543284822,97.15580270884493,10.0,42.464218779381895,
10.0,10.0,10.0,10.0,10.0,10.0,10.0,10.0,10.0,10.0,10.0,10.0,10.0,46.682437811236895,63.625641232306826,104.79742363245387,63.625641232306826,68.2102631573871,10.0,60.03239866013092,10.0,60.08951655655086,10.0,10.0,
10.0,10.0,10.0,10.0,10.0,10.0,10.0,10.0,10.0,10.0,10.0,10.0,55.14852672556176,68.2102631573871,165.0,10.0,52.689868307125444,35.30956573081529,10.0,51.49524249870078,53.84013372940301,95.86216957463228,10.0,68.2102631573871,
10.0,10.0,10.0,10.0,10.0,10.0,10.0,10.0,10.0,10.0,10.0,10.0,113.29386567683177,140.70621876804165,89.15132743640709,56.74010927025079,40.03123780249619,81.62413858657254,22.0,10.0,10.0,10.0,10.0,10.0,
10.0,10.0,10.0,10.0,10.0,10.0,10.0,10.0,10.0,10.0,10.0,10.0,137.97644726546628,10.0,10.0,63.625641232306826,10.0,55.61025085359713,10.0,10.0,10.0,180.0,10.0,10.0,
10.0,10.0,10.0,10.0,10.0,10.0,10.0,10.0,10.0,10.0,10.0,10.0,105.96933518711911,64.29791771295726,10.0,34.53734793476279,10.0,10.0,10.0,63.625641232306826,10.0,121.05164187238437,99.82095081806334,120.51509817814899,
10.0,10.0,10.0,10.0,10.0,10.0,10.0,10.0,10.0,10.0,10.0,10.0,76.63477597598161,128.56220284360407,65.41831208121741,136.82673552911928,22.0,66.21933252457322,63.625641232306826,78.86089018011398,10.0,10.0,47.76686581080818,89.89653917199506,
10.0,10.0,10.0,10.0,10.0,10.0,10.0,10.0,10.0,10.0,10.0,10.0,64.29791771295726,151.0,10.0,52.96564924552516,10.0,10.0,22.0,57.4499782419454,165.0,100.73480034228488,137.54090300706915,55.47572041493067,
10.0,10.0,10.0,10.0,10.0,10.0,10.0,10.0,10.0,10.0,10.0,10.0,10.0,175.0,10.0,9.99999999E8,78.92680153154568,9.99999999E8,55.22579912404065,125.84205267803851,9.99999999E8,62.81365739674418,9.99999999E8,30.31088913245535,
10.0,10.0,10.0,10.0,10.0,10.0,10.0,10.0,10.0,10.0,10.0,10.0,10.0,10.0,123.52822439516494,10.0,97.89708882290627,63.625641232306826,10.0,10.0,40.675545478825484,63.625641232306826,10.0,157.0,
10.0,10.0,10.0,10.0,10.0,10.0,10.0,10.0,10.0,10.0,10.0,10.0,10.0,10.0,10.0,75.01259153561413,10.0,128.42211647531744,78.23707560996895,107.34782510864184,10.0,91.42341056862843,64.29791771295726,63.625641232306826,
10.0,10.0,10.0,10.0,10.0,10.0,10.0,10.0,10.0,10.0,10.0,10.0,10.0,10.0,154.1590088188167,42.24032312801577,63.625641232306826,9.99999999E8,64.29791771295726,10.0,118.80866971732324,10.0,34.63293230438335,63.625641232306826,
10.0,10.0,10.0,10.0,10.0,10.0,10.0,10.0,10.0,10.0,10.0,10.0,59.341282048014776,10.0,46.27080779844877,57.706152185014034,56.62351298022953,76.68272295634786,60.87281823605672,59.476886266851594,10.0,64.29791771295726,10.0,64.29791771295726,
10.0,10.0,10.0,10.0,10.0,10.0,10.0,10.0,10.0,10.0,10.0,10.0,39.70586298716545,128.42211647531744,10.0,10.0,56.464545495020005,59.18459534820368,65.12019655989991,64.29791771295726,140.37647792830376,9.99999999E8,58.16833808486843,107.06306552681929,
10.0,10.0,10.0,10.0,10.0,10.0,10.0,10.0,10.0,10.0,10.0,10.0,70.55651792869473,106.44977949979771,105.43981959182003,10.0,10.0,137.97644726546628,63.625641232306826,64.26896607228095,22.0,116.05841441082828,125.84205267803851,10.0,
10.0,10.0,10.0,10.0,10.0,10.0,10.0,10.0,10.0,10.0,10.0,10.0,10.0,171.0,9.99999999E8,10.0,113.75509756587711,9.99999999E8,65.95271033096365,112.90212083432662,10.0,10.0,63.625641232306826,10.0,
10.0,10.0,10.0,10.0,10.0,10.0,10.0,10.0,10.0,10.0,10.0,10.0,77.06004152607238,10.0,10.0,123.52822439516494,53.73908157839031,10.0,49.701330185642135,10.0,10.0,51.56200151274192,10.0,10.0,
10.0,10.0,10.0,10.0,10.0,10.0,10.0,10.0,10.0,10.0,10.0,10.0,57.706152185014034,9.99999999E8,45.16635916254486,114.34089382193932,169.24210140768426,10.0,63.625641232306826,27.402351886086144,60.93439094632849,46.42954317391937,32.58098619067607,9.99999999E8,
10.0,10.0,10.0,10.0,10.0,10.0,10.0,10.0,10.0,10.0,10.0,10.0,66.17821057988465,10.0,178.0,10.0,66.10779076629319,10.0,10.0,10.0,9.99999999E8,78.23707560996895,75.01259153561413,85.460842235234,
10.0,10.0,10.0,10.0,10.0,10.0,10.0,10.0,10.0,10.0,10.0,10.0,78.23707560996895,49.701330185642135,134.46271684828557,107.34782510864184,9.99999999E8,90.8927939938035,63.625641232306826,10.0,10.0,10.0,134.47021975143787,143.2083796430921,
10.0,10.0,10.0,10.0,10.0,10.0,10.0,10.0,10.0,10.0,10.0,10.0,80.25116821579608,10.0,124.98888839501781,70.76879412722971,169.24210140768426,76.56434395612685,10.0,10.0,43.55502267247717,10.0,81.47784975071446,75.871602065595,
10.0,10.0,10.0,10.0,10.0,10.0,10.0,10.0,10.0,10.0,10.0,10.0,78.23707560996895,151.0,151.0,63.625641232306826,10.0,45.16635916254486,22.0,170.6503898488238,64.29791771295726,103.27942679933889,10.0,10.0,
10.0,10.0,10.0,10.0,10.0,10.0,10.0,10.0,10.0,10.0,10.0,10.0,64.26896607228095,59.726459797982336,9.99999999E8,180.0,42.26298616993362,9.99999999E8,10.0,41.5864412851765,49.61004963506274,10.0,52.29005641611032,10.0,
10.0,10.0,10.0,10.0,10.0,10.0,10.0,10.0,10.0,10.0,10.0,10.0,10.0,9.99999999E8,32.19068188156318,62.51824223572588,10.0,10.0,41.5864412851765,178.0,113.49368408211365,10.0,10.0,65.29195968877026,
10.0,10.0,10.0,10.0,10.0,10.0,10.0,10.0,10.0,10.0,10.0,10.0,140.37647792830376,124.98888839501781,157.61662348876783,10.0,10.0,50.27799263305841,169.24210140768426,9.99999999E8,63.625641232306826,124.98888839501781,107.06306552681929,10.0,
10.0,10.0,10.0,10.0,10.0,10.0,10.0,10.0,10.0,10.0,10.0,10.0,60.93439094632849,10.0,164.29715626131681,10.0,107.34782510864184,75.05027121787464,10.0,10.0,36.52238077563757,128.77359977883663,178.0,10.0,
10.0,10.0,10.0,10.0,10.0,10.0,10.0,10.0,10.0,10.0,10.0,10.0,9.99999999E8,10.0,107.5696157017502,9.99999999E8,10.0,10.0,10.0,9.99999999E8,100.50373127401788,154.15414363551827,42.180827661654796,22.0,
10.0,10.0,10.0,10.0,10.0,10.0,10.0,10.0,10.0,10.0,10.0,10.0,180.0,10.0,10.0,180.0,10.0,10.0,136.76825492619096,10.0,9.99999999E8,169.24210140768426,137.54090300706915,52.266145830738274,
10.0,10.0,10.0,10.0,10.0,10.0,10.0,10.0,10.0,10.0,10.0,10.0,52.689868307125444,10.0,70.53899630700738,157.61662348876783,61.59139550294343,10.0,75.01259153561413,75.871602065595,75.871602065595,10.0,169.24210140768426,50.23445033042563,
10.0,10.0,10.0,10.0,10.0,10.0,10.0,10.0,10.0,10.0,10.0,10.0,124.98888839501781,10.0,104.284466724436,169.24210140768426,101.8638547177515,132.22518670813062,10.0,35.19133063790166,50.40392400950104,10.0,136.82673552911928,10.0,
10.0,10.0,10.0,10.0,10.0,10.0,10.0,10.0,10.0,10.0,10.0,10.0,178.0,75.01259153561413,58.81020319638421,10.0,10.0,10.0,151.0,10.0,107.54017337204218,178.0,10.0,10.0,
10.0,10.0,10.0,10.0,10.0,10.0,10.0,10.0,10.0,10.0,10.0,10.0,107.34782510864184,9.99999999E8,64.29791771295726,58.947094924177556,57.13107021291891,70.43436661176133,98.5370770601379,58.81020319638421,63.625641232306826,101.8638547177515,22.0,10.0,
10.0,10.0,10.0,10.0,10.0,10.0,10.0,10.0,10.0,10.0,10.0,10.0,133.1248369847724,10.0,9.99999999E8,137.97644726546628,78.86089018011398,63.625641232306826,10.0,72.10582500741532,10.0,73.04450698033357,140.37647792830376,29.567549780122125,
10.0,10.0,10.0,10.0,10.0,10.0,10.0,10.0,10.0,10.0,10.0,10.0,10.0,10.0,63.07106455161091,58.81020319638421,140.37647792830376,37.56540962108626,62.40793218814416,101.8638547177515,45.76375189660831,70.81136914366223,10.0,180.0,
10.0,10.0,10.0,10.0,10.0,10.0,10.0,10.0,10.0,10.0,10.0,10.0,101.8638547177515,10.0,10.0,10.0,76.40353394968062,10.0,157.61662348876783,10.0,10.0,64.29791771295726,10.0,101.95917550366791,
10.0,10.0,10.0,10.0,10.0,10.0,10.0,10.0,10.0,10.0,10.0,10.0,9.99999999E8,63.625641232306826,9.99999999E8,81.51466125796021,106.44977949979771,10.0,45.692887849204716,80.52018380505598,123.52822439516494,10.0,10.0,65.62933701130319,
10.0,10.0,10.0,10.0,10.0,10.0,10.0,10.0,10.0,10.0,10.0,10.0,137.97644726546628,70.53899630700738,10.0,10.0,64.29791771295726,74.66351183811274,10.0,44.512781929486735,36.51787994333126,10.0,40.82876013695478,10.0,
10.0,10.0,10.0,10.0,10.0,10.0,10.0,10.0,10.0,10.0,10.0,10.0,10.0,65.00957543284822,45.692887849204716,92.8947791859155,67.99909222342514,98.5370770601379,10.0,10.0,43.72916646815944,106.44977949979771,10.0,98.5370770601379,
10.0,10.0,10.0,10.0,10.0,10.0,10.0,10.0,10.0,10.0,10.0,10.0,10.0,78.23707560996895,9.99999999E8,22.0,10.0,178.0,10.0,83.19588665045619,79.76684775017752,128.42211647531744,10.0,76.40389751547728,
10.0,10.0,10.0,10.0,10.0,10.0,10.0,10.0,10.0,10.0,10.0,10.0,10.0,53.379396774411006,101.8638547177515,12.509996003196804,63.94560188159933,81.51466125796021,53.06319326368178,10.0,10.0,10.0,10.0,43.49137845596527,
10.0,10.0,10.0,10.0,10.0,10.0,10.0,10.0,10.0,10.0,10.0,10.0,10.0,51.483006905191544,63.625641232306826,54.19188131076462,120.5632614024687,12.509996003196804,70.53899630700738,10.0,73.04450698033357,63.625641232306826,10.0,10.0,
10.0,10.0,10.0,10.0,10.0,10.0,10.0,10.0,10.0,10.0,10.0,10.0,10.0,137.97644726546628,10.0,180.0,33.78179800637038,10.0,137.97644726546628,10.0,74.0190267872431,58.599993034756146,10.0,10.0,
10.0,10.0,10.0,10.0,10.0,10.0,10.0,10.0,10.0,10.0,10.0,10.0,10.0,140.37647792830376,48.574067155221826,78.23707560996895,26.027677575995902,101.3145596644431,10.0,90.62361723083006,29.567549780122125,113.93085622429071,66.70457255690947,10.0,
10.0,10.0,10.0,10.0,10.0,10.0,10.0,10.0,10.0,10.0,10.0,10.0,137.97644726546628,9.99999999E8,10.0,10.0,29.567549780122125,106.44977949979771,10.0,10.0,10.0,101.8638547177515,65.00957543284822,125.10093883724129,
10.0,10.0,10.0,10.0,10.0,10.0,10.0,10.0,10.0,10.0,10.0,10.0,10.0,10.0,113.93085622429071,157.61662348876783,10.0,10.0,70.15582655774216,10.0,10.0,10.0,10.0,45.16635916254486,
10.0,10.0,10.0,10.0,10.0,10.0,10.0,10.0,10.0,10.0,10.0,10.0,44.11950376245066,45.16635916254486,175.0,10.0,46.70289070282481,79.64320435542507,64.251242962469,9.99999999E8,54.412916041127275,157.0,10.0,9.99999999E8,
10.0,10.0,10.0,10.0,10.0,10.0,10.0,10.0,10.0,10.0,10.0,10.0,41.01078269822049,10.0,10.0,10.0,22.0,125.10093883724129,75.01259153561413,10.0,41.49096287144949,74.85904449837625,9.99999999E8,9.99999999E8,
10.0,10.0,10.0,10.0,10.0,10.0,10.0,10.0,10.0,10.0,10.0,10.0,10.0,10.0,69.24032222789133,56.029010342857205,10.0,49.331081029666834,9.99999999E8,78.57887756897524,178.0,10.0,10.0,124.98888839501781,
10.0,10.0,10.0,10.0,10.0,10.0,10.0,10.0,10.0,10.0,10.0,10.0,47.818824745072945,50.828688312365045,9.99999999E8,68.2102631573871,10.0,10.0,99.82095081806334,97.89708882290627,10.0,9.99999999E8,70.43436661176133,97.02347940346993,
10.0,10.0,10.0,10.0,10.0,10.0,10.0,10.0,10.0,10.0,10.0,10.0,10.0,70.84800632339628,10.0,64.29791771295726,22.0,31.07796647144082,102.40361321750322,120.51509817814899,64.26896607228095,37.014845203405876,10.0,9.99999999E8,
10.0,10.0,10.0,10.0,10.0,10.0,10.0,10.0,10.0,10.0,10.0,10.0,61.59139550294343,124.98888839501781,155.88617642369704,151.0,81.51466125796021,56.62351298022953,9.99999999E8,66.10779076629319,10.0,45.16635916254486,78.23707560996895,9.99999999E8,
10.0,10.0,10.0,10.0,10.0,10.0,10.0,10.0,10.0,10.0,10.0,10.0,52.18012487622817,60.03239866013092,10.0,54.95415529032786,64.26896607228095,10.0,10.0,10.0,9.99999999E8,101.8638547177515,57.24993934979805,101.8638547177515,
10.0,10.0,10.0,10.0,10.0,10.0,10.0,10.0,10.0,10.0,10.0,10.0,95.86216957463228,9.99999999E8,38.16842153360372,10.0,20.685475312133605,9.99999999E8,41.44876355212541,9.99999999E8,124.98888839501781,70.76879412722971,56.002142816145884,151.0,
10.0,10.0,10.0,10.0,10.0,10.0,10.0,10.0,10.0,10.0,10.0,10.0,90.46678948652925,10.0,134.47021975143787,56.34911021677469,12.509996003196804,9.99999999E8,106.44977949979771,78.23707560996895,10.0,145.2,9.99999999E8,106.44977949979771,
10.0,10.0,10.0,10.0,10.0,10.0,10.0,10.0,10.0,10.0,10.0,10.0,61.98386886924694,75.01259153561413,59.10630724005311,66.30656076136056,10.0,102.39731381507627,124.98888839501781,151.0,40.03123780249619,88.55645034642697,103.27942679933889,43.89824091641435,
10.0,10.0,10.0,10.0,10.0,10.0,10.0,10.0,10.0,10.0,10.0,10.0,106.36023693091323,57.386603159816154,180.0,10.0,178.0,59.05270715405198,10.0,81.81822671154772,74.01050976419198,10.0,65.20395352703358,10.0,
10.0,10.0,10.0,10.0,10.0,10.0,10.0,10.0,10.0,10.0,10.0,10.0,107.34782510864184,10.0,10.0,62.44997998398398,134.46271684828557,10.0,50.68283733178323,70.07110091666513,45.16635916254486,36.10536848082421,75.46448760104906,58.23607129606186,
10.0,10.0,10.0,10.0,10.0,10.0,10.0,10.0,10.0,10.0,10.0,10.0,107.34782510864184,59.202102064782196,106.44547900216335,55.594514117851595,32.19068188156318,88.55645034642697,70.48581417561977,133.90384609860914,63.625641232306826,62.579726926715026,9.99999999E8,75.01259153561413,
10.0,10.0,10.0,10.0,10.0,10.0,10.0,10.0,10.0,10.0,10.0,10.0,60.906120838184684,134.47021975143787,71.64146843832837,123.52822439516494,10.0,124.98888839501781,107.34782510864184,10.0,51.81269685661571,50.65628462093951,10.0,63.00349196671562,
10.0,10.0,10.0,10.0,10.0,10.0,10.0,10.0,10.0,10.0,10.0,10.0,75.01259153561413,10.0,54.74080338792586,10.0,66.10779076629319,27.94268040882535,145.2,10.0,145.2,10.0,66.30656076136056,107.34782510864184,
10.0,10.0,10.0,10.0,10.0,10.0,10.0,10.0,10.0,10.0,10.0,10.0,64.55909341998134,41.09000959952296,75.01259153561413,98.5370770601379,10.0,77.97332877336969,80.96013346009592,10.0,10.0,10.0,10.0,9.99999999E8,
10.0,10.0,10.0,10.0,10.0,10.0,10.0,10.0,10.0,10.0,10.0,10.0,10.0,71.29866758923339,120.5632614024687,10.0,9.99999999E8,124.98888839501781,34.98921116514609,35.99886619529758,78.23707560996895,10.0,22.0,64.99401681864433,
10.0,10.0,10.0,10.0,10.0,10.0,10.0,10.0,10.0,10.0,10.0,10.0,70.11102306738617,63.625641232306826,143.2083796430921,34.11237782664313,10.0,50.264301447448766,10.0,39.23060030129542,10.0,45.16635916254486,51.03484648311931,10.0,
10.0,10.0,10.0,10.0,10.0,10.0,10.0,10.0,10.0,10.0,10.0,10.0,112.20739726060845,10.0,10.0,10.0,10.0,10.0,56.94075868830692,75.01259153561413,85.97964875480709,151.0,10.0,114.20400849162675,
10.0,10.0,10.0,10.0,10.0,10.0,10.0,10.0,10.0,10.0,10.0,10.0,12.509996003196804,10.0,10.0,40.496913462633174,78.9126724711767,74.32603850603097,151.0,9.99999999E8,78.23707560996895,10.0,38.07571404451924,9.99999999E8,
10.0,10.0,10.0,10.0,10.0,10.0,10.0,10.0,10.0,10.0,10.0,10.0,52.41183072551463,50.90848131095402,9.99999999E8,63.08107657786305,64.04873144723477,9.99999999E8,134.47021975143787,10.0,10.0,94.05903487074661,133.7717791198461,80.43605649006837,
10.0,10.0,10.0,10.0,10.0,10.0,10.0,10.0,10.0,10.0,10.0,10.0,37.19879030291173,58.721758300984,63.625641232306826,10.0,66.10779076629319,10.0,65.00957543284822,10.0,63.625641232306826,125.10093883724129,98.5370770601379,10.0,
10.0,10.0,10.0,10.0,10.0,10.0,10.0,10.0,10.0,10.0,10.0,10.0,151.0,42.47206780002448,10.0,40.61882431692095,107.34782510864184,76.4475128583149,10.0,124.98888839501781,68.05063474273321,10.0,107.06306552681929,64.10896336452079,
