9.99999999E8,87.95559959434078,64.92752369629795,42.26500418209368,85.76212950447801,63.123556089096674,87.95559959434078,35.6931365951495,42.31854646605906,55.27982792122277,46.264937527726595,56.84314256920405,81.21075975509649,87.95559959434078,43.14096495377517,33.28663395418648,75.01111028818775,46.180183791318974,60.97409285918078,72.5918957827479,38.32318706301274,50.750205254100536,46.83681778259492,82.68363401141325,
33.28663395418648,35.6931365951495,38.32318706301274,42.26500418209368,42.31854646605906,43.14096495377517,46.180183791318974,46.264937527726595,46.83681778259492,50.750205254100536,55.27982792122277,56.84314256920405,49.26314182892868,54.97531913764316,40.842976878902675,46.86799947725527,68.83778032447009,107.5,35.6931365951495,26.623485872439772,66.08055689837973,63.354873529981894,34.04936673419933,28.50341110190927,
26.623485872439772,28.50341110190927,33.28663395418648,34.04936673419933,35.6931365951495,35.6931365951495,38.32318706301274,40.842976878902675,42.26500418209368,42.31854646605906,43.14096495377517,46.180183791318974,83.76703806788603,38.207460004559316,30.378563870880118,36.4587392736157,40.842976878902675,9.99999999E8,53.85266358315065,86.44211936319007,9.99999999E8,33.707714250598485,105.70070955296374,52.53570214625479,
26.623485872439772,28.50341110190927,30.378563870880118,33.28663395418648,33.707714250598485,34.04936673419933,35.6931365951495,35.6931365951495,36.4587392736157,38.207460004559316,38.32318706301274,40.842976878902675,48.12050844840829,34.232431625579856,35.879718040512344,87.95559959434078,41.67781184275393,33.609671227192926,54.92646599469755,34.7217987118341,30.21451086260816,107.5,37.20414977298337,38.207460004559316,
26.623485872439772,28.50341110190927,30.21451086260816,30.378563870880118,33.28663395418648,33.609671227192926,33.707714250598485,34.04936673419933,34.232431625579856,34.7217987118341,35.6931365951495,35.6931365951495,67.56416703154615,51.65268628057983,33.76059504478228,39.62883349840675,64.93928788577152,57.626878649265244,39.71699887957296,41.247474670174256,43.70863123508267,85.76858399204221,45.844457524484746,27.19577173017894,
26.623485872439772,27.19577173017894,28.50341110190927,30.21451086260816,30.378563870880118,33.28663395418648,33.609671227192926,33.707714250598485,33.76059504478228,34.04936673419933,34.232431625579856,34.7217987118341,49.30951806120773,72.39244896166082,43.56859215331868,57.6470944627741,39.40953071417003,59.22485401698626,61.68962129078116,93.7328117576764,42.70162258543077,74.13220172997246,42.88226776756203,41.67781184275393,
26.623485872439772,27.19577173017894,28.50341110190927,30.21451086260816,30.378563870880118,33.28663395418648,33.609671227192926,33.707714250598485,33.76059504478228,34.04936673419933,34.232431625579856,34.7217987118341,36.995495221265344,27.986419374787616,32.976181880693396,94.39618636364501,54.896114009402645,33.94112549695428,58.82662176745686,43.37722136482849,53.08115838035187,25.073641538476217,33.20256014225409,27.579158797903897,
25.073641538476217,26.623485872439772,27.19577173017894,27.579158797903897,27.986419374787616,28.50341110190927,30.21451086260816,30.378563870880118,32.976181880693396,33.20256014225409,33.28663395418648,33.609671227192926,27.579158797903897,32.976181880693396,99.401542576897,51.480578862324386,49.98109017418488,33.367040249323885,34.620938389939695,9.99999999E8,9.99999999E8,58.194358260344565,27.027992835099962,30.99865588483905,
25.073641538476217,26.623485872439772,27.027992835099962,27.19577173017894,27.579158797903897,27.579158797903897,27.986419374787616,28.50341110190927,30.21451086260816,30.378563870880118,30.99865588483905,32.976181880693396,26.70599183703912,32.578510938960974,28.383151794420648,30.94695923211658,30.99865588483905,32.09015079082331,66.72116819806354,37.473323845103465,29.717719581806023,27.986419374787616,35.16034698349833,41.82403615147634,
25.073641538476217,26.623485872439772,26.70599183703912,27.027992835099962,27.19577173017894,27.579158797903897,27.579158797903897,27.986419374787616,27.986419374787616,28.383151794420648,28.50341110190927,29.717719581806023,27.212512440664742,49.57822102496216,78.99518972697008,44.339225772996535,27.924632924479816,40.03644173333423,65.39559108482263,46.34770085991321,60.07528610002619,36.527006751473934,38.696530692082796,27.001071297999818,
25.073641538476217,26.623485872439772,26.70599183703912,27.001071297999818,27.027992835099962,27.19577173017894,27.212512440664742,27.579158797903897,27.579158797903897,27.924632924479816,27.986419374787616,27.986419374787616,110.19840062360252,25.52664049576442,27.331483677253967,27.986419374787616,22.810755763726828,31.02073039574849,26.739670902986074,44.14305579590067,40.05710209902145,43.3358973600409,47.644516998286385,27.579158797903897,
22.810755763726828,25.073641538476217,25.52664049576442,26.623485872439772,26.70599183703912,26.739670902986074,27.001071297999818,27.027992835099962,27.19577173017894,27.212512440664742,27.331483677253967,27.579158797903897,50.91741679752944,54.26094359666076,71.86271634164687,72.63214557913439,27.027992835099962,50.28502096383508,26.32128416320146,48.78770336877932,42.21374183841087,64.84319547955668,27.331483677253967,26.864331513966764,
22.810755763726828,25.073641538476217,25.52664049576442,26.32128416320146,26.623485872439772,26.70599183703912,26.739670902986074,26.864331513966764,27.001071297999818,27.027992835099962,27.027992835099962,27.19577173017894,27.556003580587177,32.239096994177736,47.856929637051664,42.82036120040714,64.14234170966944,60.07528610002619,31.196313884816586,38.059327328451495,27.292417134762015,87.06271685782995,64.69488829442842,49.73741046737355,
22.810755763726828,25.073641538476217,25.52664049576442,26.32128416320146,26.623485872439772,26.70599183703912,26.739670902986074,26.864331513966764,27.001071297999818,27.027992835099962,27.027992835099962,27.19577173017894,46.40160961647774,67.30527468185537,25.32212471338059,37.4814537471534,43.736438275857026,71.9377508683723,26.408196779463324,32.65515847458101,22.606588668785687,79.25906888173743,101.3640304381523,25.52664049576442,
22.606588668785687,22.810755763726828,25.073641538476217,25.32212471338059,25.52664049576442,25.52664049576442,26.32128416320146,26.408196779463324,26.623485872439772,26.70599183703912,26.739670902986074,26.864331513966764,83.09444927310128,45.5314108610748,99.401542576897,35.10618812181756,22.566339300415734,116.480416809007,104.4302997218719,44.492801384044135,77.28464703074387,26.195843605851334,26.408196779463324,50.872389367907616,
22.566339300415734,22.606588668785687,22.810755763726828,25.073641538476217,25.32212471338059,25.52664049576442,25.52664049576442,26.195843605851334,26.32128416320146,26.408196779463324,26.408196779463324,26.623485872439772,43.3358973600409,29.82632017195551,38.939054944875075,44.145862126105804,26.558112382722786,47.76619489764702,43.90862036262083,32.974737805376606,41.72129751897305,26.408196779463324,41.3486914631441,126.57277221688189,
22.566339300415734,22.606588668785687,22.810755763726828,25.073641538476217,25.32212471338059,25.52664049576442,25.52664049576442,26.195843605851334,26.32128416320146,26.408196779463324,26.408196779463324,26.408196779463324,27.73723430096567,39.27922024247863,30.838936427834213,77.28464703074387,27.37900655611887,40.711300642450624,29.664236753180763,33.35580908927259,58.60554048040168,28.010414729763166,26.195843605851334,40.90945286035164,
22.566339300415734,22.606588668785687,22.810755763726828,25.073641538476217,25.32212471338059,25.52664049576442,25.52664049576442,26.195843605851334,26.195843605851334,26.32128416320146,26.408196779463324,26.408196779463324,51.480578862324386,36.58359434227315,76.49305524032884,26.195843605851334,51.31694234293945,71.03407632960395,27.520163062743652,44.70109059072273,51.14528326248668,126.57277221688189,49.30951806120773,26.408196779463324,
22.566339300415734,22.606588668785687,22.810755763726828,25.073641538476217,25.32212471338059,25.52664049576442,25.52664049576442,26.195843605851334,26.195843605851334,26.195843605851334,26.32128416320146,26.408196779463324,60.07528610002619,80.5,34.93684778759145,87.95559959434078,21.882736727079333,38.28654300142545,42.43328096357072,45.31898057105874,26.030943125442075,21.745210200562944,38.939054944875075,35.49449781304139,
21.745210200562944,21.882736727079333,22.566339300415734,22.606588668785687,22.810755763726828,25.073641538476217,25.32212471338059,25.52664049576442,25.52664049576442,26.030943125442075,26.195843605851334,26.195843605851334,65.06295028662626,27.36439292218996,21.720615183897124,40.022216052809696,22.06830306117804,72.83028216339684,51.00762470236952,19.382783796253513,74.50629168063594,65.92103862450388,22.865038814749475,21.882736727079333,
19.382783796253513,21.720615183897124,21.745210200562944,21.882736727079333,21.882736727079333,22.06830306117804,22.566339300415734,22.606588668785687,22.810755763726828,22.865038814749475,25.073641538476217,25.32212471338059,20.94681910861959,20.748995959644247,53.08719242905957,30.766400968774825,23.664530420018902,82.13403679352427,32.09361307176243,46.92376796464666,20.843070641102763,94.50629608655711,68.76801582131041,21.476491087267668,
19.382783796253513,20.748995959644247,20.843070641102763,20.94681910861959,21.476491087267668,21.720615183897124,21.745210200562944,21.882736727079333,21.882736727079333,22.06830306117804,22.566339300415734,22.606588668785687,33.19397535698308,89.0991956566762,89.0991956566762,37.280817788777114,21.79114881475198,48.86908531986249,41.42463035441596,35.152347005569915,66.69770110980838,20.748995959644247,53.1843156256751,25.210227201585386,
19.382783796253513,20.748995959644247,20.748995959644247,20.843070641102763,20.94681910861959,21.476491087267668,21.720615183897124,21.745210200562944,21.79114881475198,21.882736727079333,21.882736727079333,22.06830306117804,60.97409285918078,105.4545715778442,36.804664559445904,48.838915522577764,61.218359174352265,74.74650493501352,36.869491113927786,60.07528610002619,46.40197040151266,22.987170334775875,89.0991956566762,21.73735026847143,
19.382783796253513,20.748995959644247,20.748995959644247,20.843070641102763,20.94681910861959,21.476491087267668,21.720615183897124,21.73735026847143,21.745210200562944,21.79114881475198,21.882736727079333,21.882736727079333,22.11004673596749,49.18780336628177,19.382783796253513,55.62589325125485,99.401542576897,23.255321971540194,53.775831002412225,107.5,56.62659647702154,49.30951806120773,31.58495488361508,50.344527295143294,
19.382783796253513,19.382783796253513,20.748995959644247,20.748995959644247,20.843070641102763,20.94681910861959,21.476491087267668,21.720615183897124,21.73735026847143,21.745210200562944,21.79114881475198,21.882736727079333,21.810371562454126,57.27687142294,92.73963553950382,20.090047287151915,53.775831002412225,34.98253532518445,43.057132587605814,53.62835071116769,46.42315559071787,69.63610773154973,24.5951840188903,36.33983122323676,
19.382783796253513,19.382783796253513,20.090047287151915,20.748995959644247,20.748995959644247,20.843070641102763,20.94681910861959,21.476491087267668,21.720615183897124,21.73735026847143,21.745210200562944,21.79114881475198,60.327103154386585,26.06933063966162,31.620553047029397,25.195436094658096,49.01603236259977,28.033183461747615,19.382783796253513,77.80865954378086,30.581857366746057,31.66795501765152,24.68588376264575,119.50732195141852,
19.382783796253513,19.382783796253513,19.382783796253513,20.090047287151915,20.748995959644247,20.748995959644247,20.843070641102763,20.94681910861959,21.476491087267668,21.720615183897124,21.73735026847143,21.745210200562944,35.152347005569915,49.48343157057723,19.382783796253513,80.5,47.97248560372915,27.225172175764104,67.49259218610588,34.94363820840167,21.989896669960856,19.382783796253513,51.88368401209254,20.748995959644247,
19.382783796253513,19.382783796253513,19.382783796253513,19.382783796253513,19.382783796253513,20.090047287151915,20.748995959644247,20.748995959644247,20.748995959644247,20.843070641102763,20.94681910861959,21.476491087267668,37.29036643117668,23.26657115548687,19.382783796253513,30.066939207929586,89.83978795611664,58.54434216899188,55.81988333022562,60.44763574091766,49.29213208732491,89.0991956566762,82.12012107708004,20.748995959644247,
19.382783796253513,19.382783796253513,19.382783796253513,19.382783796253513,19.382783796253513,19.382783796253513,20.090047287151915,20.748995959644247,20.748995959644247,20.748995959644247,20.748995959644247,20.843070641102763,20.07952937695503,20.748995959644247,20.60481967283383,22.726909087999957,53.775831002412225,81.96731055731914,31.751968442917047,31.977856922147446,20.748995959644247,25.749909732650902,42.76193790432484,57.43319100112259,
19.382783796253513,19.382783796253513,19.382783796253513,19.382783796253513,19.382783796253513,19.382783796253513,20.07952937695503,20.090047287151915,20.60481967283383,20.748995959644247,20.748995959644247,20.748995959644247,22.46973272847029,33.0324515763341,73.16192087873765,61.59415556690424,22.103393404633593,53.56438048874324,74.37634032405735,22.00804777045585,50.28108491271842,20.748995959644247,35.55431584210277,81.50239260291688,
19.382783796253513,19.382783796253513,19.382783796253513,19.382783796253513,19.382783796253513,19.382783796253513,20.07952937695503,20.090047287151915,20.60481967283383,20.748995959644247,20.748995959644247,20.748995959644247,69.66964457351565,19.382783796253513,20.488658422818762,19.664542071353534,28.048069717469563,49.67321784854059,26.450141776557643,26.203244073969163,19.382783796253513,49.199303130953275,28.941032001871207,25.1056434558713,
19.382783796253513,19.382783796253513,19.382783796253513,19.382783796253513,19.382783796253513,19.382783796253513,19.382783796253513,19.382783796253513,19.664542071353534,20.07952937695503,20.090047287151915,20.488658422818762,19.382783796253513,85.7944491211407,20.030967760482458,33.98318912134562,62.9146246909254,35.34944601168925,20.02023975880409,19.382783796253513,25.494449241918534,27.089838962238222,61.655818865699935,19.382783796253513,
19.382783796253513,19.382783796253513,19.382783796253513,19.382783796253513,19.382783796253513,19.382783796253513,19.382783796253513,19.382783796253513,19.382783796253513,19.382783796253513,19.382783796253513,19.664542071353534,21.3819433167334,58.54434216899188,36.869491113927786,31.67980429232479,26.51433574502669,50.847222146347384,19.382783796253513,33.8329228218117,31.751968442917047,42.891890675444536,21.3819433167334,92.77413432633043,
19.382783796253513,19.382783796253513,19.382783796253513,19.382783796253513,19.382783796253513,19.382783796253513,19.382783796253513,19.382783796253513,19.382783796253513,19.382783796253513,19.382783796253513,19.382783796253513,21.3819433167334,31.67980429232479,82.1253397470685,20.55531156011344,28.941032001871207,19.382783796253513,48.963659993917936,51.6809120146565,17.42106005194096,20.07952937695503,22.65364209128413,52.71280679303655,
17.42106005194096,19.382783796253513,19.382783796253513,19.382783796253513,19.382783796253513,19.382783796253513,19.382783796253513,19.382783796253513,19.382783796253513,19.382783796253513,19.382783796253513,19.382783796253513,24.631163490099958,61.561833752740014,44.947079994144225,20.910063826558954,19.912830871911037,21.3819433167334,29.57830341750269,33.475115135475384,19.382783796253513,25.749909732650902,55.323292261638464,19.382783796253513,
17.42106005194096,19.382783796253513,19.382783796253513,19.382783796253513,19.382783796253513,19.382783796253513,19.382783796253513,19.382783796253513,19.382783796253513,19.382783796253513,19.382783796253513,19.382783796253513,38.03472097965226,22.65364209128413,19.382783796253513,19.464176495980166,24.018511379535767,19.382783796253513,19.464176495980166,28.941032001871207,50.847222146347384,20.488658422818762,27.145112688238058,78.62052848970173,
17.42106005194096,19.382783796253513,19.382783796253513,19.382783796253513,19.382783796253513,19.382783796253513,19.382783796253513,19.382783796253513,19.382783796253513,19.382783796253513,19.382783796253513,19.382783796253513,33.98318912134562,19.68131516608244,19.382783796253513,19.664542071353534,19.668608661180553,55.323292261638464,40.46120827409879,29.657301892713633,89.0207138816579,19.382783796253513,21.61152126157873,48.963659993917936,
17.42106005194096,19.382783796253513,19.382783796253513,19.382783796253513,19.382783796253513,19.382783796253513,19.382783796253513,19.382783796253513,19.382783796253513,19.382783796253513,19.382783796253513,19.382783796253513,77.2854449427575,30.91000762582519,19.912830871911037,80.5,62.69519519070022,64.39165873221248,31.751968442917047,85.06284441517342,19.952622455635822,17.592422611264578,18.08476136834545,20.07952937695503,
17.42106005194096,17.592422611264578,18.08476136834545,19.382783796253513,19.382783796253513,19.382783796253513,19.382783796253513,19.382783796253513,19.382783796253513,19.382783796253513,19.382783796253513,19.382783796253513,19.96150140799881,19.952622455635822,93.56281312572854,19.952622455635822,36.98648401781386,42.82036120040714,19.664542071353534,21.3819433167334,65.80416020283216,19.915204859990386,50.344527295143294,19.985531956975922,
17.42106005194096,17.592422611264578,18.08476136834545,19.382783796253513,19.382783796253513,19.382783796253513,19.382783796253513,19.382783796253513,19.382783796253513,19.382783796253513,19.382783796253513,19.382783796253513,50.847222146347384,31.048510431259018,19.912830871911037,17.68675856598457,26.34229805211889,19.705524410877583,77.0254287016091,21.089552645071226,77.0254287016091,67.36467917239716,25.024432505497945,19.664542071353534,
17.42106005194096,17.592422611264578,17.68675856598457,18.08476136834545,19.382783796253513,19.382783796253513,19.382783796253513,19.382783796253513,19.382783796253513,19.382783796253513,19.382783796253513,19.382783796253513,45.68278304423524,33.40939239196068,19.13019303912759,19.382783796253513,31.889231363002104,21.817653402692052,49.29213208732491,45.20969660002892,89.0991956566762,48.963659993917936,49.29213208732491,19.985531956975922,
17.42106005194096,17.592422611264578,17.68675856598457,18.08476136834545,19.13019303912759,19.382783796253513,19.382783796253513,19.382783796253513,19.382783796253513,19.382783796253513,19.382783796253513,19.382783796253513,35.152347005569915,41.07614879708174,18.36047774043864,46.83147979724749,48.45616575834287,20.636234314105533,50.570083382701014,62.69519519070022,20.55531156011344,87.06271685782995,44.15155008603888,55.323292261638464,
17.42106005194096,17.592422611264578,17.68675856598457,18.08476136834545,18.36047774043864,19.13019303912759,19.382783796253513,19.382783796253513,19.382783796253513,19.382783796253513,19.382783796253513,19.382783796253513,54.40205265735231,44.95394468628023,17.96366703469348,29.82632017195551,50.847222146347384,37.361201466226966,21.331217342977247,49.29213208732491,28.863634126699985,22.05238518409499,31.352990288009213,19.055370446599635,
17.42106005194096,17.592422611264578,17.68675856598457,17.96366703469348,18.08476136834545,18.36047774043864,19.055370446599635,19.13019303912759,19.382783796253513,19.382783796253513,19.382783796253513,19.382783796253513,41.78815621680382,20.55531156011344,47.23963731161929,89.44656225926181,26.34229805211889,21.125995652458425,51.74079024328871,19.464176495980166,17.795606023678992,49.32207078648124,17.907500423804866,119.5,
17.42106005194096,17.592422611264578,17.68675856598457,17.795606023678992,17.907500423804866,17.96366703469348,18.08476136834545,18.36047774043864,19.055370446599635,19.13019303912759,19.382783796253513,19.382783796253513,48.963659993917936,33.58240279934981,30.44436524219219,18.31373411248665,20.9753889629909,50.85272854036448,119.5,17.982213434391216,21.577998053572998,77.0254287016091,47.579827658367996,19.854155736268414,
17.42106005194096,17.592422611264578,17.68675856598457,17.795606023678992,17.907500423804866,17.96366703469348,17.982213434391216,18.08476136834545,18.31373411248665,18.36047774043864,19.055370446599635,19.13019303912759,19.760099657176287,68.1339856459315,47.60366976400034,19.03438184727028,18.642309789447076,77.0254287016091,77.0254287016091,52.019227214559805,62.99206299209449,31.640339933558096,48.78770336877932,49.44838578905137,
17.42106005194096,17.592422611264578,17.68675856598457,17.795606023678992,17.907500423804866,17.96366703469348,17.982213434391216,18.08476136834545,18.31373411248665,18.36047774043864,18.642309789447076,19.03438184727028,17.965779436730006,56.07063997018998,44.14305579590067,89.0991956566762,34.75029975889896,53.56226905823414,18.642309789447076,22.640892208568108,9.99999999E8,77.0254287016091,26.457906820709255,22.032022149589448,
17.42106005194096,17.592422611264578,17.68675856598457,17.795606023678992,17.907500423804866,17.96366703469348,17.965779436730006,17.982213434391216,18.08476136834545,18.31373411248665,18.36047774043864,18.642309789447076,52.620496640251,78.79205226417193,61.742914573252854,21.12709555681203,42.03702072115853,29.966096545075075,47.003545965526186,43.400568832677756,34.276221714185475,17.907500423804866,17.96366703469348,67.36467917239716,
17.42106005194096,17.592422611264578,17.68675856598457,17.795606023678992,17.907500423804866,17.907500423804866,17.96366703469348,17.96366703469348,17.965779436730006,17.982213434391216,18.08476136834545,18.31373411248665,34.858443899737,48.41487374764082,58.40753376063742,18.459935827874126,27.579158797903897,18.580386681411376,18.08476136834545,61.655818865699935,89.0991956566762,25.749909732650902,51.6809120146565,43.75908069026522,
17.42106005194096,17.592422611264578,17.68675856598457,17.795606023678992,17.907500423804866,17.907500423804866,17.96366703469348,17.96366703469348,17.965779436730006,17.982213434391216,18.08476136834545,18.08476136834545,46.03139025587744,25.438378704451882,47.60366976400034,41.72129751897305,48.51638898351773,22.374315631991966,50.33471300537367,49.544014522442566,27.800348469039015,51.97996408873968,32.448677425538726,83.94045508573325,
17.42106005194096,17.592422611264578,17.68675856598457,17.795606023678992,17.907500423804866,17.907500423804866,17.96366703469348,17.96366703469348,17.965779436730006,17.982213434391216,18.08476136834545,18.08476136834545,35.79367960967411,18.16590212458495,41.499665326629106,43.94802124588286,18.16590212458495,17.42106005194096,18.370991626293154,17.919077357200432,33.90322361411332,89.0991956566762,133.5,24.025627343126118,
17.42106005194096,17.42106005194096,17.592422611264578,17.68675856598457,17.795606023678992,17.907500423804866,17.907500423804866,17.919077357200432,17.96366703469348,17.96366703469348,17.965779436730006,17.982213434391216,33.706221606700446,26.82542275128435,21.225476044916714,59.695756409759426,19.11101172703238,59.49439749533845,34.22613871631697,50.38707317216532,62.99206299209449,47.31455026381067,26.176516192954328,18.459935827874126,
17.42106005194096,17.42106005194096,17.592422611264578,17.68675856598457,17.795606023678992,17.907500423804866,17.907500423804866,17.919077357200432,17.96366703469348,17.96366703469348,17.965779436730006,17.982213434391216,92.77413432633043,18.36047774043864,21.359073013593076,33.90322361411332,53.04322137024988,27.524716165657367,78.77618612245708,47.653534758714386,53.31900849290679,19.728828314592498,59.75941348440428,83.02192481507521,
17.42106005194096,17.42106005194096,17.592422611264578,17.68675856598457,17.795606023678992,17.907500423804866,17.907500423804866,17.919077357200432,17.96366703469348,17.96366703469348,17.965779436730006,17.982213434391216,133.5,57.609523022301985,21.194043974664204,41.98677040317448,21.531449226309036,9.99999999E8,18.97771973008997,78.77618612245708,48.51638898351773,63.94193794819976,17.795606023678992,22.032022149589448,
17.42106005194096,17.42106005194096,17.592422611264578,17.68675856598457,17.795606023678992,17.795606023678992,17.907500423804866,17.907500423804866,17.919077357200432,17.96366703469348,17.96366703469348,17.965779436730006,49.03994970089862,24.118013422099494,18.160986442686106,48.963659993917936,47.75894331606036,24.573281299943517,19.839438141870954,41.30602256330183,62.99206299209449,9.99999999E8,59.673416750397884,33.88376270428064,
17.42106005194096,17.42106005194096,17.592422611264578,17.68675856598457,17.795606023678992,17.795606023678992,17.907500423804866,17.907500423804866,17.919077357200432,17.96366703469348,17.96366703469348,17.965779436730006,17.42106005194096,61.91274101507702,17.907500423804866,17.907500423804866,29.3913961333358,21.288200957337846,77.05787868003289,33.56018048648896,47.008273503477845,21.284286065859323,50.752733916509364,58.70750742938613,
17.42106005194096,17.42106005194096,17.42106005194096,17.592422611264578,17.68675856598457,17.795606023678992,17.795606023678992,17.907500423804866,17.907500423804866,17.907500423804866,17.907500423804866,17.919077357200432,51.6809120146565,89.0991956566762,32.998737349581525,18.148117441395037,18.655316489765948,89.0991956566762,55.323292261638464,21.41290257518151,21.20583646074825,17.907500423804866,20.445557789733527,45.81757304790379,
17.42106005194096,17.42106005194096,17.42106005194096,17.592422611264578,17.68675856598457,17.795606023678992,17.795606023678992,17.907500423804866,17.907500423804866,17.907500423804866,17.907500423804866,17.907500423804866,89.0991956566762,28.941032001871207,47.579827658367996,21.533515915713988,89.0991956566762,48.64267031115788,69.70755236803869,18.459935827874126,31.596825394333525,31.15342219220409,32.280179677319026,32.60911171232156,
17.42106005194096,17.42106005194096,17.42106005194096,17.592422611264578,17.68675856598457,17.795606023678992,17.795606023678992,17.907500423804866,17.907500423804866,17.907500423804866,17.907500423804866,17.907500423804866,21.20583646074825,19.341849520072863,21.3819433167334,92.72885203646167,33.706221606700446,133.5,61.742914573252854,19.705524410877583,46.14882756597708,23.923924566564462,36.234191955481315,28.941032001871207,
17.42106005194096,17.42106005194096,17.42106005194096,17.592422611264578,17.68675856598457,17.795606023678992,17.795606023678992,17.907500423804866,17.907500423804866,17.907500423804866,17.907500423804866,17.907500423804866,31.69046724625111,26.03563263427003,21.928455095084626,86.05049389747859,17.42106005194096,39.985711733782395,28.414070018214566,62.99206299209449,33.90322361411332,22.061147179510705,50.709255283710995,33.920633469910314,
17.42106005194096,17.42106005194096,17.42106005194096,17.42106005194096,17.592422611264578,17.68675856598457,17.795606023678992,17.795606023678992,17.907500423804866,17.907500423804866,17.907500423804866,17.907500423804866,18.522335788904247,89.0991956566762,89.0991956566762,32.974737805376606,21.58205560105298,46.154330481789266,89.0991956566762,64.9583199700649,23.74544490731125,53.8601584352169,96.91577099041552,21.178310445673738,
17.42106005194096,17.42106005194096,17.42106005194096,17.42106005194096,17.592422611264578,17.68675856598457,17.795606023678992,17.795606023678992,17.907500423804866,17.907500423804866,17.907500423804866,17.907500423804866,32.826970618684875,33.90322361411332,61.8642667458364,18.32190786169136,28.705400188814647,51.19488906782264,87.95559959434078,28.010414729763166,47.579827658367996,38.642593080692706,50.635955604688654,18.2208671582886,
17.42106005194096,17.42106005194096,17.42106005194096,17.42106005194096,17.592422611264578,17.68675856598457,17.795606023678992,17.795606023678992,17.907500423804866,17.907500423804866,17.907500423804866,17.907500423804866,49.08884074526802,17.501238051444624,21.577998053572998,17.42106005194096,27.579158797903897,33.70830758136635,50.48801838060195,58.70750742938613,32.32001443894067,18.16590212458495,113.88005385784933,19.291289385467373,
17.42106005194096,17.42106005194096,17.42106005194096,17.42106005194096,17.42106005194096,17.501238051444624,17.592422611264578,17.68675856598457,17.795606023678992,17.795606023678992,17.907500423804866,17.907500423804866,75.58232266872989,46.01449047129972,29.923712527501856,60.45314990414754,50.7960628395548,17.42106005194096,18.6769019558027,19.653244007033546,50.220607075183786,34.111719027337216,51.53558641042776,47.65091158624355,
17.42106005194096,17.42106005194096,17.42106005194096,17.42106005194096,17.42106005194096,17.42106005194096,17.501238051444624,17.592422611264578,17.68675856598457,17.795606023678992,17.795606023678992,17.907500423804866,18.561673262012622,17.998155287417653,23.599217718455773,50.17967716117751,17.42106005194096,48.50112756421236,17.42106005194096,21.9,25.24946958424502,33.03677604471373,17.592422611264578,33.706221606700446,
17.42106005194096,17.42106005194096,17.42106005194096,17.42106005194096,17.42106005194096,17.42106005194096,17.42106005194096,17.42106005194096,17.501238051444624,17.592422611264578,17.592422611264578,17.68675856598457,50.22558486468824,89.0991956566762,32.444414003029856,23.66756950246151,17.592422611264578,65.80416020283216,52.530372166966416,17.975181302483232,65.80416020283216,53.2229978486744,27.01790040230292,17.592422611264578,
17.42106005194096,17.42106005194096,17.42106005194096,17.42106005194096,17.42106005194096,17.42106005194096,17.42106005194096,17.42106005194096,17.501238051444624,17.592422611264578,17.592422611264578,17.592422611264578,52.10429102153817,18.459935827874126,33.56018048648896,17.42106005194096,24.147611535245943,17.592422611264578,18.817734796120995,31.889231363002104,50.48801838060195,19.86292310526611,65.80416020283216,52.71280679303655,
17.42106005194096,17.42106005194096,17.42106005194096,17.42106005194096,17.42106005194096,17.42106005194096,17.42106005194096,17.42106005194096,17.42106005194096,17.501238051444624,17.592422611264578,17.592422611264578,17.501238051444624,17.42106005194096,18.699694420727077,35.152347005569915,60.97409285918078,17.979154596365202,19.28267171766995,51.60345595661851,65.80416020283216,28.405230906597872,28.405230906597872,21.802618344287612,
17.42106005194096,17.42106005194096,17.42106005194096,17.42106005194096,17.42106005194096,17.42106005194096,17.42106005194096,17.42106005194096,17.42106005194096,17.42106005194096,17.501238051444624,17.501238051444624,33.56018048648896,62.69519519070022,33.932706514932924,61.655818865699935,18.699694420727077,78.47730563672532,17.60174504335944,20.445557789733527,17.501238051444624,33.2264954516723,65.94884381094182,35.85503218982425,
17.42106005194096,17.42106005194096,17.42106005194096,17.42106005194096,17.42106005194096,17.42106005194096,17.42106005194096,17.42106005194096,17.42106005194096,17.42106005194096,17.501238051444624,17.501238051444624,18.817734796120995,66.66770832519543,49.161541298632436,22.54618767136468,21.9,27.579158797903897,99.19267866128024,18.459935827874126,33.706221606700446,48.963659993917936,17.42106005194096,89.0991956566762,
17.42106005194096,17.42106005194096,17.42106005194096,17.42106005194096,17.42106005194096,17.42106005194096,17.42106005194096,17.42106005194096,17.42106005194096,17.42106005194096,17.42106005194096,17.501238051444624,26.595739007091595,51.53558641042776,53.60970061472084,27.103678255912055,18.806343914450025,18.459935827874126,21.20583646074825,62.69519519070022,21.9,17.42106005194096,35.85503218982425,17.42106005194096,
17.42106005194096,17.42106005194096,17.42106005194096,17.42106005194096,17.42106005194096,17.42106005194096,17.42106005194096,17.42106005194096,17.42106005194096,17.42106005194096,17.42106005194096,17.42106005194096,28.705400188814647,17.42106005194096,44.636420107351796,17.42106005194096,36.58359434227315,34.44249866495917,32.38165265349236,17.42106005194096,48.963659993917936,49.161541298632436,99.19267866128024,17.42106005194096,
17.42106005194096,17.42106005194096,17.42106005194096,17.42106005194096,17.42106005194096,17.42106005194096,17.42106005194096,17.42106005194096,17.42106005194096,17.42106005194096,17.42106005194096,17.42106005194096,50.97241901263859,19.28267171766995,17.42106005194096,63.63521037916038,58.08345289322941,17.42106005194096,21.259514155990498,101.20988094054849,17.90065903116419,20.445557789733527,62.69519519070022,38.642593080692706,
17.42106005194096,17.42106005194096,17.42106005194096,17.42106005194096,17.42106005194096,17.42106005194096,17.42106005194096,17.42106005194096,17.42106005194096,17.42106005194096,17.42106005194096,17.42106005194096,65.80416020283216,33.5,47.8897543471312,39.4998734175187,99.19267866128024,18.430370897748407,43.69046970286704,99.19267866128024,54.40205265735231,17.42106005194096,20.614661911229245,24.93561958257589,
17.42106005194096,17.42106005194096,17.42106005194096,17.42106005194096,17.42106005194096,17.42106005194096,17.42106005194096,17.42106005194096,17.42106005194096,17.42106005194096,17.42106005194096,17.42106005194096,46.95299067507131,71.52821621070747,62.69519519070022,24.502125758118755,17.42106005194096,48.963659993917936,30.710085883956754,82.1253397470685,20.614661911229245,46.83147979724749,68.33037391965597,17.42106005194096,
17.42106005194096,17.42106005194096,17.42106005194096,17.42106005194096,17.42106005194096,17.42106005194096,17.42106005194096,17.42106005194096,17.42106005194096,17.42106005194096,17.42106005194096,17.42106005194096,19.613224401626862,33.706221606700446,25.446430659983207,18.466749398129963,29.129380929455632,17.42106005194096,50.48801838060195,50.31484207799259,17.42106005194096,17.60174504335944,49.161541298632436,17.759303396891926,
17.42106005194096,17.42106005194096,17.42106005194096,17.42106005194096,17.42106005194096,17.42106005194096,17.42106005194096,17.42106005194096,17.42106005194096,17.42106005194096,17.42106005194096,17.42106005194096,18.459935827874126,24.51687017294261,42.73300100624809,17.998155287417653,55.33028104031282,22.14983938125477,18.817734796120995,21.16093391055655,55.670908022054036,18.459935827874126,19.28267171766995,33.56018048648896,
17.42106005194096,17.42106005194096,17.42106005194096,17.42106005194096,17.42106005194096,17.42106005194096,17.42106005194096,17.42106005194096,17.42106005194096,17.42106005194096,17.42106005194096,17.42106005194096,19.20336508972401,36.64163444771535,33.40939239196068,50.48801838060195,22.487496525847426,62.57195857570706,18.806343914450025,18.074659978360128,65.80416020283216,29.57798409048769,35.85503218982425,37.27887184068592,
17.42106005194096,17.42106005194096,17.42106005194096,17.42106005194096,17.42106005194096,17.42106005194096,17.42106005194096,17.42106005194096,17.42106005194096,17.42106005194096,17.42106005194096,17.42106005194096,78.47730563672532,85.76858399204221,50.48801838060195,24.51687017294261,18.074659978360128,89.0991956566762,76.96908470288574,63.94193794819976,36.98085090061251,35.852873963304134,51.60345595661851,63.8794437462736,
17.42106005194096,17.42106005194096,17.42106005194096,17.42106005194096,17.42106005194096,17.42106005194096,17.42106005194096,17.42106005194096,17.42106005194096,17.42106005194096,17.42106005194096,17.42106005194096,17.42106005194096,53.06448906754874,21.111425998551297,51.53558641042776,54.953768448275376,113.88005385784933,61.8642667458364,99.19267866128024,59.695756409759426,17.42106005194096,36.713984619851146,111.79743586803173,
17.42106005194096,17.42106005194096,17.42106005194096,17.42106005194096,17.42106005194096,17.42106005194096,17.42106005194096,17.42106005194096,17.42106005194096,17.42106005194096,17.42106005194096,17.42106005194096,19.20336508972401,89.0991956566762,62.69519519070022,17.42106005194096,18.514027945566863,33.90322361411332,50.669912176754366,17.42106005194096,18.815441353668355,32.581259360842104,77.0254287016091,20.614661911229245,
17.42106005194096,17.42106005194096,17.42106005194096,17.42106005194096,17.42106005194096,17.42106005194096,17.42106005194096,17.42106005194096,17.42106005194096,17.42106005194096,17.42106005194096,17.42106005194096,19.037506839569794,50.220607075183786,18.863884908633054,50.48801838060195,24.28534080011598,72.77362159464101,17.201550317728145,17.998155287417653,17.21724698521805,17.998155287417653,33.706221606700446,49.161541298632436,
17.201550317728145,17.21724698521805,17.42106005194096,17.42106005194096,17.42106005194096,17.42106005194096,17.42106005194096,17.42106005194096,17.42106005194096,17.42106005194096,17.42106005194096,17.42106005194096,24.464513007501598,99.19267866128024,17.42106005194096,33.90322361411332,17.998155287417653,55.323292261638464,62.69519519070022,89.0991956566762,23.599217718455773,57.609523022301985,24.5200075291744,17.42106005194096,
17.201550317728145,17.21724698521805,17.42106005194096,17.42106005194096,17.42106005194096,17.42106005194096,17.42106005194096,17.42106005194096,17.42106005194096,17.42106005194096,17.42106005194096,17.42106005194096,31.284088845226627,32.154574583823475,48.963659993917936,20.614661911229245,28.705400188814647,21.878928218722233,19.985531956975922,36.0185137579736,62.69519519070022,47.70744176750624,77.0254287016091,37.73971004506678,
17.201550317728145,17.21724698521805,17.42106005194096,17.42106005194096,17.42106005194096,17.42106005194096,17.42106005194096,17.42106005194096,17.42106005194096,17.42106005194096,17.42106005194096,17.42106005194096,17.42106005194096,17.201550317728145,17.42106005194096,21.20583646074825,50.669912176754366,17.195452705584696,37.446628686705566,21.331217342977247,59.466377054601196,38.74596753211875,55.28661117304985,28.405230906597872,
17.195452705584696,17.201550317728145,17.201550317728145,17.21724698521805,17.42106005194096,17.42106005194096,17.42106005194096,17.42106005194096,17.42106005194096,17.42106005194096,17.42106005194096,17.42106005194096,21.653545507788124,54.28037743973415,29.619813188697417,17.42106005194096,102.20880588285922,50.69753445681555,17.815522926449763,62.69519519070022,50.18537066288769,50.11569946966054,31.176914536239792,109.00315362410392,
17.195452705584696,17.201550317728145,17.201550317728145,17.21724698521805,17.42106005194096,17.42106005194096,17.42106005194096,17.42106005194096,17.42106005194096,17.42106005194096,17.42106005194096,17.42106005194096,18.466749398129963,41.229115925520404,17.98709855106471,20.614661911229245,17.42106005194096,47.013000566037284,17.80665389894809,17.759303396891926,30.903236076501763,24.847225506776713,20.55531156011344,51.53558641042776,
17.195452705584696,17.201550317728145,17.201550317728145,17.21724698521805,17.42106005194096,17.42106005194096,17.42106005194096,17.42106005194096,17.42106005194096,17.42106005194096,17.42106005194096,17.42106005194096,91.4750649084219,28.405230906597872,17.42106005194096,99.19267866128024,20.980645843252777,106.09753767171037,50.69753445681555,99.19267866128024,30.237157840738178,17.815522926449763,99.19267866128024,17.42106005194096,
17.195452705584696,17.201550317728145,17.201550317728145,17.21724698521805,17.42106005194096,17.42106005194096,17.42106005194096,17.42106005194096,17.42106005194096,17.42106005194096,17.42106005194096,17.42106005194096,35.31797523924609,58.684893002089275,50.97241901263859,36.0185137579736,18.459935827874126,54.377011457048646,50.220607075183786,46.75906329258532,21.03842638163284,20.902705014496973,113.88005385784933,99.19267866128024,
17.195452705584696,17.201550317728145,17.201550317728145,17.21724698521805,17.42106005194096,17.42106005194096,17.42106005194096,17.42106005194096,17.42106005194096,17.42106005194096,17.42106005194096,17.42106005194096,119.5,18.865135391333222,37.91547617178681,59.695756409759426,34.7398494938758,50.97241901263859,55.323292261638464,21.111425998551297,41.05898196497327,17.42106005194096,62.69519519070022,21.9,
17.195452705584696,17.201550317728145,17.201550317728145,17.21724698521805,17.42106005194096,17.42106005194096,17.42106005194096,17.42106005194096,17.42106005194096,17.42106005194096,17.42106005194096,17.42106005194096,18.29422235102032,51.884487084291386,133.5,24.180312239505923,36.6092884388648,91.4750649084219,19.270551799745295,55.323292261638464,39.122518177788976,17.841204941090723,21.060287611657024,35.290366957570726,
17.195452705584696,17.201550317728145,17.201550317728145,17.21724698521805,17.42106005194096,17.42106005194096,17.42106005194096,17.42106005194096,17.42106005194096,17.42106005194096,17.42106005194096,17.42106005194096,44.36056103116822,50.7960628395548,17.42106005194096,126.57277221688189,17.975181302483232,34.7398494938758,50.658069446041864,18.817734796120995,36.49122325984702,75.36079882803791,20.41292482717751,33.90220309950372,
17.195452705584696,17.201550317728145,17.201550317728145,17.21724698521805,17.42106005194096,17.42106005194096,17.42106005194096,17.42106005194096,17.42106005194096,17.42106005194096,17.42106005194096,17.42106005194096,47.67189292444763,51.78648472333298,50.97241901263859,20.07135707918127,19.10029917491945,83.02192481507521,18.074659978360128,19.20336508972401,23.599217718455773,49.879020305802584,47.480990348185074,28.405230906597872,
17.195452705584696,17.201550317728145,17.201550317728145,17.21724698521805,17.42106005194096,17.42106005194096,17.42106005194096,17.42106005194096,17.42106005194096,17.42106005194096,17.42106005194096,17.42106005194096,17.42106005194096,17.42106005194096,60.45314990414754,24.16652298807864,41.42463035441596,18.514027945566863,19.20336508972401,29.21222632163914,99.401542576897,19.39348196836099,17.42106005194096,18.16590212458495,
17.195452705584696,17.201550317728145,17.201550317728145,17.21724698521805,17.42106005194096,17.42106005194096,17.42106005194096,17.42106005194096,17.42106005194096,17.42106005194096,17.42106005194096,17.42106005194096,99.20023941503368,18.459935827874126,99.19267866128024,43.69046970286704,39.62739681725758,75.79295104804555,47.8897543471312,41.4556561710393,29.476420661267543,26.02661359809638,36.713984619851146,17.841204941090723,
17.195452705584696,17.201550317728145,17.201550317728145,17.21724698521805,17.42106005194096,17.42106005194096,17.42106005194096,17.42106005194096,17.42106005194096,17.42106005194096,17.42106005194096,17.42106005194096,18.204198887697782,17.36889666698986,36.587429535292586,44.947079994144225,33.706221606700446,34.111719027337216,50.68964391273626,133.5,17.998155287417653,102.88828893513586,19.20336508972401,28.405230906597872,
17.195452705584696,17.201550317728145,17.201550317728145,17.21724698521805,17.36889666698986,17.42106005194096,17.42106005194096,17.42106005194096,17.42106005194096,17.42106005194096,17.42106005194096,17.42106005194096,113.88005385784933,36.11709352155077,33.823069050575526,78.77618612245708,45.48197445142416,106.09753767171037,31.098920514108798,18.60011520701648,17.42106005194096,17.36889666698986,35.56486152088885,35.78058132562969,
17.195452705584696,17.201550317728145,17.201550317728145,17.21724698521805,17.36889666698986,17.36889666698986,17.42106005194096,17.42106005194096,17.42106005194096,17.42106005194096,17.42106005194096,17.42106005194096,33.791123094682725,18.074659978360128,34.111719027337216,50.48801838060195,110.7166992824479,78.87767428112977,18.973665961010276,101.20988094054849,34.79764407338306,41.53841595439094,126.57277221688189,17.36889666698986,
17.195452705584696,17.201550317728145,17.201550317728145,17.21724698521805,17.36889666698986,17.36889666698986,17.36889666698986,17.42106005194096,17.42106005194096,17.42106005194096,17.42106005194096,17.42106005194096,46.963638416687154,21.9,42.68031601335679,81.16765057582978,21.040140208658308,51.25075609198366,18.60011520701648,76.46594013023052,17.36889666698986,50.48801838060195,49.879020305802584,99.19267866128024,
17.195452705584696,17.201550317728145,17.201550317728145,17.21724698521805,17.36889666698986,17.36889666698986,17.36889666698986,17.36889666698986,17.42106005194096,17.42106005194096,17.42106005194096,17.42106005194096,133.5,17.601294144339374,29.741745553538525,62.69519519070022,17.201550317728145,29.570424413592715,50.97241901263859,35.358874416474286,46.154330481789266,50.69753445681555,46.74279504788827,23.255321971540194,
17.195452705584696,17.201550317728145,17.201550317728145,17.201550317728145,17.21724698521805,17.36889666698986,17.36889666698986,17.36889666698986,17.36889666698986,17.42106005194096,17.42106005194096,17.42106005194096,20.980645843252777,18.1151869987588,17.858417536922943,76.96908470288574,17.592422611264578,26.720159845119944,60.97409285918078,17.91861945231616,18.459935827874126,33.814620675509154,35.46023930303589,61.91274101507702,
17.195452705584696,17.201550317728145,17.201550317728145,17.201550317728145,17.21724698521805,17.36889666698986,17.36889666698986,17.36889666698986,17.36889666698986,17.42106005194096,17.42106005194096,17.42106005194096,69.75557325404186,109.00315362410392,64.21090250105507,36.34441726959818,89.0991956566762,25.58143858347298,86.05049389747859,50.31484207799259,22.534088043826895,50.69753445681555,17.36889666698986,76.72190039356428,
17.195452705584696,17.201550317728145,17.201550317728145,17.201550317728145,17.21724698521805,17.36889666698986,17.36889666698986,17.36889666698986,17.36889666698986,17.36889666698986,17.42106005194096,17.42106005194096,46.488093713797916,17.201550317728145,55.54802726770172,17.60174504335944,19.260321908005587,17.36889666698986,26.01281735350223,71.52796655854269,19.022464789471073,21.014359514035256,126.57277221688189,60.91445993006446,
17.195452705584696,17.201550317728145,17.201550317728145,17.201550317728145,17.201550317728145,17.21724698521805,17.36889666698986,17.36889666698986,17.36889666698986,17.36889666698986,17.36889666698986,17.36889666698986,23.976116588527564,25.174943451332275,18.497567407634982,18.399074747309808,76.96908470288574,70.61810438313016,24.304063446263466,34.7398494938758,20.015378702772143,41.42463035441596,53.55104374066192,18.60011520701648,
17.195452705584696,17.201550317728145,17.201550317728145,17.201550317728145,17.201550317728145,17.21724698521805,17.36889666698986,17.36889666698986,17.36889666698986,17.36889666698986,17.36889666698986,17.36889666698986,70.89033784656411,20.77241760925611,58.54434216899188,118.81919036923287,44.77629581225614,17.95624311114846,89.0991956566762,30.035135674739344,58.646739039779526,21.276611921921052,17.9004655432943,101.428238178527,
17.195452705584696,17.201550317728145,17.201550317728145,17.201550317728145,17.201550317728145,17.21724698521805,17.36889666698986,17.36889666698986,17.36889666698986,17.36889666698986,17.36889666698986,17.36889666698986,50.69753445681555,89.0991956566762,17.201550317728145,70.61810438313016,34.7398494938758,51.74859096310417,37.11757381233701,58.329115493771326,53.06448906754874,51.906509363332404,18.973665961010276,50.38707317216532,
17.195452705584696,17.201550317728145,17.201550317728145,17.201550317728145,17.201550317728145,17.201550317728145,17.21724698521805,17.36889666698986,17.36889666698986,17.36889666698986,17.36889666698986,17.36889666698986,110.7166992824479,24.55828526180116,18.459935827874126,19.290078871200677,50.24191477242881,41.91882035553959,72.07733941498435,89.0991956566762,17.36889666698986,38.26499705997637,89.0991956566762,54.65879008296226,
17.195452705584696,17.201550317728145,17.201550317728145,17.201550317728145,17.201550317728145,17.201550317728145,17.21724698521805,17.36889666698986,17.36889666698986,17.36889666698986,17.36889666698986,17.36889666698986,99.401542576897,33.68481359109275,17.764705882352942,19.078784028338912,17.36889666698986,50.29058417977323,133.5,21.46363203188128,24.873429598670143,35.625031328307024,89.0991956566762,40.33918690305991,
17.195452705584696,17.201550317728145,17.201550317728145,17.201550317728145,17.201550317728145,17.201550317728145,17.21724698521805,17.36889666698986,17.36889666698986,17.36889666698986,17.36889666698986,17.36889666698986,20.18316129846858,39.916905879589414,18.863884908633054,37.591792417266525,17.195452705584696,39.27922024247863,31.67664754989076,20.254629100529094,17.40574617762766,23.976116588527564,18.655316489765948,34.7398494938758,
17.195452705584696,17.195452705584696,17.201550317728145,17.201550317728145,17.201550317728145,17.201550317728145,17.201550317728145,17.21724698521805,17.36889666698986,17.36889666698986,17.36889666698986,17.36889666698986,76.96908470288574,87.95559959434078,17.201550317728145,50.847222146347384,122.5,19.22220937700277,33.82838120572724,46.74279504788827,17.201550317728145,20.769067544467823,29.57798409048769,61.69473235212225,
17.195452705584696,17.195452705584696,17.201550317728145,17.201550317728145,17.201550317728145,17.201550317728145,17.201550317728145,17.201550317728145,17.201550317728145,17.21724698521805,17.36889666698986,17.36889666698986,89.0991956566762,53.114116532236515,17.919077357200432,17.201550317728145,50.97241901263859,31.103513811602884,33.3543459941012,19.187335566822355,27.260646675067285,59.765514024951436,61.54334515878491,17.991069213044884,
17.195452705584696,17.195452705584696,17.201550317728145,17.201550317728145,17.201550317728145,17.201550317728145,17.201550317728145,17.201550317728145,17.201550317728145,17.201550317728145,17.21724698521805,17.36889666698986,42.24701172864183,34.7398494938758,24.25177849829943,19.651653874419832,59.49439749533845,81.16765057582978,86.05049389747859,19.182395202744775,32.834575907113525,17.201550317728145,19.19728403409488,89.0991956566762,
17.195452705584696,17.195452705584696,17.201550317728145,17.201550317728145,17.201550317728145,17.201550317728145,17.201550317728145,17.201550317728145,17.201550317728145,17.201550317728145,17.201550317728145,17.21724698521805,34.818951377087735,33.3543459941012,17.201550317728145,50.11130468410155,20.416205048231383,86.92203403050345,34.48349041369089,20.980645843252777,17.858417536922943,36.64163444771535,39.97010601687216,34.7398494938758,
17.195452705584696,17.195452705584696,17.201550317728145,17.201550317728145,17.201550317728145,17.201550317728145,17.201550317728145,17.201550317728145,17.201550317728145,17.201550317728145,17.201550317728145,17.201550317728145,65.80416020283216,18.973665961010276,25.17508935370324,18.072503551400526,34.7398494938758,22.275266552838374,47.587912068087206,51.09375136522497,37.11757381233701,26.611064622269033,20.769067544467823,60.45314990414754,
17.195452705584696,17.195452705584696,17.201550317728145,17.201550317728145,17.201550317728145,17.201550317728145,17.201550317728145,17.201550317728145,17.201550317728145,17.201550317728145,17.201550317728145,17.201550317728145,17.201550317728145,61.54334515878491,30.035135674739344,18.60011520701648,71.9377508683723,65.80416020283216,20.78381442730762,18.60011520701648,34.7398494938758,19.698244422621354,20.388533730808298,43.497126341863094,
17.195452705584696,17.195452705584696,17.201550317728145,17.201550317728145,17.201550317728145,17.201550317728145,17.201550317728145,17.201550317728145,17.201550317728145,17.201550317728145,17.201550317728145,17.201550317728145,17.201550317728145,17.95927933647991,65.80416020283216,43.497126341863094,34.7398494938758,22.768984752655676,17.42106005194096,33.986900049872155,86.05049389747859,62.304413968835306,24.375271201647095,38.44788680798985,
17.195452705584696,17.195452705584696,17.201550317728145,17.201550317728145,17.201550317728145,17.201550317728145,17.201550317728145,17.201550317728145,17.201550317728145,17.201550317728145,17.201550317728145,17.201550317728145,47.587912068087206,29.476420661267543,34.7398494938758,17.833302180658144,17.36889666698986,61.8642667458364,36.713984619851146,21.46363203188128,34.7398494938758,19.544820285692065,34.3693177121688,32.6870684590167,
17.195452705584696,17.195452705584696,17.201550317728145,17.201550317728145,17.201550317728145,17.201550317728145,17.201550317728145,17.201550317728145,17.201550317728145,17.201550317728145,17.201550317728145,17.201550317728145,33.90220309950372,18.72680787890273,65.63979991844379,34.7398494938758,47.251322732808234,17.201550317728145,29.402591666283687,52.569794876272184,18.576246205219263,77.0254287016091,37.11757381233701,34.7398494938758,
17.195452705584696,17.195452705584696,17.201550317728145,17.201550317728145,17.201550317728145,17.201550317728145,17.201550317728145,17.201550317728145,17.201550317728145,17.201550317728145,17.201550317728145,17.201550317728145,33.00165715536115,63.80774695464942,93.53709157334325,19.915204859990386,19.668608661180553,20.980645843252777,19.362930483867284,30.035135674739344,18.08952097847727,76.96908470288574,62.69519519070022,61.62337218945422,
17.195452705584696,17.195452705584696,17.201550317728145,17.201550317728145,17.201550317728145,17.201550317728145,17.201550317728145,17.201550317728145,17.201550317728145,17.201550317728145,17.201550317728145,17.201550317728145,24.304063446263466,50.669912176754366,17.43636047650617,18.885935810241744,50.69753445681555,37.11757381233701,31.187604375242845,17.43636047650617,17.710973192588018,133.5,65.80416020283216,17.195452705584696,
17.195452705584696,17.195452705584696,17.195452705584696,17.201550317728145,17.201550317728145,17.201550317728145,17.201550317728145,17.201550317728145,17.201550317728145,17.201550317728145,17.201550317728145,17.201550317728145,23.172489847107187,20.769067544467823,39.122518177788976,36.45430930173642,47.83157299316007,35.423297418506934,17.97108789138821,38.44788680798985,47.587912068087206,17.36889666698986,19.078784028338912,61.8642667458364,
17.195452705584696,17.195452705584696,17.195452705584696,17.201550317728145,17.201550317728145,17.201550317728145,17.201550317728145,17.201550317728145,17.201550317728145,17.201550317728145,17.201550317728145,17.201550317728145,77.0254287016091,46.97043987682276,17.201550317728145,83.48077623021962,50.13092234339999,17.201550317728145,34.7398494938758,50.24191477242881,17.195452705584696,19.81634426426832,34.7398494938758,50.69753445681555,
17.195452705584696,17.195452705584696,17.195452705584696,17.195452705584696,17.201550317728145,17.201550317728145,17.201550317728145,17.201550317728145,17.201550317728145,17.201550317728145,17.201550317728145,17.201550317728145,65.80416020283216,34.818951377087735,99.401542576897,61.742914573252854,61.8642667458364,20.104317788723893,29.382977640123542,119.5,21.01647705235841,51.98637642049437,20.416205048231383,77.0254287016091,
17.195452705584696,17.195452705584696,17.195452705584696,17.195452705584696,17.201550317728145,17.201550317728145,17.201550317728145,17.201550317728145,17.201550317728145,17.201550317728145,17.201550317728145,17.201550317728145,75.13880488802042,50.69753445681555,17.841204941090723,38.76028089423502,32.27010032522366,33.68481359109275,18.583863968507732,34.7398494938758,17.201550317728145,17.592422611264578,34.7398494938758,39.985711733782395,
17.195452705584696,17.195452705584696,17.195452705584696,17.195452705584696,17.201550317728145,17.201550317728145,17.201550317728145,17.201550317728145,17.201550317728145,17.201550317728145,17.201550317728145,17.201550317728145,31.9240169330687,20.824950694505173,55.628872256872405,41.78815621680382,37.32142667274242,41.2583324917525,37.11757381233701,34.7398494938758,76.72190039356428,19.03286631067428,17.201550317728145,68.52619936929233,
17.195452705584696,17.195452705584696,17.195452705584696,17.195452705584696,17.201550317728145,17.201550317728145,17.201550317728145,17.201550317728145,17.201550317728145,17.201550317728145,17.201550317728145,17.201550317728145,37.11757381233701,30.718235626415787,89.18206097640937,46.59012770963393,34.7398494938758,20.769067544467823,17.975181302483232,20.00458931720419,47.42713709821977,17.95927933647991,36.535727377458905,17.201550317728145,
17.195452705584696,17.195452705584696,17.195452705584696,17.195452705584696,17.201550317728145,17.201550317728145,17.201550317728145,17.201550317728145,17.201550317728145,17.201550317728145,17.201550317728145,17.201550317728145,26.01281735350223,50.669912176754366,35.46023930303589,44.947079994144225,99.401542576897,18.60011520701648,17.855571359422484,23.5894370102709,62.304413968835306,35.0051335520949,50.683894314240916,77.0254287016091,
17.195452705584696,17.195452705584696,17.195452705584696,17.195452705584696,17.201550317728145,17.201550317728145,17.201550317728145,17.201550317728145,17.201550317728145,17.201550317728145,17.201550317728145,17.201550317728145,17.195452705584696,18.41354375860334,57.27687142294,17.201550317728145,99.19267866128024,65.80416020283216,50.69753445681555,55.00389596590929,47.587912068087206,37.11757381233701,17.36889666698986,39.122518177788976,
17.195452705584696,17.195452705584696,17.195452705584696,17.195452705584696,17.195452705584696,17.201550317728145,17.201550317728145,17.201550317728145,17.201550317728145,17.201550317728145,17.201550317728145,17.201550317728145,50.69753445681555,17.201550317728145,32.98358177437173,33.64311779547193,53.03168274720311,36.64163444771535,50.42403527419571,92.75473033759519,18.865135391333222,49.97609428516798,30.035135674739344,62.57195857570706,
17.195452705584696,17.195452705584696,17.195452705584696,17.195452705584696,17.195452705584696,17.201550317728145,17.201550317728145,17.201550317728145,17.201550317728145,17.201550317728145,17.201550317728145,17.201550317728145,34.7598906787694,31.103513811602884,21.302232839938217,50.69753445681555,86.05049389747859,76.96908470288574,61.8642667458364,61.8642667458364,49.21381919745713,20.980645843252777,64.1060319574791,24.304063446263466,
17.195452705584696,17.195452705584696,17.195452705584696,17.195452705584696,17.195452705584696,17.201550317728145,17.201550317728145,17.201550317728145,17.201550317728145,17.201550317728145,17.201550317728145,17.201550317728145,17.833302180658144,133.5,42.652666974059194,17.195452705584696,17.42106005194096,99.401542576897,21.001831421971826,29.97519635789255,40.33918690305991,50.44716708266844,39.4998734175187,30.06604300783128,
17.195452705584696,17.195452705584696,17.195452705584696,17.195452705584696,17.195452705584696,17.195452705584696,17.201550317728145,17.201550317728145,17.201550317728145,17.201550317728145,17.201550317728145,17.201550317728145,17.710973192588018,32.289936512789865,27.371700714424012,50.13092234339999,9.99999999E8,40.33918690305991,61.8642667458364,47.587912068087206,35.701671879619305,20.980645843252777,17.195452705584696,51.78648472333298,
17.195452705584696,17.195452705584696,17.195452705584696,17.195452705584696,17.195452705584696,17.195452705584696,17.195452705584696,17.201550317728145,17.201550317728145,17.201550317728145,17.201550317728145,17.201550317728145,17.195452705584696,26.01281735350223,61.54334515878491,99.401542576897,60.121876218228586,33.68481359109275,29.476420661267543,70.61810438313016,42.62139525324498,50.11130468410155,61.8642667458364,65.80416020283216,
17.195452705584696,17.195452705584696,17.195452705584696,17.195452705584696,17.195452705584696,17.195452705584696,17.195452705584696,17.195452705584696,17.201550317728145,17.201550317728145,17.201550317728145,17.201550317728145,52.446003978695394,17.195452705584696,31.67664754989076,32.90779659781367,17.195452705584696,21.12709555681203,17.195452705584696,17.195452705584696,34.7398494938758,47.587912068087206,17.975181302483232,17.195452705584696,
17.195452705584696,17.195452705584696,17.195452705584696,17.195452705584696,17.195452705584696,17.195452705584696,17.195452705584696,17.195452705584696,17.195452705584696,17.195452705584696,17.195452705584696,17.195452705584696,17.195452705584696,50.11130468410155,64.1683982450344,89.0991956566762,43.68065933568311,17.43636047650617,21.104137399681026,42.66273989091653,17.73819603612264,99.401542576897,50.31484207799259,57.27687142294,
17.195452705584696,17.195452705584696,17.195452705584696,17.195452705584696,17.195452705584696,17.195452705584696,17.195452705584696,17.195452705584696,17.195452705584696,17.195452705584696,17.195452705584696,17.195452705584696,55.19316727898222,19.1040384661015,32.67046640315991,17.195452705584696,47.587912068087206,23.172489847107187,31.94707161251849,21.01647705235841,116.75901107266482,47.587912068087206,47.587912068087206,50.31484207799259,
17.195452705584696,17.195452705584696,17.195452705584696,17.195452705584696,17.195452705584696,17.195452705584696,17.195452705584696,17.195452705584696,17.195452705584696,17.195452705584696,17.195452705584696,17.195452705584696,52.53808142671371,42.03702072115853,45.34158549279017,60.29579863749491,17.589566712766327,76.96908470288574,20.568833780186058,46.97043987682276,60.11180060045258,58.57166550474726,99.401542576897,110.7166992824479,
17.195452705584696,17.195452705584696,17.195452705584696,17.195452705584696,17.195452705584696,17.195452705584696,17.195452705584696,17.195452705584696,17.195452705584696,17.195452705584696,17.195452705584696,17.195452705584696,58.36642870692022,17.73819603612264,39.122518177788976,17.003358105127674,27.872197168504673,32.51522211859375,62.69519519070022,32.51522211859375,18.988417522268673,76.96908470288574,39.122518177788976,49.03994970089862,
17.003358105127674,17.195452705584696,17.195452705584696,17.195452705584696,17.195452705584696,17.195452705584696,17.195452705584696,17.195452705584696,17.195452705584696,17.195452705584696,17.195452705584696,17.195452705584696,66.52505793558795,77.66492129655447,20.2852984531491,17.43636047650617,19.378743877912065,26.09871370667254,18.65904606350496,94.65034336968884,36.64163444771535,41.48625525399949,19.551214796017153,50.344527295143294,
17.003358105127674,17.195452705584696,17.195452705584696,17.195452705584696,17.195452705584696,17.195452705584696,17.195452705584696,17.195452705584696,17.195452705584696,17.195452705584696,17.195452705584696,17.195452705584696,45.701021141035056,17.195452705584696,59.75941348440428,33.75542284476039,53.13740051351151,19.613600723307623,99.19267866128024,31.167175957132482,19.078784028338912,47.587912068087206,25.066523063887356,24.479372324908326,
17.003358105127674,17.195452705584696,17.195452705584696,17.195452705584696,17.195452705584696,17.195452705584696,17.195452705584696,17.195452705584696,17.195452705584696,17.195452705584696,17.195452705584696,17.195452705584696,31.662476161763074,133.5,18.65904606350496,17.020646936745052,25.04210739648608,57.609523022301985,74.38171818397315,56.835200360340075,17.195452705584696,26.4274478525642,33.64311779547193,19.79510428985293,
17.003358105127674,17.020646936745052,17.195452705584696,17.195452705584696,17.195452705584696,17.195452705584696,17.195452705584696,17.195452705584696,17.195452705584696,17.195452705584696,17.195452705584696,17.195452705584696,67.94544380113602,76.96908470288574,36.24030042645894,21.194043974664204,21.01647705235841,46.39953304362735,20.2852984531491,76.96908470288574,26.39799550470957,21.01647705235841,22.42084331322159,21.65818374372429,
17.003358105127674,17.020646936745052,17.195452705584696,17.195452705584696,17.195452705584696,17.195452705584696,17.195452705584696,17.195452705584696,17.195452705584696,17.195452705584696,17.195452705584696,17.195452705584696,69.7034534909959,78.77618612245708,61.555178498644615,30.465718438927386,99.401542576897,18.897278715654878,61.655818865699935,18.498205149419228,17.195452705584696,61.555178498644615,78.77618612245708,17.195452705584696,
17.003358105127674,17.020646936745052,17.195452705584696,17.195452705584696,17.195452705584696,17.195452705584696,17.195452705584696,17.195452705584696,17.195452705584696,17.195452705584696,17.195452705584696,17.195452705584696,21.01647705235841,26.009851916037793,30.49954462319433,62.69519519070022,99.19267866128024,66.64112844182637,18.204198887697782,17.195452705584696,24.158008506497385,64.9583199700649,43.12109195542909,63.78626419535792,
17.003358105127674,17.020646936745052,17.195452705584696,17.195452705584696,17.195452705584696,17.195452705584696,17.195452705584696,17.195452705584696,17.195452705584696,17.195452705584696,17.195452705584696,17.195452705584696,22.44568095981942,50.97241901263859,77.0254287016091,29.143681419248782,102.88828893513586,20.445557789733527,21.653545507788124,34.7398494938758,28.457796011746126,17.195452705584696,17.195452705584696,65.97411108407094,
17.003358105127674,17.020646936745052,17.195452705584696,17.195452705584696,17.195452705584696,17.195452705584696,17.195452705584696,17.195452705584696,17.195452705584696,17.195452705584696,17.195452705584696,17.195452705584696,61.8642667458364,33.423212160280336,21.01647705235841,17.195452705584696,25.612496949731394,55.323292261638464,18.029381402311063,17.195452705584696,17.195452705584696,17.73819603612264,71.86271634164687,18.63415771936136,
17.003358105127674,17.020646936745052,17.195452705584696,17.195452705584696,17.195452705584696,17.195452705584696,17.195452705584696,17.195452705584696,17.195452705584696,17.195452705584696,17.195452705584696,17.195452705584696,19.78004044485248,24.043905152865662,29.64556248412231,85.76858399204221,39.122518177788976,19.382783796253513,21.001831421971826,43.91943381541555,30.706286539694947,76.96908470288574,75.13880488802042,33.64311779547193,
17.003358105127674,17.020646936745052,17.195452705584696,17.195452705584696,17.195452705584696,17.195452705584696,17.195452705584696,17.195452705584696,17.195452705584696,17.195452705584696,17.195452705584696,17.195452705584696,19.03286631067428,29.476420661267543,17.823680701527394,17.73819603612264,46.64336293391723,33.67821584084024,17.020646936745052,17.195452705584696,47.587912068087206,24.076514935276066,17.195452705584696,20.04226303819775,
17.003358105127674,17.020646936745052,17.020646936745052,17.195452705584696,17.195452705584696,17.195452705584696,17.195452705584696,17.195452705584696,17.195452705584696,17.195452705584696,17.195452705584696,17.195452705584696,67.46542324282368,19.010335534725765,17.985920419409545,68.40058479282176,17.985920419409545,24.180312239505923,18.865135391333222,99.401542576897,19.613600723307623,133.5,48.09217340542162,50.31484207799259,
17.003358105127674,17.020646936745052,17.020646936745052,17.195452705584696,17.195452705584696,17.195452705584696,17.195452705584696,17.195452705584696,17.195452705584696,17.195452705584696,17.195452705584696,17.195452705584696,35.936451848068856,19.35351631487157,98.08255451404189,19.219381243542035,17.589566712766327,40.702170294305766,17.195452705584696,25.226061259472644,61.54543037464276,17.003358105127674,21.74445742186796,18.59280257767257,
17.003358105127674,17.003358105127674,17.020646936745052,17.020646936745052,17.195452705584696,17.195452705584696,17.195452705584696,17.195452705584696,17.195452705584696,17.195452705584696,17.195452705584696,17.195452705584696,65.80416020283216,77.0254287016091,18.05251598346705,19.93836657147374,52.530372166966416,56.07063997018998,17.40957590906031,61.791484041087735,89.0991956566762,65.80416020283216,18.306124299021107,24.005207768315607,
17.003358105127674,17.003358105127674,17.020646936745052,17.020646936745052,17.195452705584696,17.195452705584696,17.195452705584696,17.195452705584696,17.195452705584696,17.195452705584696,17.195452705584696,17.195452705584696,17.020646936745052,21.292115129001786,94.63185245994077,17.020646936745052,17.975181302483232,19.03286631067428,21.221549582126812,110.7166992824479,17.195452705584696,17.195452705584696,49.97609428516798,47.587912068087206,
17.003358105127674,17.003358105127674,17.020646936745052,17.020646936745052,17.020646936745052,17.020646936745052,17.195452705584696,17.195452705584696,17.195452705584696,17.195452705584696,17.195452705584696,17.195452705584696,50.13092234339999,61.59415556690424,34.7598906787694,24.076514935276066,18.372767721549195,38.493042042871664,62.57994886543133,89.0991956566762,17.317428600497628,68.99214931183596,78.77618612245708,31.179300189878838,
17.003358105127674,17.003358105127674,17.020646936745052,17.020646936745052,17.020646936745052,17.020646936745052,17.195452705584696,17.195452705584696,17.195452705584696,17.195452705584696,17.195452705584696,17.195452705584696,39.985711733782395,17.195452705584696,66.75015605474891,44.11632350955823,39.59392088981049,36.08939517980932,62.69519519070022,48.963659993917936,19.667776401297342,20.445557789733527,42.66273989091653,89.0991956566762,
17.003358105127674,17.003358105127674,17.020646936745052,17.020646936745052,17.020646936745052,17.020646936745052,17.195452705584696,17.195452705584696,17.195452705584696,17.195452705584696,17.195452705584696,17.195452705584696,67.46542324282368,22.2122627254545,99.401542576897,25.841396591085743,35.78210970582925,36.31650986657293,99.401542576897,18.03034479241407,32.154574583823475,22.22633573038975,17.020646936745052,17.020646936745052,
17.003358105127674,17.003358105127674,17.020646936745052,17.020646936745052,17.020646936745052,17.020646936745052,17.020646936745052,17.020646936745052,17.195452705584696,17.195452705584696,17.195452705584696,17.195452705584696,89.0991956566762,35.852614967391155,17.866915421153884,80.5,18.389768724755623,18.16590212458495,40.33918690305991,77.0254287016091,17.78155206246069,23.417789330824057,17.761394315415714,83.94045508573325,
17.003358105127674,17.003358105127674,17.020646936745052,17.020646936745052,17.020646936745052,17.020646936745052,17.020646936745052,17.020646936745052,17.195452705584696,17.195452705584696,17.195452705584696,17.195452705584696,18.86160120456373,26.407464222576667,17.184545200557388,41.21026224480638,45.86239608873483,17.13088228982038,17.8670600242467,110.7166992824479,22.79239639294941,19.18749592833833,40.6676698988275,50.97241901263859,
17.003358105127674,17.003358105127674,17.020646936745052,17.020646936745052,17.020646936745052,17.020646936745052,17.020646936745052,17.020646936745052,17.13088228982038,17.184545200557388,17.195452705584696,17.195452705584696,20.422461239452094,17.88928916046321,38.05634919807356,19.689903699416806,20.445557789733527,18.699694420727077,22.871622397877925,20.00458931720419,44.89109043006195,62.79672420937713,49.1121166312347,40.33918690305991,
17.003358105127674,17.003358105127674,17.020646936745052,17.020646936745052,17.020646936745052,17.020646936745052,17.020646936745052,17.020646936745052,17.13088228982038,17.184545200557388,17.195452705584696,17.195452705584696,21.213203435596427,18.699694420727077,20.769067544467823,40.235763527820204,17.948816116947654,22.201871023025895,21.863439802556233,45.55336842649509,26.223796445213647,22.323319164326726,49.097570495610356,48.09217340542162,
17.003358105127674,17.003358105127674,17.020646936745052,17.020646936745052,17.020646936745052,17.020646936745052,17.020646936745052,17.020646936745052,17.13088228982038,17.184545200557388,17.195452705584696,17.195452705584696,39.52214569073901,48.50112756421236,17.21110752456745,54.869732093386425,22.79239639294941,18.389768724755623,18.865135391333222,46.77189326935569,43.167232943518634,59.75941348440428,44.349288325744304,99.401542576897,
17.003358105127674,17.003358105127674,17.020646936745052,17.020646936745052,17.020646936745052,17.020646936745052,17.020646936745052,17.020646936745052,17.13088228982038,17.184545200557388,17.195452705584696,17.195452705584696,40.40804375368845,18.551549800488367,69.00422692366992,99.401542576897,37.49555529214985,17.585505395068974,56.07063997018998,32.379159964396855,60.45314990414754,20.769067544467823,26.01281735350223,50.42403527419571,
17.003358105127674,17.003358105127674,17.020646936745052,17.020646936745052,17.020646936745052,17.020646936745052,17.020646936745052,17.020646936745052,17.13088228982038,17.184545200557388,17.195452705584696,17.195452705584696,33.44077921170071,17.278848160395416,99.401542576897,35.20101008651756,49.1121166312347,30.29496862462383,89.0991956566762,35.701671879619305,17.195452705584696,59.50512057798051,17.020646936745052,17.195452705584696,
17.003358105127674,17.003358105127674,17.020646936745052,17.020646936745052,17.020646936745052,17.020646936745052,17.020646936745052,17.020646936745052,17.020646936745052,17.13088228982038,17.184545200557388,17.195452705584696,20.798076834169063,69.2828216443297,60.11840169384264,19.278967073693845,17.020646936745052,18.865135391333222,32.298761586166115,46.38349460129726,83.94045508573325,46.77189326935569,33.698803762151556,17.06410248885068,
17.003358105127674,17.003358105127674,17.020646936745052,17.020646936745052,17.020646936745052,17.020646936745052,17.020646936745052,17.020646936745052,17.020646936745052,17.020646936745052,17.06410248885068,17.13088228982038,67.46542324282368,62.69519519070022,17.06410248885068,50.42403527419571,36.54829377382449,17.020646936745052,21.638160735145675,48.224509388744686,61.59415556690424,30.400000000000002,33.44077921170071,17.550720149833673,
17.003358105127674,17.003358105127674,17.020646936745052,17.020646936745052,17.020646936745052,17.020646936745052,17.020646936745052,17.020646936745052,17.020646936745052,17.020646936745052,17.020646936745052,17.06410248885068,52.49047532648185,87.95974458049925,17.08240597076419,18.074251614619385,27.044592805217093,17.866915421153884,17.003358105127674,18.430370897748407,25.982866951127622,82.15984420627878,18.389768724755623,17.195452705584696,
17.003358105127674,17.003358105127674,17.003358105127674,17.020646936745052,17.020646936745052,17.020646936745052,17.020646936745052,17.020646936745052,17.020646936745052,17.020646936745052,17.020646936745052,17.020646936745052,30.67606287210491,20.00458931720419,87.05314468759873,28.682166352398603,18.476596423167752,20.824950694505173,50.1422975141746,24.464513007501598,17.760450268785416,62.69519519070022,91.4750649084219,21.488601629701268,
17.003358105127674,17.003358105127674,17.003358105127674,17.020646936745052,17.020646936745052,17.020646936745052,17.020646936745052,17.020646936745052,17.020646936745052,17.020646936745052,17.020646936745052,17.020646936745052,46.79268698798516,75.71684092723362,34.75629439396553,35.99736101438548,17.688382988096002,64.12422839041938,34.818951377087735,20.824950694505173,92.72885203646167,35.20101008651756,40.45809119146803,16.918924315688628,
16.918924315688628,17.003358105127674,17.003358105127674,17.003358105127674,17.020646936745052,17.020646936745052,17.020646936745052,17.020646936745052,17.020646936745052,17.020646936745052,17.020646936745052,17.020646936745052,89.0991956566762,17.201550317728145,52.019227214559805,40.45809119146803,83.94045508573325,31.67395885299922,18.865135391333222,19.68554884511309,23.640559068216877,20.824950694505173,86.05049389747859,9.99999999E8,
16.918924315688628,17.003358105127674,17.003358105127674,17.003358105127674,17.020646936745052,17.020646936745052,17.020646936745052,17.020646936745052,17.020646936745052,17.020646936745052,17.020646936745052,17.020646936745052,58.684893002089275,53.06448906754874,32.40038771321945,66.75015605474891,17.020646936745052,35.701671879619305,73.04051387186885,65.80416020283216,35.78210970582925,52.721753890906676,17.278848160395416,20.00458931720419,
16.918924315688628,17.003358105127674,17.003358105127674,17.003358105127674,17.020646936745052,17.020646936745052,17.020646936745052,17.020646936745052,17.020646936745052,17.020646936745052,17.020646936745052,17.020646936745052,65.83095233789562,18.879265522436686,17.020646936745052,35.5929680555022,36.46723700803229,59.695756409759426,18.389768724755623,64.21090250105507,16.918924315688628,99.401542576897,27.767928465041635,99.401542576897,
16.918924315688628,16.918924315688628,17.003358105127674,17.003358105127674,17.003358105127674,17.020646936745052,17.020646936745052,17.020646936745052,17.020646936745052,17.020646936745052,17.020646936745052,17.020646936745052,41.52107898405339,64.71255122241963,17.020646936745052,35.518774378254285,99.401542576897,48.50112756421236,94.65034336968884,50.26501197225987,17.020646936745052,19.65687811283514,62.69519519070022,61.218359174352265,
16.918924315688628,16.918924315688628,17.003358105127674,17.003358105127674,17.003358105127674,17.020646936745052,17.020646936745052,17.020646936745052,17.020646936745052,17.020646936745052,17.020646936745052,17.020646936745052,62.778522259948566,17.003358105127674,67.46542324282368,82.1253397470685,47.69548589751445,31.94707161251849,89.0991956566762,17.020646936745052,17.278848160395416,28.682166352398603,57.60303268926038,99.401542576897,
16.918924315688628,16.918924315688628,17.003358105127674,17.003358105127674,17.003358105127674,17.003358105127674,17.020646936745052,17.020646936745052,17.020646936745052,17.020646936745052,17.020646936745052,17.020646936745052,40.94031478872628,61.54334515878491,33.31332732973063,18.491446502369683,22.098203060710546,102.71046684734716,52.721753890906676,60.07528610002619,53.51368316341425,58.684893002089275,56.055775795184566,19.551214796017153,
16.918924315688628,16.918924315688628,17.003358105127674,17.003358105127674,17.003358105127674,17.003358105127674,17.020646936745052,17.020646936745052,17.020646936745052,17.020646936745052,17.020646936745052,17.020646936745052,50.42403527419571,17.003358105127674,16.918924315688628,17.760450268785416,26.95570440556136,32.30804853283466,18.96149945385284,30.919249667480614,78.77618612245708,22.79239639294941,17.195452705584696,20.368576109624453,
16.918924315688628,16.918924315688628,16.918924315688628,17.003358105127674,17.003358105127674,17.003358105127674,17.003358105127674,17.003358105127674,17.020646936745052,17.020646936745052,17.020646936745052,17.020646936745052,50.24191477242881,17.020646936745052,57.12778074924085,133.5,17.493617883864577,20.824950694505173,17.020646936745052,89.0991956566762,19.18749592833833,17.501238051444624,24.881586230249336,20.34436859018567,
16.918924315688628,16.918924315688628,16.918924315688628,17.003358105127674,17.003358105127674,17.003358105127674,17.003358105127674,17.003358105127674,17.020646936745052,17.020646936745052,17.020646936745052,17.020646936745052,48.373546489791295,20.824950694505173,53.74277360060341,28.710376421874276,20.445557789733527,50.31484207799259,48.373546489791295,19.59865155711338,21.540659228538015,65.80416020283216,25.89613870830939,44.94452135689065,
16.918924315688628,16.918924315688628,16.918924315688628,17.003358105127674,17.003358105127674,17.003358105127674,17.003358105127674,17.003358105127674,17.020646936745052,17.020646936745052,17.020646936745052,17.020646936745052,38.8823867580168,50.42403527419571,34.29300220161542,17.003358105127674,17.760450268785416,16.918924315688628,40.33918690305991,40.44043238429297,18.51381229446654,24.118013422099494,20.902705014496973,17.278848160395416,
16.918924315688628,16.918924315688628,16.918924315688628,16.918924315688628,17.003358105127674,17.003358105127674,17.003358105127674,17.003358105127674,17.003358105127674,17.003358105127674,17.020646936745052,17.020646936745052,62.69519519070022,17.003358105127674,64.12422839041938,17.8670600242467,50.58665832015394,17.003358105127674,17.80613921516958,46.949145063805176,19.050371824892725,76.72190039356428,17.173630767837068,86.05049389747859,
16.918924315688628,16.918924315688628,16.918924315688628,16.918924315688628,17.003358105127674,17.003358105127674,17.003358105127674,17.003358105127674,17.003358105127674,17.003358105127674,17.003358105127674,17.003358105127674,62.69519519070022,30.78239034830719,34.10438938025427,91.4750649084219,17.003358105127674,53.4475443776419,17.003358105127674,20.365687949950043,89.0991956566762,34.790219530781926,55.29541873729987,17.8855621475349,
16.918924315688628,16.918924315688628,16.918924315688628,16.918924315688628,17.003358105127674,17.003358105127674,17.003358105127674,17.003358105127674,17.003358105127674,17.003358105127674,17.003358105127674,17.003358105127674,64.12422839041938,40.45809119146803,31.66795501765152,16.918924315688628,19.107415663384028,17.760450268785416,24.84412947218657,16.902498171703627,18.86160120456373,18.699694420727077,46.77616914626506,86.05049389747859,
16.902498171703627,16.918924315688628,16.918924315688628,16.918924315688628,16.918924315688628,16.918924315688628,17.003358105127674,17.003358105127674,17.003358105127674,17.003358105127674,17.003358105127674,17.003358105127674,71.12411686622197,17.003358105127674,62.69519519070022,17.003358105127674,17.759303396891926,17.162709394206964,32.97286763385921,21.10778201371384,133.5,42.64222525853922,31.070149125272422,17.919077357200432,
16.902498171703627,16.918924315688628,16.918924315688628,16.918924315688628,16.918924315688628,16.918924315688628,17.003358105127674,17.003358105127674,17.003358105127674,17.003358105127674,17.003358105127674,17.003358105127674,22.685757616088488,17.547554435495183,16.902498171703627,33.706221606700446,17.23158437288922,17.003358105127674,48.706871948422226,44.59159113554931,35.30187278632994,17.592422611264578,16.892634818497413,133.5,
16.892634818497413,16.902498171703627,16.902498171703627,16.918924315688628,16.918924315688628,16.918924315688628,16.918924315688628,16.918924315688628,17.003358105127674,17.003358105127674,17.003358105127674,17.003358105127674,18.221475260384928,70.89033784656411,31.00230406184123,46.0217339960154,16.918924315688628,17.020646936745052,44.59159113554931,26.440062841773337,16.918924315688628,119.50732195141852,43.828263331629586,106.09753767171037,
16.892634818497413,16.902498171703627,16.902498171703627,16.918924315688628,16.918924315688628,16.918924315688628,16.918924315688628,16.918924315688628,16.918924315688628,16.918924315688628,17.003358105127674,17.003358105127674,35.645608074487946,44.145862126105804,65.80416020283216,16.918924315688628,65.80416020283216,83.94045508573325,18.991928109945373,9.99999999E8,19.870113954666405,16.918924315688628,17.23358754851663,41.57189221363663,
16.892634818497413,16.902498171703627,16.902498171703627,16.918924315688628,16.918924315688628,16.918924315688628,16.918924315688628,16.918924315688628,16.918924315688628,16.918924315688628,16.918924315688628,16.918924315688628,30.465718438927382,31.66795501765152,133.5,33.075670817082454,17.847568862052732,54.74094837113647,16.918924315688628,17.638429262584893,17.72492624471602,39.29942040850532,59.975328260877404,86.05049389747859,
16.892634818497413,16.902498171703627,16.902498171703627,16.918924315688628,16.918924315688628,16.918924315688628,16.918924315688628,16.918924315688628,16.918924315688628,16.918924315688628,16.918924315688628,16.918924315688628,17.62652672662554,49.64231435982815,17.919077357200432,77.0254287016091,65.80416020283216,40.40804375368845,35.21093580125357,16.918924315688628,44.59159113554931,17.13088228982038,25.74271741677634,20.824950694505173,
16.892634818497413,16.902498171703627,16.902498171703627,16.918924315688628,16.918924315688628,16.918924315688628,16.918924315688628,16.918924315688628,16.918924315688628,16.918924315688628,16.918924315688628,16.918924315688628,36.05702948108732,18.51381229446654,33.64683306048283,16.918924315688628,31.515705123342673,35.8247121412022,65.80416020283216,35.436954973273,47.70334762886144,53.06448906754874,77.0254287016091,53.4475443776419,
16.892634818497413,16.902498171703627,16.902498171703627,16.918924315688628,16.918924315688628,16.918924315688628,16.918924315688628,16.918924315688628,16.918924315688628,16.918924315688628,16.918924315688628,16.918924315688628,17.760450268785416,17.847568862052732,17.641617461748414,64.69488829442842,16.918924315688628,18.562327440275368,53.06448906754874,23.70329415600612,19.6168659212278,94.61864245485664,18.08476136834545,21.299941314473145,
16.892634818497413,16.902498171703627,16.902498171703627,16.918924315688628,16.918924315688628,16.918924315688628,16.918924315688628,16.918924315688628,16.918924315688628,16.918924315688628,16.918924315688628,16.918924315688628,17.550688495516823,52.15635833036768,35.30187278632994,40.45809119146803,16.918924315688628,38.659033010841505,38.16630276391292,46.96097670761686,20.50430849033116,16.918924315688628,24.639264058273604,17.13088228982038,
16.892634818497413,16.902498171703627,16.902498171703627,16.918924315688628,16.918924315688628,16.918924315688628,16.918924315688628,16.918924315688628,16.918924315688628,16.918924315688628,16.918924315688628,16.918924315688628,20.98351000923564,83.94045508573325,66.64112844182637,17.760450268785416,16.918924315688628,67.73908276123417,16.902498171703627,34.12271054591062,44.580376849012836,20.445557789733527,20.769067544467823,20.93442141545832,
16.892634818497413,16.902498171703627,16.902498171703627,16.902498171703627,16.918924315688628,16.918924315688628,16.918924315688628,16.918924315688628,16.918924315688628,16.918924315688628,16.918924315688628,16.918924315688628,17.8855621475349,49.01896954241286,16.918924315688628,42.73007576637327,18.7598932233102,58.39734583009745,37.333333333333336,26.528810334762053,20.769067544467823,17.162709394206964,40.44043238429297,62.69519519070022,
16.892634818497413,16.902498171703627,16.902498171703627,16.902498171703627,16.918924315688628,16.918924315688628,16.918924315688628,16.918924315688628,16.918924315688628,16.918924315688628,16.918924315688628,16.918924315688628,17.13088228982038,46.96097670761686,52.22174940684304,59.982636376427024,66.64112844182637,20.656556666911676,67.66230486762922,31.66795501765152,66.64112844182637,21.526561665599484,17.387867900881467,19.096945654563015,
16.892634818497413,16.902498171703627,16.902498171703627,16.902498171703627,16.918924315688628,16.918924315688628,16.918924315688628,16.918924315688628,16.918924315688628,16.918924315688628,16.918924315688628,16.918924315688628,46.34770085991321,17.195452705584696,62.69519519070022,29.089302157322372,17.760450268785416,17.162709394206964,24.3245471437805,94.65034336968884,19.28730152198591,65.80416020283216,16.902498171703627,133.5,
16.892634818497413,16.902498171703627,16.902498171703627,16.902498171703627,16.902498171703627,16.918924315688628,16.918924315688628,16.918924315688628,16.918924315688628,16.918924315688628,16.918924315688628,16.918924315688628,62.69519519070022,47.10980082035301,73.05876630037858,110.7166992824479,17.847568862052732,18.244968970474137,18.791145331169755,16.918924315688628,119.50732195141852,33.31332732973063,46.77616914626506,33.31332732973063,
16.892634818497413,16.902498171703627,16.902498171703627,16.902498171703627,16.902498171703627,16.918924315688628,16.918924315688628,16.918924315688628,16.918924315688628,16.918924315688628,16.918924315688628,16.918924315688628,40.39566808458551,18.498205149419228,19.776428971306796,20.913742261599555,16.918924315688628,40.40804375368845,102.72993721403708,19.844934582190703,31.518135369067394,53.4475443776419,16.918924315688628,133.5,
16.892634818497413,16.902498171703627,16.902498171703627,16.902498171703627,16.902498171703627,16.918924315688628,16.918924315688628,16.918924315688628,16.918924315688628,16.918924315688628,16.918924315688628,16.918924315688628,43.03123865286706,86.05049389747859,36.11094017053558,16.902498171703627,32.97286763385921,17.26075298907901,66.64112844182637,18.51381229446654,16.902498171703627,35.13782387494517,18.5117150407519,17.760450268785416,
16.892634818497413,16.902498171703627,16.902498171703627,16.902498171703627,16.902498171703627,16.902498171703627,16.902498171703627,16.918924315688628,16.918924315688628,16.918924315688628,16.918924315688628,16.918924315688628,17.859571263451027,61.54543037464276,57.716981903075975,92.72885203646167,17.919077357200432,16.918924315688628,50.493398908504204,65.80416020283216,23.335779261683122,68.40058479282176,60.97409285918078,19.548755616505264,
16.892634818497413,16.902498171703627,16.902498171703627,16.902498171703627,16.902498171703627,16.902498171703627,16.902498171703627,16.918924315688628,16.918924315688628,16.918924315688628,16.918924315688628,16.918924315688628,30.421921920439765,38.979994869163335,57.159863540774836,17.13088228982038,46.76547872095398,20.656556666911676,18.544361227427956,39.4998734175187,44.580376849012836,19.60229578391266,26.055249625705972,71.80935407962762,
16.892634818497413,16.902498171703627,16.902498171703627,16.902498171703627,16.902498171703627,16.902498171703627,16.902498171703627,16.918924315688628,16.918924315688628,16.918924315688628,16.918924315688628,16.918924315688628,22.46794591746206,16.902498171703627,37.11279260578487,20.769067544467823,18.7598932233102,29.13148809477327,17.003358105127674,16.902498171703627,37.31982356294347,68.02520541261578,18.433897953227365,51.16081089494743,
16.892634818497413,16.902498171703627,16.902498171703627,16.902498171703627,16.902498171703627,16.902498171703627,16.902498171703627,16.902498171703627,16.902498171703627,16.918924315688628,16.918924315688628,16.918924315688628,43.840858036007155,17.742846269694162,66.64112844182637,53.335166635157336,17.419345388102276,16.902498171703627,48.5758105953982,17.69835681384107,58.26394682820586,94.65034336968884,44.580376849012836,16.902498171703627,
